ion,x0,y0,z0,vx0,vy0,vz0,ke0,elev0,azim0,x1,y1,z1,vx1,vy1,vz1,ke1,elev1,azim1
1, 230.000, 81.092, -14.424, 55.623, -8.667, -18.672, 0.010, 69.691, 155.101
1, 325.000,87.556, -18.541, 1182.856, 99.177, -39.723, 4.010, 84.839, -111.828
2, 230.000, -49.825, 4.700, 12.442, 27.921, -50.826, 0.010, 12.110, -151.218
2, 325.000,-47.652, -3.064, 1186.567, -6.050, -50.778, 4.010, 87.532, 173.206
3, 230.000, -61.514, 14.428, 3.372, 58.549, 8.846, 0.010, 3.259, -81.408
3, 325.000,-55.633, 16.585, 1187.416, 11.846, 21.434, 4.010, 88.818, -28.929
4, 230.000, -12.402, -30.971, 32.901, 22.767, 43.782, 0.010, 33.692, -27.475
4, 325.000,-9.345, -25.373, 1187.365, 14.621, 22.346, 4.010, 88.712, -33.196
5, 230.000, 14.207, 28.485, 42.288, -8.060, -40.797, 0.010, 45.480, 168.824
5, 325.000,13.517, 23.294, 1187.479, 2.824, -21.027, 4.010, 88.976, -172.351
6, 230.000, 7.830, -55.897, 39.305, -17.619, 40.771, 0.010, 41.507, 23.371
6, 325.000,5.511, -52.344, 1187.599, -12.806, 0.846, 4.010, 89.381, 86.220
7, 230.000, -59.485, -39.608, 19.796, 55.805, -3.396, 0.010, 19.498, -93.483
7, 325.000,-54.808, -42.710, 1186.912, 2.180, -42.316, 4.010, 87.955, -177.051
8, 230.000, -20.133, -57.861, 49.930, -29.137, 13.255, 0.010, 57.336, 65.538
8, 325.000,-25.635, -59.018, 1186.173, -48.267, -34.948, 4.010, 87.124, 125.907
9, 230.000, 44.427, -36.476, 17.928, -53.376, -18.633, 0.010, 17.595, 109.243
9, 325.000,38.338, -41.186, 1186.470, -22.235, -48.488, 4.010, 87.426, 155.365
10, 230.000, 53.771, 38.274, 17.279, 56.735, 0.511, 0.010, 16.938, -89.484
10, 325.000,66.056, 40.855, 1181.513, 114.512, 38.369, 4.010, 84.164, -71.476
11, 230.000, 31.849, 62.709, 39.848, 2.717, -43.845, 0.010, 42.211, -176.454
11, 325.000,34.292, 60.087, 1187.123, 33.534, 13.069, 4.010, 88.263, -68.708
12, 230.000, -80.156, -47.805, 0.215, -59.286, -1.666, 0.010, 0.208, 91.610
12, 325.000,-103.794, -56.896, 1156.804, -246.038, -108.851, 4.010, 76.907, 113.865
13, 230.000, 12.835, -17.637, 15.181, 38.273, -42.689, 0.010, 14.830, -138.122
13, 325.000,19.375, -25.057, 1185.155, 50.357, -58.564, 4.010, 86.271, -139.309
14, 230.000, 34.654, 58.454, 2.489, -3.535, 59.152, 0.010, 2.405, 3.420
14, 325.000,36.495, 71.723, 1180.677, 31.966, 124.651, 4.010, 83.780, -14.383
15, 230.000, 64.728, 47.777, 5.519, -53.370, 25.274, 0.010, 5.339, 64.659
15, 325.000,62.181, 55.785, 1184.306, 21.561, 86.658, 4.010, 85.688, -13.971
16, 230.000, 12.123, -44.578, 11.414, -42.201, 40.080, 0.010, 11.096, 46.476
16, 325.000,5.990, -40.135, 1187.052, -36.486, 11.530, 4.010, 88.154, 72.463
17, 230.000, -83.131, -5.836, 16.985, 26.101, -50.476, 0.010, 16.642, -152.657
17, 325.000,-87.250, -14.009, 1183.023, -83.713, -63.280, 4.010, 84.931, 127.086
18, 230.000, 85.136, 27.080, 58.819, 4.543, -6.108, 0.010, 82.626, -143.362
18, 325.000,96.803, 29.701, 1177.468, 150.280, 39.467, 4.010, 82.483, -75.285
19, 230.000, 8.650, -28.168, 12.983, 45.846, -35.316, 0.010, 12.645, -127.607
19, 325.000,16.230, -34.832, 1185.062, 54.653, -56.547, 4.010, 86.203, -135.976
20, 230.000, 73.691, -27.941, 7.649, -0.285, -58.814, 0.010, 7.410, 179.723
20, 325.000,80.256, -39.458, 1179.737, 93.581, -100.112, 4.010, 83.374, -136.931
21, 230.000, -34.812, -69.017, 8.484, -13.873, -57.037, 0.010, 8.224, 166.330
21, 325.000,-40.110, -84.058, 1176.385, -60.217, -151.829, 4.010, 82.095, 158.366
22, 230.000, 34.798, -62.516, 13.259, -53.965, -20.728, 0.010, 12.918, 111.012
22, 325.000,28.889, -70.034, 1184.278, -22.672, -86.785, 4.010, 85.669, 165.359
23, 230.000, 54.151, -76.549, 8.634, -58.079, 8.360, 0.010, 8.370, 81.809
23, 325.000,53.992, -87.115, 1178.669, 40.962, -140.050, 4.010, 82.943, -163.697
24, 230.000, -20.027, 3.063, 57.959, -8.130, -9.605, 0.010, 77.751, 139.753
24, 325.000,-22.073, 1.713, 1187.245, -31.314, -7.412, 4.010, 88.447, 103.317
25, 230.000, 22.720, 20.332, 28.915, -50.110, -13.059, 0.010, 29.179, 104.607
25, 325.000,15.781, 19.095, 1187.163, -34.578, 3.921, 4.010, 88.321, 83.530
26, 230.000, 14.038, 66.451, 41.597, 13.591, -40.033, 0.010, 44.535, -161.249
26, 325.000,16.942, 64.410, 1187.213, 27.492, 18.043, 4.010, 88.413, -56.723
27, 230.000, -29.330, -27.612, 18.911, -54.136, -15.144, 0.010, 18.594, 105.629
27, 325.000,-39.044, -31.143, 1184.593, -77.839, -35.179, 4.010, 85.876, 114.321
28, 230.000, -7.354, 51.817, 13.020, 57.182, 8.853, 0.010, 12.681, -81.200
28, 325.000,1.252, 55.653, 1185.378, 55.501, 48.537, 4.010, 86.441, -48.829
29, 230.000, 24.423, 76.950, 45.582, -14.207, -35.186, 0.010, 50.224, 158.013
29, 325.000,24.407, 78.319, 1186.270, 14.406, 55.808, 4.010, 87.218, -14.474
30, 230.000, 32.712, 55.983, 8.585, -8.525, 58.063, 0.010, 8.323, 8.353
30, 325.000,33.468, 68.596, 1181.687, 22.404, 116.930, 4.010, 84.247, -10.847
31, 230.000, 40.060, -33.291, 24.265, 35.442, 40.899, 0.010, 24.150, -40.912
31, 325.000,47.444, -28.511, 1185.580, 67.901, 18.598, 4.010, 86.602, -74.682
32, 230.000, -5.123, 30.996, 31.536, -49.120, 10.503, 0.010, 32.122, 77.931
32, 325.000,-12.966, 33.821, 1185.914, -55.835, 32.370, 4.010, 86.885, 59.897
33, 230.000, -6.805, -0.833, 5.743, -58.529, -7.681, 0.010, 5.557, 97.476
33, 630.000,-41.077, -5.285, 1449.804, -109.792, -14.212, 6.011, 85.633, 97.376
34, 230.000, -45.070, -3.790, 53.637, -23.830, -8.535, 0.010, 64.737, 109.705
34, 325.000,-50.639, -5.251, 1186.236, -57.134, -11.737, 4.010, 87.185, 101.609
35, 230.000, -90.713, 20.234, 11.050, -47.708, -33.458, 0.010, 10.738, 125.042
35, 325.000,-113.602, 18.830, 1161.467, -248.064, 5.903, 4.010, 77.941, 88.637
36, 230.000, 45.944, 43.243, 39.019, -6.192, -44.236, 0.010, 41.139, 172.032
36, 325.000,47.511, 38.872, 1187.183, 32.230, -10.771, 4.010, 88.360, -108.480
37, 230.000, -51.662, -1.888, 7.142, 58.735, 4.106, 0.010, 6.917, -86.001
37, 325.000,-44.700, -1.325, 1187.392, 25.452, 3.019, 4.010, 88.763, -83.234
38, 230.000, -73.117, -51.026, 49.615, -0.587, -32.491, 0.010, 56.777, 178.965
38, 325.000,-82.926, -62.535, 1174.126, -128.077, -124.870, 4.010, 81.338, 134.273
39, 230.000, 8.190, -19.447, 23.433, 19.617, 50.830, 0.010, 23.272, -21.103
39, 630.000,24.084, -9.340, 1452.871, 56.124, 11.361, 6.011, 87.743, -78.557
40, 230.000, 0.916, -53.198, 16.933, -46.450, 32.762, 0.010, 16.589, 54.804
40, 325.000,-6.289, -50.546, 1186.655, -48.849, -4.468, 4.010, 87.633, 95.226
41, 230.000, 23.297, 10.210, 53.337, -17.909, 18.765, 0.010, 64.065, 43.664
41, 325.000,21.454, 13.487, 1187.307, 0.865, 29.443, 4.010, 88.579, -1.683
42, 230.000, 49.976, -46.267, 10.591, 48.589, 32.320, 0.010, 10.286, -56.370
42, 325.000,60.789, -44.294, 1183.237, 101.949, -10.733, 4.010, 85.048, -96.010
43, 230.000, -27.869, -64.252, 37.345, -5.090, -45.794, 0.010, 39.025, 173.658
43, 325.000,-30.633, -75.787, 1181.270, -35.168, -117.994, 4.010, 84.050, 163.403
44, 230.000, 43.344, 17.479, 54.587, -22.521, -5.538, 0.010, 66.981, 103.816
44, 325.000,41.765, 17.380, 1187.635, 6.456, 6.364, 4.010, 89.563, -45.411
45, 230.000, 24.878, 77.149, 46.294, -17.039, -32.928, 0.010, 51.310, 152.640
45, 325.000,24.511, 78.961, 1186.113, 12.197, 59.502, 4.010, 87.069, -11.585
46, 230.000, -82.423, -46.913, 25.125, -42.590, -32.749, 0.010, 25.064, 127.558
46, 325.000,-105.543, -61.311, 1151.891, -247.291, -150.297, 4.011, 75.898, 121.290
47, 230.000, -5.848, -75.671, 12.383, 15.135, 55.993, 0.010, 12.051, -15.126
47, 325.000,-3.949, -72.523, 1187.470, 10.235, -19.132, 4.010, 88.953, -151.854
48, 230.000, -38.358, 0.747, 45.177, -3.629, 38.256, 0.010, 49.615, 5.419
48, 325.000,-40.443, 6.650, 1186.581, -29.865, 41.127, 4.010, 87.547, 35.986
49, 230.000, -17.176, -18.630, 16.220, -56.513, 7.803, 0.010, 15.871, 82.139
49, 325.000,-26.755, -18.104, 1185.422, -72.847, -4.932, 4.010, 86.475, 93.873
50, 230.000, -15.721, 55.349, 11.606, -23.757, -53.090, 0.010, 11.285, 155.893
50, 325.000,-20.202, 49.761, 1186.994, -37.529, -13.960, 4.010, 88.068, 110.404
51, 230.000, 36.464, 60.393, 3.019, -48.941, 33.365, 0.010, 2.918, 55.716
51, 325.000,31.357, 69.730, 1183.510, -15.742, 98.051, 4.010, 85.204, 9.121
52, 230.000, -23.494, -74.892, 34.224, -41.880, 24.339, 0.010, 35.243, 59.836
52, 325.000,-31.748, -77.500, 1183.666, -73.873, -63.530, 4.010, 85.294, 130.695
53, 230.000, -39.104, 19.426, 54.828, -21.685, 6.426, 0.010, 67.583, 73.493
53, 325.000,-44.053, 21.224, 1186.432, -50.230, 20.343, 4.010, 87.385, 67.953
54, 230.000, -61.795, -52.171, 7.390, 0.121, -58.847, 0.010, 7.158, -179.882
54, 325.000,-67.907, -66.337, 1176.656, -85.309, -136.980, 4.010, 82.191, 148.086
55, 230.000, -24.050, 58.432, 32.568, -48.500, -10.234, 0.010, 33.307, 101.915
55, 325.000,-32.868, 60.258, 1184.673, -73.573, 41.175, 4.010, 85.929, 60.767
56, 230.000, 64.574, 69.516, 34.239, 27.028, 40.185, 0.010, 35.260, -33.924
56, 325.000,81.555, 89.400, 1153.917, 185.097, 211.682, 4.011, 76.305, -41.167
57, 230.000, -69.374, -68.518, 11.378, 58.124, 3.124, 0.010, 11.060, -86.924
57, 325.000,-75.607, -82.408, 1171.074, -106.934, -166.359, 4.010, 80.415, 147.267
58, 230.000, 3.394, -74.395, 42.768, 28.065, -30.016, 0.010, 46.145, -136.924
58, 325.000,7.876, -84.781, 1181.247, 34.427, -118.439, 4.010, 84.039, -163.792
59, 230.000, -28.595, 64.433, 26.452, 31.776, -42.523, 0.010, 26.487, -143.230
59, 325.000,-25.544, 61.995, 1187.550, 7.131, 15.243, 4.010, 89.188, -25.070
60, 230.000, -15.275, -32.403, 17.300, -45.295, -34.157, 0.010, 16.960, 127.020
60, 325.000,-23.007, -39.072, 1184.806, -58.434, -58.119, 4.010, 86.021, 134.845
61, 230.000, 39.274, -48.920, 19.058, 47.317, -30.258, 0.010, 18.743, -122.597
61, 325.000,49.002, -56.598, 1181.817, 87.822, -78.449, 4.010, 84.310, -131.773
62, 230.000, 22.077, 76.578, 14.927, -39.798, 41.364, 0.010, 14.577, 43.894
62, 325.000,18.085, 90.037, 1178.519, -14.580, 146.425, 4.010, 82.883, 5.686
63, 230.000, -9.102, -44.238, 42.042, -11.639, 40.183, 0.010, 45.142, 16.153
63, 325.000,-11.267, -39.906, 1187.461, -18.691, 11.959, 4.010, 88.929, 57.387
64, 230.000, -22.845, 59.622, 26.269, -51.198, 14.365, 0.010, 26.290, 74.328
64, 325.000,-32.105, 65.456, 1183.086, -76.400, 70.906, 4.010, 84.965, 47.136
65, 230.000, 90.426, -10.186, 13.081, 49.045, -30.678, 0.010, 12.742, -122.026
65, 325.000,112.122, -16.368, 1162.792, 235.577, -54.676, 4.010, 78.251, -103.067
66, 230.000, -25.781, 68.740, 36.409, -46.476, 5.656, 0.010, 37.871, 83.062
66, 325.000,-34.755, 74.802, 1182.142, -79.161, 82.649, 4.010, 84.470, 43.765
67, 230.000, 42.704, 27.146, 23.990, 45.209, 29.971, 0.010, 23.859, -56.458
67, 325.000,51.799, 33.119, 1183.698, 81.295, 52.994, 4.010, 85.313, -56.900
68, 230.000, -49.556, -83.865, 48.750, -24.489, -23.267, 0.010, 55.281, 133.535
68, 325.000,-65.226, -107.811, 1147.160, -165.365, -259.521, 4.011, 74.984, 147.495
69, 230.000, -31.340, -92.170, 19.829, -40.501, 38.525, 0.010, 19.532, 46.432
69, 325.000,-43.898, -106.657, 1165.463, -125.045, -191.279, 4.010, 78.906, 146.826
70, 230.000, 23.704, -13.876, 12.507, 53.516, -22.300, 0.010, 12.174, -112.622
70, 325.000,33.075, -17.934, 1184.961, 72.997, -33.110, 4.010, 86.130, -114.398
71, 230.000, -45.835, -79.120, 34.069, -39.764, 27.853, 0.010, 35.059, 54.991
71, 325.000,-58.233, -86.465, 1174.950, -129.113, -115.757, 4.010, 81.605, 131.878
72, 230.000, -9.854, -42.609, 9.671, 28.341, -51.194, 0.010, 9.385, -151.031
72, 325.000,-5.815, -52.538, 1184.411, 23.203, -84.786, 4.010, 85.755, -164.695
73, 230.000, 43.978, 87.335, 30.814, 43.665, -25.720, 0.010, 31.302, -120.499
73, 325.000,60.677, 104.572, 1156.641, 169.220, 210.145, 4.011, 76.869, -38.843
74, 230.000, 58.586, 4.141, 49.045, -23.597, -23.567, 0.010, 55.785, 134.963
74, 325.000,57.983, 0.781, 1187.272, 21.559, -21.836, 4.010, 88.520, -135.366
75, 230.000, 81.285, -19.601, 6.507, 53.032, -25.746, 0.010, 6.299, -115.896
75, 325.000,98.624, -25.754, 1171.813, 184.283, -58.802, 4.010, 80.626, -107.697
76, 230.000, -60.228, 75.154, 1.129, -9.075, 58.600, 0.010, 1.091, 8.803
76, 325.000,-75.740, 101.445, 1144.361, -171.658, 267.509, 4.010, 74.477, 32.688
77, 230.000, -34.106, -75.828, 54.578, 23.083, -2.452, 0.010, 66.959, -96.065
77, 325.000,-34.058, -83.610, 1182.699, -21.391, -106.362, 4.010, 84.759, 168.629
78, 230.000, -42.636, 82.590, 29.770, 17.307, 48.289, 0.010, 30.128, -19.718
78, 325.000,-47.437, 103.817, 1163.224, -71.037, 228.999, 4.010, 78.353, 17.234
79, 230.000, -44.503, 31.568, 37.135, -44.209, -13.573, 0.010, 38.764, 107.068
79, 325.000,-53.519, 31.072, 1184.748, -82.563, 10.572, 4.010, 85.981, 82.703
80, 230.000, 60.333, 25.494, 37.718, 7.918, 45.081, 0.010, 39.490, -9.962
80, 325.000,65.295, 33.940, 1183.616, 65.735, 72.732, 4.010, 85.265, -42.107
81, 230.000, 23.578, 83.407, 49.964, -31.303, -6.430, 0.010, 57.398, 101.607
81, 325.000,21.631, 91.751, 1181.676, 1.295, 119.180, 4.010, 84.240, -0.622
82, 230.000, 81.428, -16.295, 24.130, -19.298, -50.626, 0.010, 24.007, 159.134
82, 325.000,86.525, -25.492, 1181.675, 90.198, -77.852, 4.010, 84.242, -130.798
83, 230.000, 88.981, -33.875, 20.095, 51.623, -21.187, 0.010, 19.805, -112.314
83, 325.000,115.508, -44.197, 1149.208, 279.664, -108.191, 4.011, 75.376, -111.149
84, 230.000, -75.347, 5.202, 49.119, -19.767, -26.724, 0.010, 55.912, 143.511
84, 325.000,-84.293, 1.630, 1182.449, -108.820, -23.004, 4.010, 84.626, 101.936
85, 230.000, 69.115, 37.543, 37.334, -32.888, -32.283, 0.010, 39.011, 134.469
85, 325.000,69.677, 35.689, 1186.837, 43.664, 8.063, 4.010, 87.857, -79.538
86, 230.000, 70.206, 22.955, 42.607, 18.337, 36.960, 0.010, 45.920, -26.387
86, 325.000,78.395, 30.285, 1181.642, 99.508, 66.172, 4.010, 84.225, -56.376
87, 230.000, -27.486, -81.968, 55.624, 6.264, 19.604, 0.010, 69.696, -17.719
87, 325.000,-29.566, -88.040, 1182.926, -34.009, -100.407, 4.010, 84.879, 161.288
88, 230.000, 77.203, 59.920, 50.620, 19.396, -24.065, 0.010, 58.592, -141.132
88, 325.000,98.244, 70.764, 1156.873, 231.793, 136.218, 4.011, 76.917, -59.558
89, 230.000, -69.789, -54.671, 31.828, 47.169, 16.725, 0.010, 32.455, -70.477
89, 325.000,-70.856, -58.480, 1184.515, -55.891, -66.049, 4.010, 85.822, 139.762
90, 230.000, -35.309, 90.638, 29.305, -31.163, 41.083, 0.010, 29.610, 37.182
90, 325.000,-48.821, 119.727, 1139.942, -135.679, 304.594, 4.011, 73.695, 24.010
91, 230.000, -30.671, -14.359, 27.438, -52.365, 4.758, 0.010, 27.557, 84.809
91, 325.000,-40.045, -14.182, 1185.216, -76.158, -4.550, 4.010, 86.317, 93.419
92, 230.000, 8.780, -17.921, 17.081, 43.779, 36.184, 0.010, 16.738, -50.426
92, 325.000,16.094, -12.915, 1185.868, 62.563, 18.284, 4.010, 86.854, -73.709
93, 230.000, -37.072, -86.195, 35.967, 46.891, -5.018, 0.010, 37.332, -96.109
93, 325.000,-36.385, -101.021, 1173.408, -23.705, -182.013, 4.010, 81.110, 172.580
94, 230.000, -5.380, -56.484, 32.469, 17.300, 46.520, 0.010, 33.192, -20.399
94, 325.000,-2.979, -52.044, 1187.564, 14.342, 6.552, 4.010, 89.239, -65.448
95, 230.000, 45.889, -53.782, 10.518, -43.536, -38.879, 0.010, 10.215, 131.766
95, 325.000,42.312, -63.487, 1183.682, -0.183, -97.230, 4.010, 85.304, 179.892
96, 230.000, -37.907, -34.101, 53.458, 0.915, 25.672, 0.010, 64.334, -2.041
96, 325.000,-39.477, -31.745, 1187.368, -26.635, 2.443, 4.010, 88.710, 84.760
97, 230.000, -82.227, 33.591, 32.226, -46.875, -16.788, 0.010, 32.912, 109.705
97, 325.000,-100.369, 35.703, 1170.298, -198.192, 41.060, 4.010, 80.188, 78.296
98, 230.000, 13.007, 35.685, 19.141, -52.056, -21.010, 0.010, 18.828, 111.979
98, 325.000,5.349, 33.796, 1186.756, -46.454, 2.690, 4.010, 87.755, 86.686
99, 230.000, 73.314, -42.317, 26.437, -11.715, -51.783, 0.010, 26.472, 167.253
99, 325.000,79.573, -54.677, 1177.628, 96.434, -120.202, 4.010, 82.545, -141.261
100, 230.000, 22.680, 32.087, 31.507, -17.321, 47.169, 0.010, 32.089, 20.163
100, 325.000,20.918, 40.716, 1185.484, -2.962, 71.945, 4.010, 86.524, 2.357
101, 230.000, 42.899, -77.420, 34.939, -47.303, -7.700, 0.010, 36.093, 99.245
101, 325.000,41.146, -87.926, 1179.999, 17.140, -133.661, 4.010, 83.485, -172.692
102, 230.000, 21.106, 7.818, 45.678, 19.900, -32.173, 0.010, 50.369, -148.262
102, 325.000,25.002, 3.149, 1186.640, 40.571, -28.273, 4.010, 87.614, -124.872
103, 230.000, -1.950, -15.978, 35.951, 22.091, -41.679, 0.010, 37.312, -152.075
103, 325.000,1.423, -23.119, 1185.775, 22.660, -62.984, 4.010, 86.769, -160.213
104, 230.000, -58.677, 38.231, 56.877, 8.115, 14.724, 0.010, 73.533, -28.859
104, 325.000,-61.377, 42.976, 1185.377, -50.030, 54.161, 4.010, 86.441, 42.730
105, 230.000, -24.220, 76.591, 23.574, 41.595, -35.096, 0.010, 23.420, -130.156
105, 325.000,-19.971, 77.700, 1186.354, 16.324, 53.447, 4.010, 87.303, -16.984
106, 230.000, 40.195, -89.895, 13.088, -55.131, -17.518, 0.010, 12.749, 107.628
106, 325.000,42.767, -115.656, 1152.703, 54.954, -280.959, 4.011, 76.052, -168.933
107, 230.000, -43.857, -26.236, 50.207, -30.024, -9.769, 0.010, 57.835, 108.024
107, 325.000,-50.496, -28.963, 1185.492, -65.184, -30.272, 4.010, 86.531, 114.911
108, 230.000, -20.474, 58.915, 46.505, 18.570, 31.781, 0.010, 51.639, -30.298
108, 325.000,-18.847, 67.137, 1184.499, 1.649, 86.699, 4.010, 85.813, -1.090
109, 230.000, -63.009, 62.759, 53.932, -24.673, 0.476, 0.010, 65.413, 88.896
109, 325.000,-74.833, 71.042, 1174.881, -135.746, 108.577, 4.010, 81.584, 51.345
110, 230.000, -8.242, -48.875, 15.494, 57.010, -5.240, 0.010, 15.144, -95.252
110, 325.000,0.308, -51.902, 1185.692, 54.761, -41.165, 4.010, 86.693, -126.933
111, 230.000, -46.121, -86.035, 4.710, -34.435, -48.060, 0.010, 4.555, 144.378
111, 325.000,-63.886, -116.813, 1131.824, -177.638, -313.127, 4.011, 72.355, 150.434
112, 230.000, -28.773, 60.555, 17.769, -16.096, -54.248, 0.010, 17.434, 163.473
112, 325.000,-32.953, 55.758, 1186.877, -43.172, -3.896, 4.010, 87.908, 95.157
113, 230.000, -24.393, 58.028, 13.501, -20.798, -53.878, 0.010, 13.158, 158.892
113, 325.000,-28.945, 52.801, 1186.865, -42.754, -9.108, 4.010, 87.891, 102.026
114, 230.000, -70.929, 51.115, 36.154, 23.149, -40.922, 0.010, 37.559, -150.504
114, 325.000,-75.290, 50.692, 1184.546, -80.239, 31.188, 4.010, 85.843, 68.759
115, 230.000, -16.285, -65.372, 48.458, -10.909, -32.410, 0.010, 54.790, 161.397
115, 325.000,-18.997, -74.542, 1183.142, -27.912, -99.768, 4.010, 84.996, 164.370
116, 230.000, 62.862, 69.254, 21.749, 44.576, -32.521, 0.010, 21.513, -126.113
116, 325.000,79.933, 76.161, 1168.793, 181.046, 108.307, 4.010, 79.768, -59.111
117, 230.000, -17.279, -70.163, 29.214, 45.743, -23.912, 0.010, 29.510, -117.598
117, 325.000,-11.575, -78.888, 1182.942, 31.073, -101.193, 4.010, 84.886, -162.930
118, 230.000, -27.433, 4.314, 58.673, 2.190, -8.389, 0.010, 81.594, -165.369
118, 325.000,-28.149, 3.200, 1187.506, -18.966, -5.684, 4.010, 89.045, 106.683
119, 230.000, -21.795, -12.914, 2.735, -24.054, -54.144, 0.010, 2.643, 156.046
119, 325.000,-26.461, -22.049, 1185.082, -40.822, -66.873, 4.010, 86.218, 148.598
120, 230.000, 11.386, 76.375, 17.208, 18.277, 53.735, 0.010, 16.866, -18.784
120, 325.000,15.203, 91.472, 1176.730, 34.673, 157.045, 4.010, 82.217, -12.450
121, 230.000, 31.296, 37.589, 44.856, -28.404, 26.433, 0.010, 49.140, 47.059
121, 325.000,28.352, 43.309, 1186.356, -7.554, 55.296, 4.010, 87.307, 7.779
122, 230.000, 22.153, 69.107, 0.281, 16.156, 57.066, 0.010, 0.271, -15.807
122, 325.000,26.424, 83.469, 1178.305, 43.313, 142.407, 4.010, 82.800, -16.917
123, 230.000, 38.150, -10.322, 6.116, -35.598, -47.043, 0.010, 5.919, 142.884
123, 325.000,34.034, -18.191, 1186.230, -11.754, -57.244, 4.010, 87.180, 168.397
124, 230.000, -62.165, -11.187, 41.095, 42.764, -0.295, 0.010, 43.859, -90.396
124, 325.000,-59.035, -11.837, 1187.612, -6.449, -9.707, 4.010, 89.438, 146.402
125, 230.000, 6.744, -86.505, 50.898, -23.117, -19.814, 0.010, 59.113, 130.601
125, 325.000,4.167, -99.663, 1176.786, -14.727, -159.733, 4.010, 82.238, 174.732
126, 230.000, 52.935, 30.204, 0.972, -21.632, -55.216, 0.010, 0.939, 158.606
126, 325.000,52.278, 23.090, 1186.998, 19.612, -34.749, 4.010, 88.075, -150.560
127, 230.000, 44.665, -31.625, 32.564, -16.173, 46.857, 0.010, 33.302, 19.043
127, 325.000,44.269, -25.896, 1187.268, 16.209, 26.241, 4.010, 88.512, -31.703
128, 230.000, 21.155, 3.926, 23.208, -11.307, 53.396, 0.010, 23.036, 11.956
128, 325.000,20.209, 12.498, 1185.964, 8.064, 63.080, 4.010, 86.931, -7.285
129, 230.000, 71.021, -15.392, 17.767, 31.805, 46.802, 0.010, 17.432, -34.199
129, 325.000,81.196, -9.361, 1181.835, 112.554, 33.990, 4.010, 84.319, -73.196
130, 230.000, -95.432, -1.986, 0.910, -0.435, -59.301, 0.010, 0.880, 179.580
130, 325.000,-113.874, -11.036, 1164.657, -221.647, -71.170, 4.011, 78.697, 107.802
131, 230.000, -61.495, -8.851, 2.635, -30.289, -50.924, 0.010, 2.547, 149.257
131, 325.000,-69.894, -17.365, 1182.677, -88.679, -63.000, 4.010, 84.745, 125.391
132, 230.000, -53.622, 34.311, 16.023, 4.930, 56.891, 0.010, 15.673, -4.952
132, 325.000,-56.091, 45.198, 1183.202, -44.140, 92.970, 4.010, 85.029, 25.397
133, 230.000, 64.003, -7.235, 7.065, 33.294, 48.572, 0.010, 6.841, -34.429
133, 325.000,73.133, -0.102, 1182.906, 95.948, 45.668, 4.010, 84.867, -64.547
134, 230.000, -44.938, 63.980, 29.578, -42.197, 29.364, 0.010, 29.914, 55.167
134, 325.000,-55.422, 74.271, 1177.426, -104.599, 115.268, 4.010, 82.469, 42.222
135, 230.000, -74.997, -43.856, 13.322, -28.200, -50.447, 0.010, 12.980, 150.795
135, 325.000,-88.887, -57.080, 1169.785, -158.566, -130.477, 4.010, 80.044, 129.449
136, 230.000, -39.012, -64.739, 9.343, 41.031, -41.795, 0.010, 9.064, -135.529
136, 325.000,-35.834, -76.364, 1181.486, -0.657, -121.028, 4.010, 84.151, 179.689
137, 230.000, -87.626, -7.081, 45.515, 37.999, -1.436, 0.010, 50.123, -92.164
137, 325.000,-91.954, -8.088, 1184.038, -91.951, -12.382, 4.010, 85.519, 97.670
138, 230.000, -33.525, -34.078, 20.419, 23.322, -50.564, 0.010, 20.138, -155.239
138, 325.000,-31.395, -43.500, 1185.063, 0.484, -78.638, 4.010, 86.203, -179.647
139, 230.000, 37.691, 41.861, 34.063, 15.431, -46.035, 0.010, 35.053, -161.468
139, 325.000,41.905, 36.840, 1186.674, 45.650, -16.688, 4.010, 87.655, -110.080
140, 230.000, -14.801, -98.569, 41.510, -21.404, -36.558, 0.010, 44.417, 149.652
140, 325.000,-24.442, -147.311, 1093.828, -86.354, -456.266, 4.015, 66.997, 169.283
141, 230.000, -47.819, 60.640, 58.258, 9.691, -5.451, 0.010, 79.194, -119.356
141, 325.000,-50.203, 64.673, 1185.068, -44.928, 64.393, 4.010, 86.209, 34.905
142, 230.000, 77.098, 58.406, 40.683, 38.813, -18.871, 0.010, 43.309, -115.929
142, 325.000,99.849, 68.772, 1155.138, 243.289, 130.292, 4.010, 76.563, -61.829
143, 230.000, 58.258, 58.552, 17.974, -9.890, -55.649, 0.010, 17.641, 169.922
143, 325.000,62.022, 55.443, 1185.896, 63.360, 13.704, 4.010, 86.871, -77.795
144, 230.000, 63.782, 43.869, 14.057, 29.839, 49.292, 0.010, 13.710, -31.188
144, 325.000,74.114, 55.375, 1176.938, 114.750, 110.496, 4.010, 82.292, -46.082
145, 230.000, 78.456, 15.544, 39.350, -24.102, -37.260, 0.010, 41.565, 147.103
145, 325.000,81.502, 11.301, 1185.471, 68.867, -21.721, 4.010, 86.514, -107.506
146, 230.000, 58.203, -32.737, 46.748, 34.276, 12.547, 0.010, 52.018, -69.894
146, 325.000,67.090, -32.934, 1183.862, 93.269, -18.175, 4.010, 85.411, -101.027
147, 230.000, 50.492, 15.975, 13.040, 44.306, -37.210, 0.010, 12.701, -130.024
147, 325.000,59.919, 10.939, 1184.172, 86.877, -27.307, 4.010, 85.602, -107.449
148, 230.000, -92.995, 23.437, 40.159, -31.363, -30.352, 0.010, 42.619, 134.062
148, 325.000,-116.835, 23.977, 1157.828, -263.482, 23.622, 4.010, 77.130, 84.877
149, 230.000, -60.033, 42.584, 44.370, 36.891, 13.713, 0.010, 48.426, -69.609
149, 325.000,-58.760, 47.663, 1185.945, -23.228, 59.586, 4.010, 86.913, 21.297
150, 230.000, 8.311, 36.397, 54.658, -22.103, -6.449, 0.010, 67.156, 106.266
150, 325.000,5.268, 36.841, 1187.398, -17.798, 18.074, 4.010, 88.776, 44.558
151, 230.000, -66.572, -21.703, 36.083, 18.917, 43.102, 0.010, 37.473, -23.695
151, 325.000,-67.965, -16.559, 1186.587, -43.788, 25.509, 4.010, 87.554, 59.777
152, 230.000, -20.568, 41.487, 22.045, -38.046, -39.802, 0.010, 21.820, 136.292
152, 325.000,-27.380, 37.053, 1186.325, -54.913, -13.235, 4.010, 87.274, 103.551
153, 230.000, -32.140, 92.083, 5.050, -21.366, -55.096, 0.010, 4.884, 158.804
153, 325.000,-41.902, 103.435, 1171.405, -103.470, 166.202, 4.010, 80.512, 31.905
154, 230.000, 2.688, -43.112, 14.080, -42.289, 39.128, 0.010, 13.733, 47.223
154, 325.000,-3.851, -38.721, 1186.824, -43.197, 11.780, 4.010, 87.839, 74.746
155, 230.000, 81.302, 31.793, 6.042, -57.220, -14.386, 0.010, 5.847, 104.112
155, 325.000,81.281, 32.986, 1186.042, 54.336, 30.043, 4.010, 87.003, -61.061
156, 230.000, -54.401, -54.812, 58.758, -1.370, -7.956, 0.010, 82.176, 170.230
156, 325.000,-59.060, -60.477, 1183.543, -66.025, -73.667, 4.010, 85.222, 138.131
157, 230.000, 40.309, 69.937, 18.439, -56.367, -0.654, 0.010, 18.113, 90.665
157, 325.000,35.300, 75.948, 1184.480, -11.493, 86.199, 4.010, 85.801, 7.595
158, 230.000, -72.818, -37.951, 38.130, 18.495, -41.493, 0.010, 40.009, -155.975
158, 325.000,-77.096, -47.791, 1181.138, -78.175, -96.753, 4.010, 83.988, 141.063
159, 230.000, -74.053, 44.185, 33.111, -45.901, -17.732, 0.010, 33.937, 111.122
159, 325.000,-89.714, 46.840, 1174.406, -169.435, 51.221, 4.010, 81.429, 73.180
160, 230.000, -27.898, 28.173, 23.561, 53.692, 8.925, 0.010, 23.407, -80.562
160, 325.000,-20.620, 30.691, 1186.710, 37.912, 29.005, 4.010, 87.697, -52.581
161, 230.000, -51.403, -64.953, 42.918, -35.233, 20.840, 0.010, 46.355, 59.397
161, 325.000,-61.732, -68.324, 1180.678, -109.782, -67.081, 4.010, 83.781, 121.427
162, 230.000, -79.040, -32.465, 40.098, 43.694, -0.771, 0.010, 42.538, -91.011
162, 325.000,-80.601, -35.866, 1185.105, -62.793, -46.297, 4.010, 86.234, 126.401
163, 230.000, -63.405, 5.381, 55.456, 12.746, 16.727, 0.010, 69.232, -37.308
163, 325.000,-65.080, 8.197, 1186.719, -41.779, 22.612, 4.010, 87.708, 61.576
164, 230.000, -2.876, 30.197, 31.026, 33.373, -37.964, 0.010, 31.542, -138.682
164, 325.000,2.221, 25.459, 1187.087, 33.953, -15.384, 4.010, 88.201, -114.375
165, 230.000, 8.463, 68.967, 9.414, 57.388, -11.645, 0.010, 9.133, -101.470
165, 325.000,17.912, 71.717, 1184.266, 70.482, 55.736, 4.010, 85.661, -51.663
166, 230.000, 59.803, 53.871, 22.591, -47.104, -28.081, 0.010, 22.390, 120.801
166, 325.000,57.651, 54.098, 1187.034, 19.721, 33.392, 4.010, 88.129, -30.566
167, 230.000, 13.740, -37.991, 9.740, 40.096, 42.604, 0.010, 9.452, -43.263
167, 325.000,20.627, -32.789, 1186.365, 52.190, 19.267, 4.010, 87.315, -69.738
168, 230.000, -32.731, 84.693, 14.422, -45.376, 35.364, 0.010, 14.074, 52.069
168, 325.000,-44.594, 103.203, 1163.884, -115.267, 206.537, 4.010, 78.513, 29.166
169, 230.000, 78.633, -60.093, 51.231, 27.427, -11.863, 0.010, 59.745, -113.391
169, 325.000,106.233, -79.905, 1133.898, 285.361, -207.905, 4.010, 72.705, -126.076
170, 230.000, 1.211, -10.982, 10.801, -44.337, 37.885, 0.010, 10.492, 49.487
170, 630.000,-19.847, -0.662, 1452.509, -62.321, 20.144, 6.011, 87.418, 72.088
171, 230.000, 3.661, 8.196, 1.636, 44.586, -39.077, 0.010, 1.581, -131.233
171, 630.000,28.686, -4.954, 1451.486, 78.986, -31.364, 6.010, 86.649, -111.657
172, 230.000, -34.808, 10.171, 14.873, 8.248, 56.819, 0.010, 14.523, -8.259
172, 325.000,-34.884, 19.523, 1185.664, -14.794, 67.379, 4.010, 86.670, 12.383
173, 230.000, -24.801, -82.885, 22.146, 52.419, -16.717, 0.010, 21.925, -107.689
173, 325.000,-19.833, -94.899, 1178.380, 19.429, -147.001, 4.010, 82.828, -172.471
174, 230.000, 24.408, -87.431, 45.097, 38.084, -5.784, 0.010, 49.497, -98.636
174, 325.000,33.452, -100.867, 1172.387, 87.501, -168.525, 4.010, 80.800, -152.561
175, 230.000, -42.868, 66.523, 1.864, 57.718, -13.521, 0.010, 1.801, -103.184
175, 325.000,-37.468, 69.829, 1185.937, 12.991, 62.795, 4.010, 86.905, -11.688
176, 230.000, 10.457, 50.799, 55.313, 20.211, 7.044, 0.010, 68.846, -70.784
176, 325.000,14.006, 54.246, 1186.428, 29.355, 45.649, 4.010, 87.381, -32.743
177, 230.000, -32.332, 13.346, 22.794, 35.668, 41.544, 0.010, 22.602, -40.648
177, 325.000,-28.005, 20.374, 1186.354, 15.524, 53.667, 4.010, 87.304, -16.134
178, 230.000, 46.518, -63.922, 54.987, -9.071, 20.292, 0.010, 67.991, 24.086
178, 325.000,49.040, -66.231, 1185.541, 45.763, -54.382, 4.010, 86.569, -139.919
179, 230.000, -71.013, -15.041, 16.709, -13.226, -55.349, 0.010, 16.363, 166.561
179, 325.000,-78.356, -24.665, 1181.565, -92.568, -76.761, 4.010, 84.189, 129.667
180, 230.000, -9.792, 29.388, 14.453, -7.197, 57.070, 0.010, 14.104, 7.188
180, 325.000,-11.307, 39.533, 1184.866, -14.184, 80.305, 4.010, 86.063, 10.016
181, 230.000, 7.738, 55.867, 37.390, -6.732, -45.545, 0.010, 39.081, 171.592
181, 325.000,7.077, 51.561, 1187.652, -1.294, -6.085, 4.010, 89.700, 167.996
182, 230.000, -65.069, -44.671, 29.639, -40.301, 31.859, 0.010, 29.983, 51.673
182, 325.000,-76.913, -43.834, 1180.739, -126.281, -21.610, 4.010, 83.807, 99.711
183, 230.000, 19.260, 35.936, 21.288, 46.016, -30.774, 0.010, 21.034, -123.773
183, 325.000,27.242, 32.585, 1186.016, 62.114, -8.162, 4.010, 86.976, -97.486
184, 230.000, 7.410, 44.119, 34.548, -38.402, -29.144, 0.010, 35.627, 127.195
184, 325.000,1.784, 41.446, 1187.132, -35.684, -0.366, 4.010, 88.278, 90.588
185, 230.000, 33.783, 66.962, 44.934, -14.576, -35.862, 0.010, 49.255, 157.881
185, 325.000,34.030, 66.408, 1187.063, 20.056, 32.216, 4.010, 88.169, -31.903
186, 230.000, -35.912, 82.928, 10.466, 28.676, -50.851, 0.010, 10.164, -150.580
186, 325.000,-36.035, 85.488, 1184.803, -26.448, 78.060, 4.010, 86.021, 18.717
187, 230.000, -25.785, 8.014, 11.461, -38.650, 43.502, 0.010, 11.142, 41.620
187, 325.000,-32.888, 15.211, 1185.078, -58.782, 51.875, 4.010, 86.215, 48.572
188, 230.000, 14.091, -5.340, 39.484, -4.180, -44.059, 0.010, 41.738, 174.581
188, 630.000,22.775, -30.889, 1451.177, 40.016, -82.510, 6.011, 86.384, -154.127
189, 230.000, 46.111, -6.768, 11.805, -35.144, 46.294, 0.010, 11.481, 37.204
189, 325.000,42.531, 0.226, 1186.821, -5.158, 44.571, 4.010, 87.835, 6.601
190, 230.000, -33.422, -9.661, 24.396, -53.399, -8.429, 0.010, 24.288, 98.971
190, 325.000,-43.098, -11.363, 1184.929, -79.136, -15.431, 4.010, 86.107, 101.034
191, 230.000, 97.682, -13.649, 55.717, -17.404, -10.507, 0.010, 69.955, 121.120
191, 325.000,120.145, -18.580, 1157.346, 261.928, -51.027, 4.011, 77.016, -101.024
192, 230.000, -98.367, 12.564, 23.934, 48.583, -24.176, 0.010, 23.800, -116.456
192, 325.000,-116.888, 12.428, 1164.597, -231.998, 9.543, 4.009, 78.724, 87.644
193, 230.000, -90.643, -28.631, 2.956, 57.572, 13.941, 0.010, 2.857, -76.388
193, 325.000,-96.853, -31.210, 1180.927, -118.935, -42.296, 4.010, 83.899, 109.577
194, 230.000, -22.220, -66.520, 17.157, -3.289, 56.678, 0.010, 16.815, 3.321
194, 325.000,-24.111, -61.947, 1187.416, -24.417, -1.426, 4.010, 88.820, 93.343
195, 230.000, -72.156, 62.717, 50.520, -20.260, 23.556, 0.010, 58.408, 40.697
195, 325.000,-89.833, 78.928, 1157.397, -197.757, 178.528, 4.010, 77.037, 47.925
196, 230.000, -74.380, -22.837, 45.932, -23.059, -29.601, 0.010, 50.754, 142.082
196, 325.000,-84.308, -29.243, 1180.219, -118.078, -60.826, 4.010, 83.579, 117.255
197, 230.000, -44.878, -65.296, 55.892, -9.548, -17.393, 0.010, 70.455, 151.234
197, 325.000,-50.295, -73.695, 1181.346, -67.534, -102.077, 4.010, 84.085, 146.511
198, 230.000, -7.995, -21.120, 23.791, -28.592, 46.197, 0.010, 23.649, 31.754
198, 630.000,-28.012, -14.433, 1452.393, -68.194, -0.394, 6.011, 87.312, 90.331
199, 230.000, 61.625, -11.010, 9.450, -50.131, 30.252, 0.010, 9.168, 58.891
199, 325.000,57.069, -6.876, 1187.434, -3.100, 23.369, 4.010, 88.863, 7.556
200, 230.000, 37.993, 70.434, 41.530, 16.510, 38.992, 0.010, 44.444, -22.948
200, 325.000,44.097, 83.002, 1177.630, 69.292, 137.648, 4.010, 82.545, -26.721
201, 230.000, -93.819, -15.937, 54.622, -19.865, 11.811, 0.010, 67.066, 59.265
201, 325.000,-114.598, -17.311, 1163.221, -238.674, -23.621, 4.011, 78.350, 95.652
202, 230.000, -41.765, -19.213, 42.614, 10.734, 39.831, 0.010, 45.931, -15.082
202, 325.000,-41.878, -13.914, 1187.185, -17.736, 28.905, 4.010, 88.364, 31.532
203, 230.000, -26.660, 63.489, 55.791, 20.115, 0.640, 0.010, 70.165, -88.176
203, 325.000,-25.360, 67.650, 1186.035, -4.168, 62.147, 4.010, 86.994, 3.837
204, 230.000, -17.942, 40.200, 54.633, -7.561, 21.812, 0.010, 67.093, 19.120
204, 325.000,-19.854, 45.222, 1186.386, -20.555, 51.221, 4.010, 87.337, 21.865
205, 230.000, -94.192, 2.502, 18.808, -16.445, 53.791, 0.010, 18.489, 16.999
205, 325.000,-113.682, 10.798, 1163.980, -226.773, 65.746, 4.011, 78.533, 73.832
206, 230.000, 64.551, 62.054, 27.810, 45.480, 25.996, 0.010, 27.962, -60.248
206, 325.000,80.684, 74.943, 1166.296, 171.254, 144.889, 4.010, 79.113, -49.767
207, 230.000, 76.749, -58.026, 59.248, -2.381, -1.276, 0.010, 87.390, 118.197
207, 325.000,91.810, -69.845, 1165.311, 181.298, -140.495, 4.010, 78.865, -127.774
208, 230.000, -91.797, -8.127, 51.641, 13.602, -25.805, 0.010, 60.539, -152.206
208, 325.000,-103.356, -13.027, 1176.264, -158.110, -43.917, 4.010, 82.058, 105.523
209, 230.000, -53.333, -44.764, 37.043, 22.318, -40.588, 0.010, 38.650, -151.196
209, 325.000,-53.536, -53.927, 1183.959, -29.670, -88.981, 4.010, 85.470, 161.560
210, 230.000, -43.343, -6.519, 0.634, -53.936, -24.661, 0.010, 0.612, 114.572
210, 325.000,-53.826, -10.724, 1183.952, -88.626, -30.984, 4.010, 85.466, 109.270
211, 230.000, -2.705, -57.710, 43.711, -27.982, 28.706, 0.010, 47.476, 44.268
211, 325.000,-7.099, -56.217, 1187.147, -31.969, -14.748, 4.010, 88.301, 114.764
212, 230.000, -88.560, 9.899, 32.671, -13.953, 47.492, 0.010, 33.426, 16.373
212, 325.000,-102.456, 18.209, 1173.311, -170.331, 69.976, 4.010, 81.081, 67.666
213, 230.000, -8.134, 69.658, 22.177, -36.012, -41.581, 0.010, 21.957, 139.105
213, 325.000,-14.171, 67.729, 1186.549, -46.637, 22.011, 4.010, 87.511, 64.734
214, 230.000, 61.224, -20.866, 41.998, -10.100, 40.642, 0.010, 45.082, 13.956
214, 325.000,63.200, -15.898, 1186.619, 43.101, 25.194, 4.010, 87.591, -59.692
215, 230.000, 47.503, 8.412, 1.910, 56.084, 19.199, 0.010, 1.845, -71.103
215, 325.000,58.625, 11.849, 1183.491, 95.829, 26.877, 4.010, 85.193, -74.333
216, 230.000, 3.311, -97.109, 24.133, -48.254, -24.633, 0.010, 24.010, 117.044
216, 325.000,-2.822, -123.684, 1150.694, -45.180, -290.758, 4.011, 75.656, 171.168
217, 230.000, 42.665, -72.920, 0.478, 52.649, 27.304, 0.010, 0.462, -62.588
217, 325.000,55.219, -76.521, 1179.093, 120.394, -76.218, 4.010, 83.109, -122.337
218, 230.000, 19.050, 52.078, 47.821, -35.002, -2.376, 0.010, 53.736, 93.884
218, 325.000,14.656, 54.245, 1186.858, -22.610, 37.601, 4.010, 87.883, 31.019
219, 230.000, -10.693, -46.684, 6.619, -28.155, 51.779, 0.010, 6.408, 28.535
219, 325.000,-15.593, -40.508, 1186.866, -37.534, 22.294, 4.010, 87.893, 59.291
220, 230.000, -9.140, 24.540, 12.008, -57.924, 4.278, 0.010, 11.681, 85.776
220, 325.000,-18.668, 26.151, 1185.473, -68.683, 22.166, 4.010, 86.516, 72.114
221, 230.000, -3.853, 29.813, 44.896, 26.604, -28.181, 0.010, 49.199, -136.649
221, 325.000,0.102, 26.626, 1187.378, 25.687, -6.011, 4.010, 88.727, -103.171
222, 230.000, -31.103, 71.110, 18.153, 6.490, -56.089, 0.010, 17.823, -173.400
222, 325.000,-32.473, 67.966, 1187.224, -27.284, 17.596, 4.010, 88.434, 57.182
223, 230.000, 17.101, 31.371, 25.317, -45.404, -28.552, 0.010, 25.269, 122.163
223, 325.000,10.670, 28.136, 1187.099, -36.025, -7.265, 4.010, 88.227, 101.402
224, 230.000, 43.979, 84.972, 53.056, -24.466, 10.203, 0.010, 63.452, 67.362
224, 325.000,48.950, 102.703, 1166.956, 74.524, 207.999, 4.011, 79.279, -19.712
225, 230.000, 5.605, -90.446, 30.405, -7.465, -50.373, 0.010, 30.841, 171.570
225, 325.000,5.370, -111.781, 1164.715, 2.599, -232.379, 4.010, 78.716, -179.359
226, 230.000, 1.604, 29.459, 49.783, -32.148, 2.406, 0.010, 57.075, 85.721
226, 325.000,-3.270, 30.953, 1186.959, -33.256, 24.008, 4.010, 88.021, 54.174
227, 230.000, 7.123, -22.075, 31.384, -50.013, -5.600, 0.010, 31.949, 96.389
227, 325.000,-0.422, -23.823, 1186.356, -48.504, -27.513, 4.010, 87.309, 119.563
228, 230.000, 50.007, 29.300, 30.159, 50.219, 9.281, 0.010, 30.564, -79.530
228, 325.000,60.480, 32.336, 1183.214, 96.631, 35.009, 4.010, 85.036, -70.085
229, 230.000, -34.099, 61.166, 41.774, 40.994, -9.595, 0.010, 44.776, -103.173
229, 325.000,-30.103, 63.645, 1186.612, 11.165, 48.820, 4.010, 87.583, -12.882
230, 230.000, -69.056, 48.429, 32.251, -37.473, -32.761, 0.010, 32.941, 131.162
230, 325.000,-82.020, 48.732, 1178.567, -142.538, 34.980, 4.010, 82.902, 76.212
231, 230.000, -39.979, -64.929, 56.010, -3.259, -19.233, 0.010, 70.798, 170.384
231, 325.000,-43.704, -73.044, 1182.591, -50.613, -97.344, 4.010, 84.700, 152.528
232, 230.000, 56.204, 30.669, 0.775, -17.773, -56.579, 0.010, 0.748, 162.561
232, 325.000,56.524, 23.493, 1186.815, 28.789, -34.650, 4.010, 87.826, -140.279
233, 230.000, -43.571, 4.701, 10.276, 38.356, 44.056, 0.010, 9.977, -41.043
233, 325.000,-39.322, 11.841, 1186.560, 10.686, 50.184, 4.010, 87.524, -12.021
234, 230.000, -53.049, 65.962, 55.624, 2.083, 20.475, 0.010, 69.696, -5.809
234, 325.000,-58.457, 76.059, 1179.147, -76.075, 119.913, 4.010, 83.133, 32.392
235, 230.000, 74.203, 55.278, 2.842, -38.758, 44.804, 0.010, 2.746, 40.862
235, 325.000,79.925, 70.449, 1172.700, 101.779, 158.114, 4.010, 80.890, -32.770
236, 230.000, 47.956, 58.392, 11.584, -33.286, 47.702, 0.010, 11.263, 34.907
236, 325.000,46.699, 70.407, 1181.416, 19.579, 120.126, 4.010, 84.118, -9.257
237, 230.000, 30.063, -75.141, 2.836, -31.505, -50.170, 0.010, 2.741, 147.872
237, 325.000,28.209, -90.265, 1176.964, 6.746, -158.971, 4.010, 82.301, -177.570
238, 230.000, -75.567, 43.396, 47.208, 10.868, 34.219, 0.010, 52.745, -17.620
238, 325.000,-82.934, 53.545, 1177.890, -108.325, 106.804, 4.010, 82.641, 45.405
239, 230.000, -58.538, 61.523, 55.748, 2.531, -20.086, 0.010, 70.041, -172.817
239, 325.000,-64.200, 64.929, 1183.118, -80.573, 65.600, 4.010, 84.981, 50.849
240, 230.000, 33.027, -78.843, 31.772, 46.324, -19.033, 0.010, 32.391, -112.336
240, 325.000,43.779, -90.898, 1174.225, 103.227, -145.261, 4.010, 81.370, -144.601
241, 230.000, -41.629, -44.089, 36.684, -43.375, 17.044, 0.010, 38.208, 68.549
241, 325.000,-50.572, -43.936, 1184.642, -82.406, -19.748, 4.010, 85.909, 103.476
242, 230.000, -2.134, 19.367, 1.383, 4.824, -59.097, 0.010, 1.336, -175.333
242, 630.000,-1.377, 4.889, 1453.770, 0.138, -24.210, 6.010, 89.046, -179.673
243, 230.000, -2.784, 91.704, 18.982, 50.411, 24.821, 0.010, 18.666, -63.786
243, 325.000,4.207, 109.688, 1168.124, 50.771, 208.488, 4.010, 79.591, -13.686
244, 230.000, 31.397, -55.329, 4.920, 34.106, 48.272, 0.010, 4.758, -35.242
244, 325.000,38.493, -50.889, 1185.946, 63.816, 4.029, 4.010, 86.914, -86.388
245, 230.000, -67.490, -49.805, 12.630, -57.812, 3.992, 0.010, 12.296, 86.050
245, 325.000,-83.808, -54.787, 1173.726, -166.798, -71.470, 4.010, 81.211, 113.194
246, 230.000, -52.610, -37.364, 31.500, 20.231, 46.001, 0.010, 32.081, -23.739
246, 325.000,-52.448, -32.411, 1187.311, -23.482, 17.220, 4.010, 88.595, 53.747
247, 230.000, -29.848, -86.102, 21.503, 25.501, -49.040, 0.010, 21.257, -152.525
247, 325.000,-30.723, -106.711, 1166.041, -30.092, -223.633, 4.010, 79.048, 172.336
248, 230.000, -1.671, -91.466, 19.530, 55.993, -0.988, 0.010, 19.226, -91.011
248, 325.000,6.323, -104.993, 1173.583, 59.186, -172.574, 4.010, 81.164, -161.070
249, 230.000, -13.336, 16.667, 4.201, -55.400, -20.757, 0.010, 4.062, 110.540
249, 325.000,-22.711, 13.990, 1185.478, -71.611, -8.732, 4.010, 86.518, 96.952
250, 230.000, -11.375, -73.264, 6.596, -40.752, 42.584, 0.010, 6.385, 43.741
250, 325.000,-18.470, -71.883, 1185.952, -56.100, -30.461, 4.010, 86.919, 118.501
251, 230.000, -54.142, 28.098, 35.073, -32.013, -35.534, 0.010, 36.253, 137.984
251, 325.000,-62.052, 24.226, 1184.821, -81.031, -13.864, 4.010, 86.031, 99.709
252, 230.000, -33.779, -10.251, 5.054, -54.369, 23.153, 0.010, 4.888, 66.933
252, 325.000,-43.761, -6.983, 1184.801, -80.557, 17.753, 4.010, 86.017, 77.572
253, 230.000, 67.139, 67.893, 12.989, 2.238, -57.827, 0.010, 12.650, -177.783
253, 325.000,79.205, 71.411, 1175.650, 147.239, 81.815, 4.010, 81.846, -60.941
254, 230.000, 1.940, 9.255, 18.477, -56.358, -0.016, 0.010, 18.152, 90.016
254, 630.000,-24.413, 16.372, 1451.592, -77.618, 30.688, 6.011, 86.709, 68.428
255, 230.000, -53.349, -25.340, 44.777, 4.996, -38.571, 0.010, 49.022, -172.620
255, 325.000,-55.438, -32.555, 1185.382, -39.157, -62.395, 4.010, 86.444, 147.889
256, 230.000, -12.776, 57.238, 21.033, 55.316, 3.921, 0.010, 20.770, -85.946
256, 325.000,-4.869, 60.825, 1185.578, 48.810, 50.805, 4.010, 86.599, -43.853
257, 230.000, -17.290, 22.266, 20.544, 22.291, 50.977, 0.010, 20.266, -23.619
257, 325.000,-14.443, 31.130, 1185.549, 11.813, 69.928, 4.010, 86.577, -9.589
258, 230.000, -63.321, -7.262, 18.424, -36.760, -42.742, 0.010, 18.098, 139.303
258, 325.000,-72.910, -14.323, 1182.334, -99.200, -52.946, 4.010, 84.567, 118.090
259, 230.000, -33.456, 92.367, 41.604, 16.451, -38.937, 0.010, 44.545, -157.096
259, 325.000,-38.822, 108.086, 1168.111, -70.661, 202.319, 4.010, 79.604, 19.252
260, 230.000, -23.343, -78.726, 12.439, -57.042, 10.445, 0.010, 12.106, 79.623
260, 325.000,-34.280, -84.839, 1180.007, -94.567, -95.930, 4.010, 83.488, 135.410
261, 230.000, -44.758, 71.486, 40.275, -41.305, -13.764, 0.010, 42.771, 108.430
261, 325.000,-55.628, 77.049, 1179.121, -110.764, 89.262, 4.010, 83.121, 51.136
262, 230.000, -64.111, -32.961, 47.045, -24.231, 26.782, 0.010, 52.486, 42.137
262, 325.000,-72.325, -31.297, 1183.915, -94.176, -5.969, 4.010, 85.443, 93.627
263, 230.000, -89.578, 26.454, 15.041, -4.311, 57.208, 0.010, 14.691, 4.310
263, 325.000,-105.666, 39.409, 1165.294, -195.419, 120.302, 4.010, 78.859, 58.383
264, 230.000, 46.683, -55.290, 39.508, -34.718, 27.413, 0.010, 41.769, 51.706
264, 325.000,44.558, -54.839, 1187.362, 9.001, -25.438, 4.010, 88.698, -160.514
265, 230.000, 38.045, -57.851, 50.717, 9.906, -29.107, 0.010, 58.774, -161.205
265, 325.000,42.128, -66.165, 1183.165, 49.636, -90.642, 4.010, 85.008, -151.294
266, 230.000, -62.962, 14.819, 48.902, -29.188, 16.561, 0.010, 55.540, 60.429
266, 325.000,-71.235, 18.229, 1183.789, -90.528, 31.731, 4.010, 85.367, 70.684
267, 230.000, 37.875, 38.893, 4.965, 30.441, 50.659, 0.010, 4.802, -31.002
267, 325.000,44.642, 48.896, 1182.820, 63.706, 86.236, 4.010, 84.821, -36.455
268, 230.000, 2.120, -80.813, 33.080, 18.627, -45.567, 0.010, 33.901, -157.766
268, 325.000,5.124, -95.700, 1176.287, 23.413, -162.360, 4.010, 82.061, -171.794
269, 230.000, -12.371, -82.177, 47.439, -1.230, -35.576, 0.010, 53.117, 178.020
269, 325.000,-13.859, -96.107, 1176.869, -19.349, -158.639, 4.010, 82.267, 173.046
270, 230.000, 76.578, 3.306, 43.052, -8.742, 39.847, 0.010, 46.542, 12.374
270, 325.000,81.342, 9.528, 1184.120, 78.758, 47.094, 4.010, 85.569, -59.122
271, 230.000, -21.280, 32.856, 34.919, -2.584, -47.871, 0.010, 36.069, 176.910
271, 325.000,-22.523, 26.744, 1187.206, -17.660, -28.028, 4.010, 88.402, 147.786
272, 230.000, 51.641, -19.309, 24.432, 28.614, -45.847, 0.010, 24.327, -148.032
272, 325.000,58.749, -27.411, 1183.667, 72.716, -64.824, 4.010, 85.295, -131.716
273, 230.000, -57.851, -27.737, 35.623, -22.468, -41.759, 0.010, 36.915, 151.718
273, 325.000,-64.841, -35.815, 1182.933, -78.603, -71.063, 4.010, 84.881, 132.116
274, 230.000, -19.424, 12.424, 56.309, 11.344, -14.775, 0.010, 71.695, -142.483
274, 325.000,-18.470, 10.659, 1187.623, -10.294, -1.967, 4.010, 89.494, 100.817
275, 230.000, -26.089, -35.116, 45.387, 38.001, 3.691, 0.010, 49.929, -84.452
275, 325.000,-21.343, -35.996, 1187.284, 22.344, -20.326, 4.010, 88.543, -132.292
276, 230.000, 24.409, 50.880, 19.239, -14.946, 54.075, 0.010, 18.928, 15.450
276, 325.000,23.382, 61.987, 1183.420, 4.268, 100.286, 4.010, 85.152, -2.437
277, 230.000, -25.772, 72.627, 22.651, 54.651, -4.221, 0.010, 22.452, -94.417
277, 325.000,-19.503, 77.701, 1184.700, 30.011, 78.373, 4.010, 85.948, -20.953
278, 230.000, 50.560, -50.195, 56.526, 17.585, 3.638, 0.010, 72.376, -78.310
278, 325.000,56.700, -53.147, 1184.533, 71.517, -48.224, 4.010, 85.835, -123.992
279, 230.000, 1.337, -31.572, 5.001, -53.585, 24.925, 0.010, 4.837, 65.055
279, 325.000,-7.146, -28.827, 1186.307, -56.764, 3.095, 4.010, 87.256, 86.879
280, 230.000, 51.154, 8.624, 49.468, -14.403, 29.378, 0.010, 56.519, 26.118
280, 325.000,51.320, 13.488, 1186.859, 22.546, 37.628, 4.010, 87.883, -30.929
281, 230.000, 19.784, -39.934, 10.696, 29.499, -50.329, 0.010, 10.389, -149.625
281, 325.000,25.312, -49.643, 1183.915, 45.750, -82.522, 4.010, 85.443, -150.996
282, 230.000, 5.372, 65.653, 4.489, -39.677, 43.855, 0.010, 4.341, 42.137
282, 325.000,-0.475, 76.755, 1181.792, -37.699, 111.824, 4.010, 84.298, 18.631
283, 230.000, 43.293, 67.396, 21.757, -54.772, 6.654, 0.010, 21.520, 83.073
283, 325.000,38.750, 74.216, 1184.219, -6.512, 90.225, 4.010, 85.632, 4.128
284, 230.000, -76.131, 4.333, 47.354, 35.030, 6.933, 0.010, 52.980, -78.805
284, 325.000,-76.609, 5.691, 1186.729, -45.603, 12.259, 4.010, 87.721, 74.953
285, 230.000, -41.034, -39.167, 48.611, -7.682, -33.101, 0.010, 55.045, 166.934
285, 325.000,-44.334, -46.227, 1185.020, -41.758, -67.392, 4.010, 86.172, 148.216
286, 230.000, -42.523, -22.474, 24.437, -25.075, -47.872, 0.010, 24.332, 152.355
286, 325.000,-48.387, -30.956, 1184.301, -58.312, -67.729, 4.010, 85.684, 139.273
287, 230.000, 3.325, -88.083, 39.032, -22.259, 38.713, 0.010, 41.155, 29.897
287, 325.000,0.442, -92.423, 1183.889, -19.378, -92.683, 4.010, 85.427, 168.191
288, 230.000, -51.431, -62.856, 15.905, 45.788, 34.178, 0.010, 15.555, -53.261
288, 325.000,-48.849, -62.999, 1186.977, -12.166, -38.623, 4.010, 88.046, 162.515
289, 230.000, -48.173, 29.513, 46.585, 27.624, 24.174, 0.010, 51.763, -48.811
289, 325.000,-46.363, 34.651, 1186.631, -8.319, 48.919, 4.010, 87.605, 9.651
290, 230.000, 36.404, -45.560, 40.780, -23.334, -36.195, 0.010, 43.439, 147.191
290, 325.000,34.768, -53.488, 1185.199, 5.139, -76.382, 4.010, 86.304, -176.151
291, 230.000, -88.164, 10.505, 6.116, -56.517, 16.914, 0.010, 5.919, 73.339
291, 325.000,-109.327, 14.558, 1165.370, -225.863, 38.284, 4.010, 78.879, 80.380
292, 230.000, 1.007, 10.477, 21.496, -49.097, 25.397, 0.010, 21.250, 62.649
292, 630.000,-22.412, 31.008, 1450.501, -69.641, 72.261, 6.010, 86.042, 43.942
293, 230.000, 4.010, -96.418, 5.982, 38.592, 44.637, 0.010, 5.789, -40.846
293, 325.000,10.327, -108.220, 1174.109, 52.354, -170.988, 4.010, 81.340, -162.976
294, 230.000, -58.698, -14.793, 7.933, -55.958, -17.982, 0.010, 7.687, 107.815
294, 325.000,-70.913, -18.479, 1181.764, -113.641, -32.824, 4.010, 84.284, 106.111
295, 230.000, 56.997, -28.390, 48.725, 3.642, 33.620, 0.010, 55.238, -6.183
295, 325.000,60.783, -24.926, 1186.397, 53.815, 11.158, 4.010, 87.348, -78.287
296, 230.000, -34.474, 50.323, 8.522, -12.577, -57.331, 0.010, 8.261, 167.626
296, 325.000,-38.241, 43.997, 1186.767, -41.562, -20.415, 4.010, 87.766, 116.160
297, 230.000, -25.739, -58.480, 11.912, 43.251, 38.796, 0.010, 11.586, -48.108
297, 325.000,-20.416, -55.630, 1187.386, 24.755, -7.523, 4.010, 88.752, -106.903
298, 230.000, 10.525, 44.326, 21.521, -12.659, -53.798, 0.010, 21.276, 166.758
298, 325.000,8.984, 37.762, 1187.362, -6.119, -26.283, 4.010, 88.698, 166.895
299, 230.000, 94.406, -19.798, 46.410, -28.558, -23.415, 0.010, 51.490, 129.349
299, 325.000,108.936, -26.992, 1169.917, 191.176, -72.850, 4.010, 80.081, -110.860
300, 230.000, 90.862, -8.158, 29.227, 30.175, 41.868, 0.010, 29.524, -35.781
300, 325.000,109.096, -3.261, 1168.728, 209.024, 30.877, 4.010, 79.752, -81.597
