ion,x0,y0,z0,vx0,vy0,vz0,ke0,elev0,azim0,x1,y1,z1,vx1,vy1,vz1,ke1,elev1,azim1
1, 230.000, -47.480, 67.243, 17.744, 19.502, -53.127, 0.010, 17.408, -159.842
1, 335.000,-49.262, 65.520, 1186.507, -42.067, 31.366, 4.010, 87.468, 53.291
2, 230.000, -84.402, -14.104, 57.512, -13.924, -4.011, 0.010, 75.858, 106.068
2, 335.000,-97.868, -16.626, 1177.632, -151.653, -27.215, 4.010, 82.546, 100.174
3, 230.000, 59.150, -13.486, 1.231, 59.095, 4.884, 0.010, 1.189, -85.276
3, 335.000,73.776, -13.634, 1181.099, 124.480, -8.288, 4.010, 83.970, -93.809
4, 230.000, -49.498, -67.921, 57.693, 12.811, -5.001, 0.010, 76.593, -111.325
4, 335.000,-53.458, -76.998, 1181.225, -60.306, -107.768, 4.010, 84.032, 150.769
5, 230.000, -32.522, -66.948, 9.486, 57.862, -8.924, 0.010, 9.204, -98.767
5, 335.000,-25.623, -74.497, 1184.069, 25.335, -88.847, 4.010, 85.538, -164.084
6, 230.000, 72.833, -3.368, 19.478, -44.825, -33.600, 0.010, 19.172, 126.855
6, 335.000,71.327, -9.322, 1186.562, 31.381, -40.527, 4.010, 87.526, -142.249
7, 230.000, 76.312, -60.266, 31.795, 49.054, -10.022, 0.010, 32.418, -101.547
7, 335.000,106.140, -79.257, 1140.054, 276.463, -185.794, 4.011, 73.713, -123.903
8, 230.000, -18.184, -95.004, 34.074, -6.600, 48.094, 0.010, 35.065, 7.814
8, 335.000,-23.236, -108.480, 1173.837, -51.000, -173.474, 4.010, 81.243, 163.617
9, 230.000, -73.696, -62.145, 37.421, 32.902, -32.168, 0.010, 39.119, -134.353
9, 335.000,-85.912, -81.876, 1162.658, -147.838, -192.286, 4.011, 78.216, 142.445
10, 230.000, 5.052, -96.498, 24.273, 15.935, -51.716, 0.010, 24.158, -162.875
10, 335.000,9.007, -131.551, 1140.645, 32.254, -329.379, 4.011, 73.820, -174.407
11, 230.000, 80.706, 21.405, 25.424, -9.690, -52.701, 0.010, 25.383, 169.582
11, 335.000,88.520, 15.191, 1182.578, 106.348, -27.455, 4.010, 84.694, -104.475
12, 230.000, -51.210, 8.992, 42.636, 8.398, 40.365, 0.010, 45.961, -11.753
12, 335.000,-52.824, 16.336, 1186.073, -34.206, 51.139, 4.010, 87.031, 33.778
13, 230.000, -0.591, 0.934, 37.397, -13.120, 44.124, 0.010, 39.090, 16.560
13, 630.000,-7.479, 23.363, 1452.238, -21.168, 67.977, 6.011, 87.193, 17.296
14, 230.000, -67.967, 15.311, 58.108, 11.579, -2.656, 0.010, 78.446, -102.920
14, 335.000,-71.499, 16.099, 1186.051, -60.483, 13.573, 4.010, 87.008, 77.352
15, 230.000, -71.720, 11.434, 14.524, 53.843, -20.191, 0.010, 14.175, -110.556
15, 335.000,-68.403, 8.938, 1187.484, -18.510, -9.751, 4.010, 88.991, 117.779
16, 230.000, -77.821, -1.231, 2.118, 18.849, 56.195, 0.010, 2.046, -18.543
16, 335.000,-82.273, 8.198, 1183.575, -77.675, 60.611, 4.010, 85.241, 52.035
17, 230.000, 22.094, 92.815, 32.729, -46.387, 17.167, 0.010, 33.493, 69.691
17, 335.000,19.652, 116.229, 1162.758, 0.628, 242.092, 4.011, 78.239, -0.149
18, 230.000, -61.907, -28.006, 14.870, -5.729, 57.129, 0.010, 14.520, 5.727
18, 335.000,-67.666, -20.430, 1185.091, -70.789, 33.265, 4.010, 86.224, 64.830
19, 230.000, 6.480, 58.869, 26.287, 51.492, 13.235, 0.010, 26.310, -75.585
19, 335.000,15.689, 65.140, 1183.972, 62.097, 70.081, 4.010, 85.478, -41.543
20, 230.000, 77.591, 16.163, 2.120, -10.562, 58.323, 0.010, 2.048, 10.264
20, 335.000,84.059, 27.776, 1180.849, 93.035, 86.607, 4.010, 83.856, -47.049
21, 230.000, -61.161, 70.837, 8.151, -51.695, -27.907, 0.010, 7.899, 118.362
21, 335.000,-81.827, 80.496, 1165.093, -193.678, 124.917, 4.010, 78.811, 57.179
22, 230.000, 96.755, -23.489, 44.572, 17.127, -35.180, 0.010, 48.722, -154.041
22, 335.000,140.317, -38.960, 1114.963, 390.439, -129.798, 4.016, 69.745, -108.389
23, 230.000, 44.071, -14.822, 15.968, 10.883, -56.073, 0.010, 15.619, -169.016
23, 335.000,48.461, -25.362, 1184.473, 47.874, -72.720, 4.010, 85.796, -146.641
24, 230.000, -94.310, -22.465, 58.454, 2.398, -9.750, 0.010, 80.253, -166.182
24, 335.000,-117.421, -29.572, 1160.200, -243.962, -69.731, 4.010, 77.664, 105.951
25, 230.000, -27.648, 48.344, 21.033, -36.785, -41.499, 0.010, 20.770, 138.446
25, 335.000,-35.659, 44.221, 1185.944, -63.922, -2.776, 4.010, 86.912, 92.487
26, 230.000, -33.204, -26.697, 12.142, -28.530, 50.559, 0.010, 11.813, 29.436
26, 335.000,-39.919, -19.322, 1185.835, -56.748, 33.666, 4.010, 86.815, 59.321
27, 230.000, -65.082, 9.520, 37.403, 40.136, -22.535, 0.010, 39.097, -119.312
27, 335.000,-62.979, 6.417, 1187.406, -19.827, -15.199, 4.010, 88.795, 127.474
28, 230.000, -28.839, 31.802, 46.413, 35.233, -11.051, 0.010, 51.495, -107.414
28, 335.000,-24.383, 31.587, 1187.499, 15.366, 12.976, 4.010, 89.030, -49.819
29, 230.000, -32.911, -91.686, 16.028, 31.450, -47.662, 0.010, 15.679, -146.581
29, 335.000,-37.426, -125.886, 1141.977, -60.010, -320.810, 4.011, 74.050, 169.405
30, 230.000, 28.028, 40.554, 23.806, -17.082, -51.567, 0.010, 23.664, 161.671
30, 335.000,26.635, 33.931, 1187.438, 4.106, -23.023, 4.010, 88.872, -169.887
31, 230.000, -82.727, -9.665, 57.661, 5.904, -12.571, 0.010, 76.458, -154.843
31, 335.000,-91.564, -12.840, 1181.733, -115.217, -28.137, 4.010, 84.269, 103.724
32, 230.000, -29.392, 29.040, 49.228, -33.023, -1.937, 0.010, 56.100, 93.356
32, 335.000,-36.515, 30.248, 1186.054, -58.407, 20.562, 4.010, 87.011, 70.606
33, 230.000, -40.175, -90.198, 54.909, -14.200, 17.348, 0.010, 67.791, 39.302
33, 335.000,-54.471, -114.723, 1152.165, -137.616, -253.527, 4.011, 75.944, 151.507
34, 230.000, -72.243, -30.519, 4.494, -32.187, -49.613, 0.010, 4.346, 147.026
34, 335.000,-85.846, -42.381, 1175.498, -138.079, -98.475, 4.010, 81.790, 125.496
35, 230.000, 1.630, 45.007, 8.943, 50.208, 30.278, 0.010, 8.673, -58.908
35, 335.000,10.459, 52.803, 1184.347, 55.572, 69.222, 4.010, 85.714, -38.758
36, 230.000, -96.262, -27.008, 54.097, -13.699, 20.088, 0.010, 65.798, 34.292
36, 335.000,-153.915, -39.219, 1080.323, -473.381, -105.654, 3.987, 65.822, 102.582
37, 230.000, 14.594, -34.953, 12.591, 44.225, -37.460, 0.010, 12.256, -130.266
37, 335.000,23.058, -43.310, 1184.282, 58.990, -67.473, 4.010, 85.672, -138.838
38, 230.000, -1.827, -29.995, 46.299, -29.851, 21.976, 0.010, 51.319, 53.640
38, 335.000,-6.990, -27.722, 1187.179, -34.093, -1.373, 4.010, 88.354, 92.307
39, 230.000, 78.528, -42.597, 18.415, 23.564, 51.218, 0.010, 18.089, -24.706
39, 335.000,94.408, -40.728, 1175.644, 167.531, -19.039, 4.010, 81.838, -96.484
40, 230.000, -34.672, -25.876, 4.080, 45.434, 37.905, 0.010, 3.944, -50.162
40, 335.000,-28.516, -20.582, 1187.296, 21.594, 20.446, 4.010, 88.565, -46.564
41, 230.000, -95.108, -4.810, 44.218, -14.094, 36.930, 0.010, 48.205, 20.888
41, 335.000,-118.415, -0.042, 1162.154, -243.100, 30.148, 4.011, 78.097, 82.931
42, 230.000, 56.391, 78.879, 45.195, 14.047, 35.745, 0.010, 49.642, -21.454
42, 335.000,73.986, 106.028, 1145.992, 172.726, 259.799, 4.011, 74.771, -33.618
43, 230.000, -27.138, -6.223, 44.920, 36.484, 12.991, 0.010, 49.234, -70.400
43, 335.000,-22.266, -4.316, 1187.587, 11.986, 7.961, 4.010, 89.306, -56.408
44, 230.000, -47.413, -75.245, 27.938, 30.597, -42.437, 0.010, 28.103, -144.208
44, 335.000,-49.863, -93.981, 1171.925, -52.500, -185.475, 4.010, 80.659, 164.196
45, 230.000, -11.132, -72.621, 43.933, -11.356, 38.191, 0.010, 47.795, 16.560
45, 335.000,-13.958, -72.465, 1186.733, -24.944, -39.960, 4.010, 87.727, 148.026
46, 230.000, -18.981, 5.728, 49.487, 32.659, 1.454, 0.010, 56.551, -87.451
46, 630.000,-16.170, 10.412, 1453.827, -9.705, 19.525, 6.011, 89.141, 26.430
47, 230.000, -63.928, 33.928, 49.506, 3.399, -32.484, 0.010, 56.586, -174.026
47, 335.000,-68.785, 31.439, 1185.704, -68.232, 2.672, 4.010, 86.704, 87.757
48, 230.000, 35.197, -64.070, 17.527, -40.587, -39.537, 0.010, 17.188, 134.249
48, 335.000,31.552, -76.628, 1181.551, -2.533, -120.369, 4.010, 84.182, 178.795
49, 230.000, -44.798, -25.214, 52.658, 26.114, -7.927, 0.010, 62.604, -106.887
49, 335.000,-43.004, -27.993, 1187.271, -8.964, -29.405, 4.010, 88.517, 163.046
50, 230.000, 73.457, 67.198, 15.148, 32.638, 47.148, 0.010, 14.798, -34.693
50, 335.000,116.493, 109.440, 1081.040, 354.213, 343.670, 4.015, 65.462, -45.866
51, 230.000, 59.246, -52.755, 47.318, 26.819, 23.651, 0.010, 52.922, -48.591
51, 335.000,69.926, -54.471, 1181.754, 109.508, -45.033, 4.010, 84.278, -112.354
52, 230.000, 55.884, -78.711, 35.573, 31.347, 35.631, 0.010, 36.854, -41.340
52, 335.000,73.964, -91.629, 1164.121, 175.417, -157.032, 4.011, 78.567, -131.835
53, 230.000, 60.378, -9.953, 13.423, -52.121, 24.916, 0.010, 13.081, 64.451
53, 335.000,55.332, -6.319, 1187.530, -2.134, 18.056, 4.010, 89.123, 6.741
54, 230.000, 47.180, 17.260, 35.667, 36.468, -30.259, 0.010, 36.968, -129.684
54, 335.000,56.173, 13.144, 1184.881, 79.303, -18.064, 4.010, 86.073, -102.832
55, 230.000, 6.307, -13.185, 40.871, -2.259, 42.920, 0.010, 43.560, 3.013
55, 630.000,9.588, -1.244, 1453.716, 15.911, 23.062, 6.011, 88.896, -34.602
56, 230.000, -17.790, -61.819, 11.702, -36.439, 45.309, 0.010, 11.379, 38.808
56, 335.000,-25.289, -58.397, 1186.263, -56.843, -10.315, 4.010, 87.212, 100.286
57, 230.000, 15.028, 58.250, 1.209, -56.676, -17.437, 0.010, 1.168, 107.101
57, 335.000,6.179, 59.037, 1186.212, -47.910, 34.118, 4.010, 87.161, 54.544
58, 230.000, 2.473, 50.779, 38.056, 42.787, 15.449, 0.010, 39.915, -70.147
58, 335.000,9.872, 56.413, 1185.184, 48.283, 59.700, 4.010, 86.293, -38.964
59, 230.000, -46.183, 61.127, 12.643, -31.538, 48.612, 0.010, 12.308, 32.974
59, 335.000,-56.510, 75.959, 1175.550, -98.308, 137.757, 4.010, 81.808, 35.513
60, 230.000, -7.655, 66.772, 31.578, 28.234, 41.513, 0.010, 32.170, -34.221
60, 335.000,-3.525, 79.239, 1181.495, 22.516, 118.834, 4.010, 84.155, -10.729
61, 230.000, -13.824, -14.551, 37.589, -41.630, 19.277, 0.010, 39.329, 65.154
61, 335.000,-21.647, -11.946, 1186.146, -59.674, 7.364, 4.010, 87.098, 82.965
62, 230.000, -40.438, 62.018, 12.703, -19.719, -54.474, 0.010, 12.367, 160.100
62, 335.000,-47.287, 58.163, 1185.676, -67.873, 11.039, 4.010, 86.681, 80.763
63, 230.000, -72.930, 25.663, 36.282, 34.022, 32.307, 0.010, 37.716, -46.482
63, 335.000,-74.313, 33.489, 1184.544, -53.413, 67.524, 4.010, 85.843, 38.345
64, 230.000, 68.488, -46.260, 32.934, 41.381, -26.844, 0.010, 33.730, -122.971
64, 335.000,84.111, -56.629, 1173.244, 153.506, -102.449, 4.010, 81.061, -123.719
65, 230.000, 10.302, 81.246, 24.007, 38.171, 38.526, 0.010, 23.877, -44.735
65, 335.000,17.931, 97.740, 1174.424, 58.306, 167.000, 4.010, 81.435, -19.246
66, 230.000, -47.510, 81.433, 5.941, -24.000, -53.911, 0.010, 5.748, 156.002
66, 335.000,-60.321, 88.034, 1175.593, -127.315, 110.947, 4.010, 81.825, 48.930
67, 230.000, -88.918, -21.144, 31.938, -42.388, -26.474, 0.010, 32.582, 121.988
67, 335.000,-112.459, -29.398, 1161.993, -234.178, -74.180, 4.010, 78.063, 107.576
68, 230.000, 14.467, 12.417, 35.401, 29.776, 37.119, 0.010, 36.647, -38.736
68, 335.000,20.278, 19.393, 1185.704, 45.017, 51.301, 4.010, 86.706, -41.267
69, 230.000, -7.986, 28.282, 30.921, 7.318, 50.080, 0.010, 31.423, -8.314
69, 335.000,-7.118, 38.276, 1185.276, 1.847, 75.328, 4.010, 86.362, -1.405
70, 230.000, 41.244, 48.094, 53.333, -15.378, 20.899, 0.010, 64.057, 36.347
70, 335.000,41.654, 55.022, 1185.351, 24.018, 70.175, 4.010, 86.419, -18.894
71, 230.000, 46.062, 70.985, 55.418, -17.138, -12.360, 0.010, 69.129, 125.800
71, 335.000,48.872, 77.582, 1183.001, 49.966, 92.562, 4.010, 84.919, -28.361
72, 230.000, 59.746, 70.651, 14.479, 34.127, 46.296, 0.010, 14.130, -36.396
72, 335.000,77.646, 92.790, 1155.845, 173.022, 211.337, 4.010, 76.705, -39.307
73, 230.000, 90.249, 5.840, 53.148, -26.317, -0.568, 0.010, 63.652, 91.236
73, 335.000,99.849, 6.642, 1180.171, 132.849, 9.863, 4.010, 83.560, -85.754
74, 230.000, 8.110, 82.382, 53.628, 19.753, 15.859, 0.010, 64.716, -51.239
74, 335.000,12.298, 94.920, 1178.784, 34.051, 140.954, 4.010, 82.987, -13.581
75, 230.000, -59.503, -24.855, 53.519, -25.534, 1.149, 0.010, 64.472, 87.424
75, 335.000,-68.210, -26.532, 1184.101, -88.745, -24.212, 4.010, 85.558, 105.261
76, 230.000, -13.092, -10.325, 12.737, -44.074, -37.588, 0.010, 12.401, 130.458
76, 335.000,-21.445, -17.408, 1185.091, -59.885, -50.340, 4.010, 86.223, 130.051
77, 230.000, 37.386, 27.974, 2.442, -58.635, -8.577, 0.010, 2.360, 98.322
77, 335.000,29.132, 27.970, 1187.120, -33.689, 12.951, 4.010, 88.259, 68.972
78, 230.000, -28.946, 92.710, 57.912, 11.627, 5.350, 0.010, 77.538, -65.291
78, 335.000,-34.496, 117.094, 1158.818, -63.763, 252.173, 4.010, 77.349, 14.190
79, 230.000, -58.458, 80.866, 34.552, -8.826, -47.391, 0.010, 35.631, 169.450
79, 335.000,-83.760, 106.620, 1136.199, -232.846, 254.799, 4.009, 73.102, 42.422
80, 230.000, 19.920, 25.176, 13.782, 5.476, 57.426, 0.010, 13.437, -5.447
80, 335.000,21.869, 36.438, 1184.723, 20.959, 80.926, 4.010, 85.964, -14.520
81, 230.000, -72.950, 23.396, 55.952, -3.387, 19.379, 0.010, 70.629, 9.913
81, 335.000,-80.675, 28.866, 1182.645, -96.439, 51.047, 4.010, 84.729, 62.107
82, 230.000, 13.090, -29.967, 24.946, -23.186, -48.557, 0.010, 24.873, 154.475
82, 335.000,9.740, -39.840, 1185.202, -15.055, -75.014, 4.010, 86.306, 168.652
83, 230.000, 61.742, 38.046, 1.613, -58.293, 10.813, 0.010, 1.558, 79.491
83, 335.000,56.843, 43.031, 1186.456, 3.650, 53.525, 4.010, 87.411, -3.901
84, 230.000, 65.133, 1.399, 53.465, -16.493, 19.675, 0.010, 64.350, 39.972
84, 335.000,67.116, 4.762, 1186.533, 46.687, 22.750, 4.010, 87.494, -64.020
85, 230.000, -10.324, -53.494, 55.699, 7.162, -19.079, 0.010, 69.904, -159.425
85, 335.000,-9.773, -60.006, 1185.737, -1.357, -67.692, 4.010, 86.732, 178.852
86, 230.000, -22.658, -95.386, 50.991, -16.114, 25.650, 0.010, 59.287, 32.139
86, 335.000,-31.228, -117.031, 1161.127, -81.064, -235.965, 4.010, 77.873, 161.040
87, 230.000, 43.135, -16.166, 4.483, -15.580, 57.051, 0.010, 4.335, 15.274
87, 335.000,42.735, -7.075, 1186.538, 17.356, 48.817, 4.010, 87.500, -19.572
88, 230.000, -17.914, -46.724, 34.536, -38.454, -29.090, 0.010, 35.612, 127.107
88, 335.000,-25.530, -54.481, 1184.153, -56.890, -71.437, 4.010, 85.590, 141.468
89, 230.000, 95.157, -10.941, 34.956, 22.081, -42.523, 0.010, 36.113, -152.558
89, 335.000,121.582, -20.334, 1154.905, 266.429, -75.852, 4.010, 76.512, -105.892
90, 230.000, 51.536, -6.156, 6.532, 57.934, 10.890, 0.010, 6.323, -79.354
90, 335.000,64.866, -4.653, 1182.651, 108.882, 6.340, 4.010, 84.731, -86.668
91, 230.000, -22.546, 68.454, 13.592, -10.396, -56.788, 0.010, 13.248, 169.626
91, 335.000,-26.130, 64.336, 1187.077, -35.651, 11.546, 4.010, 88.192, 72.055
92, 230.000, -78.979, -50.686, 15.780, -55.855, 12.200, 0.010, 15.430, 77.678
92, 335.000,-105.129, -59.671, 1156.837, -247.758, -104.531, 4.010, 76.914, 112.875
93, 230.000, -32.061, 48.761, 32.903, -28.447, 40.321, 0.010, 33.695, 35.204
93, 335.000,-39.112, 58.985, 1182.580, -61.800, 90.789, 4.010, 84.694, 34.243
94, 230.000, -29.551, 90.072, 3.359, 54.420, -23.341, 0.010, 3.247, -113.215
94, 335.000,-26.467, 103.664, 1175.820, -2.098, 167.358, 4.010, 81.899, 0.718
95, 230.000, -42.597, 34.074, 31.227, 41.501, -28.638, 0.010, 31.770, -124.608
95, 335.000,-38.038, 31.202, 1187.631, 9.084, -2.346, 4.010, 89.547, -104.482
96, 230.000, -76.036, -45.013, 26.680, 52.126, -9.416, 0.010, 26.734, -100.240
96, 335.000,-77.886, -52.675, 1182.814, -66.439, -84.251, 4.010, 84.817, 141.741
97, 230.000, -87.112, -38.286, 27.905, -18.913, 48.798, 0.010, 28.067, 21.185
97, 335.000,-108.867, -38.749, 1165.661, -224.931, -34.363, 4.010, 78.955, 98.686
98, 230.000, -49.033, -83.897, 31.272, 45.251, 22.183, 0.010, 31.821, -63.885
98, 335.000,-53.378, -99.968, 1171.099, -71.251, -184.187, 4.010, 80.428, 158.851
99, 230.000, 83.758, -45.247, 24.805, 8.862, 53.140, 0.010, 24.723, -9.468
99, 335.000,102.665, -46.234, 1169.611, 201.560, -43.512, 4.010, 80.001, -102.182
100, 230.000, -32.948, -77.382, 0.682, -13.030, 57.857, 0.010, 0.659, 12.692
100, 335.000,-38.881, -76.462, 1185.219, -61.222, -45.435, 4.010, 86.319, 126.580
101, 230.000, -22.868, -68.634, 48.719, 11.437, 31.832, 0.010, 55.229, -19.762
101, 335.000,-22.872, -69.059, 1186.893, -12.741, -40.960, 4.010, 87.930, 162.722
102, 230.000, 92.256, 6.610, 9.993, 49.624, -30.907, 0.010, 9.700, -121.916
102, 335.000,119.000, 2.882, 1158.570, 260.526, -20.409, 4.010, 77.289, -94.479
103, 230.000, -23.394, -53.403, 38.081, 40.551, -20.569, 0.010, 39.947, -116.895
103, 335.000,-18.088, -60.380, 1185.317, 22.492, -71.241, 4.010, 86.394, -162.478
104, 230.000, -50.480, -76.042, 5.030, -31.505, 49.998, 0.010, 4.865, 32.216
104, 335.000,-63.798, -80.122, 1177.382, -130.001, -86.153, 4.010, 82.454, 123.533
105, 230.000, -29.579, -84.591, 48.458, -17.187, -29.564, 0.010, 54.790, 149.828
105, 335.000,-37.220, -103.292, 1169.253, -75.573, -194.164, 4.010, 79.896, 158.733
106, 230.000, 38.433, -64.182, 18.986, 56.182, 0.894, 0.010, 18.669, -89.088
106, 335.000,51.668, -70.303, 1179.787, 110.654, -80.111, 4.010, 83.395, -125.904
107, 230.000, 18.107, 56.561, 5.810, -3.927, -58.894, 0.010, 5.622, 176.185
107, 335.000,18.561, 49.915, 1187.527, 11.657, -14.137, 4.010, 89.116, -140.491
108, 230.000, -60.520, -71.081, 55.420, -20.439, 5.339, 0.010, 69.134, 75.360
108, 335.000,-75.382, -83.903, 1168.671, -152.775, -146.486, 4.010, 79.735, 133.796
109, 230.000, 40.051, 12.276, 15.793, 24.203, 51.792, 0.010, 15.443, -25.047
109, 335.000,46.422, 21.918, 1184.445, 57.837, 65.593, 4.010, 85.777, -41.405
110, 230.000, 35.817, -67.793, 52.806, -21.650, -16.138, 0.010, 62.917, 126.701
110, 335.000,35.774, -77.074, 1182.949, 21.527, -103.564, 4.010, 84.890, -168.258
111, 230.000, -38.813, 65.800, 42.873, -40.927, -2.133, 0.010, 46.291, 92.983
111, 335.000,-49.451, 72.014, 1181.001, -95.025, 82.251, 4.010, 83.926, 49.121
112, 230.000, 5.985, -44.592, 49.271, 32.913, -2.593, 0.010, 56.175, -94.505
112, 335.000,11.853, -47.455, 1186.374, 40.152, -38.238, 4.010, 87.324, -133.602
113, 230.000, -10.993, 8.194, 26.861, -38.523, -36.223, 0.010, 26.930, 133.238
113, 630.000,-37.646, -4.055, 1450.927, -89.942, -28.651, 6.011, 86.278, 107.669
114, 230.000, -44.569, 3.232, 13.680, -16.225, 55.383, 0.010, 13.336, 16.329
114, 335.000,-49.847, 13.013, 1184.832, -53.283, 62.376, 4.010, 86.039, 40.505
115, 230.000, 72.765, -38.967, 21.697, 20.475, -51.261, 0.010, 21.458, -158.227
115, 335.000,85.406, -52.444, 1173.984, 135.853, -117.753, 4.010, 81.293, -130.918
116, 230.000, 46.089, -88.548, 54.870, 18.950, -12.159, 0.010, 67.689, -122.685
116, 335.000,72.375, -135.156, 1096.508, 221.746, -398.655, 4.010, 67.411, -150.916
117, 230.000, 38.457, 79.729, 0.599, 51.285, -29.785, 0.010, 0.579, -120.147
117, 335.000,52.649, 86.532, 1176.378, 124.732, 105.586, 4.010, 82.091, -49.752
118, 230.000, 5.050, -71.109, 0.653, -42.259, -41.610, 0.010, 0.631, 134.556
118, 335.000,-1.753, -84.730, 1179.737, -40.653, -130.867, 4.010, 83.374, 162.743
119, 230.000, -51.078, 41.034, 39.329, -38.098, -22.791, 0.010, 41.537, 120.889
119, 335.000,-61.370, 40.349, 1183.768, -94.534, 17.711, 4.010, 85.355, 79.388
120, 230.000, 26.268, -52.090, 7.401, -58.247, 8.372, 0.010, 7.169, 81.820
120, 335.000,17.861, -53.941, 1186.418, -39.870, -37.150, 4.010, 87.370, 132.977
121, 230.000, 5.013, 33.891, 47.202, -16.546, -31.872, 0.010, 52.737, 152.564
121, 335.000,2.454, 30.158, 1187.568, -13.850, -6.793, 4.010, 89.256, 116.127
122, 230.000, -44.813, -63.568, 5.611, -15.347, -57.014, 0.010, 5.429, 164.935
122, 335.000,-52.422, -80.348, 1175.071, -80.059, -152.837, 4.010, 81.647, 152.354
123, 230.000, -74.787, 55.813, 54.149, 1.589, -24.145, 0.010, 65.922, -176.234
123, 335.000,-88.193, 62.199, 1174.511, -152.621, 88.168, 4.010, 81.465, 59.985
124, 230.000, -31.200, -51.419, 57.402, 7.771, -12.738, 0.010, 75.428, -148.614
124, 335.000,-32.021, -57.011, 1185.858, -20.925, -62.146, 4.010, 86.835, 161.391
125, 230.000, -85.265, 51.319, 45.524, 10.922, -36.413, 0.010, 50.136, -163.303
125, 335.000,-111.468, 62.525, 1151.449, -263.048, 124.724, 4.010, 75.811, 64.632
126, 230.000, 51.702, -64.628, 24.501, 38.089, -38.296, 0.010, 24.400, -135.155
126, 335.000,64.769, -79.414, 1172.150, 124.561, -145.291, 4.010, 80.727, -139.393
127, 230.000, -60.614, 25.771, 56.397, 12.726, -13.230, 0.010, 71.970, -136.111
127, 335.000,-62.954, 25.473, 1186.687, -46.895, 11.447, 4.010, 87.671, 76.282
128, 230.000, -2.616, -59.478, 29.540, -29.729, -41.967, 0.010, 29.872, 144.686
128, 335.000,-7.849, -70.804, 1182.624, -34.912, -103.635, 4.010, 84.717, 161.383
129, 230.000, -10.984, 89.870, 50.851, 23.319, 19.698, 0.010, 59.024, -49.811
129, 335.000,-9.090, 108.029, 1171.544, 4.995, 194.979, 4.010, 80.548, -1.467
130, 230.000, -31.453, 27.033, 49.905, -5.844, 31.512, 0.010, 57.291, 10.506
130, 335.000,-34.105, 33.778, 1185.994, -30.849, 54.981, 4.010, 86.957, 29.296
131, 230.000, -23.397, 3.799, 1.443, -20.427, -55.662, 0.010, 1.394, 159.848
131, 335.000,-28.134, -5.851, 1185.513, -42.148, -57.814, 4.010, 86.546, 143.907
132, 230.000, -79.981, -51.329, 8.323, -8.464, -58.110, 0.010, 8.067, 171.713
132, 335.000,-100.191, -72.844, 1153.028, -208.724, -193.807, 4.011, 76.124, 132.878
133, 230.000, -60.649, -47.661, 50.234, 31.520, -0.810, 0.010, 57.885, -91.472
133, 335.000,-61.238, -52.320, 1185.489, -40.169, -59.653, 4.010, 86.528, 146.045
134, 230.000, 33.240, 85.595, 4.322, -57.866, -12.268, 0.010, 4.179, 101.970
134, 335.000,29.200, 97.563, 1178.421, -2.315, 147.921, 4.010, 82.845, 0.897
135, 230.000, -49.375, -25.805, 39.618, 28.551, -33.658, 0.010, 41.912, -139.693
135, 335.000,-47.620, -33.088, 1186.139, -12.394, -58.981, 4.010, 87.091, 168.133
136, 230.000, -9.239, 0.843, 34.119, -31.950, -36.507, 0.010, 35.119, 138.808
136, 630.000,-31.422, -16.593, 1451.102, -75.089, -51.243, 6.010, 86.415, 124.311
137, 230.000, 3.363, 4.313, 14.392, 57.537, -0.221, 0.010, 14.043, -90.220
137, 630.000,34.396, 7.203, 1450.780, 95.555, 12.774, 6.011, 86.198, -82.386
138, 230.000, 20.592, -95.478, 29.312, -24.291, 45.480, 0.010, 29.618, 28.107
138, 335.000,21.769, -111.393, 1171.578, 25.357, -193.277, 4.011, 80.553, -172.526
139, 230.000, -71.657, -12.356, 34.315, -48.367, 0.849, 0.010, 35.350, 88.995
139, 335.000,-86.533, -13.385, 1179.089, -141.782, -14.321, 4.010, 83.109, 95.768
140, 230.000, 39.977, 22.993, 36.436, -25.927, 38.959, 0.010, 37.904, 33.644
140, 335.000,37.762, 30.883, 1186.127, 4.055, 60.347, 4.010, 87.081, -3.844
141, 230.000, 47.692, 57.038, 8.920, -57.668, 10.606, 0.010, 8.650, 79.579
141, 335.000,42.101, 63.874, 1185.090, -8.130, 77.806, 4.010, 86.223, 5.965
142, 230.000, 41.011, -44.218, 3.584, 55.040, 21.804, 0.010, 3.464, -68.389
142, 335.000,53.421, -43.543, 1183.326, 99.692, -18.961, 4.010, 85.098, -100.769
143, 230.000, -92.693, 26.295, 29.058, 25.638, -44.899, 0.010, 29.337, -150.273
143, 335.000,-108.933, 24.976, 1172.103, -191.173, 11.815, 4.010, 80.719, 86.464
144, 230.000, 82.181, 21.847, 4.442, 29.750, -51.116, 0.010, 4.295, -149.800
144, 335.000,98.089, 16.191, 1175.863, 165.591, -22.119, 4.010, 81.914, -97.608
145, 230.000, 83.700, 1.059, 8.940, 23.666, 53.644, 0.010, 8.669, -23.805
145, 335.000,98.421, 10.180, 1175.539, 157.685, 61.675, 4.010, 81.804, -68.638
146, 230.000, 79.280, -17.756, 10.082, -56.191, 16.080, 0.010, 9.787, 74.031
146, 335.000,77.913, -16.863, 1186.960, 40.681, -5.248, 4.010, 88.021, -97.351
147, 230.000, -83.586, 19.318, 2.849, 30.863, -50.567, 0.010, 2.753, -148.603
147, 335.000,-88.665, 13.239, 1183.831, -91.425, -27.294, 4.010, 85.392, 106.623
148, 230.000, -44.913, -58.046, 38.860, -4.847, -44.543, 0.010, 40.935, 173.790
148, 335.000,-49.982, -70.971, 1179.940, -60.861, -120.814, 4.010, 83.460, 153.263
149, 230.000, 88.989, -42.823, 10.305, 56.524, -14.713, 0.010, 10.005, -104.590
149, 335.000,130.757, -60.911, 1116.846, 369.522, -163.636, 4.011, 70.107, -113.885
150, 230.000, 52.409, 9.727, 32.003, 16.505, 47.128, 0.010, 32.656, -19.301
150, 335.000,58.475, 18.348, 1184.453, 63.894, 59.541, 4.010, 85.783, -47.019
151, 230.000, 0.995, 55.962, 40.688, 23.489, -36.199, 0.010, 43.316, -147.021
151, 335.000,5.016, 53.250, 1187.345, 26.211, 9.010, 4.010, 88.663, -71.030
152, 230.000, -68.831, 31.696, 47.997, 31.850, -14.126, 0.010, 54.024, -113.918
152, 335.000,-69.793, 32.228, 1186.560, -46.393, 21.956, 4.010, 87.523, 64.674
153, 230.000, -31.682, -4.523, 22.197, -14.794, 52.973, 0.010, 21.978, 15.604
153, 335.000,-35.801, 4.424, 1185.764, -40.404, 53.739, 4.010, 86.755, 36.938
154, 230.000, 69.967, 40.762, 4.710, -56.881, -16.124, 0.010, 4.555, 105.826
154, 335.000,67.445, 42.160, 1186.846, 27.312, 34.723, 4.010, 87.868, -38.188
155, 230.000, -8.915, -52.314, 29.594, 26.844, 43.832, 0.010, 29.932, -31.485
155, 335.000,-4.854, -47.859, 1187.466, 21.580, 3.967, 4.010, 88.941, -79.585
156, 230.000, 34.434, -81.674, 36.892, 8.051, 45.736, 0.010, 38.464, -9.984
156, 335.000,40.481, -85.528, 1182.839, 65.962, -84.216, 4.010, 84.832, -141.930
157, 230.000, -31.719, 17.226, 0.391, 58.835, -7.475, 0.010, 0.378, -97.240
157, 335.000,-22.940, 16.770, 1187.064, 37.389, 6.510, 4.010, 88.169, -80.122
158, 230.000, 29.484, -45.937, 45.546, 37.076, -8.281, 0.010, 50.169, -102.591
158, 335.000,37.583, -50.236, 1184.762, 66.382, -49.909, 4.010, 85.990, -126.938
159, 230.000, -45.413, -66.401, 7.074, -8.051, -58.333, 0.010, 6.850, 172.142
159, 335.000,-52.262, -84.281, 1173.716, -76.881, -164.442, 4.010, 81.208, 154.943
160, 230.000, -14.362, -52.354, 40.587, 35.401, -24.842, 0.010, 43.182, -125.058
160, 335.000,-9.280, -59.808, 1185.152, 25.643, -72.901, 4.010, 86.269, -160.621
161, 230.000, 64.874, -36.522, 17.778, -4.544, -56.400, 0.010, 17.443, 175.394
161, 335.000,70.342, -49.561, 1180.328, 75.868, -107.828, 4.010, 83.626, -144.870
162, 230.000, -44.957, 87.208, 31.254, 2.017, -50.366, 0.010, 31.800, -177.707
162, 335.000,-56.135, 101.683, 1168.381, -118.235, 176.969, 4.010, 79.676, 33.747
163, 230.000, -15.016, 95.037, 35.068, -13.931, -45.758, 0.010, 36.247, 163.067
163, 335.000,-20.396, 108.067, 1174.411, -50.586, 169.422, 4.010, 81.438, 16.625
164, 230.000, 40.094, 59.465, 57.396, -13.124, 7.144, 0.010, 75.407, 61.440
164, 335.000,41.353, 65.704, 1184.883, 31.055, 75.140, 4.010, 86.075, -22.455
165, 230.000, -55.313, -36.876, 19.708, 27.664, -48.620, 0.010, 19.408, -150.361
165, 335.000,-54.878, -47.994, 1183.808, -27.504, -91.649, 4.010, 85.379, 163.295
166, 230.000, -86.861, -2.341, 5.738, -28.487, -51.703, 0.010, 5.552, 151.146
166, 335.000,-104.398, -11.303, 1171.780, -183.359, -62.231, 4.010, 80.617, 108.747
167, 230.000, 44.338, -26.738, 14.618, 43.674, 37.370, 0.010, 14.269, -49.448
167, 335.000,54.564, -21.907, 1184.465, 85.414, 17.475, 4.010, 85.790, -78.437
168, 230.000, 50.011, -15.286, 41.506, 42.288, -2.574, 0.010, 44.413, -93.483
168, 335.000,60.256, -16.669, 1184.171, 89.636, -16.205, 4.010, 85.601, -100.248
169, 230.000, 68.169, -30.594, 53.820, -6.786, -23.979, 0.010, 65.154, 164.198
169, 335.000,73.375, -37.368, 1183.590, 75.180, -63.396, 4.010, 85.250, -130.139
170, 230.000, 42.319, -28.243, 54.021, -23.809, -5.705, 0.010, 65.620, 103.475
170, 335.000,40.758, -30.814, 1187.268, 9.266, -29.426, 4.010, 88.512, -162.522
171, 230.000, -55.548, -52.535, 34.315, -47.482, 9.251, 0.010, 35.350, 78.975
171, 335.000,-69.103, -56.342, 1179.629, -125.003, -58.386, 4.010, 83.329, 115.036
172, 230.000, -12.402, 96.259, 14.171, 11.569, 56.418, 0.010, 13.823, -11.588
172, 335.000,-14.170, 133.525, 1136.304, -23.022, 344.906, 4.011, 73.080, 3.819
173, 230.000, 67.368, -19.145, 25.380, -43.728, -31.005, 0.010, 25.336, 125.339
173, 335.000,65.313, -25.887, 1186.197, 23.655, -54.174, 4.010, 87.147, -156.412
174, 230.000, -0.659, 81.327, 57.597, 11.242, -8.591, 0.010, 76.199, -127.388
174, 335.000,1.091, 88.884, 1183.095, 11.493, 103.486, 4.010, 84.970, -6.337
175, 230.000, 21.032, -79.131, 7.010, -46.900, 35.621, 0.010, 6.788, 52.783
175, 335.000,15.381, -81.531, 1185.557, -23.754, -66.661, 4.010, 86.584, 160.387
176, 230.000, -14.883, 73.041, 56.305, -2.662, -18.447, 0.010, 71.684, 171.790
176, 335.000,-16.648, 76.543, 1185.678, -20.399, 65.619, 4.010, 86.683, 17.269
177, 230.000, 47.420, -74.038, 45.743, 17.776, 33.305, 0.010, 50.468, -28.090
177, 335.000,56.857, -78.928, 1180.424, 98.719, -86.117, 4.010, 83.667, -131.100
178, 230.000, 84.047, 41.502, 42.876, -31.078, -26.710, 0.010, 46.296, 130.678
178, 335.000,94.170, 44.703, 1178.601, 136.007, 54.421, 4.010, 82.915, -68.192
179, 230.000, 15.141, -55.466, 18.283, -1.452, 56.403, 0.010, 17.955, 1.475
179, 335.000,15.815, -49.176, 1187.540, 11.481, 13.207, 4.010, 89.156, -40.999
180, 230.000, 22.960, -94.282, 4.509, 12.855, -57.724, 0.010, 4.360, -167.445
180, 335.000,31.865, -131.648, 1134.017, 82.253, -343.380, 4.011, 72.705, -166.529
181, 230.000, -10.704, -3.340, 9.749, 37.320, 45.053, 0.010, 9.461, -39.637
181, 630.000,0.484, 16.855, 1452.690, 22.850, 56.855, 6.011, 87.585, -21.895
182, 230.000, -46.238, 68.251, 55.150, -21.774, -1.407, 0.010, 68.414, 93.697
182, 335.000,-55.231, 76.084, 1179.970, -92.076, 98.755, 4.010, 83.472, 42.996
183, 230.000, -60.979, -36.464, 22.461, 4.466, -54.710, 0.010, 22.253, -175.333
183, 335.000,-65.598, -48.924, 1181.387, -66.025, -102.581, 4.010, 84.104, 147.233
184, 230.000, 49.600, -77.246, 36.773, 41.464, -21.122, 0.010, 38.317, -116.994
184, 335.000,65.635, -95.215, 1163.152, 151.202, -186.508, 4.010, 78.337, -140.968
185, 230.000, -10.855, 3.703, 3.497, 45.156, -38.293, 0.010, 3.380, -130.299
185, 630.000,4.212, -12.916, 1452.859, 34.169, -45.796, 6.011, 87.748, -143.272
186, 230.000, 71.444, 54.947, 32.557, 49.480, -3.059, 0.010, 33.294, -93.538
186, 335.000,91.756, 63.894, 1166.741, 195.910, 104.408, 4.010, 79.227, -61.945
187, 230.000, -38.162, 49.694, 13.141, -39.431, -42.310, 0.010, 12.801, 137.017
187, 335.000,-47.610, 45.931, 1184.981, -79.845, 1.959, 4.010, 86.144, 88.594
188, 230.000, -14.163, 15.116, 12.640, -51.762, -26.050, 0.010, 12.305, 116.714
188, 335.000,-23.920, 11.281, 1185.511, -69.989, -15.127, 4.010, 86.544, 102.196
189, 230.000, 88.645, -33.942, 0.369, 47.684, 35.267, 0.010, 0.357, -53.513
189, 335.000,116.829, -36.015, 1155.453, 271.425, -43.060, 4.011, 76.621, -99.015
190, 230.000, 31.478, 17.029, 35.915, -25.292, -39.850, 0.010, 37.268, 147.598
190, 335.000,28.716, 11.058, 1187.305, -1.753, -29.361, 4.010, 88.581, 176.583
191, 230.000, 53.351, 54.179, 15.776, 25.704, 51.069, 0.010, 15.426, -26.717
191, 335.000,63.327, 68.528, 1176.317, 100.279, 129.548, 4.010, 82.071, -37.742
192, 230.000, 24.304, -65.815, 58.893, -3.115, -6.286, 0.010, 83.207, 153.640
192, 335.000,25.803, -72.295, 1184.759, 23.501, -79.711, 4.010, 85.988, -163.573
193, 230.000, 41.998, 27.061, 31.554, -38.422, 32.337, 0.010, 32.143, 49.915
193, 335.000,37.845, 34.116, 1186.275, -6.942, 57.101, 4.010, 87.224, 6.932
194, 230.000, -31.042, 78.129, 4.053, 57.046, -15.717, 0.010, 3.918, -105.403
194, 335.000,-25.092, 84.584, 1183.677, 18.599, 95.481, 4.010, 85.302, -11.023
195, 230.000, -32.050, 22.985, 20.957, 53.144, -15.944, 0.010, 20.692, -106.700
195, 335.000,-24.483, 21.391, 1187.242, 31.818, 1.220, 4.010, 88.464, -87.804
196, 230.000, -16.943, -63.478, 28.356, -22.022, 47.208, 0.010, 28.562, 25.008
196, 335.000,-21.876, -60.036, 1186.930, -40.512, -10.718, 4.010, 87.978, 104.818
197, 230.000, 2.955, 45.156, 0.700, 49.586, -32.532, 0.010, 0.677, -123.268
197, 335.000,11.801, 41.875, 1186.352, 55.912, 0.518, 4.010, 87.302, -89.469
198, 230.000, 18.095, -97.419, 42.969, 6.214, -40.407, 0.010, 46.426, -171.257
198, 335.000,25.599, -138.912, 1124.032, 68.713, -377.783, 4.011, 71.139, -169.691
199, 230.000, 13.517, -91.396, 36.295, -34.283, 32.015, 0.010, 37.731, 46.960
199, 335.000,10.289, -101.496, 1179.358, -12.452, -139.645, 4.010, 83.221, 174.904
200, 230.000, -54.467, 47.068, 26.267, -33.055, 41.654, 0.010, 26.288, 38.434
200, 335.000,-65.151, 58.505, 1178.623, -103.251, 103.662, 4.010, 82.924, 44.886
201, 230.000, -50.009, -59.960, 32.364, 49.595, -3.257, 0.010, 33.071, -93.757
201, 335.000,-46.637, -66.330, 1185.024, -8.121, -78.805, 4.010, 86.175, 174.116
202, 230.000, 91.179, 18.319, 3.222, 51.211, 29.743, 0.010, 3.114, -59.853
202, 335.000,119.000, 27.106, 1154.527, 268.094, 75.973, 4.010, 76.431, -74.178
203, 230.000, -37.380, -14.506, 19.708, -35.408, 43.307, 0.010, 19.408, 39.269
203, 335.000,-45.464, -7.781, 1185.239, -67.169, 35.409, 4.010, 86.334, 62.203
204, 230.000, -95.979, -16.948, 47.009, 35.265, 8.012, 0.010, 52.429, -77.201
204, 335.000,-113.806, -19.820, 1168.927, -207.375, -34.611, 4.010, 79.804, 99.475
205, 230.000, 31.972, 16.457, 49.421, 3.056, -32.647, 0.010, 56.437, -174.652
205, 335.000,34.079, 11.756, 1187.124, 28.089, -22.415, 4.010, 88.266, -128.589
206, 230.000, 30.132, -88.369, 6.330, -54.371, -22.834, 0.010, 6.126, 112.781
206, 335.000,27.115, -109.199, 1167.844, 3.372, -216.151, 4.010, 79.513, -179.106
207, 230.000, -58.603, 32.719, 49.941, 26.301, -18.216, 0.010, 57.356, -124.707
207, 335.000,-58.571, 32.115, 1187.206, -30.417, 13.144, 4.010, 88.401, 66.630
208, 230.000, 33.273, -69.287, 25.996, -38.745, -36.615, 0.010, 25.996, 133.381
208, 335.000,30.161, -82.432, 1180.474, 0.417, -130.537, 4.010, 83.690, -179.817
209, 230.000, -61.289, 3.064, 2.898, 13.862, -57.594, 0.010, 2.801, -166.467
209, 335.000,-63.061, -6.698, 1185.396, -42.589, -59.824, 4.010, 86.455, 144.553
210, 230.000, -31.415, -38.378, 22.171, 10.108, 54.073, 0.010, 21.951, -10.588
210, 335.000,-31.414, -31.210, 1187.265, -14.423, 27.396, 4.010, 88.506, 27.766
211, 230.000, 32.383, -2.964, 22.586, 4.923, -54.620, 0.010, 22.384, -174.850
211, 335.000,34.833, -12.560, 1185.705, 30.169, -61.237, 4.010, 86.705, -153.773
212, 230.000, -26.853, -15.421, 10.201, 58.025, 6.830, 0.010, 9.904, -83.287
212, 335.000,-18.026, -14.997, 1187.045, 37.722, -8.082, 4.010, 88.139, -102.093
213, 230.000, -14.241, -12.591, 42.489, -22.013, -35.039, 0.010, 45.757, 147.861
213, 335.000,-18.688, -19.186, 1186.054, -36.888, -49.742, 4.010, 87.011, 143.440
214, 230.000, -28.447, -6.569, 39.508, 43.937, 5.129, 0.010, 41.769, -83.342
214, 335.000,-22.341, -6.018, 1187.500, 19.699, -1.082, 4.010, 89.048, -93.144
215, 230.000, -79.975, 6.988, 57.858, 12.326, 4.262, 0.010, 77.297, -70.927
215, 335.000,-86.443, 8.420, 1183.845, -94.144, 14.109, 4.010, 85.403, 81.477
216, 230.000, -13.979, 12.964, 32.116, -41.193, 28.095, 0.010, 32.785, 55.705
216, 335.000,-21.748, 18.426, 1185.572, -56.917, 41.727, 4.010, 86.593, 53.754
217, 230.000, -87.162, -48.008, 34.657, -25.534, -40.799, 0.010, 35.756, 147.960
217, 335.000,-129.509, -75.614, 1104.887, -370.129, -234.093, 4.016, 68.378, 122.312
218, 230.000, -65.917, -17.597, 58.571, -9.330, 0.008, 0.010, 80.949, 89.951
218, 335.000,-72.705, -18.998, 1184.757, -80.945, -18.885, 4.010, 85.987, 103.133
219, 230.000, -62.631, 67.231, 18.687, 37.944, -41.578, 0.010, 18.365, -137.616
219, 335.000,-66.236, 70.963, 1183.096, -71.469, 75.768, 4.010, 84.969, 43.327
220, 230.000, -8.309, -13.152, 43.025, 23.178, -33.605, 0.010, 46.504, -145.406
220, 335.000,-4.750, -19.581, 1186.145, 15.295, -59.905, 4.011, 87.016, -165.677
221, 230.000, -62.653, -22.479, 29.703, -33.705, 38.721, 0.010, 30.054, 41.038
221, 335.000,-73.275, -17.713, 1183.016, -103.398, 18.453, 4.010, 84.926, 79.881
222, 230.000, -60.827, 44.279, 24.332, -46.138, 28.229, 0.010, 24.221, 58.540
222, 335.000,-74.834, 53.575, 1176.994, -131.222, 89.591, 4.010, 82.312, 55.677
223, 230.000, 84.097, -40.033, 37.099, 40.249, -22.832, 0.010, 38.719, -119.565
223, 335.000,107.952, -51.979, 1158.328, 235.290, -116.152, 4.010, 77.236, -116.274
224, 230.000, -61.752, 67.548, 24.222, 48.625, -23.802, 0.010, 24.104, -116.082
224, 335.000,-63.447, 74.149, 1182.415, -57.416, 95.702, 4.010, 84.608, 30.961
225, 230.000, -14.324, 16.103, 17.114, -6.814, 56.377, 0.010, 16.771, 6.891
225, 335.000,-16.196, 26.703, 1185.193, -18.910, 74.264, 4.010, 86.300, 14.286
226, 230.000, 43.724, 77.710, 56.339, -9.416, 15.964, 0.010, 71.790, 30.535
226, 335.000,48.933, 92.193, 1175.127, 68.366, 158.023, 4.010, 81.664, -23.395
227, 230.000, 56.340, -26.239, 32.322, 29.461, 40.062, 0.010, 33.023, -36.330
227, 335.000,65.328, -21.333, 1184.332, 87.141, 17.928, 4.010, 85.704, -78.375
228, 230.000, -65.275, -34.578, 38.894, -31.960, 31.360, 0.010, 40.979, 45.542
228, 335.000,-76.634, -32.564, 1182.148, -114.150, -7.374, 4.010, 84.473, 93.696
229, 230.000, 11.188, 10.809, 36.766, -41.431, 21.200, 0.010, 38.308, 62.901
229, 630.000,-1.453, 28.759, 1452.334, -27.055, 64.041, 6.011, 87.259, 22.902
230, 230.000, 53.233, -79.410, 26.121, -16.327, 50.683, 0.010, 26.130, 17.856
230, 335.000,61.235, -87.182, 1177.597, 99.075, -118.170, 4.010, 82.540, -140.023
231, 230.000, 8.482, 83.689, 59.235, -2.010, 2.181, 0.010, 87.133, 42.664
231, 335.000,9.202, 94.344, 1180.537, 10.654, 129.521, 4.010, 83.718, -4.702
232, 230.000, 59.664, 52.678, 46.786, -13.822, -33.729, 0.010, 52.077, 157.716
232, 335.000,63.405, 52.455, 1185.658, 61.796, 30.869, 4.010, 86.666, -63.457
233, 230.000, 29.875, -45.637, 52.891, 25.374, 8.735, 0.010, 63.098, -71.004
233, 335.000,35.960, -46.993, 1186.073, 53.486, -30.438, 4.010, 87.030, -119.644
234, 230.000, 40.222, -3.122, 24.264, -47.445, 26.037, 0.010, 24.148, 61.242
234, 335.000,34.090, 1.206, 1187.233, -19.338, 25.690, 4.010, 88.449, 36.970
235, 230.000, -83.157, 45.449, 4.398, 40.337, -43.258, 0.010, 4.253, -137.001
235, 335.000,-92.011, 46.873, 1179.901, -127.569, 45.817, 4.010, 83.447, 70.244
236, 230.000, 14.489, 32.589, 15.400, -0.047, -57.275, 0.010, 15.049, 179.953
236, 335.000,15.204, 24.247, 1187.093, 12.254, -34.939, 4.010, 88.214, -160.672
237, 230.000, 69.235, 36.125, 5.973, 27.043, 52.446, 0.010, 5.780, -27.277
237, 335.000,81.532, 49.047, 1175.795, 127.173, 109.056, 4.010, 81.891, -49.386
238, 230.000, -36.517, 50.170, 56.444, -18.135, -1.676, 0.010, 72.118, 95.279
238, 335.000,-42.092, 53.418, 1185.465, -55.098, 46.856, 4.010, 86.509, 49.622
239, 230.000, -82.660, 47.532, 53.128, 24.718, 9.167, 0.010, 63.609, -69.653
239, 335.000,-96.104, 58.920, 1170.504, -161.918, 119.379, 4.010, 80.248, 53.599
240, 230.000, 84.526, -6.790, 31.214, -49.351, 10.384, 0.010, 31.755, 78.118
240, 335.000,86.249, -5.875, 1185.754, 67.362, 1.703, 4.010, 86.747, -88.552
241, 230.000, -78.866, -17.290, 42.579, 4.203, 41.073, 0.010, 45.883, -5.842
241, 335.000,-86.683, -12.415, 1182.992, -103.040, 21.773, 4.010, 84.913, 78.069
242, 230.000, -39.085, 0.851, 36.007, -5.448, -46.813, 0.010, 37.380, 173.361
242, 335.000,-42.025, -7.095, 1186.082, -35.979, -49.722, 4.010, 87.038, 144.111
243, 230.000, 60.653, 57.816, 29.659, 46.349, 22.129, 0.010, 30.005, -64.478
243, 335.000,76.428, 69.211, 1172.198, 150.021, 118.354, 4.010, 80.741, -51.730
244, 230.000, -59.366, 73.469, 55.009, -16.835, 14.430, 0.010, 68.047, 49.399
244, 335.000,-74.633, 91.354, 1162.551, -156.225, 186.133, 4.010, 78.194, 40.008
245, 230.000, -11.275, -41.695, 33.459, -7.652, -48.369, 0.010, 34.342, 171.010
245, 335.000,-13.205, -52.260, 1184.453, -17.301, -85.607, 4.010, 85.783, 168.575
246, 230.000, -85.772, 39.497, 13.809, 26.444, 51.261, 0.010, 13.463, -27.288
246, 335.000,-99.044, 55.834, 1167.296, -162.775, 146.698, 4.011, 79.368, 47.974
247, 230.000, 60.228, 10.094, 42.161, -35.883, 21.271, 0.010, 45.306, 59.342
247, 335.000,58.186, 14.331, 1187.115, 16.517, 32.310, 4.010, 88.249, -27.076
248, 230.000, -15.600, 14.664, 33.095, -22.602, 43.721, 0.010, 33.918, 27.338
248, 335.000,-20.234, 22.888, 1185.597, -37.238, 59.450, 4.010, 86.614, 32.062
249, 230.000, -41.730, 0.532, 40.614, 17.248, -39.631, 0.010, 43.218, -156.480
249, 335.000,-40.967, -6.173, 1186.836, -13.893, -42.239, 4.010, 87.854, 161.793
250, 230.000, 1.246, 7.430, 52.169, -27.833, -4.624, 0.010, 61.595, 99.432
250, 630.000,-11.521, 10.335, 1453.427, -37.121, 15.850, 6.011, 88.409, 66.879
251, 230.000, 30.070, -43.225, 0.824, -52.490, -27.600, 0.010, 0.796, 117.736
251, 335.000,22.712, -50.627, 1185.384, -31.301, -66.667, 4.010, 86.445, 154.849
252, 230.000, 78.485, 6.486, 8.502, 58.605, -3.296, 0.010, 8.241, -93.219
252, 335.000,97.468, 6.677, 1174.149, 178.611, 5.682, 4.010, 81.346, -88.178
253, 230.000, 49.780, -80.586, 13.329, 56.830, -10.502, 0.010, 12.987, -100.470
253, 335.000,70.418, -100.796, 1154.270, 186.123, -208.805, 4.010, 76.378, -138.287
254, 230.000, -3.365, -3.661, 39.530, -19.822, -39.524, 0.010, 41.797, 153.366
254, 630.000,-15.473, -25.684, 1451.793, -39.442, -69.376, 6.011, 86.854, 150.381
255, 230.000, 24.815, 30.680, 25.627, -29.360, -44.709, 0.010, 25.600, 146.708
255, 335.000,21.012, 24.530, 1187.374, -11.809, -23.718, 4.010, 88.722, 153.531
256, 230.000, -8.732, -46.244, 54.269, -18.625, -15.022, 0.010, 66.207, 128.887
256, 335.000,-12.343, -51.358, 1186.142, -27.135, -53.751, 4.010, 87.094, 153.214
257, 230.000, -12.480, 26.423, 18.014, -49.201, -27.792, 0.010, 17.681, 119.461
257, 335.000,-21.645, 22.874, 1185.937, -63.503, -8.975, 4.010, 86.905, 98.044
258, 230.000, -10.525, -77.913, 38.907, -24.543, 37.437, 0.010, 40.995, 33.248
258, 335.000,-15.606, -79.358, 1185.614, -40.282, -57.059, 4.010, 86.629, 144.779
259, 230.000, 47.499, -18.124, 23.753, 54.287, -2.521, 0.010, 23.609, -92.659
259, 335.000,59.739, -19.675, 1183.280, 100.306, -18.570, 4.010, 85.073, -100.489
260, 230.000, 72.704, 46.728, 28.776, -49.807, -14.450, 0.010, 29.024, 106.178
260, 335.000,73.531, 50.133, 1185.131, 54.888, 54.787, 4.010, 86.256, -45.053
261, 230.000, 8.556, -18.290, 52.841, -23.014, -13.996, 0.010, 62.990, 121.306
261, 335.000,5.069, -21.569, 1187.000, -16.457, -36.633, 4.010, 88.062, 155.808
262, 230.000, -95.710, -16.202, 43.235, -12.790, -38.533, 0.010, 46.800, 161.639
262, 335.000,-123.084, -26.548, 1151.870, -275.840, -87.776, 4.011, 75.893, 107.652
263, 230.000, -48.045, 48.968, 38.031, 8.509, -44.709, 0.010, 39.883, -169.225
263, 335.000,-50.269, 45.208, 1186.991, -40.079, 1.601, 4.010, 88.065, 87.712
264, 230.000, -69.825, 14.929, 42.824, 37.904, -15.718, 0.010, 46.223, -112.523
264, 335.000,-69.141, 13.518, 1187.189, -33.764, -1.087, 4.010, 88.370, 91.844
265, 230.000, 63.824, 59.612, 40.337, 35.341, 25.330, 0.010, 42.852, -54.370
265, 335.000,79.267, 72.786, 1169.959, 153.563, 134.826, 4.010, 80.092, -48.717
266, 230.000, -58.865, -44.336, 27.256, 52.676, -0.101, 0.010, 27.358, -90.110
266, 335.000,-55.031, -48.118, 1186.589, -8.433, -49.921, 4.010, 87.557, 170.411
267, 230.000, -13.658, 64.679, 2.284, -17.066, -56.755, 0.010, 2.207, 163.265
267, 335.000,-17.569, 59.480, 1187.242, -31.846, 0.868, 4.010, 88.463, 88.439
268, 230.000, -55.344, -24.122, 37.043, -18.064, 42.652, 0.010, 38.650, 22.954
268, 335.000,-62.146, -18.566, 1185.270, -71.680, 23.580, 4.010, 86.357, 71.791
269, 230.000, -26.250, -6.157, 57.217, 15.349, 2.870, 0.010, 74.735, -79.409
269, 335.000,-24.938, -5.973, 1187.643, -7.251, -2.505, 4.010, 89.630, 109.060
270, 230.000, -12.986, -75.850, 58.734, 2.382, 7.891, 0.010, 82.011, -16.796
270, 335.000,-13.851, -81.885, 1184.453, -13.637, -86.265, 4.010, 85.783, 171.017
271, 230.000, 54.214, -62.706, 30.472, -47.465, -18.336, 0.010, 30.916, 111.122
271, 335.000,52.637, -72.960, 1182.245, 25.324, -110.530, 4.010, 84.521, -167.095
272, 230.000, 70.948, 57.255, 11.718, 10.990, 57.092, 0.010, 11.395, -10.896
272, 335.000,85.930, 77.266, 1162.422, 160.006, 183.689, 4.010, 78.164, -41.058
273, 230.000, -82.483, -24.341, 30.414, -11.511, -49.600, 0.010, 30.851, 166.934
273, 335.000,-95.888, -35.880, 1174.115, -150.869, -96.196, 4.010, 81.335, 122.522
274, 230.000, -97.510, 19.737, 53.802, -20.289, -14.539, 0.010, 65.112, 125.624
274, 335.000,-136.974, 24.831, 1129.111, -365.772, 53.034, 4.013, 71.875, 81.750
275, 230.000, -15.093, 85.883, 53.407, 18.475, -18.000, 0.010, 64.221, -134.254
275, 335.000,-14.141, 94.458, 1181.698, -3.873, 118.863, 4.010, 84.253, 1.866
276, 230.000, -43.911, 16.828, 19.386, 31.139, -46.607, 0.010, 19.078, -146.252
276, 335.000,-40.907, 9.698, 1187.094, -1.321, -36.906, 4.010, 88.218, 177.950
277, 230.000, -64.164, 43.906, 26.215, -51.851, -11.911, 0.010, 26.232, 102.937
277, 335.000,-79.720, 46.628, 1177.877, -144.887, 46.601, 4.010, 82.637, 72.170
278, 230.000, 44.115, -54.308, 6.780, -53.400, 24.901, 0.010, 6.565, 65.000
278, 335.000,38.361, -54.211, 1187.249, -12.797, -28.877, 4.010, 88.476, 156.100
279, 230.000, -12.475, 56.145, 48.582, -32.248, -10.842, 0.010, 54.996, 108.584
279, 335.000,-18.673, 57.930, 1186.141, -46.091, 38.785, 4.010, 87.093, 49.920
280, 230.000, 44.063, 75.343, 38.786, -28.228, -34.879, 0.010, 40.840, 141.017
280, 335.000,45.162, 79.393, 1184.403, 37.771, 79.460, 4.010, 85.752, -25.424
281, 230.000, 15.421, -82.579, 5.609, -55.659, -19.705, 0.010, 5.427, 109.496
281, 335.000,8.037, -96.318, 1177.569, -38.380, -149.733, 4.010, 82.522, 165.623
282, 230.000, 89.944, -12.128, 42.080, -41.388, -5.828, 0.010, 45.194, 98.015
282, 335.000,96.944, -14.899, 1181.821, 114.259, -28.145, 4.010, 84.314, -103.838
283, 230.000, 37.959, -43.381, 32.764, -48.013, 11.788, 0.010, 33.533, 76.206
283, 335.000,32.174, -44.072, 1187.254, -18.749, -25.149, 4.010, 88.487, 143.295
284, 230.000, 3.383, -84.869, 26.765, 51.443, -12.447, 0.010, 26.826, -103.601
284, 335.000,12.308, -98.084, 1176.559, 62.831, -149.406, 4.010, 82.156, -157.192
285, 230.000, -43.403, 46.429, 54.115, 17.144, 17.184, 0.010, 65.841, -44.933
285, 335.000,-43.668, 52.609, 1185.678, -24.131, 64.379, 4.010, 86.681, 20.548
286, 230.000, -72.735, -54.674, 50.924, 24.965, -17.355, 0.010, 59.161, -124.806
286, 335.000,-80.577, -66.324, 1176.275, -109.190, -122.481, 4.010, 82.059, 138.283
287, 230.000, 15.762, -24.219, 54.576, 18.964, 13.395, 0.010, 66.954, -54.766
287, 335.000,19.725, -23.128, 1187.189, 33.402, -5.177, 4.010, 88.369, -98.811
288, 230.000, 26.229, 68.238, 29.484, -24.410, -45.305, 0.010, 29.809, 151.685
288, 335.000,24.306, 66.283, 1187.396, 2.087, 25.332, 4.010, 88.774, -4.710
289, 230.000, -69.692, -14.608, 18.499, -55.368, -10.479, 0.010, 18.174, 100.717
289, 335.000,-85.558, -17.742, 1178.318, -145.825, -29.323, 4.010, 82.805, 101.370
290, 230.000, 31.566, -68.333, 39.799, -40.127, 17.986, 0.010, 42.147, 65.857
290, 335.000,27.736, -71.459, 1186.111, -6.982, -60.402, 4.010, 87.065, 173.406
291, 230.000, -64.032, -5.310, 9.150, 22.537, 54.092, 0.010, 8.875, -22.619
291, 335.000,-64.696, 3.608, 1185.853, -37.628, 53.785, 4.010, 86.832, 34.976
292, 230.000, -85.266, -44.625, 56.383, 3.201, -18.121, 0.010, 71.925, -169.983
292, 335.000,-104.857, -57.966, 1161.454, -210.091, -132.239, 4.011, 77.935, 122.188
293, 230.000, 53.052, -33.724, 33.167, -40.256, -28.232, 0.010, 34.002, 125.042
293, 335.000,49.945, -40.835, 1185.977, 7.094, -62.970, 4.010, 86.942, -173.572
294, 230.000, -37.843, -56.045, 4.417, -52.791, 26.669, 0.010, 4.270, 63.198
294, 335.000,-49.938, -55.926, 1183.183, -98.430, -30.775, 4.010, 85.019, 107.362
295, 230.000, -11.176, 87.804, 45.894, -15.535, 34.206, 0.010, 50.696, 24.426
295, 335.000,-15.445, 107.153, 1170.164, -37.932, 199.599, 4.010, 80.150, 10.760
296, 230.000, 2.300, -19.356, 13.452, 53.984, 20.552, 0.010, 13.110, -69.158
296, 335.000,11.900, -16.724, 1185.805, 66.654, -1.893, 4.010, 86.781, -91.627
297, 230.000, 36.342, 11.698, 38.257, -22.137, 39.547, 0.010, 40.169, 29.238
297, 335.000,34.411, 19.031, 1186.539, 4.188, 51.608, 4.010, 87.501, -4.639
298, 230.000, -17.609, -60.448, 40.923, -6.871, 42.376, 0.010, 43.630, 9.210
298, 335.000,-19.955, -57.438, 1187.378, -23.961, -10.762, 4.010, 88.733, 114.188
299, 230.000, 10.026, 63.889, 27.270, -48.402, -20.766, 0.010, 27.374, 113.220
299, 335.000,2.544, 64.920, 1186.230, -42.869, 39.724, 4.010, 87.179, 47.181
300, 230.000, 74.315, 0.869, 51.695, -12.301, -26.343, 0.010, 60.646, 154.970
300, 335.000,78.954, -3.386, 1185.028, 74.082, -27.837, 4.010, 86.179, -110.594
