ion,x0,y0,z0,vx0,vy0,vz0,ke0,elev0,azim0,x1,y1,z1,vx1,vy1,vz1,ke1,elev1,azim1
1, 230.000, -44.150, -69.504, 7.028, -2.441, -58.841, 0.010, 6.806, 177.624
1, 325.000,-49.256, -85.926, 1173.883, -67.638, -167.290, 4.010, 81.261, 157.986
2, 230.000, 99.504, 3.550, 34.977, 18.396, 44.225, 0.010, 36.139, -22.586
2, 325.000,139.143, 11.171, 1118.758, 396.019, 62.950, 4.016, 70.281, -80.968
3, 230.000, 13.962, 60.343, 2.302, 58.865, 6.871, 0.010, 2.225, -83.342
3, 325.000,24.005, 64.903, 1183.674, 75.821, 61.025, 4.010, 85.299, -51.171
4, 230.000, -30.952, -55.948, 15.642, 53.552, 20.129, 0.010, 15.292, -69.400
4, 325.000,-24.360, -55.913, 1186.977, 31.125, -25.978, 4.010, 88.044, -129.850
5, 230.000, 81.627, -40.171, 55.543, 11.940, -17.031, 0.010, 69.470, -144.966
5, 325.000,95.224, -48.469, 1172.274, 165.852, -93.981, 4.010, 80.764, -119.538
6, 230.000, 71.091, -64.785, 29.391, -49.787, 13.230, 0.010, 29.707, 75.119
6, 325.000,76.974, -74.722, 1176.038, 103.058, -129.726, 4.010, 81.981, -141.536
7, 230.000, 3.464, 85.261, 55.451, 20.864, -2.752, 0.010, 69.218, -97.515
7, 325.000,6.881, 94.022, 1180.993, 27.996, 122.625, 4.010, 83.921, -12.860
8, 230.000, 10.216, 38.082, 12.346, 34.654, -46.522, 0.010, 12.015, -143.318
8, 325.000,16.088, 32.260, 1186.624, 44.094, -23.149, 4.010, 87.597, -117.700
9, 230.000, 0.529, -79.363, 27.676, -11.398, -51.203, 0.010, 27.816, 167.450
9, 325.000,-1.141, -94.690, 1176.366, -11.803, -163.042, 4.010, 82.089, 175.859
10, 230.000, -38.696, 18.690, 50.431, 25.199, -18.421, 0.010, 58.245, -126.168
10, 325.000,-36.425, 16.639, 1187.650, 0.074, -6.674, 4.010, 89.678, -179.366
11, 230.000, 60.027, 48.537, 2.981, 3.550, 59.128, 0.010, 2.881, -3.436
11, 325.000,65.864, 61.934, 1178.298, 79.424, 125.955, 4.010, 82.798, -32.234
12, 230.000, -74.296, -13.679, 21.425, -35.496, 42.410, 0.010, 21.177, 39.928
12, 325.000,-85.773, -8.332, 1180.519, -126.604, 30.097, 4.010, 83.709, 76.627
13, 230.000, 59.869, 40.672, 26.289, 46.403, 25.948, 0.010, 26.311, -60.786
13, 325.000,71.588, 47.783, 1179.385, 118.578, 74.485, 4.010, 83.229, -57.865
14, 230.000, 39.081, -90.602, 30.298, 38.918, 32.940, 0.010, 30.720, -49.756
14, 325.000,54.720, -109.563, 1154.879, 157.848, -228.087, 4.011, 76.494, -145.315
15, 230.000, 6.997, -28.708, 10.022, -22.787, -53.832, 0.010, 9.729, 157.057
15, 325.000,3.654, -38.342, 1185.032, -19.581, -76.643, 4.010, 86.181, 165.668
16, 230.000, 38.467, 51.149, 36.422, -11.298, 45.425, 0.010, 37.886, 13.967
16, 325.000,39.076, 61.176, 1183.522, 23.525, 96.333, 4.010, 85.211, -13.723
17, 230.000, 35.580, -41.927, 24.857, 35.670, 40.341, 0.010, 24.778, -41.483
17, 325.000,42.840, -37.727, 1185.808, 65.599, 10.644, 4.010, 86.792, -80.784
18, 230.000, -12.916, 33.650, 36.845, -43.335, -16.798, 0.010, 38.406, 111.188
18, 325.000,-20.128, 32.370, 1186.389, -54.887, 5.044, 4.010, 87.340, 84.749
19, 230.000, 84.408, 7.954, 19.635, 54.824, -11.245, 0.010, 19.333, -101.591
19, 325.000,102.620, 7.203, 1171.604, 194.696, 0.168, 4.010, 80.565, -89.951
20, 230.000, -35.191, 2.769, 34.541, -48.031, -4.197, 0.010, 35.618, 94.993
20, 325.000,-44.033, 2.228, 1185.321, -74.596, -2.599, 4.010, 86.397, 91.995
21, 230.000, -48.284, -5.951, 37.973, 27.836, 36.068, 0.010, 39.810, -37.660
21, 325.000,-46.097, -0.663, 1187.170, -4.663, 34.118, 4.010, 88.339, 7.782
22, 230.000, 39.915, -30.382, 28.915, 18.996, 48.174, 0.010, 29.179, -21.520
22, 325.000,44.651, -24.294, 1186.289, 49.224, 29.206, 4.010, 87.238, -59.318
23, 230.000, 59.367, -44.190, 41.957, 28.910, 30.355, 0.010, 45.025, -43.603
23, 325.000,68.158, -42.939, 1183.617, 96.746, -15.766, 4.010, 85.266, -99.256
24, 230.000, -99.441, -4.073, 28.550, -11.879, -50.611, 0.010, 28.775, 166.791
24, 325.000,-135.667, -12.667, 1126.537, -371.056, -71.383, 4.014, 71.458, 100.889
25, 230.000, -7.177, -44.320, 54.629, 19.686, 12.074, 0.010, 67.084, -58.479
25, 325.000,-4.486, -44.338, 1187.427, 15.909, -17.937, 4.010, 88.843, -138.429
26, 230.000, 77.222, -47.442, 26.870, 48.271, 21.575, 0.010, 26.939, -65.917
26, 325.000,95.773, -51.300, 1168.868, 199.954, -65.797, 4.010, 79.791, -108.214
27, 230.000, -52.023, -16.377, 28.157, 6.219, 51.828, 0.010, 28.343, -6.842
27, 325.000,-53.544, -9.152, 1186.441, -32.854, 42.838, 4.010, 87.395, 37.486
28, 230.000, -20.335, 43.330, 0.060, 59.142, -4.454, 0.010, 0.058, -94.307
28, 325.000,-11.831, 44.497, 1186.388, 48.671, 25.895, 4.010, 87.339, -61.985
29, 230.000, 84.752, -28.650, 30.805, -5.038, 50.431, 0.010, 31.292, 5.705
29, 325.000,94.668, -24.846, 1179.882, 135.510, 8.059, 4.010, 83.437, -86.596
30, 230.000, -30.918, -48.591, 45.850, 37.480, -3.264, 0.010, 50.630, -94.977
30, 325.000,-26.774, -51.527, 1186.827, 15.510, -41.939, 4.010, 87.842, -159.704
31, 230.000, -19.760, -66.594, 40.963, 42.488, -5.870, 0.010, 43.683, -97.866
31, 325.000,-14.631, -71.836, 1185.201, 26.367, -71.858, 4.010, 86.305, -159.851
32, 230.000, 16.871, -32.596, 10.726, -58.163, 4.431, 0.010, 10.419, 85.644
32, 325.000,8.336, -33.175, 1186.463, -50.325, -18.182, 4.010, 87.418, 109.864
33, 230.000, 56.279, 41.607, 0.670, 55.137, -21.842, 0.010, 0.647, -111.611
33, 325.000,68.860, 41.146, 1181.504, 119.185, 20.050, 4.010, 84.159, -80.451
34, 230.000, 62.153, 15.329, 29.066, 40.542, 32.081, 0.010, 29.345, -51.646
34, 325.000,72.242, 21.204, 1182.196, 102.733, 49.152, 4.010, 84.497, -64.432
35, 230.000, -44.634, 57.800, 9.997, -31.902, 48.989, 0.010, 9.704, 33.073
35, 325.000,-53.132, 69.989, 1178.295, -86.914, 120.938, 4.010, 82.796, 35.704
36, 230.000, -21.935, 38.818, 16.902, 55.357, 12.945, 0.010, 16.558, -76.838
36, 325.000,-14.181, 42.478, 1186.166, 43.666, 40.753, 4.010, 87.117, -46.977
37, 230.000, 45.284, 70.733, 9.867, 55.580, -18.197, 0.010, 9.576, -108.128
37, 325.000,58.528, 75.517, 1177.856, 127.559, 83.338, 4.010, 82.629, -56.842
38, 230.000, 47.512, 84.671, 18.301, -50.572, -25.003, 0.010, 17.973, 116.308
38, 325.000,49.737, 97.905, 1173.546, 56.548, 173.522, 4.010, 81.160, -18.050
39, 230.000, -64.451, 71.128, 20.924, 21.599, 51.121, 0.010, 20.658, -22.904
39, 325.000,-74.977, 93.578, 1156.391, -136.018, 234.196, 4.010, 76.819, 30.147
40, 230.000, 21.367, 43.527, 40.163, 1.772, -43.605, 0.010, 42.623, -177.674
40, 325.000,22.558, 38.707, 1187.445, 16.987, -15.573, 4.010, 88.888, -132.514
41, 230.000, 22.808, -96.633, 48.777, -18.020, 28.526, 0.010, 55.327, 32.282
41, 325.000,26.597, -119.285, 1156.865, 49.724, -264.021, 4.010, 76.926, -169.334
42, 230.000, 44.713, 4.560, 27.893, 32.877, 40.728, 0.010, 28.053, -38.912
42, 325.000,51.779, 11.084, 1184.869, 66.879, 46.590, 4.010, 86.065, -55.138
43, 230.000, 40.986, 34.061, 11.477, 45.624, -36.116, 0.010, 11.158, -128.365
43, 325.000,50.128, 30.058, 1184.881, 80.389, -12.327, 4.010, 86.073, -98.718
44, 230.000, -45.545, 54.523, 41.262, -14.708, -39.985, 0.010, 44.083, 159.804
44, 325.000,-50.795, 52.121, 1186.035, -61.262, 11.222, 4.010, 86.994, 79.620
45, 230.000, 30.532, -7.214, 45.114, 38.332, -3.620, 0.010, 49.521, -95.394
45, 325.000,37.603, -8.048, 1186.056, 61.255, -8.695, 4.010, 87.014, -98.079
46, 230.000, 97.841, 11.003, 37.307, 15.814, -43.310, 0.010, 38.978, -159.941
46, 325.000,126.350, 7.851, 1146.674, 309.379, -15.692, 4.011, 74.882, -92.904
47, 230.000, 64.979, 35.733, 1.289, 59.107, -4.725, 0.010, 1.245, -94.570
47, 325.000,79.457, 37.919, 1178.605, 141.665, 37.162, 4.010, 82.917, -75.301
48, 230.000, 47.470, 78.452, 31.352, -47.260, 17.356, 0.010, 31.912, 69.834
48, 325.000,47.452, 92.336, 1175.590, 35.808, 165.175, 4.010, 81.819, -12.232
49, 230.000, -31.781, -25.143, 34.438, 10.352, 47.165, 0.010, 35.496, -12.379
49, 325.000,-31.449, -18.846, 1187.166, -11.041, 32.770, 4.010, 88.332, 18.621
50, 230.000, -22.186, -78.224, 43.034, -35.555, 20.039, 0.010, 46.517, 60.594
50, 325.000,-29.500, -82.422, 1183.074, -67.593, -79.505, 4.010, 84.959, 139.630
51, 230.000, -24.918, -3.767, 25.169, 3.342, -53.600, 0.010, 25.110, -176.432
51, 325.000,-25.350, -12.325, 1185.995, -15.984, -60.955, 4.010, 86.959, 165.307
52, 230.000, 13.739, -86.897, 5.242, 9.505, -58.308, 0.010, 5.071, -170.741
52, 325.000,17.073, -107.710, 1166.420, 35.243, -220.885, 4.010, 79.144, -170.935
53, 230.000, 27.181, 84.183, 34.127, -45.276, 17.411, 0.010, 35.127, 68.966
53, 325.000,23.929, 97.298, 1176.946, -4.883, 159.203, 4.010, 82.293, 1.757
54, 230.000, -33.792, 58.227, 51.184, -12.766, 27.108, 0.010, 59.655, 25.217
54, 325.000,-37.909, 66.090, 1183.578, -47.028, 86.544, 4.010, 85.243, 28.520
55, 230.000, 77.018, 34.229, 7.063, 46.700, -35.873, 0.010, 6.839, -127.530
55, 325.000,92.630, 32.577, 1175.703, 167.754, 11.913, 4.010, 81.859, -85.938
56, 230.000, 70.571, -39.872, 52.627, -1.165, 27.325, 0.010, 62.539, 2.442
56, 325.000,76.738, -39.425, 1184.163, 88.720, -21.057, 4.010, 85.597, -103.352
57, 230.000, -34.270, 19.715, 35.949, 8.268, -46.443, 0.010, 37.310, -169.906
57, 325.000,-34.355, 13.316, 1187.036, -14.901, -35.808, 4.010, 88.129, 157.406
58, 230.000, -63.760, 0.092, 10.757, 56.709, -13.640, 0.010, 10.450, -103.525
58, 325.000,-58.377, -2.026, 1187.555, 7.593, -14.546, 4.010, 89.208, -152.434
59, 230.000, -10.390, 17.637, 49.204, 27.172, 18.928, 0.010, 56.059, -55.139
59, 325.000,-6.610, 21.265, 1186.831, 19.167, 40.594, 4.010, 87.834, -25.275
60, 230.000, -87.704, 14.432, 54.095, 17.612, -16.769, 0.010, 65.794, -133.595
60, 325.000,-95.809, 13.758, 1181.286, -122.897, 4.950, 4.010, 84.056, 87.693
61, 230.000, -1.940, -46.535, 57.979, -6.003, -10.955, 0.010, 77.842, 151.278
61, 325.000,-2.933, -50.213, 1186.805, -7.747, -44.630, 4.010, 87.814, 170.153
62, 230.000, 11.400, -76.070, 43.472, -39.464, -8.391, 0.010, 47.135, 102.003
62, 325.000,6.425, -83.498, 1183.203, -29.515, -98.553, 4.010, 85.031, 163.328
63, 230.000, -55.109, -31.171, 9.506, -15.314, -56.504, 0.010, 9.223, 164.836
63, 325.000,-60.865, -41.884, 1182.291, -68.007, -90.116, 4.010, 84.545, 142.960
64, 230.000, 57.832, 45.925, 29.601, -21.172, -46.831, 0.010, 29.940, 155.673
64, 325.000,58.617, 41.996, 1187.107, 36.359, -3.567, 4.010, 88.237, -95.602
65, 230.000, 68.059, 53.495, 18.544, -55.961, -6.494, 0.010, 18.220, 96.619
65, 325.000,66.826, 58.123, 1185.073, 36.150, 69.625, 4.010, 86.213, -27.439
66, 230.000, -19.841, 41.778, 21.174, -48.206, -27.303, 0.010, 20.916, 119.527
66, 325.000,-28.220, 39.322, 1185.872, -65.304, 0.434, 4.010, 86.848, 89.619
67, 230.000, -8.321, 19.688, 27.963, -28.307, 43.982, 0.010, 28.130, 32.765
67, 325.000,-13.069, 27.321, 1185.485, -36.636, 61.948, 4.010, 86.526, 30.600
68, 230.000, 53.791, -45.087, 12.419, -42.689, 39.256, 0.010, 12.086, 47.399
68, 325.000,50.530, -41.817, 1187.661, 4.218, 0.208, 4.010, 89.796, -87.179
69, 230.000, -71.883, 1.896, 25.375, -17.500, 50.670, 0.010, 25.330, 19.054
69, 325.000,-79.776, 9.767, 1182.389, -96.244, 57.024, 4.010, 84.595, 59.354
70, 230.000, -84.750, -14.213, 32.919, -30.467, -38.804, 0.010, 33.713, 141.863
70, 325.000,-99.394, -21.669, 1173.693, -169.395, -65.660, 4.010, 81.201, 111.187
71, 230.000, 44.787, -27.468, 44.744, -38.930, -0.272, 0.010, 48.975, 90.401
71, 325.000,40.888, -28.761, 1187.463, -8.539, -20.444, 4.010, 88.931, 157.330
72, 230.000, 64.696, -32.426, 41.731, 42.056, -2.730, 0.010, 44.717, -93.713
72, 325.000,75.908, -35.282, 1181.200, 117.496, -38.973, 4.010, 84.017, -108.350
73, 230.000, -51.880, -34.329, 12.325, 14.655, 56.134, 0.010, 11.993, -14.631
73, 325.000,-52.365, -27.424, 1186.933, -27.213, 31.755, 4.010, 87.982, 40.596
74, 230.000, -8.809, -8.571, 21.681, 36.844, -41.111, 0.010, 21.441, -138.133
74, 630.000,2.591, -35.404, 1451.026, 25.695, -89.459, 6.011, 86.330, -163.974
75, 230.000, -5.925, 74.431, 30.014, 12.580, 49.584, 0.010, 30.402, -14.236
75, 325.000,-4.504, 88.061, 1179.050, 6.672, 142.670, 4.010, 83.093, -2.678
76, 230.000, 98.242, -11.200, 36.590, -43.757, 16.251, 0.010, 38.092, 69.625
76, 325.000,116.472, -11.715, 1165.310, 228.778, -13.512, 4.010, 78.874, -93.380
77, 230.000, -52.615, 42.170, 28.510, -1.020, 51.998, 0.010, 28.731, 1.123
77, 325.000,-56.253, 52.915, 1182.386, -53.559, 98.252, 4.010, 84.594, 28.596
78, 230.000, -24.123, 58.769, 14.185, -38.905, -42.459, 0.010, 13.838, 137.501
78, 325.000,-31.515, 55.476, 1186.005, -62.629, 5.196, 4.010, 86.967, 85.257
79, 230.000, -57.118, 56.608, 35.842, -31.460, -35.259, 0.010, 37.180, 138.259
79, 325.000,-66.977, 56.444, 1182.312, -107.475, 33.915, 4.010, 84.555, 72.486
80, 230.000, 69.644, 53.011, 25.750, 7.158, 52.947, 0.010, 25.732, -7.699
80, 325.000,79.684, 67.713, 1171.529, 126.254, 148.800, 4.010, 80.543, -40.314
81, 230.000, 19.444, -36.230, 52.958, 22.077, -15.023, 0.010, 63.241, -124.234
81, 325.000,23.608, -40.011, 1186.402, 36.728, -40.739, 4.010, 87.353, -137.964
82, 230.000, -73.796, 59.472, 54.194, 9.493, 22.147, 0.010, 66.029, -23.201
82, 325.000,-85.858, 73.426, 1167.265, -153.243, 156.664, 4.010, 79.367, 44.367
83, 230.000, 84.256, 7.956, 10.855, -16.479, -55.931, 0.010, 10.546, 163.583
83, 325.000,90.359, 0.325, 1182.336, 100.509, -50.340, 4.010, 84.569, -116.604
84, 230.000, 1.673, 70.508, 21.635, 55.197, 1.673, 0.010, 21.395, -88.264
84, 325.000,10.249, 75.592, 1183.776, 61.462, 73.860, 4.010, 85.359, -39.765
85, 230.000, -54.592, 39.965, 46.516, -7.947, -35.927, 0.010, 51.656, 167.527
85, 325.000,-59.162, 37.019, 1186.163, -59.779, -1.114, 4.010, 87.114, 91.068
86, 230.000, -37.038, 34.086, 17.143, -2.843, 56.707, 0.010, 16.801, 2.870
86, 325.000,-39.250, 44.572, 1184.101, -31.246, 86.524, 4.010, 85.558, 19.856
87, 230.000, -29.776, 62.542, 30.054, -1.091, -51.120, 0.010, 30.446, 178.778
87, 325.000,-31.777, 58.605, 1187.311, -28.933, 3.313, 4.010, 88.595, 83.467
88, 230.000, 62.348, -46.261, 12.922, 7.072, 57.451, 0.010, 12.584, -7.018
88, 325.000,68.371, -41.150, 1184.982, 79.278, 9.461, 4.010, 86.145, -83.194
89, 230.000, 25.054, -88.822, 3.736, 55.069, -21.705, 0.010, 3.611, -111.512
89, 325.000,37.413, -106.848, 1163.764, 113.568, -208.138, 4.010, 78.484, -151.381
90, 230.000, 20.109, 25.953, 17.919, -20.331, -52.756, 0.010, 17.586, 158.925
90, 325.000,17.699, 18.661, 1187.135, -5.004, -35.403, 4.010, 88.275, 171.955
91, 230.000, -51.700, 22.309, 50.171, 25.191, 19.129, 0.010, 57.770, -52.788
91, 325.000,-50.421, 26.305, 1186.993, -13.381, 37.742, 4.010, 88.068, 19.522
92, 230.000, -18.248, -65.341, 16.432, 13.431, -55.383, 0.010, 16.084, -166.368
92, 325.000,-17.428, -78.383, 1180.818, -4.219, -127.316, 4.010, 83.843, 178.102
93, 230.000, -77.834, -6.846, 4.779, 29.962, 50.962, 0.010, 4.621, -30.452
93, 325.000,-79.431, 0.437, 1185.342, -56.985, 47.668, 4.010, 86.414, 50.088
94, 230.000, -33.002, -3.676, 47.570, 32.560, 13.950, 0.010, 53.327, -66.807
94, 325.000,-29.278, -1.674, 1187.563, 10.018, 12.209, 4.010, 89.238, -39.370
95, 230.000, 43.940, 45.346, 20.873, 3.465, -55.407, 0.010, 20.606, -176.421
95, 325.000,46.877, 39.269, 1186.779, 40.856, -21.062, 4.010, 87.782, -117.272
96, 230.000, 58.145, 42.695, 10.413, -45.470, -36.630, 0.010, 10.112, 128.854
96, 325.000,54.902, 39.813, 1187.644, 7.308, 1.866, 4.010, 89.636, -75.679
97, 230.000, -92.035, -1.209, 30.065, 46.505, -21.237, 0.010, 30.458, -114.544
97, 325.000,-97.854, -4.462, 1182.089, -112.063, -25.658, 4.010, 84.445, 102.896
98, 230.000, 19.047, -8.946, 25.207, -21.872, 49.029, 0.010, 25.151, 24.042
98, 630.000,22.870, 8.281, 1453.027, 30.355, 43.268, 6.011, 87.917, -35.052
99, 230.000, -78.634, 43.942, 55.277, 21.094, -4.141, 0.010, 68.750, -101.108
99, 325.000,-85.717, 49.002, 1180.457, -110.304, 70.072, 4.010, 83.683, 57.574
100, 230.000, 57.324, -31.983, 45.751, -10.674, 36.202, 0.010, 50.478, 16.428
100, 325.000,59.042, -28.372, 1186.963, 39.622, 10.327, 4.010, 88.024, -75.392
101, 230.000, 7.441, -80.490, 12.174, -37.111, 44.634, 0.010, 11.845, 39.742
101, 325.000,2.431, -80.525, 1186.253, -31.501, -48.634, 4.010, 87.203, 147.068
102, 230.000, 95.419, 20.641, 27.835, -36.972, 37.094, 0.010, 27.990, 44.905
102, 325.000,111.164, 30.420, 1166.162, 204.204, 94.587, 4.010, 79.077, -65.147
103, 230.000, 21.824, 79.707, 7.360, 41.987, -41.238, 0.010, 7.128, -134.485
103, 325.000,30.244, 80.881, 1183.835, 74.671, 59.281, 4.010, 85.396, -51.554
104, 230.000, 39.387, 8.134, 1.298, 1.748, -59.270, 0.010, 1.254, -178.311
104, 325.000,41.259, -0.964, 1185.922, 28.786, -57.598, 4.010, 86.892, -153.445
105, 230.000, 47.340, -0.708, 6.360, 10.079, -58.100, 0.010, 6.156, -170.159
105, 325.000,51.036, -9.911, 1185.178, 44.822, -62.456, 4.010, 86.289, -144.335
106, 230.000, -23.756, 45.631, 45.693, 6.091, -37.319, 0.010, 50.391, -170.730
106, 325.000,-23.890, 41.979, 1187.601, -10.735, -6.613, 4.010, 89.392, 121.636
107, 230.000, 43.407, -34.429, 57.664, 8.522, 10.947, 0.010, 76.473, -37.901
107, 325.000,46.820, -34.467, 1186.799, 42.858, -15.135, 4.010, 87.807, -109.450
108, 230.000, 35.473, -6.647, 50.964, 11.630, -28.020, 0.010, 59.236, -157.458
108, 325.000,38.644, -11.192, 1186.621, 36.266, -34.224, 4.010, 87.594, -133.340
109, 230.000, 23.868, 96.240, 5.206, -31.237, 50.148, 0.010, 5.035, 31.919
109, 325.000,27.228, 135.205, 1122.084, 46.897, 387.237, 4.012, 70.831, -6.905
110, 230.000, 15.207, -94.535, 34.150, -13.133, 46.679, 0.010, 35.155, 15.714
110, 325.000,15.997, -104.425, 1177.750, 18.204, -152.067, 4.010, 82.591, -173.174
111, 230.000, 51.783, 1.053, 53.447, -22.557, -12.339, 0.010, 64.310, 118.681
111, 325.000,50.714, -0.770, 1187.523, 13.933, -12.343, 4.010, 89.102, -131.538
112, 230.000, -54.734, -16.244, 3.864, 33.509, -48.784, 0.010, 3.736, -145.516
112, 325.000,-52.206, -24.729, 1185.865, -7.289, -65.025, 4.010, 86.842, 173.604
113, 230.000, -51.843, 66.238, 49.836, -17.954, -26.677, 0.010, 57.168, 146.059
113, 325.000,-59.730, 69.025, 1182.341, -92.456, 63.779, 4.010, 84.573, 55.401
114, 230.000, -65.258, 23.697, 24.917, -49.575, -20.954, 0.010, 24.842, 112.913
114, 325.000,-77.433, 22.153, 1181.373, -122.114, 2.105, 4.010, 84.098, 89.013
115, 230.000, 30.541, -68.870, 35.077, 1.327, -47.807, 0.010, 36.258, -178.410
115, 325.000,33.277, -81.802, 1179.374, 38.121, -134.840, 4.010, 83.224, -164.214
116, 230.000, -65.457, 8.463, 8.654, -48.411, 33.153, 0.010, 8.390, 55.595
116, 325.000,-77.316, 14.181, 1180.990, -117.704, 44.359, 4.010, 83.920, 69.350
117, 230.000, 76.029, -27.352, 44.563, -34.271, 18.902, 0.010, 48.709, 61.122
117, 325.000,77.458, -26.892, 1186.290, 55.739, -12.901, 4.010, 87.239, -103.031
118, 230.000, 39.846, 36.592, 0.007, -15.756, -57.179, 0.010, 0.007, 164.594
118, 325.000,39.190, 29.238, 1187.114, 12.601, -34.023, 4.010, 88.249, -159.677
119, 230.000, 86.198, -6.126, 50.688, -20.418, -23.052, 0.010, 58.720, 138.468
119, 325.000,92.635, -10.162, 1182.413, 106.133, -34.443, 4.010, 84.609, -107.980
120, 230.000, 97.154, 15.633, 12.305, 30.340, -49.454, 0.010, 11.974, -148.471
120, 325.000,128.522, 12.893, 1140.883, 330.428, -7.927, 4.011, 73.843, -91.374
121, 230.000, -33.611, -75.189, 46.029, 36.857, 6.366, 0.010, 50.904, -80.200
121, 325.000,-31.296, -81.256, 1184.115, -3.854, -91.718, 4.010, 85.567, 177.594
122, 230.000, 67.329, -33.536, 2.947, 57.100, -15.767, 0.010, 2.848, -105.436
122, 325.000,81.922, -38.844, 1177.281, 145.405, -58.528, 4.010, 82.416, -111.926
123, 230.000, 5.080, 10.444, 30.134, 14.668, 48.933, 0.010, 30.536, -16.686
123, 325.000,7.599, 18.580, 1185.073, 25.586, 75.106, 4.011, 86.170, -18.812
124, 230.000, -50.844, -34.906, 49.248, 28.766, -16.274, 0.010, 56.134, -119.499
124, 325.000,-49.257, -39.261, 1186.681, -12.151, -46.867, 4.010, 87.664, 165.466
125, 230.000, 51.860, 32.039, 18.555, 15.864, 54.053, 0.010, 18.231, -16.356
125, 325.000,57.330, 42.279, 1182.786, 63.498, 86.857, 4.010, 84.802, -36.169
126, 230.000, 71.388, -13.632, 12.735, -11.772, 56.717, 0.010, 12.400, 11.726
126, 325.000,74.550, -5.852, 1185.153, 61.024, 47.369, 4.010, 86.271, -52.180
127, 230.000, -29.506, -52.879, 14.826, 48.982, 29.976, 0.010, 14.476, -58.534
127, 325.000,-23.401, -50.926, 1187.276, 28.769, -10.278, 4.010, 88.526, -109.660
128, 230.000, -33.778, 29.370, 56.030, -19.047, 3.939, 0.010, 70.857, 78.316
128, 325.000,-38.109, 31.221, 1186.600, -43.871, 24.754, 4.010, 87.569, 60.566
129, 230.000, 30.811, 28.100, 4.654, -39.567, -43.937, 0.010, 4.500, 137.995
129, 325.000,25.773, 22.260, 1187.185, -20.420, -27.022, 4.010, 88.366, 142.923
130, 230.000, 69.271, -24.846, 55.063, 21.953, 1.933, 0.010, 68.187, -84.968
130, 325.000,77.757, -26.430, 1183.125, 100.622, -25.466, 4.010, 84.986, -104.202
131, 230.000, 84.914, -0.765, 31.696, 21.545, 45.264, 0.010, 32.304, -25.453
131, 325.000,97.572, 5.884, 1176.847, 152.366, 48.749, 4.010, 82.259, -72.258
132, 230.000, 39.266, 0.023, 41.828, 41.768, -4.843, 0.010, 44.850, -96.614
132, 325.000,47.302, -0.722, 1185.528, 71.097, -5.125, 4.010, 86.559, -94.123
133, 230.000, 19.422, -68.353, 58.305, -9.681, -4.942, 0.010, 79.440, 117.044
133, 325.000,19.310, -73.766, 1185.240, 9.445, -75.321, 4.010, 86.335, -172.853
134, 230.000, 5.751, -47.315, 16.949, -55.709, 11.265, 0.010, 16.605, 78.568
134, 325.000,-2.716, -47.610, 1186.188, -55.233, -21.574, 4.010, 87.138, 111.335
135, 230.000, -15.790, -8.736, 26.470, -5.124, 52.827, 0.010, 26.507, 5.540
135, 630.000,-30.366, 10.517, 1451.887, -59.588, 49.582, 6.010, 86.944, 50.237
136, 230.000, 48.042, 24.322, 21.731, -1.579, 55.162, 0.010, 21.494, 1.640
136, 325.000,50.179, 34.098, 1184.554, 36.023, 78.056, 4.010, 85.849, -24.773
137, 230.000, 44.736, -82.934, 0.299, -59.296, 1.245, 0.010, 0.289, 88.797
137, 325.000,43.321, -96.269, 1175.489, 24.986, -167.755, 4.010, 81.790, -171.528
138, 230.000, 21.442, 73.844, 54.522, -20.903, -10.394, 0.010, 66.821, 116.439
138, 325.000,20.026, 78.094, 1185.419, 1.826, 73.072, 4.010, 86.472, -1.432
139, 230.000, -31.430, 56.941, 34.190, -28.648, -39.090, 0.010, 35.202, 143.763
139, 325.000,-37.625, 54.283, 1186.184, -58.729, 8.723, 4.010, 87.134, 81.552
140, 230.000, 26.517, -18.096, 9.318, 58.549, 1.673, 0.010, 9.039, -88.363
140, 325.000,36.826, -18.536, 1184.924, 80.037, -10.310, 4.010, 86.104, -97.340
141, 230.000, 0.391, 27.302, 3.933, -20.132, -55.649, 0.010, 3.802, 160.111
141, 630.000,-9.167, 19.922, 1453.701, -28.291, 3.897, 6.011, 88.875, 82.156
142, 230.000, -38.535, 3.374, 51.789, -28.885, 1.089, 0.010, 60.832, 87.841
142, 325.000,-44.498, 3.677, 1186.309, -56.720, 3.439, 4.010, 87.258, 86.530
143, 230.000, -13.972, 53.456, 53.172, 4.481, -25.890, 0.010, 63.703, -170.181
143, 325.000,-13.960, 52.087, 1187.582, -5.847, 13.061, 4.010, 89.310, 24.115
144, 230.000, 73.868, 33.990, 9.249, -58.582, 0.500, 0.010, 8.972, 89.511
144, 325.000,71.252, 36.963, 1186.650, 25.780, 41.838, 4.010, 87.629, -31.641
145, 230.000, 41.028, 4.287, 53.800, 21.971, -11.853, 0.010, 65.108, -118.346
145, 325.000,46.061, 2.659, 1186.517, 51.390, -9.636, 4.010, 87.477, -100.620
146, 230.000, 21.491, -8.243, 28.414, -1.879, 52.026, 0.010, 28.625, 2.068
146, 325.000,22.063, -0.406, 1186.434, 21.804, 49.573, 4.010, 87.386, -23.742
147, 230.000, -2.832, 71.234, 37.600, 29.906, -34.778, 0.010, 39.343, -139.308
147, 325.000,1.503, 70.646, 1186.858, 29.452, 32.510, 4.010, 87.883, -42.174
148, 230.000, 80.711, 27.889, 9.854, 25.711, 52.531, 0.010, 9.564, -26.080
148, 325.000,94.186, 39.140, 1172.739, 157.150, 102.707, 4.010, 80.905, -56.833
149, 230.000, -44.234, -75.023, 56.993, 16.394, 0.827, 0.010, 73.933, -87.111
149, 325.000,-46.906, -83.471, 1180.999, -50.375, -115.087, 4.010, 83.928, 156.360
150, 230.000, -33.194, -31.867, 13.675, -39.717, 41.871, 0.010, 13.330, 43.488
150, 325.000,-40.866, -26.671, 1185.643, -65.732, 22.082, 4.010, 86.653, 71.431
151, 230.000, -50.965, 37.687, 8.730, -58.471, -4.747, 0.010, 8.464, 94.642
151, 325.000,-63.219, 39.264, 1182.083, -111.002, 30.257, 4.010, 84.441, 74.753
152, 230.000, 67.824, -65.904, 35.021, -9.278, 46.959, 0.010, 36.191, 11.176
152, 325.000,77.549, -69.916, 1177.851, 128.160, -82.361, 4.010, 82.630, -122.726
153, 230.000, 13.985, -8.507, 13.624, -57.655, 2.816, 0.010, 13.280, 87.204
153, 630.000,-3.773, -13.666, 1453.245, -39.656, -24.080, 6.011, 88.171, 121.267
154, 230.000, 57.251, -30.560, 39.050, -43.411, 10.402, 0.010, 41.178, 76.525
154, 325.000,53.863, -30.692, 1187.568, 2.914, -15.234, 4.010, 89.252, -169.171
155, 230.000, 11.462, -9.334, 47.474, -21.054, 28.647, 0.010, 53.172, 36.314
155, 630.000,10.016, -2.554, 1453.927, 6.900, 11.404, 6.011, 89.475, -31.177
156, 230.000, -15.815, -81.608, 18.169, -55.622, 9.679, 0.010, 17.839, 80.128
156, 325.000,-25.788, -88.344, 1180.259, -83.203, -103.080, 4.010, 83.596, 141.091
157, 230.000, -25.651, 90.838, 9.416, 3.364, 58.461, 0.010, 9.135, -3.293
157, 325.000,-30.305, 117.682, 1152.336, -57.238, 281.834, 4.010, 75.987, 11.480
158, 230.000, 17.922, 67.378, 12.182, 44.925, -36.756, 0.010, 11.852, -129.288
158, 325.000,26.019, 66.043, 1185.562, 65.900, 25.617, 4.010, 86.587, -68.757
159, 230.000, -43.171, -9.491, 49.747, -20.045, -25.319, 0.010, 57.011, 141.632
159, 325.000,-48.074, -13.759, 1186.076, -51.537, -33.530, 4.010, 87.033, 123.048
160, 230.000, -82.421, -21.598, 32.074, -48.646, 11.066, 0.010, 32.737, 77.184
160, 325.000,-99.347, -22.490, 1173.107, -184.122, -21.924, 4.010, 81.018, 96.790
161, 230.000, 6.689, -34.011, 30.349, 45.244, 23.442, 0.010, 30.777, -62.610
161, 325.000,13.994, -31.684, 1186.488, 52.938, 1.310, 4.010, 87.445, -88.582
162, 230.000, -55.232, 20.320, 6.020, -42.178, 41.260, 0.010, 5.826, 45.630
162, 325.000,-64.975, 27.943, 1182.315, -93.876, 62.254, 4.010, 84.558, 56.450
163, 230.000, -59.723, 55.557, 15.606, 50.931, -26.080, 0.010, 15.256, -117.115
163, 325.000,-57.131, 56.370, 1186.891, -17.281, 39.315, 4.010, 87.928, 23.728
164, 230.000, -22.081, -86.860, 44.212, -24.676, -30.888, 0.010, 48.197, 141.379
164, 325.000,-28.796, -103.617, 1169.992, -67.636, -192.633, 4.010, 80.102, 160.653
165, 230.000, -57.878, 35.688, 14.562, -46.560, 33.730, 0.010, 14.213, 54.079
165, 325.000,-69.117, 43.394, 1180.170, -110.921, 73.845, 4.010, 83.558, 56.347
166, 230.000, 16.655, -41.675, 14.164, -40.027, -41.411, 0.010, 13.816, 135.974
166, 325.000,11.094, -49.990, 1184.984, -30.826, -73.624, 4.010, 86.147, 157.281
167, 230.000, -29.469, 35.889, 41.836, -30.422, -29.016, 0.010, 44.860, 133.645
167, 325.000,-35.407, 32.985, 1186.468, -53.111, -5.508, 4.010, 87.423, 95.921
168, 230.000, -15.067, -16.192, 27.963, -18.499, -48.923, 0.010, 28.130, 159.287
168, 325.000,-18.533, -24.465, 1185.513, -30.970, -64.495, 4.010, 86.546, 154.350
169, 230.000, 75.329, -44.878, 22.870, 23.471, -49.434, 0.010, 22.681, -154.602
169, 325.000,88.766, -58.162, 1169.843, 156.393, -132.558, 4.010, 80.060, -130.284
170, 230.000, -41.395, 68.132, 2.755, 57.605, -13.844, 0.010, 2.662, -103.514
170, 325.000,-35.977, 71.634, 1185.773, 13.829, 65.627, 4.010, 86.763, -11.899
171, 230.000, 72.800, -51.608, 17.976, -24.891, -50.744, 0.010, 17.643, 153.871
171, 325.000,78.746, -65.978, 1174.550, 98.633, -145.866, 4.010, 81.474, -145.934
172, 230.000, -12.452, 14.563, 14.522, 9.916, 56.643, 0.010, 14.173, -9.929
172, 325.000,-11.358, 24.109, 1185.364, 0.379, 74.009, 4.010, 86.427, -0.293
173, 230.000, -16.617, 30.310, 53.420, 3.951, -25.463, 0.010, 64.249, -171.180
173, 325.000,-16.656, 27.592, 1187.631, -7.676, -5.498, 4.010, 89.545, 125.612
174, 230.000, -85.338, -12.033, 21.692, 50.806, -21.584, 0.010, 21.453, -113.017
174, 325.000,-86.562, -16.491, 1185.171, -65.259, -40.773, 4.010, 86.285, 121.997
175, 230.000, -73.647, -32.554, 34.092, 20.664, 43.913, 0.010, 35.087, -25.201
175, 325.000,-76.845, -28.764, 1185.732, -67.325, 8.131, 4.010, 86.727, 83.114
176, 230.000, 0.105, 95.517, 26.153, -41.074, 33.862, 0.010, 26.165, 50.497
176, 325.000,-5.813, 120.271, 1155.219, -45.792, 271.900, 4.010, 76.576, 9.560
177, 230.000, -62.440, -74.689, 34.270, 27.323, 39.959, 0.010, 35.296, -34.364
177, 325.000,-71.275, -84.233, 1173.530, -120.950, -136.567, 4.010, 81.164, 138.470
178, 230.000, 48.722, -11.996, 19.275, 54.737, -12.248, 0.010, 18.965, -102.613
178, 325.000,59.616, -14.487, 1183.570, 96.025, -22.330, 4.010, 85.238, -103.091
179, 230.000, -34.106, -55.893, 17.496, 56.362, -5.901, 0.010, 17.157, -95.977
179, 325.000,-27.390, -60.072, 1185.950, 30.113, -56.319, 4.010, 86.918, -151.868
180, 230.000, -69.217, -19.922, 9.481, -57.680, -10.037, 0.010, 9.199, 99.872
180, 325.000,-83.521, -23.024, 1178.686, -141.859, -33.666, 4.010, 82.949, 103.351
181, 230.000, -31.018, 26.289, 53.224, 23.903, -10.651, 0.010, 63.818, -114.017
181, 325.000,-28.615, 25.716, 1187.642, 4.077, 6.751, 4.010, 89.620, -31.124
182, 230.000, 79.298, -14.985, 12.739, 55.300, -17.240, 0.010, 12.403, -107.315
182, 325.000,95.809, -19.139, 1174.288, 173.178, -40.215, 4.010, 81.391, -103.073
183, 230.000, 41.912, -39.982, 21.874, -27.936, 47.526, 0.010, 21.643, 30.447
183, 325.000,39.627, -34.568, 1187.499, 2.468, 19.928, 4.010, 89.031, -7.061
184, 230.000, 70.739, 14.495, 6.004, 5.240, -58.772, 0.010, 5.810, -174.905
184, 325.000,76.543, 6.418, 1183.992, 79.700, -48.625, 4.010, 85.491, -121.387
185, 230.000, -20.267, 49.673, 53.872, 5.911, -24.093, 0.010, 65.275, -166.214
185, 325.000,-20.316, 48.339, 1187.581, -8.837, 11.444, 4.010, 89.302, 37.673
186, 230.000, 14.051, 54.291, 21.511, 46.843, -29.338, 0.010, 21.265, -122.059
186, 325.000,22.011, 52.412, 1186.053, 60.968, 10.910, 4.010, 87.011, -79.854
187, 230.000, 39.580, -27.582, 41.957, -41.917, 0.502, 0.010, 45.025, 89.313
187, 325.000,34.857, -28.692, 1187.402, -16.583, -18.948, 4.010, 88.785, 138.809
188, 230.000, -40.616, -60.651, 26.063, -30.067, -43.981, 0.010, 26.068, 145.642
188, 325.000,-48.405, -72.143, 1179.121, -79.606, -117.875, 4.010, 83.122, 145.967
189, 230.000, 72.340, -18.919, 6.087, -8.369, -58.400, 0.010, 5.891, 171.845
189, 325.000,76.647, -29.396, 1182.393, 72.610, -85.030, 4.010, 84.598, -139.505
190, 230.000, -29.953, 73.133, 0.500, -49.579, -32.547, 0.010, 0.483, 123.284
190, 325.000,-40.140, 74.365, 1182.973, -90.840, 53.677, 4.010, 84.903, 59.421
191, 230.000, 83.396, 28.280, 6.091, -43.288, 40.083, 0.010, 5.894, 47.201
191, 325.000,86.589, 37.579, 1181.500, 82.381, 88.496, 4.010, 84.157, -42.951
192, 230.000, 30.368, 38.155, 41.414, 13.532, -40.242, 0.010, 44.288, -161.413
192, 325.000,33.769, 33.653, 1187.020, 36.018, -15.584, 4.010, 88.106, -113.397
193, 230.000, -11.768, 25.051, 17.255, -12.987, -55.238, 0.010, 16.914, 166.769
193, 325.000,-14.299, 17.321, 1186.826, -27.002, -35.505, 4.010, 87.848, 142.747
194, 230.000, -31.501, -0.879, 10.605, 45.376, 36.691, 0.010, 10.300, -51.041
194, 325.000,-25.542, 4.909, 1186.794, 22.851, 39.296, 4.010, 87.806, -30.178
195, 230.000, 57.381, -45.334, 6.082, 32.133, 49.478, 0.010, 5.886, -33.001
195, 325.000,66.509, -40.968, 1183.746, 96.278, 5.285, 4.010, 85.343, -86.858
196, 230.000, -49.965, -51.852, 37.144, -45.945, 5.198, 0.010, 38.775, 83.545
196, 325.000,-60.590, -54.881, 1182.001, -104.183, -50.762, 4.010, 84.400, 115.977
197, 230.000, -90.441, 31.357, 28.296, -12.590, 50.581, 0.010, 28.496, 13.978
197, 325.000,-111.142, 45.199, 1156.157, -236.519, 133.795, 4.010, 76.773, 60.504
198, 230.000, 6.395, 71.574, 33.379, -45.997, -16.963, 0.010, 34.249, 110.243
198, 325.000,-0.143, 73.877, 1185.637, -43.199, 54.359, 4.010, 86.648, 38.475
199, 230.000, 24.397, -25.139, 52.527, 21.975, -16.601, 0.010, 62.331, -127.069
199, 325.000,28.707, -28.657, 1186.504, 39.705, -34.501, 4.010, 87.462, -130.988
200, 230.000, -13.749, 74.862, 4.243, -7.965, 58.619, 0.010, 4.102, 7.737
200, 325.000,-16.189, 90.501, 1176.751, -26.045, 158.554, 4.010, 82.225, 9.328
201, 230.000, 44.002, 25.297, 43.494, 11.962, 38.508, 0.010, 47.166, -17.257
201, 325.000,47.904, 32.376, 1185.257, 45.943, 60.105, 4.010, 86.348, -37.394
202, 230.000, 6.045, -18.564, 22.917, -33.276, -43.418, 0.010, 22.730, 142.533
202, 325.000,1.035, -26.121, 1185.563, -31.186, -63.349, 4.010, 86.592, 153.789
203, 230.000, 51.868, -22.012, 8.095, 24.322, 53.484, 0.010, 7.844, -24.454
203, 325.000,58.307, -14.738, 1185.093, 67.342, 39.737, 4.010, 86.225, -59.456
204, 230.000, 23.674, -12.567, 50.821, -14.837, -26.735, 0.010, 58.967, 150.970
204, 325.000,22.302, -17.155, 1187.034, 2.546, -38.699, 4.010, 88.129, -176.235
205, 230.000, -15.869, 69.525, 4.460, 58.021, 11.460, 0.010, 4.313, -78.827
205, 325.000,-7.967, 76.135, 1183.760, 46.552, 84.288, 4.010, 85.350, -28.912
206, 230.000, 56.389, -13.689, 17.071, -25.141, 50.933, 0.010, 16.727, 26.272
206, 325.000,55.286, -6.450, 1186.737, 17.328, 43.701, 4.010, 87.731, -21.629
207, 230.000, 23.712, 36.313, 54.595, -1.316, -23.138, 0.010, 66.999, 176.745
207, 325.000,24.484, 34.284, 1187.575, 14.933, 0.454, 4.010, 89.279, -88.259
208, 230.000, -23.200, -40.766, 38.818, -7.338, -44.237, 0.010, 40.882, 170.582
208, 325.000,-25.375, -49.406, 1184.926, -24.722, -76.793, 4.010, 86.105, 162.155
209, 230.000, 62.210, 20.897, 19.970, 20.167, -52.078, 0.010, 19.677, -158.831
209, 325.000,69.107, 14.137, 1184.441, 79.423, -36.731, 4.010, 85.775, -114.819
210, 230.000, -73.712, -41.917, 11.403, -45.859, 35.840, 0.010, 11.085, 51.992
210, 325.000,-88.867, -41.184, 1176.252, -162.534, -23.966, 4.010, 82.049, 98.388
211, 230.000, -30.779, 35.360, 33.149, 44.682, 20.550, 0.010, 33.981, -65.302
211, 325.000,-25.203, 40.058, 1186.467, 25.792, 46.790, 4.010, 87.422, -28.865
212, 230.000, -95.174, -19.797, 51.092, -16.606, -25.129, 0.010, 59.479, 146.543
212, 325.000,-119.768, -27.971, 1152.836, -273.948, -81.203, 4.011, 76.080, 106.511
213, 230.000, 47.993, -18.345, 2.677, -35.261, -47.614, 0.010, 2.587, 143.478
213, 325.000,44.623, -26.708, 1185.923, -2.308, -64.325, 4.010, 86.893, 177.945
214, 230.000, 2.556, 50.115, 11.097, 33.162, 47.904, 0.010, 10.784, -34.693
214, 325.000,7.886, 60.048, 1183.690, 37.410, 89.644, 4.010, 85.309, -22.651
215, 230.000, 2.929, -66.163, 29.884, 48.444, 16.666, 0.010, 30.256, -71.015
215, 325.000,10.514, -67.592, 1185.635, 54.787, -42.719, 4.010, 86.647, -127.944
216, 230.000, 90.511, 41.354, 28.124, -52.113, 3.297, 0.010, 28.307, 86.380
216, 325.000,108.323, 53.245, 1159.714, 220.397, 130.983, 4.011, 77.534, -59.277
217, 230.000, -24.521, -88.986, 17.566, -38.407, 41.641, 0.010, 17.228, 42.686
217, 325.000,-33.679, -95.688, 1178.465, -88.052, -118.378, 4.010, 82.864, 143.357
218, 230.000, 63.522, -69.498, 23.540, 54.408, 1.816, 0.010, 23.384, -88.088
218, 325.000,83.357, -82.261, 1159.534, 204.783, -155.345, 4.010, 77.501, -127.183
219, 230.000, -70.760, -19.007, 12.652, -47.197, -33.615, 0.010, 12.317, 125.459
219, 325.000,-83.691, -25.704, 1178.612, -134.038, -58.869, 4.010, 82.920, 113.711
220, 230.000, 21.423, -2.222, 57.172, -7.847, -13.690, 0.010, 74.570, 150.179
220, 325.000,21.083, -4.412, 1187.415, 16.136, -18.115, 4.010, 88.830, -138.307
221, 230.000, 74.705, -45.679, 37.300, 34.167, 30.968, 0.010, 38.969, -47.811
221, 325.000,88.892, -46.719, 1176.173, 159.811, -40.410, 4.010, 82.022, -104.190
222, 230.000, -47.880, 59.581, 50.898, 25.660, 16.388, 0.010, 59.113, -57.436
222, 325.000,-47.847, 66.727, 1184.216, -27.232, 86.328, 4.010, 85.629, 17.507
223, 230.000, -95.008, -30.813, 1.551, -1.344, 59.274, 0.010, 1.499, 1.299
223, 325.000,-139.517, -36.517, 1105.925, -426.476, -70.963, 4.009, 68.648, 99.447
224, 230.000, 12.275, -92.815, 8.983, -24.181, -53.406, 0.010, 8.712, 155.640
224, 325.000,11.007, -118.093, 1156.631, 0.589, -269.787, 4.010, 76.870, -179.875
225, 230.000, -60.805, -25.317, 53.416, 25.773, -0.341, 0.010, 64.241, -90.758
225, 325.000,-60.492, -26.849, 1187.140, -26.893, -23.065, 4.010, 88.291, 130.619
226, 230.000, 18.580, 63.760, 23.406, 46.285, -28.767, 0.010, 23.243, -121.861
226, 325.000,26.816, 63.192, 1185.457, 66.919, 27.713, 4.010, 86.504, -67.504
227, 230.000, 31.058, -35.153, 2.197, 29.666, -51.310, 0.010, 2.123, -149.965
227, 325.000,37.193, -44.906, 1183.643, 54.755, -80.919, 4.010, 85.281, -145.915
228, 230.000, -32.328, 57.989, 4.871, -17.270, -56.530, 0.010, 4.711, 163.012
228, 325.000,-36.904, 52.550, 1186.689, -47.338, -9.250, 4.010, 87.672, 101.056
229, 230.000, -7.426, -50.178, 9.615, -20.142, -54.950, 0.010, 9.330, 159.870
229, 325.000,-10.955, -61.271, 1183.316, -27.330, -97.842, 4.010, 85.093, 164.394
230, 230.000, 64.425, 63.059, 29.185, 49.759, -13.781, 0.010, 29.477, -105.480
230, 325.000,80.967, 70.060, 1170.504, 174.085, 100.916, 4.010, 80.246, -59.899
231, 230.000, -76.040, 25.745, 57.623, 13.466, 3.992, 0.010, 76.302, -73.487
231, 325.000,-80.733, 28.592, 1184.365, -80.572, 36.589, 4.010, 85.727, 65.576
232, 230.000, -12.060, -8.458, 53.436, 8.747, 24.201, 0.010, 64.286, -19.872
232, 630.000,-17.062, -3.194, 1453.705, -27.041, 7.708, 6.011, 88.892, 74.089
233, 230.000, 45.073, 73.596, 31.583, 41.633, 28.051, 0.010, 32.176, -56.029
233, 325.000,56.824, 86.853, 1171.748, 120.204, 152.057, 4.010, 80.607, -38.327
234, 230.000, -30.934, -58.648, 10.288, -27.162, 51.711, 0.010, 9.989, 27.711
234, 325.000,-36.971, -54.066, 1186.296, -56.992, 3.010, 4.010, 87.246, 86.977
235, 230.000, 6.563, -93.425, 3.620, 44.045, 39.554, 0.010, 3.499, -48.075
235, 325.000,14.045, -102.025, 1177.948, 61.929, -138.397, 4.010, 82.665, -155.893
236, 230.000, 31.031, 50.277, 43.148, -38.824, -12.189, 0.010, 46.677, 107.430
236, 325.000,26.700, 50.977, 1187.243, -16.669, 27.115, 4.010, 88.464, 31.582
237, 230.000, 74.578, -27.608, 4.404, 51.378, -29.302, 0.010, 4.258, -119.697
237, 325.000,89.795, -34.821, 1174.872, 159.078, -70.226, 4.010, 81.581, -113.820
238, 230.000, 56.301, -50.522, 51.825, -18.083, 22.467, 0.010, 60.904, 38.830
238, 325.000,57.789, -50.928, 1186.534, 41.803, -30.761, 4.010, 87.495, -126.348
239, 230.000, -70.990, 55.788, 54.437, -20.131, 12.206, 0.010, 66.613, 58.770
239, 325.000,-83.957, 65.456, 1172.173, -152.299, 115.682, 4.010, 80.733, 52.781
240, 230.000, 68.936, -49.970, 31.493, -14.785, -48.034, 0.010, 32.072, 162.891
240, 325.000,74.412, -62.676, 1177.394, 88.098, -128.630, 4.010, 82.457, -145.593
241, 230.000, 8.601, 4.866, 39.633, -22.954, 37.683, 0.010, 41.931, 31.348
241, 630.000,3.983, 27.037, 1452.179, -5.514, 71.986, 6.010, 87.154, 4.380
242, 230.000, 22.782, -20.857, 18.696, 0.979, 56.277, 0.010, 18.374, -0.997
242, 325.000,23.827, -12.802, 1186.686, 19.593, 44.138, 4.010, 87.670, -23.937
243, 230.000, -33.347, -81.285, 24.320, 48.672, 23.606, 0.010, 24.208, -64.126
243, 325.000,-29.880, -86.913, 1183.653, 2.940, -97.510, 4.010, 85.288, -178.273
244, 230.000, -31.847, -21.684, 0.310, 7.314, -58.856, 0.010, 0.299, -172.916
244, 325.000,-31.978, -31.939, 1185.063, -13.847, -77.405, 4.010, 86.204, 169.857
245, 230.000, 37.645, 55.076, 52.699, -21.285, -16.952, 0.010, 62.691, 128.536
245, 325.000,36.686, 55.804, 1187.188, 11.352, 31.827, 4.010, 88.370, -19.631
246, 230.000, -80.524, -7.503, 22.654, -23.600, -49.472, 0.010, 22.456, 154.497
246, 325.000,-91.907, -15.702, 1178.164, -135.361, -64.544, 4.010, 82.746, 115.493
247, 230.000, -50.058, 59.253, 31.831, -36.352, -34.393, 0.010, 32.459, 133.414
247, 325.000,-59.659, 58.951, 1183.071, -99.093, 32.954, 4.010, 84.956, 71.605
248, 230.000, -61.213, -25.818, 26.313, -28.043, -45.154, 0.010, 26.337, 148.158
248, 325.000,-69.530, -34.438, 1181.843, -90.953, -74.389, 4.010, 84.322, 129.279
249, 230.000, 29.785, -14.545, 52.062, -11.090, -26.157, 0.010, 61.379, 157.024
249, 325.000,29.234, -19.106, 1187.031, 8.789, -37.911, 4.010, 88.122, -166.947
250, 230.000, 87.062, -14.043, 59.038, -5.378, 1.791, 0.010, 84.516, 71.581
250, 325.000,96.786, -15.478, 1179.825, 134.663, -20.705, 4.010, 83.413, -98.741
251, 230.000, 59.945, 68.217, 17.948, -44.633, -34.689, 0.010, 17.615, 127.855
251, 325.000,60.887, 71.660, 1184.262, 50.010, 74.713, 4.010, 85.659, -33.797
252, 230.000, -11.438, 59.945, 36.434, -10.641, -45.573, 0.010, 37.902, 166.857
252, 325.000,-13.658, 56.099, 1187.489, -20.654, -0.033, 4.010, 89.004, 90.091
253, 230.000, 94.494, -10.736, 13.159, 37.848, -43.726, 0.010, 12.819, -139.121
253, 325.000,119.489, -19.341, 1153.664, 272.033, -75.210, 4.011, 76.253, -105.455
254, 230.000, -6.718, 3.455, 58.658, 7.461, 4.605, 0.010, 81.499, -58.314
254, 630.000,-8.265, 8.346, 1453.823, -11.308, 18.282, 6.011, 89.153, 31.738
255, 230.000, -53.654, 68.147, 35.202, 10.706, 46.517, 0.010, 36.407, -12.962
255, 325.000,-58.619, 83.342, 1174.084, -75.541, 162.423, 4.010, 81.325, 24.942
256, 230.000, 88.459, 1.442, 37.651, -16.774, 42.646, 0.010, 39.406, 21.471
256, 325.000,96.687, 7.869, 1180.117, 124.257, 49.380, 4.010, 83.536, -68.327
257, 230.000, -39.940, 65.033, 48.935, -24.871, 22.461, 0.010, 55.595, 47.916
257, 325.000,-46.977, 73.802, 1180.820, -75.196, 102.800, 4.010, 83.844, 36.185
258, 230.000, -7.881, -7.724, 58.321, -10.759, 0.699, 0.010, 79.526, 86.281
258, 630.000,-19.136, -13.306, 1453.173, -41.944, -24.534, 6.011, 88.085, 120.325
259, 230.000, -55.776, -54.834, 3.023, 48.590, -33.875, 0.010, 2.921, -124.883
259, 325.000,-52.944, -64.611, 1183.143, -13.636, -102.652, 4.010, 84.998, 172.433
260, 230.000, -67.413, 50.613, 50.263, -31.444, -1.590, 0.010, 57.937, 92.895
260, 325.000,-79.336, 55.861, 1177.737, -134.590, 73.355, 4.010, 82.585, 61.409
261, 230.000, 82.215, 44.740, 46.558, 33.337, 15.448, 0.010, 51.720, -65.137
261, 325.000,101.684, 54.947, 1162.068, 216.694, 114.918, 4.010, 78.081, -62.062
262, 230.000, -81.123, -26.999, 15.483, -56.024, -11.799, 0.010, 15.133, 101.893
262, 325.000,-99.511, -32.088, 1170.192, -194.779, -57.226, 4.010, 80.158, 106.373
263, 230.000, -70.243, 42.204, 56.193, 18.810, 2.489, 0.010, 71.342, -82.463
263, 325.000,-73.974, 46.471, 1184.126, -71.167, 57.802, 4.010, 85.573, 50.916
264, 230.000, 36.966, 61.652, 41.166, -21.608, -36.825, 0.010, 43.954, 149.597
264, 325.000,36.144, 60.162, 1187.408, 13.141, 21.067, 4.010, 88.802, -31.954
265, 230.000, 78.252, -9.332, 15.870, 54.415, -17.458, 0.010, 15.521, -107.787
265, 325.000,93.996, -12.881, 1175.774, 164.653, -31.695, 4.010, 81.884, -100.896
266, 230.000, 67.853, 14.256, 38.078, -11.642, -43.956, 0.010, 39.942, 165.165
266, 325.000,70.428, 8.510, 1186.015, 52.888, -33.602, 4.010, 86.976, -122.429
267, 230.000, -16.828, -58.098, 3.626, -54.136, 23.954, 0.010, 3.505, 66.131
267, 325.000,-26.231, -57.477, 1185.247, -72.240, -23.020, 4.010, 86.340, 107.675
268, 230.000, -5.094, -8.005, 35.061, 44.167, 18.375, 0.010, 36.238, -67.411
268, 630.000,12.646, -5.163, 1453.169, 48.712, 0.670, 6.011, 88.080, -89.212
269, 230.000, 63.653, 69.027, 22.673, 41.560, -35.726, 0.010, 22.475, -130.684
269, 325.000,80.582, 75.636, 1168.958, 181.072, 106.137, 4.010, 79.821, -59.623
270, 230.000, -19.811, 22.488, 21.237, -2.136, -55.336, 0.010, 20.982, 177.789
270, 325.000,-20.927, 14.663, 1186.801, -19.470, -41.037, 4.010, 87.808, 154.618
271, 230.000, -51.845, -38.909, 32.697, 29.078, 40.038, 0.010, 33.455, -35.990
271, 325.000,-50.293, -34.961, 1187.556, -13.344, 9.501, 4.010, 89.210, 54.548
272, 230.000, -74.367, -12.047, 47.731, -34.612, -6.434, 0.010, 53.588, 100.531
272, 325.000,-85.589, -13.988, 1180.826, -125.531, -21.235, 4.010, 83.846, 99.601
273, 230.000, -25.664, -9.863, 3.363, 20.906, 55.401, 0.010, 3.251, -20.674
273, 325.000,-23.346, -1.392, 1186.529, -2.032, 51.949, 4.010, 87.491, 2.240
274, 230.000, 13.579, -5.491, 55.056, 3.235, 21.817, 0.010, 68.168, -8.435
274, 630.000,25.535, 0.887, 1453.090, 49.609, 14.021, 6.011, 87.968, -74.218
275, 230.000, 96.131, -22.753, 49.396, 30.974, -10.876, 0.010, 56.393, -109.348
275, 325.000,129.088, -31.053, 1133.996, 342.241, -84.968, 4.010, 72.726, -103.943
276, 230.000, -19.206, 48.259, 19.311, 50.988, 23.343, 0.010, 19.002, -65.401
276, 325.000,-12.165, 54.168, 1185.418, 39.963, 61.180, 4.010, 86.472, -33.153
277, 230.000, 19.205, -24.954, 54.090, -1.805, 24.263, 0.010, 65.781, 4.255
277, 325.000,19.669, -22.204, 1187.581, 12.464, 7.330, 4.010, 89.302, -59.540
278, 230.000, 47.386, -52.346, 1.998, 6.870, 58.877, 0.010, 1.931, -6.655
278, 325.000,51.504, -46.554, 1186.404, 53.200, 13.064, 4.010, 87.356, -76.203
279, 230.000, 83.859, 10.997, 26.790, 52.833, -2.931, 0.010, 26.853, -93.175
279, 325.000,101.528, 11.839, 1172.277, 190.088, 14.022, 4.010, 80.765, -85.781
280, 230.000, 10.227, 7.060, 44.127, -39.379, 4.440, 0.010, 48.074, 83.567
280, 630.000,-1.128, 14.657, 1453.465, -24.377, 30.034, 6.011, 88.476, 39.063
281, 230.000, 21.298, -63.781, 8.152, 20.160, 55.179, 0.010, 7.901, -20.070
281, 325.000,25.686, -58.963, 1186.966, 40.808, 2.135, 4.010, 88.028, -87.005
282, 230.000, -61.781, -49.711, 23.284, 51.285, -18.584, 0.010, 23.116, -109.919
282, 325.000,-59.181, -56.667, 1184.849, -18.065, -79.776, 4.010, 86.051, 167.240
283, 230.000, 99.076, 7.328, 56.915, -16.411, 2.999, 0.010, 73.663, 79.645
283, 325.000,125.198, 9.841, 1150.465, 293.724, 26.420, 4.010, 75.622, -84.860
284, 230.000, 57.561, 56.579, 7.403, 58.833, -1.230, 0.010, 7.170, -91.198
284, 325.000,72.264, 62.005, 1176.343, 144.446, 76.897, 4.010, 82.080, -61.971
285, 230.000, 60.214, -1.709, 21.706, -48.275, 26.758, 0.010, 21.468, 61.001
285, 325.000,55.816, 2.343, 1187.351, -3.554, 27.239, 4.010, 88.675, 7.435
286, 230.000, -61.452, -38.990, 37.681, -10.901, 44.485, 0.010, 39.445, 13.769
286, 325.000,-67.422, -35.018, 1185.215, -75.956, 7.398, 4.010, 86.316, 84.437
287, 230.000, 29.177, -91.929, 46.804, 7.844, 35.574, 0.010, 52.106, -12.434
287, 325.000,35.905, -104.634, 1172.305, 76.639, -174.349, 4.010, 80.772, -156.271
288, 230.000, -26.926, 15.649, 52.350, 21.108, -18.209, 0.010, 61.964, -130.782
288, 325.000,-24.733, 13.464, 1187.643, 1.735, -7.412, 4.010, 89.633, -166.829
289, 230.000, -94.155, 16.310, 32.543, -21.700, 44.584, 0.010, 33.277, 25.953
289, 325.000,-116.644, 26.082, 1156.892, -253.232, 89.578, 4.010, 76.929, 70.519
290, 230.000, 35.386, -57.283, 10.634, -55.937, -16.601, 0.010, 10.329, 106.529
290, 325.000,28.894, -63.395, 1185.200, -27.201, -71.544, 4.010, 86.305, 159.183
291, 230.000, -77.484, 1.389, 7.633, -25.191, 53.149, 0.010, 7.394, 25.360
291, 325.000,-88.079, 9.672, 1179.674, -123.826, 59.955, 4.010, 83.348, 64.164
292, 230.000, -56.797, 38.213, 38.939, 36.044, 26.498, 0.010, 41.037, -53.678
292, 325.000,-54.919, 44.638, 1185.789, -15.389, 64.992, 4.010, 86.776, 13.321
293, 230.000, -20.176, 34.997, 49.231, 22.173, -24.541, 0.010, 56.106, -137.902
293, 325.000,-17.588, 32.638, 1187.628, 9.628, -1.898, 4.010, 89.527, -101.154
294, 230.000, -78.162, -54.860, 6.174, 58.807, -4.610, 0.010, 5.975, -94.483
294, 325.000,-83.099, -64.979, 1177.051, -100.857, -122.024, 4.010, 82.340, 140.425
295, 230.000, 25.055, 17.790, 47.309, 5.674, -35.317, 0.010, 52.907, -170.873
295, 325.000,26.891, 13.042, 1187.153, 24.808, -24.627, 4.010, 88.313, -134.790
296, 230.000, -42.386, -15.927, 10.987, 44.146, -38.053, 0.010, 10.676, -130.761
296, 325.000,-37.216, -22.587, 1186.418, 17.501, -51.610, 4.010, 87.370, -161.269
297, 230.000, -35.251, 39.084, 25.085, 8.810, 53.016, 0.010, 25.021, -9.435
297, 325.000,-35.615, 49.221, 1184.335, -18.047, 87.084, 4.010, 85.706, 11.708
298, 230.000, 86.584, -22.875, 1.567, -59.252, 2.086, 0.010, 1.514, 87.984
298, 325.000,87.837, -25.236, 1185.118, 70.144, -33.527, 4.010, 86.247, -115.547
299, 230.000, 67.579, 46.653, 7.184, 50.316, 30.567, 0.010, 6.957, -58.721
299, 325.000,82.543, 56.347, 1172.948, 155.544, 102.768, 4.010, 80.969, -56.547
300, 230.000, 43.818, -1.707, 10.804, -50.297, 29.515, 0.010, 10.496, 59.594
300, 325.000,37.682, 2.876, 1187.059, -23.046, 30.285, 4.010, 88.164, 37.270
