ion,x0,y0,z0,vx0,vy0,vz0,ke0,elev0,azim0,x1,y1,z1,vx1,vy1,vz1,ke1,elev1,azim1
1, 230.000, 81.092, -14.424, 55.623, -8.667, -18.672, 0.010, 69.691, 155.101
1, 335.000,88.981, -19.104, 1182.141, 106.746, -41.339, 4.010, 84.469, -111.170
2, 230.000, -49.825, 4.700, 12.442, 27.921, -50.826, 0.010, 12.110, -151.218
2, 335.000,-47.800, -3.833, 1186.524, -10.427, -51.069, 4.010, 87.485, 168.461
3, 230.000, -61.514, 14.428, 3.372, 58.549, 8.846, 0.010, 3.259, -81.408
3, 335.000,-55.514, 16.922, 1187.428, 6.716, 22.972, 4.010, 88.845, -16.298
4, 230.000, -12.402, -30.971, 32.901, 22.767, 43.782, 0.010, 33.692, -27.475
4, 335.000,-9.106, -24.988, 1187.413, 13.952, 20.477, 4.010, 88.805, -34.268
5, 230.000, 14.207, 28.485, 42.288, -8.060, -40.797, 0.010, 45.480, 168.824
5, 335.000,13.533, 22.932, 1187.505, 3.800, -19.424, 4.010, 89.045, -168.931
6, 230.000, 7.830, -55.897, 39.305, -17.619, 40.771, 0.010, 41.507, 23.371
6, 335.000,5.331, -52.405, 1187.598, -12.294, -4.006, 4.010, 89.376, 108.049
7, 230.000, -59.485, -39.608, 19.796, 55.805, -3.396, 0.010, 19.498, -93.483
7, 335.000,-54.825, -43.363, 1186.765, -2.811, -46.225, 4.010, 87.765, 176.520
8, 230.000, -20.133, -57.861, 49.930, -29.137, 13.255, 0.010, 57.336, 65.538
8, 335.000,-26.370, -59.610, 1185.896, -50.672, -40.494, 4.010, 86.869, 128.630
9, 230.000, 44.427, -36.476, 17.928, -53.376, -18.633, 0.010, 17.595, 109.243
9, 335.000,38.057, -41.960, 1186.368, -18.658, -52.337, 4.010, 87.318, 160.379
10, 230.000, 53.771, 38.274, 17.279, 56.735, 0.511, 0.010, 16.938, -89.484
10, 335.000,67.812, 41.465, 1180.752, 120.821, 42.264, 4.010, 83.813, -70.720
11, 230.000, 31.849, 62.709, 39.848, 2.717, -43.845, 0.010, 42.211, -176.454
11, 335.000,34.812, 60.340, 1186.957, 36.682, 18.574, 4.010, 88.016, -63.145
12, 230.000, -80.156, -47.805, 0.215, -59.286, -1.666, 0.010, 0.208, 91.610
12, 335.000,-107.176, -58.382, 1154.728, -253.781, -113.043, 4.010, 76.472, 114.010
13, 230.000, 12.835, -17.637, 15.181, 38.273, -42.689, 0.010, 14.830, -138.122
13, 335.000,20.130, -25.932, 1185.022, 51.601, -60.159, 4.010, 86.174, -139.379
14, 230.000, 34.654, 58.454, 2.489, -3.535, 59.152, 0.010, 2.405, 3.420
14, 335.000,37.002, 73.632, 1179.835, 35.435, 131.496, 4.010, 83.416, -15.082
15, 230.000, 64.728, 47.777, 5.519, -53.370, 25.274, 0.010, 5.339, 64.659
15, 335.000,62.505, 57.047, 1183.823, 26.990, 91.600, 4.010, 85.388, -16.418
16, 230.000, 12.123, -44.578, 11.414, -42.201, 40.080, 0.010, 11.096, 46.476
16, 335.000,5.442, -39.995, 1187.097, -35.968, 7.944, 4.010, 88.223, 77.546
17, 230.000, -83.131, -5.836, 16.985, 26.101, -50.476, 0.010, 16.642, -152.657
17, 335.000,-88.449, -14.911, 1182.401, -91.211, -64.540, 4.010, 84.602, 125.283
18, 230.000, 85.136, 27.080, 58.819, 4.543, -6.108, 0.010, 82.626, -143.362
18, 335.000,98.853, 30.239, 1176.377, 157.989, 41.824, 4.010, 82.091, -75.172
19, 230.000, 8.650, -28.168, 12.983, 45.846, -35.316, 0.010, 12.645, -127.607
19, 335.000,17.074, -35.713, 1184.862, 55.993, -59.375, 4.010, 86.060, -136.679
20, 230.000, 73.691, -27.941, 7.649, -0.285, -58.814, 0.010, 7.410, 179.723
20, 335.000,81.640, -40.920, 1178.830, 100.805, -103.712, 4.010, 83.005, -135.814
21, 230.000, -34.812, -69.017, 8.484, -13.873, -57.037, 0.010, 8.224, 166.330
21, 335.000,-41.004, -86.302, 1175.169, -63.891, -159.547, 4.010, 81.680, 158.176
22, 230.000, 34.798, -62.516, 13.259, -53.965, -20.728, 0.010, 12.918, 111.012
22, 335.000,28.583, -71.360, 1183.832, -20.024, -93.275, 4.010, 85.393, 167.884
23, 230.000, 54.151, -76.549, 8.634, -58.079, 8.360, 0.010, 8.370, 81.809
23, 335.000,54.486, -88.945, 1177.754, 44.797, -146.417, 4.010, 82.593, -162.988
24, 230.000, -20.027, 3.063, 57.959, -8.130, -9.605, 0.010, 77.751, 139.753
24, 335.000,-22.386, 1.590, 1187.241, -31.316, -7.481, 4.010, 88.447, 103.436
25, 230.000, 22.720, 20.332, 28.915, -50.110, -13.059, 0.010, 29.179, 104.607
25, 335.000,15.200, 19.089, 1187.180, -33.670, 5.225, 4.010, 88.356, 81.179
26, 230.000, 14.038, 66.451, 41.597, 13.591, -40.033, 0.010, 44.535, -161.249
26, 335.000,17.358, 64.747, 1187.071, 29.058, 23.983, 4.010, 88.182, -50.465
27, 230.000, -29.330, -27.612, 18.911, -54.136, -15.144, 0.010, 18.594, 105.629
27, 335.000,-40.272, -31.716, 1184.263, -81.437, -38.049, 4.010, 85.659, 115.043
28, 230.000, -7.354, 51.817, 13.020, 57.182, 8.853, 0.010, 12.681, -81.200
28, 335.000,2.085, 56.456, 1185.147, 55.621, 53.772, 4.010, 86.265, -45.969
29, 230.000, 24.423, 76.950, 45.582, -14.207, -35.186, 0.010, 50.224, 158.013
29, 335.000,24.623, 79.145, 1185.902, 16.530, 62.631, 4.010, 86.874, -14.785
30, 230.000, 32.712, 55.983, 8.585, -8.525, 58.063, 0.010, 8.323, 8.353
30, 335.000,33.837, 70.400, 1180.952, 25.604, 123.507, 4.010, 83.904, -11.712
31, 230.000, 40.060, -33.291, 24.265, 35.442, 40.899, 0.010, 24.150, -40.912
31, 335.000,48.522, -28.275, 1185.356, 72.355, 15.919, 4.010, 86.424, -77.592
32, 230.000, -5.123, 30.996, 31.536, -49.120, 10.503, 0.010, 32.122, 77.931
32, 335.000,-13.813, 34.321, 1185.787, -56.900, 35.051, 4.010, 86.774, 58.366
33, 230.000, -6.805, -0.833, 5.743, -58.529, -7.681, 0.010, 5.557, 97.476
33, 630.000,-40.805, -5.254, 1449.976, -107.447, -13.920, 6.011, 85.727, 97.382
34, 230.000, -45.070, -3.790, 53.637, -23.830, -8.535, 0.010, 64.737, 109.705
34, 335.000,-51.556, -5.431, 1185.997, -61.807, -12.220, 4.010, 86.959, 101.184
35, 230.000, -90.713, 20.234, 11.050, -47.708, -33.458, 0.010, 10.738, 125.042
35, 335.000,-116.991, 18.896, 1159.601, -256.607, 7.252, 4.010, 77.517, 88.381
36, 230.000, 45.944, 43.243, 39.019, -6.192, -44.236, 0.010, 41.139, 172.032
36, 335.000,48.043, 38.767, 1187.082, 36.649, -7.156, 4.010, 88.198, -101.048
37, 230.000, -51.662, -1.888, 7.142, 58.735, 4.106, 0.010, 6.917, -86.001
37, 335.000,-44.361, -1.281, 1187.473, 21.377, 2.899, 4.010, 88.959, -82.276
38, 230.000, -73.117, -51.026, 49.615, -0.587, -32.491, 0.010, 56.777, 178.965
38, 335.000,-84.685, -64.253, 1172.836, -134.712, -129.908, 4.010, 80.934, 133.960
39, 230.000, 8.190, -19.447, 23.433, 19.617, 50.830, 0.010, 23.272, -21.103
39, 630.000,23.594, -7.785, 1452.901, 53.860, 16.041, 6.011, 87.785, -73.415
40, 230.000, 0.916, -53.198, 16.933, -46.450, 32.762, 0.010, 16.589, 54.804
40, 335.000,-7.027, -50.678, 1186.604, -49.437, -9.151, 4.010, 87.574, 100.487
41, 230.000, 23.297, 10.210, 53.337, -17.909, 18.765, 0.010, 64.065, 43.664
41, 335.000,21.397, 13.884, 1187.284, 1.838, 30.169, 4.010, 88.542, -3.486
42, 230.000, 49.976, -46.267, 10.591, 48.589, 32.320, 0.010, 10.286, -56.370
42, 335.000,62.347, -44.496, 1182.684, 107.686, -14.889, 4.010, 84.748, -97.872
43, 230.000, -27.869, -64.252, 37.345, -5.090, -45.794, 0.010, 39.025, 173.658
43, 335.000,-31.173, -77.570, 1180.448, -38.043, -125.111, 4.010, 83.679, 163.087
44, 230.000, 43.344, 17.479, 54.587, -22.521, -5.538, 0.010, 66.981, 103.816
44, 335.000,41.917, 17.497, 1187.599, 10.245, 7.941, 4.010, 89.375, -52.221
45, 230.000, 24.878, 77.149, 46.294, -17.039, -32.928, 0.010, 51.310, 152.640
45, 335.000,24.695, 79.837, 1185.725, 14.323, 66.365, 4.010, 86.723, -12.179
46, 230.000, -82.423, -46.913, 25.125, -42.590, -32.749, 0.010, 25.064, 127.558
46, 335.000,-108.897, -63.352, 1149.711, -254.671, -154.598, 4.010, 75.473, 121.260
47, 230.000, -5.848, -75.671, 12.383, 15.135, 55.993, 0.010, 12.051, -15.126
47, 335.000,-3.803, -72.842, 1187.352, 9.891, -25.595, 4.010, 88.676, -158.870
48, 230.000, -38.358, 0.747, 45.177, -3.629, 38.256, 0.010, 49.615, 5.419
48, 335.000,-40.929, 7.267, 1186.467, -33.376, 41.713, 4.010, 87.422, 38.664
49, 230.000, -17.176, -18.630, 16.220, -56.513, 7.803, 0.010, 15.871, 82.139
49, 335.000,-27.854, -18.166, 1185.300, -74.718, -6.121, 4.010, 86.381, 94.684
50, 230.000, -15.721, 55.349, 11.606, -23.757, -53.090, 0.010, 11.285, 155.893
50, 335.000,-20.787, 49.613, 1186.978, -39.410, -9.346, 4.010, 88.046, 103.341
51, 230.000, 36.464, 60.393, 3.019, -48.941, 33.365, 0.010, 2.918, 55.716
51, 335.000,31.151, 71.230, 1182.987, -12.845, 104.567, 4.010, 84.911, 7.003
52, 230.000, -23.494, -74.892, 34.224, -41.880, 24.339, 0.010, 35.243, 59.836
52, 335.000,-32.818, -78.451, 1183.093, -76.735, -70.440, 4.010, 84.968, 132.551
53, 230.000, -39.104, 19.426, 54.828, -21.685, 6.426, 0.010, 67.583, 73.493
53, 335.000,-44.856, 21.555, 1186.220, -54.258, 22.284, 4.010, 87.169, 67.672
54, 230.000, -61.795, -52.171, 7.390, 0.121, -58.847, 0.010, 7.158, -179.882
54, 335.000,-69.154, -68.326, 1175.494, -91.347, -142.930, 4.010, 81.789, 147.417
55, 230.000, -24.050, 58.432, 32.568, -48.500, -10.234, 0.010, 33.307, 101.915
55, 335.000,-33.984, 60.939, 1184.264, -76.681, 46.869, 4.010, 85.660, 58.566
56, 230.000, 64.574, 69.516, 34.239, 27.028, 40.185, 0.010, 35.260, -33.924
56, 335.000,84.050, 92.258, 1151.828, 190.771, 217.919, 4.010, 75.886, -41.200
57, 230.000, -69.374, -68.518, 11.378, 58.124, 3.124, 0.010, 11.060, -86.924
57, 335.000,-76.892, -84.499, 1169.905, -111.496, -171.501, 4.010, 80.082, 146.971
58, 230.000, 3.394, -74.395, 42.768, 28.065, -30.016, 0.010, 46.145, -136.924
58, 335.000,8.373, -86.548, 1180.419, 35.159, -126.229, 4.010, 83.666, -164.436
59, 230.000, -28.595, 64.433, 26.452, 31.776, -42.523, 0.010, 26.487, -143.230
59, 335.000,-25.465, 62.277, 1187.475, 4.804, 20.901, 4.010, 88.965, -12.945
60, 230.000, -15.275, -32.403, 17.300, -45.295, -34.157, 0.010, 16.960, 127.020
60, 335.000,-23.920, -39.998, 1184.527, -60.489, -61.600, 4.010, 85.831, 135.522
61, 230.000, 39.274, -48.920, 19.058, 47.317, -30.258, 0.010, 18.743, -122.597
61, 335.000,50.357, -57.825, 1181.084, 92.534, -83.888, 4.010, 83.963, -132.194
62, 230.000, 22.077, 76.578, 14.927, -39.798, 41.364, 0.010, 14.577, 43.894
62, 335.000,17.883, 92.177, 1177.504, -12.992, 154.515, 4.010, 82.498, 4.806
63, 230.000, -9.102, -44.238, 42.042, -11.639, 40.183, 0.010, 45.142, 16.153
63, 335.000,-11.556, -39.773, 1187.475, -19.702, 8.394, 4.010, 88.967, 66.924
64, 230.000, -22.845, 59.622, 26.269, -51.198, 14.365, 0.010, 26.290, 74.328
64, 335.000,-33.264, 66.577, 1182.495, -79.460, 77.138, 4.010, 84.650, 45.849
65, 230.000, 90.426, -10.186, 13.081, 49.045, -30.678, 0.010, 12.742, -122.026
65, 335.000,115.385, -17.131, 1160.912, 244.373, -55.993, 4.010, 77.814, -102.905
66, 230.000, -25.781, 68.740, 36.409, -46.476, 5.656, 0.010, 37.871, 83.062
66, 335.000,-35.921, 76.057, 1181.420, -82.382, 89.549, 4.010, 84.120, 42.613
67, 230.000, 42.704, 27.146, 23.990, 45.209, 29.971, 0.010, 23.859, -56.458
67, 335.000,53.088, 33.959, 1183.200, 86.256, 56.167, 4.010, 85.028, -56.929
68, 230.000, -49.556, -83.865, 48.750, -24.489, -23.267, 0.010, 55.281, 133.535
68, 335.000,-67.402, -111.217, 1145.084, -169.329, -266.036, 4.011, 74.603, 147.524
69, 230.000, -31.340, -92.170, 19.829, -40.501, 38.525, 0.010, 19.532, 46.432
69, 335.000,-45.529, -109.059, 1164.050, -127.911, -197.886, 4.010, 78.557, 147.122
70, 230.000, 23.704, -13.876, 12.507, 53.516, -22.300, 0.010, 12.174, -112.622
70, 335.000,34.204, -18.447, 1184.755, 75.631, -34.532, 4.010, 85.986, -114.541
71, 230.000, -45.835, -79.120, 34.069, -39.764, 27.853, 0.010, 35.059, 54.991
71, 335.000,-59.988, -88.015, 1173.767, -133.670, -122.397, 4.010, 81.222, 132.479
72, 230.000, -9.854, -42.609, 9.671, 28.341, -51.194, 0.010, 9.385, -151.031
72, 335.000,-5.472, -53.895, 1184.060, 22.659, -89.706, 4.010, 85.532, -165.824
73, 230.000, 43.978, 87.335, 30.814, 43.665, -25.720, 0.010, 31.302, -120.499
73, 335.000,62.885, 107.242, 1154.935, 172.981, 216.368, 4.011, 76.512, -38.641
74, 230.000, 58.586, 4.141, 49.045, -23.597, -23.567, 0.010, 55.785, 134.963
74, 335.000,58.382, 0.466, 1187.163, 26.969, -21.760, 4.010, 88.328, -128.899
75, 230.000, 81.285, -19.601, 6.507, 53.032, -25.746, 0.010, 6.299, -115.896
75, 335.000,101.276, -26.600, 1170.309, 192.903, -61.065, 4.010, 80.191, -107.566
76, 230.000, -60.228, 75.154, 1.129, -9.075, 58.600, 0.010, 1.091, 8.803
76, 335.000,-78.053, 105.077, 1142.013, -176.611, 274.240, 4.011, 74.059, 32.782
77, 230.000, -34.106, -75.828, 54.578, 23.083, -2.452, 0.010, 66.959, -96.065
77, 335.000,-34.370, -85.126, 1181.974, -24.302, -113.549, 4.010, 84.389, 167.920
78, 230.000, -42.636, 82.590, 29.770, 17.307, 48.289, 0.010, 30.128, -19.718
78, 335.000,-48.390, 106.929, 1161.449, -74.527, 236.769, 4.010, 77.936, 17.472
79, 230.000, -44.503, 31.568, 37.135, -44.209, -13.573, 0.010, 38.764, 107.068
79, 335.000,-54.815, 31.276, 1184.353, -87.648, 13.530, 4.010, 85.718, 81.224
80, 230.000, 60.333, 25.494, 37.718, 7.918, 45.081, 0.010, 39.490, -9.962
80, 335.000,66.332, 35.037, 1183.055, 71.907, 75.942, 4.010, 84.948, -43.437
81, 230.000, 23.578, 83.407, 49.964, -31.303, -6.430, 0.010, 57.398, 101.607
81, 335.000,21.651, 93.409, 1180.882, 3.058, 126.781, 4.010, 83.870, -1.382
82, 230.000, 81.428, -16.295, 24.130, -19.298, -50.626, 0.010, 24.007, 159.134
82, 335.000,87.821, -26.602, 1180.930, 97.674, -80.106, 4.010, 83.894, -129.357
83, 230.000, 88.981, -33.875, 20.095, 51.623, -21.187, 0.010, 19.805, -112.314
83, 335.000,119.306, -45.667, 1146.947, 287.631, -111.242, 4.010, 74.950, -111.144
84, 230.000, -75.347, 5.202, 49.119, -19.767, -26.724, 0.010, 55.912, 143.511
84, 335.000,-85.911, 1.306, 1181.721, -116.492, -22.865, 4.010, 84.263, 101.105
85, 230.000, 69.115, 37.543, 37.334, -32.888, -32.283, 0.010, 39.011, 134.469
85, 335.000,70.339, 35.825, 1186.570, 49.815, 11.204, 4.010, 87.536, -77.324
86, 230.000, 70.206, 22.955, 42.607, 18.337, 36.960, 0.010, 45.920, -26.387
86, 335.000,79.889, 31.258, 1180.852, 106.726, 68.970, 4.010, 83.858, -57.128
87, 230.000, -27.486, -81.968, 55.624, 6.264, 19.604, 0.010, 69.696, -17.719
87, 335.000,-30.040, -89.437, 1182.212, -36.456, -107.693, 4.010, 84.507, 161.298
88, 230.000, 77.203, 59.920, 50.620, 19.396, -24.065, 0.010, 58.592, -141.132
88, 335.000,101.224, 72.486, 1155.173, 237.704, 140.383, 4.011, 76.560, -59.435
89, 230.000, -69.789, -54.671, 31.828, 47.169, 16.725, 0.010, 32.455, -70.477
89, 335.000,-71.610, -59.379, 1183.961, -61.561, -70.759, 4.010, 85.471, 138.976
90, 230.000, -35.309, 90.638, 29.305, -31.163, 41.083, 0.010, 29.610, 37.182
90, 335.000,-50.645, 123.803, 1137.590, -138.700, 311.924, 4.011, 73.296, 23.973
91, 230.000, -30.671, -14.359, 27.438, -52.365, 4.758, 0.010, 27.557, 84.809
91, 335.000,-41.233, -14.264, 1184.983, -79.628, -5.772, 4.010, 86.146, 94.146
92, 230.000, 8.780, -17.921, 17.081, 43.779, 36.184, 0.010, 16.738, -50.426
92, 335.000,16.886, -12.487, 1185.869, 62.199, 19.281, 4.010, 86.857, -72.777
93, 230.000, -37.072, -86.195, 35.967, 46.891, -5.018, 0.010, 37.332, -96.109
93, 335.000,-36.672, -103.422, 1172.187, -26.271, -189.378, 4.010, 80.736, 172.102
94, 230.000, -5.380, -56.484, 32.469, 17.300, 46.520, 0.010, 33.192, -20.399
94, 335.000,-2.772, -52.017, 1187.584, 14.066, 1.733, 4.010, 89.316, -82.978
95, 230.000, 45.889, -53.782, 10.518, -43.536, -38.879, 0.010, 10.215, 131.766
95, 335.000,42.346, -64.966, 1183.174, 3.736, -103.156, 4.010, 85.014, -177.926
96, 230.000, -37.907, -34.101, 53.458, 0.915, 25.672, 0.010, 64.334, -2.041
96, 335.000,-39.925, -31.758, 1187.283, -30.282, -0.494, 4.010, 88.539, 90.934
97, 230.000, -82.227, 33.591, 32.226, -46.875, -16.788, 0.010, 32.912, 109.705
97, 335.000,-103.122, 36.271, 1168.783, -206.351, 43.924, 4.010, 79.768, 77.983
98, 230.000, 13.007, 35.685, 19.141, -52.056, -21.010, 0.010, 18.828, 111.979
98, 335.000,4.644, 33.841, 1186.762, -46.064, 5.488, 4.010, 87.761, 83.206
99, 230.000, 73.314, -42.317, 26.437, -11.715, -51.783, 0.010, 26.472, 167.253
99, 335.000,80.944, -56.381, 1176.561, 103.224, -124.925, 4.010, 82.158, -140.434
100, 230.000, 22.680, 32.087, 31.507, -17.321, 47.169, 0.010, 32.089, 20.163
100, 335.000,20.900, 41.845, 1185.260, -1.086, 75.604, 4.010, 86.350, 0.823
101, 230.000, 42.899, -77.420, 34.939, -47.303, -7.700, 0.010, 36.093, 99.245
101, 335.000,41.373, -89.765, 1179.115, 20.424, -140.813, 4.010, 83.119, -171.747
102, 230.000, 21.106, 7.818, 45.678, 19.900, -32.173, 0.010, 50.369, -148.262
102, 335.000,25.521, 2.710, 1186.608, 41.500, -28.297, 4.010, 87.576, -124.288
103, 230.000, -1.950, -15.978, 35.951, 22.091, -41.679, 0.010, 37.312, -152.075
103, 335.000,1.760, -23.931, 1185.780, 22.764, -62.797, 4.010, 86.776, -160.075
104, 230.000, -58.677, 38.231, 56.877, 8.115, 14.724, 0.010, 73.533, -28.859
104, 335.000,-62.164, 43.798, 1184.936, -55.704, 58.136, 4.010, 86.113, 43.777
105, 230.000, -24.220, 76.591, 23.574, 41.595, -35.096, 0.010, 23.420, -130.156
105, 335.000,-19.745, 78.492, 1186.051, 14.605, 60.236, 4.010, 87.009, -13.629
106, 230.000, 40.195, -89.895, 13.088, -55.131, -17.518, 0.010, 12.749, 107.628
106, 335.000,43.412, -119.257, 1150.949, 57.233, -287.605, 4.011, 75.706, -168.745
107, 230.000, -43.857, -26.236, 50.207, -30.024, -9.769, 0.010, 57.835, 108.024
107, 335.000,-51.531, -29.453, 1185.148, -69.946, -33.005, 4.010, 86.266, 115.261
108, 230.000, -20.474, 58.915, 46.505, 18.570, 31.781, 0.010, 51.639, -30.298
108, 335.000,-18.851, 68.488, 1184.018, -0.138, 93.056, 4.010, 85.506, 0.085
109, 230.000, -63.009, 62.759, 53.932, -24.673, 0.476, 0.010, 65.413, 88.896
109, 335.000,-76.699, 72.533, 1173.629, -141.770, 114.272, 4.010, 81.181, 51.130
110, 230.000, -8.242, -48.875, 15.494, 57.010, -5.240, 0.010, 15.144, -95.252
110, 335.000,1.131, -52.590, 1185.513, 54.793, -45.999, 4.010, 86.547, -130.013
111, 230.000, -46.121, -86.035, 4.710, -34.435, -48.060, 0.010, 4.555, 144.378
111, 335.000,-66.298, -121.056, 1129.259, -181.483, -320.124, 4.011, 71.951, 150.450
112, 230.000, -28.773, 60.555, 17.769, -16.096, -54.248, 0.010, 17.434, 163.473
112, 335.000,-33.621, 55.760, 1186.768, -46.226, 1.248, 4.010, 87.769, 88.453
113, 230.000, -24.393, 58.028, 13.501, -20.798, -53.878, 0.010, 13.158, 158.892
113, 335.000,-29.612, 52.727, 1186.792, -45.451, -4.208, 4.010, 87.797, 95.289
114, 230.000, -70.929, 51.115, 36.154, 23.149, -40.922, 0.010, 37.559, -150.504
114, 335.000,-76.396, 51.118, 1183.996, -86.400, 35.306, 4.010, 85.493, 67.773
115, 230.000, -16.285, -65.372, 48.458, -10.909, -32.410, 0.010, 54.790, 161.397
115, 335.000,-19.422, -76.070, 1182.486, -29.699, -106.781, 4.010, 84.645, 164.457
116, 230.000, 62.862, 69.254, 21.749, 44.576, -32.521, 0.010, 21.513, -126.113
116, 335.000,82.370, 77.588, 1167.326, 187.005, 113.853, 4.010, 79.377, -58.666
117, 230.000, -17.279, -70.163, 29.214, 45.743, -23.912, 0.010, 29.510, -117.598
117, 335.000,-11.138, -80.422, 1182.321, 30.017, -108.507, 4.010, 84.561, -164.537
118, 230.000, -27.433, 4.314, 58.673, 2.190, -8.389, 0.010, 81.594, -165.369
118, 335.000,-28.389, 3.110, 1187.476, -20.741, -5.501, 4.010, 88.965, 104.855
119, 230.000, -21.795, -12.914, 2.735, -24.054, -54.144, 0.010, 2.643, 156.046
119, 335.000,-27.084, -23.077, 1184.921, -42.740, -68.517, 4.010, 86.101, 148.045
120, 230.000, 11.386, 76.375, 17.208, 18.277, 53.735, 0.010, 16.866, -18.784
120, 335.000,15.712, 93.792, 1175.540, 36.072, 165.424, 4.010, 81.804, -12.301
121, 230.000, 31.296, 37.589, 44.856, -28.404, 26.433, 0.010, 49.140, 47.059
121, 335.000,28.284, 44.188, 1186.176, -4.918, 59.312, 4.010, 87.128, 4.740
122, 230.000, 22.153, 69.107, 0.281, 16.156, 57.066, 0.010, 0.271, -15.807
122, 335.000,27.079, 85.619, 1177.235, 45.800, 150.268, 4.010, 82.399, -16.951
123, 230.000, 38.150, -10.322, 6.116, -35.598, -47.043, 0.010, 5.919, 142.884
123, 335.000,33.875, -19.078, 1186.177, -8.846, -58.844, 4.010, 87.128, 171.451
124, 230.000, -62.165, -11.187, 41.095, 42.764, -0.295, 0.010, 43.859, -90.396
124, 335.000,-59.208, -11.994, 1187.560, -11.925, -10.805, 4.010, 89.224, 132.181
125, 230.000, 6.744, -86.505, 50.898, -23.117, -19.814, 0.010, 59.113, 130.601
125, 335.000,3.963, -101.890, 1175.638, -14.403, -168.001, 4.010, 81.838, 175.100
126, 230.000, 52.935, 30.204, 0.972, -21.632, -55.216, 0.010, 0.939, 158.606
126, 335.000,52.629, 22.594, 1186.969, 24.464, -32.620, 4.010, 88.033, -143.131
127, 230.000, 44.665, -31.625, 32.564, -16.173, 46.857, 0.010, 33.302, 19.043
127, 335.000,44.569, -25.543, 1187.255, 20.308, 23.843, 4.010, 88.489, -40.423
128, 230.000, 21.155, 3.926, 23.208, -11.307, 53.396, 0.010, 23.036, 11.956
128, 335.000,20.224, 13.401, 1185.940, 8.328, 63.567, 4.010, 86.906, -7.464
129, 230.000, 71.021, -15.392, 17.767, 31.805, 46.802, 0.010, 17.432, -34.199
129, 335.000,82.899, -8.876, 1181.116, 120.105, 33.142, 4.010, 83.978, -74.574
130, 230.000, -95.432, -1.986, 0.910, -0.435, -59.301, 0.010, 0.880, 179.580
130, 335.000,-116.786, -12.016, 1163.074, -229.524, -72.065, 4.011, 78.314, 107.431
131, 230.000, -61.495, -8.851, 2.635, -30.289, -50.924, 0.010, 2.547, 149.257
131, 335.000,-71.297, -18.323, 1182.064, -95.386, -64.677, 4.010, 84.432, 124.139
132, 230.000, -53.622, 34.311, 16.023, 4.930, 56.891, 0.010, 15.673, -4.952
132, 335.000,-56.809, 46.623, 1182.643, -49.480, 97.283, 4.010, 84.727, 26.959
133, 230.000, 64.003, -7.235, 7.065, 33.294, 48.572, 0.010, 6.841, -34.429
133, 335.000,74.636, 0.574, 1182.319, 102.921, 45.671, 4.010, 84.560, -66.071
134, 230.000, -44.938, 63.980, 29.578, -42.197, 29.364, 0.010, 29.914, 55.167
134, 335.000,-56.951, 75.964, 1176.290, -109.630, 121.995, 4.010, 82.062, 41.944
135, 230.000, -74.997, -43.856, 13.322, -28.200, -50.447, 0.010, 12.980, 150.795
135, 335.000,-91.127, -58.925, 1168.202, -166.020, -135.300, 4.010, 79.611, 129.179
136, 230.000, -39.012, -64.739, 9.343, 41.031, -41.795, 0.010, 9.064, -135.529
136, 335.000,-35.865, -78.168, 1180.739, -3.911, -128.048, 4.010, 83.808, 178.250
137, 230.000, -87.626, -7.081, 45.515, 37.999, -1.436, 0.010, 50.123, -92.164
137, 335.000,-93.214, -8.259, 1183.428, -99.408, -13.044, 4.010, 85.157, 97.475
138, 230.000, -33.525, -34.078, 20.419, 23.322, -50.564, 0.010, 20.138, -155.239
138, 335.000,-31.433, -44.740, 1184.783, -2.459, -82.713, 4.010, 86.005, 178.297
139, 230.000, 37.691, 41.861, 34.063, 15.431, -46.035, 0.010, 35.053, -161.468
139, 335.000,42.636, 36.647, 1186.560, 49.563, -13.245, 4.010, 87.524, -104.962
140, 230.000, -14.801, -98.569, 41.510, -21.404, -36.558, 0.010, 44.417, 149.652
140, 335.000,-25.617, -153.408, 1091.526, -87.285, -461.474, 4.015, 66.719, 169.289
141, 230.000, -47.819, 60.640, 58.258, 9.691, -5.451, 0.010, 79.194, -119.356
141, 335.000,-50.877, 65.633, 1184.561, -49.417, 70.177, 4.010, 85.856, 35.152
142, 230.000, 77.098, 58.406, 40.683, 38.813, -18.871, 0.010, 43.309, -115.929
142, 335.000,103.051, 70.459, 1153.267, 249.725, 134.629, 4.010, 76.180, -61.671
143, 230.000, 58.258, 58.552, 17.974, -9.890, -55.649, 0.010, 17.641, 169.922
143, 335.000,62.934, 55.646, 1185.535, 68.705, 18.436, 4.010, 86.566, -74.979
144, 230.000, 63.782, 43.869, 14.057, 29.839, 49.292, 0.010, 13.710, -31.188
144, 335.000,75.812, 57.001, 1175.769, 121.526, 115.576, 4.010, 81.882, -46.438
145, 230.000, 78.456, 15.544, 39.350, -24.102, -37.260, 0.010, 41.565, 147.103
145, 335.000,82.519, 11.000, 1185.051, 76.028, -20.750, 4.010, 86.195, -105.266
146, 230.000, 58.203, -32.737, 46.748, 34.276, 12.547, 0.010, 52.018, -69.894
146, 335.000,68.517, -33.239, 1183.296, 99.578, -21.272, 4.010, 85.082, -102.058
147, 230.000, 50.492, 15.975, 13.040, 44.306, -37.210, 0.010, 12.701, -130.024
147, 335.000,61.304, 10.546, 1183.762, 92.597, -26.263, 4.010, 85.352, -105.835
148, 230.000, -92.995, 23.437, 40.159, -31.363, -30.352, 0.010, 42.619, 134.062
148, 335.000,-120.319, 24.269, 1155.987, -271.311, 25.157, 4.010, 76.737, 84.702
149, 230.000, -60.033, 42.584, 44.370, 36.891, 13.713, 0.010, 48.426, -69.609
149, 335.000,-59.149, 48.559, 1185.602, -28.569, 63.932, 4.010, 86.620, 24.079
150, 230.000, 8.311, 36.397, 54.658, -22.103, -6.449, 0.010, 67.156, 106.266
150, 335.000,5.009, 37.135, 1187.353, -17.365, 21.174, 4.010, 88.679, 39.354
151, 230.000, -66.572, -21.703, 36.083, 18.917, 43.102, 0.010, 37.473, -23.695
151, 335.000,-68.670, -16.209, 1186.371, -50.043, 23.994, 4.010, 87.322, 64.383
152, 230.000, -20.568, 41.487, 22.045, -38.046, -39.802, 0.010, 21.820, 136.292
152, 335.000,-28.237, 36.900, 1186.239, -57.413, -9.864, 4.010, 87.189, 99.749
153, 230.000, -32.140, 92.083, 5.050, -21.366, -55.096, 0.010, 4.884, 158.804
153, 335.000,-43.226, 105.463, 1170.254, -106.142, 172.483, 4.010, 80.182, 31.607
154, 230.000, 2.688, -43.112, 14.080, -42.289, 39.128, 0.010, 13.733, 47.223
154, 335.000,-4.509, -38.571, 1186.840, -43.561, 8.385, 4.010, 87.859, 79.105
155, 230.000, 81.302, 31.793, 6.042, -57.220, -14.386, 0.010, 5.847, 104.112
155, 335.000,82.014, 33.397, 1185.650, 60.933, 32.733, 4.010, 86.661, -61.755
156, 230.000, -54.401, -54.812, 58.758, -1.370, -7.956, 0.010, 82.176, 170.230
156, 335.000,-60.038, -61.564, 1182.885, -71.323, -79.095, 4.010, 84.855, 137.958
157, 230.000, 40.309, 69.937, 18.439, -56.367, -0.654, 0.010, 18.113, 90.665
157, 335.000,35.147, 77.204, 1184.001, -8.439, 92.873, 4.010, 85.497, 5.192
158, 230.000, -72.818, -37.951, 38.130, 18.495, -41.493, 0.010, 40.009, -155.975
158, 335.000,-78.229, -49.173, 1180.323, -84.882, -100.951, 4.010, 83.624, 139.942
159, 230.000, -74.053, 44.185, 33.111, -45.901, -17.732, 0.010, 33.937, 111.122
159, 335.000,-92.097, 47.562, 1173.112, -177.000, 55.130, 4.010, 81.020, 72.700
160, 230.000, -27.898, 28.173, 23.561, 53.692, 8.925, 0.010, 23.407, -80.562
160, 335.000,-20.059, 31.147, 1186.696, 36.183, 31.640, 4.010, 87.681, -48.832
161, 230.000, -51.403, -64.953, 42.918, -35.233, 20.840, 0.010, 46.355, 59.397
161, 335.000,-63.296, -69.292, 1179.816, -115.151, -72.980, 4.010, 83.409, 122.365
162, 230.000, -79.040, -32.465, 40.098, 43.694, -0.771, 0.010, 42.538, -91.011
162, 335.000,-81.485, -36.516, 1184.607, -69.523, -49.312, 4.010, 85.884, 125.348
163, 230.000, -63.405, 5.381, 55.456, 12.746, 16.727, 0.010, 69.232, -37.308
163, 335.000,-65.774, 8.533, 1186.474, -47.857, 23.376, 4.010, 87.430, 63.966
164, 230.000, -2.876, 30.197, 31.026, 33.373, -37.964, 0.010, 31.542, -138.682
164, 335.000,2.731, 25.151, 1187.097, 34.232, -13.772, 4.010, 88.220, -111.916
165, 230.000, 8.463, 68.967, 9.414, 57.388, -11.645, 0.010, 9.133, -101.470
165, 335.000,18.963, 72.601, 1183.830, 72.176, 62.419, 4.010, 85.392, -49.146
166, 230.000, 59.803, 53.871, 22.591, -47.104, -28.081, 0.010, 22.390, 120.801
166, 335.000,57.953, 54.594, 1186.798, 24.725, 38.101, 4.010, 87.808, -32.981
167, 230.000, 13.740, -37.991, 9.740, 40.096, 42.604, 0.010, 9.452, -43.263
167, 335.000,21.436, -32.516, 1186.326, 54.005, 16.451, 4.010, 87.275, -73.058
168, 230.000, -32.731, 84.693, 14.422, -45.376, 35.364, 0.010, 14.074, 52.069
168, 335.000,-46.196, 106.061, 1162.056, -118.816, 214.655, 4.010, 78.078, 28.966
169, 230.000, 78.633, -60.093, 51.231, 27.427, -11.863, 0.010, 59.745, -113.391
169, 335.000,109.941, -82.599, 1131.776, 290.781, -211.957, 4.010, 72.363, -126.089
170, 230.000, 1.211, -10.982, 10.801, -44.337, 37.885, 0.010, 10.492, 49.487
170, 630.000,-20.100, 0.286, 1452.463, -62.261, 22.827, 6.011, 87.386, 69.866
171, 230.000, 3.661, 8.196, 1.636, 44.586, -39.077, 0.010, 1.581, -131.233
171, 630.000,28.589, -5.702, 1451.534, 77.600, -33.263, 6.011, 86.671, -113.202
172, 230.000, -34.808, 10.171, 14.873, 8.248, 56.819, 0.010, 14.523, -8.259
172, 335.000,-35.135, 20.563, 1185.526, -17.765, 69.075, 4.010, 86.557, 14.423
173, 230.000, -24.801, -82.885, 22.146, 52.419, -16.717, 0.010, 21.925, -107.689
173, 335.000,-19.556, -96.960, 1177.385, 17.830, -154.963, 4.010, 82.453, -173.437
174, 230.000, 24.408, -87.431, 45.097, 38.084, -5.784, 0.010, 49.497, -98.636
174, 335.000,34.649, -103.157, 1171.030, 90.153, -176.382, 4.010, 80.399, -152.927
175, 230.000, -42.868, 66.523, 1.864, 57.718, -13.521, 0.010, 1.801, -103.184
175, 335.000,-37.289, 70.758, 1185.626, 9.728, 68.964, 4.010, 86.638, -8.029
176, 230.000, 10.457, 50.799, 55.313, 20.211, 7.044, 0.010, 68.846, -70.784
176, 335.000,14.455, 54.998, 1186.189, 30.662, 50.729, 4.010, 87.139, -31.150
177, 230.000, -32.332, 13.346, 22.794, 35.668, 41.544, 0.010, 22.602, -40.648
177, 335.000,-27.773, 21.191, 1186.303, 13.305, 55.351, 4.010, 87.253, -13.516
178, 230.000, 46.518, -63.922, 54.987, -9.071, 20.292, 0.010, 67.991, 24.086
178, 335.000,49.717, -67.042, 1185.083, 50.096, -60.230, 4.010, 86.218, -140.248
179, 230.000, -71.013, -15.041, 16.709, -13.226, -55.349, 0.010, 16.363, 166.561
179, 335.000,-79.767, -25.800, 1180.819, -99.856, -79.078, 4.010, 83.843, 128.377
180, 230.000, -9.792, 29.388, 14.453, -7.197, 57.070, 0.010, 14.104, 7.188
180, 335.000,-11.532, 40.789, 1184.622, -15.138, 83.658, 4.010, 85.895, 10.257
181, 230.000, 7.738, 55.867, 37.390, -6.732, -45.545, 0.010, 39.081, 171.592
181, 335.000,7.068, 51.543, 1187.668, -0.638, -1.310, 4.010, 89.930, 154.016
182, 230.000, -65.069, -44.671, 29.639, -40.301, 31.859, 0.010, 29.983, 51.673
182, 335.000,-78.756, -44.167, 1179.901, -133.195, -25.517, 4.010, 83.443, 100.845
183, 230.000, 19.260, 35.936, 21.288, 46.016, -30.774, 0.010, 21.034, -123.773
183, 335.000,28.207, 32.495, 1185.902, 64.538, -5.288, 4.010, 86.875, -94.684
184, 230.000, 7.410, 44.119, 34.548, -38.402, -29.144, 0.010, 35.627, 127.195
184, 335.000,1.254, 41.484, 1187.132, -35.534, 3.333, 4.010, 88.278, 84.642
185, 230.000, 33.783, 66.962, 44.934, -14.576, -35.862, 0.010, 49.255, 157.881
185, 335.000,34.346, 66.925, 1186.830, 23.120, 38.193, 4.010, 87.846, -31.188
186, 230.000, -35.912, 82.928, 10.466, 28.676, -50.851, 0.010, 10.164, -150.580
186, 335.000,-36.376, 86.513, 1184.283, -29.236, 84.704, 4.010, 85.673, 19.043
187, 230.000, -25.785, 8.014, 11.461, -38.650, 43.502, 0.010, 11.142, 41.620
187, 335.000,-33.793, 16.009, 1184.897, -61.315, 53.074, 4.010, 86.085, 49.121
188, 230.000, 14.091, -5.340, 39.484, -4.180, -44.059, 0.010, 41.738, 174.581
188, 630.000,21.769, -30.678, 1451.243, 36.355, -80.776, 6.010, 86.507, -155.769
189, 230.000, 46.111, -6.768, 11.805, -35.144, 46.294, 0.010, 11.481, 37.204
189, 335.000,42.494, 0.901, 1186.830, -1.332, 44.609, 4.010, 87.847, 1.711
190, 230.000, -33.422, -9.661, 24.396, -53.399, -8.429, 0.010, 24.288, 98.971
190, 335.000,-44.342, -11.609, 1184.655, -82.944, -16.434, 4.010, 85.917, 101.207
191, 230.000, 97.682, -13.649, 55.717, -17.404, -10.507, 0.010, 69.955, 121.120
191, 335.000,123.409, -19.230, 1155.792, 268.497, -52.080, 4.011, 76.687, -100.977
192, 230.000, -98.367, 12.564, 23.934, 48.583, -24.176, 0.010, 23.800, -116.456
192, 335.000,-119.661, 12.513, 1163.388, -237.972, 10.112, 4.009, 78.429, 87.567
193, 230.000, -90.643, -28.631, 2.956, 57.572, 13.941, 0.010, 2.857, -76.388
193, 335.000,-98.328, -31.740, 1180.158, -125.602, -44.456, 4.010, 83.559, 109.491
194, 230.000, -22.220, -66.520, 17.157, -3.289, 56.678, 0.010, 16.815, 3.321
194, 335.000,-24.490, -62.024, 1187.349, -26.626, -7.078, 4.010, 88.671, 104.886
195, 230.000, -72.156, 62.717, 50.520, -20.260, 23.556, 0.010, 58.408, 40.697
195, 335.000,-92.451, 81.294, 1155.515, -203.796, 183.844, 4.010, 76.638, 47.946
196, 230.000, -74.380, -22.837, 45.932, -23.059, -29.601, 0.010, 50.754, 142.082
196, 335.000,-86.042, -30.125, 1179.295, -125.676, -63.471, 4.010, 83.192, 116.795
197, 230.000, -44.878, -65.296, 55.892, -9.548, -17.393, 0.010, 70.455, 151.234
197, 335.000,-51.279, -75.179, 1180.498, -72.004, -108.628, 4.010, 83.700, 146.462
198, 230.000, -7.995, -21.120, 23.791, -28.592, 46.197, 0.010, 23.649, 31.754
198, 630.000,-27.655, -12.884, 1452.482, -66.281, 4.311, 6.011, 87.382, 86.278
199, 230.000, 61.625, -11.010, 9.450, -50.131, 30.252, 0.010, 9.168, 58.891
199, 335.000,57.085, -6.536, 1187.449, 2.172, 22.740, 4.010, 88.898, -5.455
200, 230.000, 37.993, 70.434, 41.530, 16.510, 38.992, 0.010, 44.444, -22.948
200, 335.000,45.103, 84.997, 1176.504, 73.218, 145.042, 4.010, 82.137, -26.785
201, 230.000, -93.819, -15.937, 54.622, -19.865, 11.811, 0.010, 67.066, 59.265
201, 335.000,-117.743, -17.615, 1161.553, -246.549, -24.785, 4.011, 77.958, 95.741
202, 230.000, -41.765, -19.213, 42.614, 10.734, 39.831, 0.010, 45.931, -15.082
202, 335.000,-42.194, -13.504, 1187.153, -21.519, 27.651, 4.010, 88.309, 37.892
203, 230.000, -26.660, 63.489, 55.791, 20.115, 0.640, 0.010, 70.165, -88.176
203, 335.000,-25.452, 68.621, 1185.680, -6.515, 68.411, 4.010, 86.683, 5.440
204, 230.000, -17.942, 40.200, 54.633, -7.561, 21.812, 0.010, 67.093, 19.120
204, 335.000,-20.185, 46.043, 1186.167, -22.374, 55.365, 4.010, 87.118, 22.005
205, 230.000, -94.192, 2.502, 18.808, -16.445, 53.791, 0.010, 18.489, 16.999
205, 335.000,-116.715, 11.704, 1162.301, -234.978, 66.620, 4.011, 78.133, 74.171
206, 230.000, 64.551, 62.054, 27.810, 45.480, 25.996, 0.010, 27.962, -60.248
206, 335.000,83.065, 76.956, 1164.562, 177.741, 150.895, 4.010, 78.679, -49.670
207, 230.000, 76.749, -58.026, 59.248, -2.381, -1.276, 0.010, 87.390, 118.197
207, 335.000,94.150, -71.660, 1163.796, 187.322, -145.084, 4.010, 78.492, -127.758
208, 230.000, -91.797, -8.127, 51.641, 13.602, -25.805, 0.010, 60.539, -152.206
208, 335.000,-105.460, -13.622, 1175.151, -165.912, -44.940, 4.010, 81.678, 105.156
209, 230.000, -53.333, -44.764, 37.043, 22.318, -40.588, 0.010, 38.650, -151.196
209, 335.000,-54.024, -55.269, 1183.434, -34.655, -94.015, 4.010, 85.160, 159.765
210, 230.000, -43.343, -6.519, 0.634, -53.936, -24.661, 0.010, 0.612, 114.572
210, 335.000,-55.250, -11.211, 1183.533, -93.716, -31.999, 4.010, 85.217, 108.852
211, 230.000, -2.705, -57.710, 43.711, -27.982, 28.706, 0.010, 47.476, 44.268
211, 335.000,-7.576, -56.514, 1187.053, -32.628, -19.992, 4.010, 88.154, 121.497
212, 230.000, -88.560, 9.899, 32.671, -13.953, 47.492, 0.010, 33.426, 16.373
212, 335.000,-104.806, 19.182, 1171.989, -178.598, 71.499, 4.010, 80.678, 68.182
213, 230.000, -8.134, 69.658, 22.177, -36.012, -41.581, 0.010, 21.957, 139.105
213, 335.000,-14.864, 68.115, 1186.365, -47.953, 28.230, 4.010, 87.315, 59.515
214, 230.000, 61.224, -20.866, 41.998, -10.100, 40.642, 0.010, 45.082, 13.956
214, 335.000,63.907, -15.555, 1186.421, 48.990, 23.713, 4.010, 87.373, -64.171
215, 230.000, 47.503, 8.412, 1.910, 56.084, 19.199, 0.010, 1.845, -71.103
215, 335.000,60.160, 12.273, 1182.996, 101.454, 28.014, 4.010, 84.916, -74.564
216, 230.000, 3.311, -97.109, 24.133, -48.254, -24.633, 0.010, 24.010, 117.044
216, 335.000,-3.450, -127.510, 1148.690, -45.465, -298.529, 4.011, 75.271, 171.340
217, 230.000, 42.665, -72.920, 0.478, 52.649, 27.304, 0.010, 0.462, -62.588
217, 335.000,56.938, -77.603, 1178.152, 125.195, -82.748, 4.010, 82.741, -123.463
218, 230.000, 19.050, 52.078, 47.821, -35.002, -2.376, 0.010, 53.736, 93.884
218, 335.000,14.349, 54.876, 1186.712, -21.235, 42.669, 4.010, 87.700, 26.458
219, 230.000, -10.693, -46.684, 6.619, -28.155, 51.779, 0.010, 6.408, 28.535
219, 335.000,-16.178, -40.210, 1186.883, -38.959, 18.638, 4.010, 87.916, 64.434
220, 230.000, -9.140, 24.540, 12.008, -57.924, 4.278, 0.010, 11.681, 85.776
220, 335.000,-19.711, 26.472, 1185.361, -70.033, 23.925, 4.010, 86.427, 71.139
221, 230.000, -3.853, 29.813, 44.896, 26.604, -28.181, 0.010, 49.199, -136.649
221, 335.000,0.488, 26.477, 1187.381, 25.775, -4.295, 4.010, 88.739, -99.460
222, 230.000, -31.103, 71.110, 18.153, 6.490, -56.089, 0.010, 17.823, -173.400
222, 335.000,-32.883, 68.255, 1187.050, -30.169, 23.604, 4.010, 88.152, 51.961
223, 230.000, 17.101, 31.371, 25.317, -45.404, -28.552, 0.010, 25.269, 122.163
223, 335.000,10.116, 28.005, 1187.136, -35.248, -5.045, 4.010, 88.282, 98.145
224, 230.000, 43.979, 84.972, 53.056, -24.466, 10.203, 0.010, 63.452, 67.362
224, 335.000,49.902, 105.410, 1165.483, 77.779, 214.947, 4.011, 78.903, -19.893
225, 230.000, 5.605, -90.446, 30.405, -7.465, -50.373, 0.010, 30.841, 171.570
225, 335.000,5.405, -114.990, 1162.926, 3.008, -241.166, 4.010, 78.283, -179.285
226, 230.000, 1.604, 29.459, 49.783, -32.148, 2.406, 0.010, 57.075, 85.721
226, 335.000,-3.764, 31.293, 1186.908, -33.537, 26.195, 4.010, 87.947, 52.008
227, 230.000, 7.123, -22.075, 31.384, -50.013, -5.600, 0.010, 31.949, 96.389
227, 335.000,-1.161, -24.124, 1186.337, -48.775, -28.185, 4.010, 87.281, 120.022
228, 230.000, 50.007, 29.300, 30.159, 50.219, 9.281, 0.010, 30.564, -79.530
228, 335.000,61.989, 32.898, 1182.629, 102.438, 38.115, 4.010, 84.720, -69.591
229, 230.000, -34.099, 61.166, 41.774, 40.994, -9.595, 0.010, 44.776, -103.173
229, 335.000,-29.976, 64.418, 1186.379, 8.402, 54.678, 4.010, 87.330, -8.735
230, 230.000, -69.056, 48.429, 32.251, -37.473, -32.761, 0.010, 32.941, 131.162
230, 335.000,-84.042, 49.233, 1177.562, -149.593, 39.122, 4.010, 82.519, 75.344
231, 230.000, -39.979, -64.929, 56.010, -3.259, -19.233, 0.010, 70.798, 170.384
231, 335.000,-44.457, -74.482, 1181.852, -54.565, -103.954, 4.010, 84.327, 152.305
232, 230.000, 56.204, 30.669, 0.775, -17.773, -56.579, 0.010, 0.748, 162.561
232, 335.000,57.010, 23.000, 1186.737, 34.034, -32.487, 4.010, 87.730, -133.668
233, 230.000, -43.571, 4.701, 10.276, 38.356, 44.056, 0.010, 9.977, -41.043
233, 335.000,-39.193, 12.613, 1186.541, 7.203, 51.258, 4.010, 87.502, -8.000
234, 230.000, -53.049, 65.962, 55.624, 2.083, 20.475, 0.010, 69.696, -5.809
234, 335.000,-59.532, 77.749, 1178.143, -81.026, 126.373, 4.010, 82.739, 32.667
235, 230.000, 74.203, 55.278, 2.842, -38.758, 44.804, 0.010, 2.746, 40.862
235, 335.000,81.267, 72.595, 1171.421, 107.763, 163.535, 4.010, 80.509, -33.383
236, 230.000, 47.956, 58.392, 11.584, -33.286, 47.702, 0.010, 11.263, 34.907
236, 335.000,47.012, 72.193, 1180.661, 23.835, 126.605, 4.010, 83.773, -10.662
237, 230.000, 30.063, -75.141, 2.836, -31.505, -50.170, 0.010, 2.741, 147.872
237, 335.000,28.313, -92.579, 1175.828, 9.224, -167.041, 4.010, 81.902, -176.839
238, 230.000, -75.567, 43.396, 47.208, 10.868, 34.219, 0.010, 52.745, -17.620
238, 335.000,-84.441, 55.030, 1176.829, -115.158, 111.256, 4.010, 82.252, 45.987
239, 230.000, -58.538, 61.523, 55.748, 2.531, -20.086, 0.010, 70.041, -172.817
239, 335.000,-65.334, 65.856, 1182.421, -85.988, 71.061, 4.010, 84.611, 50.429
240, 230.000, 33.027, -78.843, 31.772, 46.324, -19.033, 0.010, 32.391, -112.336
240, 335.000,45.237, -92.953, 1172.910, 106.974, -152.969, 4.010, 80.958, -145.034
241, 230.000, -41.629, -44.089, 36.684, -43.375, 17.044, 0.010, 38.208, 68.549
241, 335.000,-51.846, -44.287, 1184.222, -87.202, -23.918, 4.010, 85.634, 105.338
242, 230.000, -2.134, 19.367, 1.383, 4.824, -59.097, 0.010, 1.336, -175.333
242, 630.000,-1.205, 3.265, 1453.696, 0.672, -28.927, 6.011, 88.860, -178.670
243, 230.000, -2.784, 91.704, 18.982, 50.411, 24.821, 0.010, 18.666, -63.786
243, 335.000,4.915, 112.529, 1166.565, 51.171, 216.951, 4.010, 79.182, -13.271
244, 230.000, 31.397, -55.329, 4.920, 34.106, 48.272, 0.010, 4.758, -35.242
244, 335.000,39.484, -50.885, 1185.753, 67.428, -0.720, 4.010, 86.745, -90.612
245, 230.000, -67.490, -49.805, 12.630, -57.812, 3.992, 0.010, 12.296, 86.050
245, 335.000,-86.197, -55.814, 1172.366, -174.105, -76.206, 4.010, 80.792, 113.639
246, 230.000, -52.610, -37.364, 31.500, 20.231, 46.001, 0.010, 32.081, -23.739
246, 335.000,-52.855, -32.200, 1187.245, -28.343, 14.220, 4.010, 88.470, 63.357
247, 230.000, -29.848, -86.102, 21.503, 25.501, -49.040, 0.010, 21.257, -152.525
247, 335.000,-31.128, -109.789, 1164.344, -32.442, -231.986, 4.010, 78.625, 172.039
248, 230.000, -1.671, -91.466, 19.530, 55.993, -0.988, 0.010, 19.226, -91.011
248, 335.000,7.146, -107.326, 1172.329, 59.764, -180.703, 4.010, 80.778, -161.699
249, 230.000, -13.336, 16.667, 4.201, -55.400, -20.757, 0.010, 4.062, 110.540
249, 335.000,-23.752, 13.809, 1185.419, -72.649, -8.293, 4.010, 86.470, 96.512
250, 230.000, -11.375, -73.264, 6.596, -40.752, 42.584, 0.010, 6.385, 43.741
250, 335.000,-19.301, -72.373, 1185.685, -57.805, -36.970, 4.010, 86.688, 122.601
251, 230.000, -54.142, 28.098, 35.073, -32.013, -35.534, 0.010, 36.253, 137.984
251, 335.000,-63.322, 24.058, 1184.429, -86.908, -11.568, 4.010, 85.767, 97.582
252, 230.000, -33.779, -10.251, 5.054, -54.369, 23.153, 0.010, 4.888, 66.933
252, 335.000,-45.038, -6.718, 1184.540, -84.433, 17.145, 4.010, 85.840, 78.521
253, 230.000, 67.139, 67.893, 12.989, 2.238, -57.827, 0.010, 12.650, -177.783
253, 335.000,81.105, 72.416, 1174.605, 152.724, 86.620, 4.010, 81.498, -60.439
254, 230.000, 1.940, 9.255, 18.477, -56.358, -0.016, 0.010, 18.152, 90.016
254, 630.000,-24.759, 15.693, 1451.637, -77.650, 28.150, 6.011, 86.743, 70.073
255, 230.000, -53.349, -25.340, 44.777, 4.996, -38.571, 0.010, 49.022, -172.620
255, 335.000,-56.091, -33.511, 1185.032, -44.402, -65.469, 4.010, 86.181, 145.854
256, 230.000, -12.776, 57.238, 21.033, 55.316, 3.921, 0.010, 20.770, -85.946
256, 335.000,-4.154, 61.658, 1185.337, 48.354, 56.540, 4.010, 86.409, -40.538
257, 230.000, -17.290, 22.266, 20.544, 22.291, 50.977, 0.010, 20.266, -23.619
257, 335.000,-14.260, 32.192, 1185.418, 10.778, 72.280, 4.010, 86.472, -8.481
258, 230.000, -63.321, -7.262, 18.424, -36.760, -42.742, 0.010, 18.098, 139.303
258, 335.000,-74.458, -15.119, 1181.666, -106.175, -54.321, 4.010, 84.237, 117.095
259, 230.000, -33.456, 92.367, 41.604, 16.451, -38.937, 0.010, 44.545, -157.096
259, 335.000,-39.684, 110.562, 1166.883, -72.883, 208.523, 4.010, 79.281, 19.266
260, 230.000, -23.343, -78.726, 12.439, -57.042, 10.445, 0.010, 12.106, 79.623
260, 335.000,-35.640, -86.228, 1179.131, -97.625, -103.353, 4.010, 83.125, 136.633
261, 230.000, -44.758, 71.486, 40.275, -41.305, -13.764, 0.010, 42.771, 108.430
261, 335.000,-57.194, 78.318, 1178.145, -115.551, 95.832, 4.010, 82.739, 50.329
262, 230.000, -64.111, -32.961, 47.045, -24.231, 26.782, 0.010, 52.486, 42.137
262, 335.000,-73.745, -31.416, 1183.347, -100.852, -8.850, 4.010, 85.110, 95.015
263, 230.000, -89.578, 26.454, 15.041, -4.311, 57.208, 0.010, 14.691, 4.310
263, 335.000,-108.293, 41.053, 1163.643, -203.221, 123.309, 4.010, 78.455, 58.752
264, 230.000, 46.683, -55.290, 39.508, -34.718, 27.413, 0.010, 41.769, 51.706
264, 335.000,44.731, -55.258, 1187.207, 13.048, -30.423, 4.010, 88.403, -156.786
265, 230.000, 38.045, -57.851, 50.717, 9.906, -29.107, 0.010, 58.774, -161.205
265, 335.000,42.888, -67.542, 1182.503, 53.573, -96.826, 4.010, 84.654, -151.045
266, 230.000, -62.962, 14.819, 48.902, -29.188, 16.561, 0.010, 55.540, 60.429
266, 335.000,-72.637, 18.711, 1183.207, -97.263, 33.454, 4.010, 85.032, 71.019
267, 230.000, 37.875, 38.893, 4.965, 30.441, 50.659, 0.010, 4.802, -31.002
267, 335.000,45.660, 50.258, 1182.225, 68.024, 90.967, 4.010, 84.512, -36.789
268, 230.000, 2.120, -80.813, 33.080, 18.627, -45.567, 0.010, 33.901, -157.766
268, 335.000,5.458, -98.050, 1175.073, 23.879, -170.859, 4.010, 81.648, -172.044
269, 230.000, -12.371, -82.177, 47.439, -1.230, -35.576, 0.010, 53.117, 178.020
269, 335.000,-14.136, -98.369, 1175.697, -20.546, -166.960, 4.010, 81.857, 172.984
270, 230.000, 76.578, 3.306, 43.052, -8.742, 39.847, 0.010, 46.542, 12.374
270, 335.000,82.524, 10.204, 1183.575, 86.089, 47.970, 4.010, 85.240, -60.873
271, 230.000, -21.280, 32.856, 34.919, -2.584, -47.871, 0.010, 36.069, 176.910
271, 335.000,-22.797, 26.334, 1187.228, -19.574, -25.797, 4.010, 88.438, 142.810
272, 230.000, 51.641, -19.309, 24.432, 28.614, -45.847, 0.010, 24.327, -148.032
272, 335.000,59.913, -28.411, 1183.161, 78.352, -67.451, 4.010, 85.006, -130.725
273, 230.000, -57.851, -27.737, 35.623, -22.468, -41.759, 0.010, 36.915, 151.718
273, 335.000,-66.070, -36.895, 1182.297, -84.772, -74.471, 4.010, 84.548, 131.299
274, 230.000, -19.424, 12.424, 56.309, 11.344, -14.775, 0.010, 71.695, -142.483
274, 335.000,-18.472, 10.542, 1187.614, -10.648, -1.830, 4.010, 89.479, 99.751
275, 230.000, -26.089, -35.116, 45.387, 38.001, 3.691, 0.010, 49.929, -84.452
275, 335.000,-21.036, -36.338, 1187.259, 20.448, -23.534, 4.010, 88.496, -139.014
276, 230.000, 24.409, 50.880, 19.239, -14.946, 54.075, 0.010, 18.928, 15.450
276, 335.000,23.480, 63.563, 1182.890, 6.515, 106.240, 4.010, 84.858, -3.509
277, 230.000, -25.772, 72.627, 22.651, 54.651, -4.221, 0.010, 22.452, -94.417
277, 335.000,-19.083, 78.875, 1184.260, 28.290, 85.363, 4.010, 85.658, -18.336
278, 230.000, 50.560, -50.195, 56.526, 17.585, 3.638, 0.010, 72.376, -78.310
278, 335.000,57.781, -53.893, 1183.996, 76.752, -53.128, 4.010, 85.492, -124.691
279, 230.000, 1.337, -31.572, 5.001, -53.585, 24.925, 0.010, 4.837, 65.055
279, 335.000,-8.014, -28.743, 1186.279, -57.394, 1.091, 4.010, 87.230, 88.911
280, 230.000, 51.154, 8.624, 49.468, -14.403, 29.378, 0.010, 56.519, 26.118
280, 335.000,51.729, 14.059, 1186.718, 27.322, 38.878, 4.010, 87.707, -35.098
281, 230.000, 19.784, -39.934, 10.696, 29.499, -50.329, 0.010, 10.389, -149.625
281, 335.000,26.041, -50.962, 1183.483, 48.147, -87.223, 4.010, 85.188, -151.101
282, 230.000, 5.372, 65.653, 4.489, -39.677, 43.855, 0.010, 4.341, 42.137
282, 335.000,-1.033, 78.490, 1181.073, -37.757, 119.157, 4.010, 83.959, 17.582
283, 230.000, 43.293, 67.396, 21.757, -54.772, 6.654, 0.010, 21.520, 83.073
283, 335.000,38.672, 75.535, 1183.715, -3.132, 96.788, 4.010, 85.323, 1.853
284, 230.000, -76.131, 4.333, 47.354, 35.030, 6.933, 0.010, 52.980, -78.805
284, 335.000,-77.319, 5.870, 1186.440, -52.462, 12.773, 4.010, 87.394, 76.317
285, 230.000, -41.034, -39.167, 48.611, -7.682, -33.101, 0.010, 55.045, 166.934
285, 335.000,-45.011, -47.279, 1184.606, -45.969, -71.777, 4.010, 85.885, 147.363
286, 230.000, -42.523, -22.474, 24.437, -25.075, -47.872, 0.010, 24.332, 152.355
286, 335.000,-49.331, -32.013, 1183.895, -62.903, -70.663, 4.010, 85.431, 138.325
287, 230.000, 3.325, -88.083, 39.032, -22.259, 38.713, 0.010, 41.155, 29.897
287, 335.000,0.172, -93.690, 1183.279, -19.369, -100.162, 4.010, 85.072, 169.056
288, 230.000, -51.431, -62.856, 15.905, 45.788, 34.178, 0.010, 15.555, -53.261
288, 335.000,-49.034, -63.567, 1186.738, -16.375, -44.074, 4.010, 87.731, 159.618
289, 230.000, -48.173, 29.513, 46.585, 27.624, 24.174, 0.010, 51.763, -48.811
289, 335.000,-46.555, 35.416, 1186.455, -12.667, 52.161, 4.010, 87.410, 13.649
290, 230.000, 36.404, -45.560, 40.780, -23.334, -36.195, 0.010, 43.439, 147.191
290, 335.000,34.895, -54.683, 1184.843, 8.435, -81.445, 4.010, 86.047, -174.087
291, 230.000, -88.164, 10.505, 6.116, -56.517, 16.914, 0.010, 5.919, 73.339
291, 335.000,-112.500, 15.097, 1163.559, -234.815, 39.488, 4.010, 78.435, 80.454
292, 230.000, 1.007, 10.477, 21.496, -49.097, 25.397, 0.010, 21.250, 62.649
292, 630.000,-22.671, 30.357, 1450.623, -69.523, 69.276, 6.010, 86.129, 45.102
293, 230.000, 4.010, -96.418, 5.982, 38.592, 44.637, 0.010, 5.789, -40.846
293, 335.000,11.032, -110.352, 1173.027, 53.138, -178.022, 4.010, 81.000, -163.380
294, 230.000, -58.698, -14.793, 7.933, -55.958, -17.982, 0.010, 7.687, 107.815
294, 335.000,-72.692, -18.990, 1181.033, -120.500, -34.612, 4.010, 83.940, 106.026
295, 230.000, 56.997, -28.390, 48.725, 3.642, 33.620, 0.010, 55.238, -6.183
295, 335.000,61.644, -24.800, 1186.145, 59.499, 8.825, 4.010, 87.097, -81.563
296, 230.000, -34.474, 50.323, 8.522, -12.577, -57.331, 0.010, 8.261, 167.626
296, 335.000,-38.905, 43.744, 1186.699, -45.128, -16.328, 4.010, 87.684, 109.892
297, 230.000, -25.739, -58.480, 11.912, 43.251, 38.796, 0.010, 11.586, -48.108
297, 335.000,-20.072, -55.802, 1187.380, 22.877, -12.662, 4.010, 88.739, -118.964
298, 230.000, 10.525, 44.326, 21.521, -12.659, -53.798, 0.010, 21.276, 166.758
298, 335.000,8.899, 37.397, 1187.436, -5.321, -22.929, 4.010, 88.864, 166.935
299, 230.000, 94.406, -19.798, 46.410, -28.558, -23.415, 0.010, 51.490, 129.349
299, 335.000,111.363, -27.942, 1168.619, 198.279, -74.677, 4.010, 79.724, -110.638
300, 230.000, 90.862, -8.158, 29.227, 30.175, 41.868, 0.010, 29.524, -35.781
300, 335.000,111.953, -2.829, 1167.182, 217.514, 30.683, 4.010, 79.341, -81.971
