ion,x0,y0,z0,vx0,vy0,vz0,ke0,elev0,azim0,x1,y1,z1,vx1,vy1,vz1,ke1,elev1,azim1
1, 230.000, 80.218, 18.354, 28.461, 35.282, -38.246, 0.010, 28.677, -137.309
1, 335.000,95.840, 14.258, 1176.745, 160.021, -14.962, 4.010, 82.223, -95.342
2, 230.000, 65.805, 20.031, 20.736, 45.356, -32.101, 0.010, 20.464, -125.289
2, 335.000,79.079, 16.283, 1181.105, 124.054, -12.658, 4.010, 83.973, -95.826
3, 230.000, -13.011, -57.925, 0.161, 59.239, 2.888, 0.010, 0.156, -87.209
3, 335.000,-3.574, -61.235, 1185.457, 52.509, -49.922, 4.010, 86.503, -133.553
4, 230.000, -4.229, -4.501, 40.435, 19.530, -38.746, 0.010, 42.981, -153.250
4, 630.000,2.450, -26.720, 1452.168, 15.914, -70.802, 6.011, 87.139, -167.333
5, 230.000, -47.738, 22.888, 22.741, 43.503, 33.286, 0.010, 22.547, -52.579
5, 335.000,-43.094, 29.941, 1186.365, 6.881, 55.197, 4.010, 87.316, -7.106
6, 230.000, 29.669, 22.377, 9.566, -1.428, -58.516, 0.010, 9.282, 178.602
6, 335.000,30.907, 13.279, 1186.586, 21.990, -45.689, 4.010, 87.553, -154.299
7, 230.000, -38.857, -10.934, 8.138, 56.590, -15.778, 0.010, 7.887, -105.579
7, 335.000,-30.952, -14.246, 1186.999, 30.396, -25.808, 4.010, 88.076, -130.334
8, 230.000, 9.837, 84.030, 55.800, -7.217, -18.759, 0.010, 70.191, 158.958
8, 335.000,9.863, 91.171, 1183.001, 6.729, 104.972, 4.010, 84.919, -3.668
9, 230.000, -47.087, 8.380, 47.166, 34.914, 8.604, 0.010, 52.679, -76.157
9, 335.000,-43.771, 10.287, 1187.562, -0.059, 15.953, 4.010, 89.230, 0.210
10, 230.000, 70.256, 43.497, 57.425, -4.968, -13.974, 0.010, 75.519, 160.430
10, 335.000,77.485, 46.209, 1182.933, 95.083, 46.823, 4.010, 84.880, -63.783
11, 230.000, 88.191, -14.364, 47.867, 10.473, 33.418, 0.010, 53.810, -17.400
11, 335.000,103.479, -11.213, 1175.198, 171.331, 11.368, 4.010, 81.687, -86.204
12, 230.000, -85.002, 49.750, 4.536, 52.892, 26.447, 0.010, 4.386, -63.434
12, 335.000,-100.344, 67.749, 1160.867, -182.703, 171.982, 4.010, 77.803, 46.731
13, 230.000, -59.475, -35.024, 48.506, -34.051, -2.318, 0.010, 54.869, 93.895
13, 335.000,-70.117, -38.348, 1182.378, -103.897, -41.780, 4.010, 84.590, 111.907
14, 230.000, 75.035, 65.892, 26.606, 21.479, -48.460, 0.010, 26.653, -156.096
14, 335.000,114.857, 90.150, 1113.186, 345.940, 227.544, 4.011, 69.597, -56.665
15, 230.000, 51.855, 83.586, 19.027, 17.517, 53.374, 0.010, 18.712, -18.169
15, 335.000,72.467, 120.841, 1123.807, 189.681, 334.286, 4.011, 71.119, -29.572
16, 230.000, 56.061, -69.830, 27.125, 41.020, 33.155, 0.010, 27.216, -51.052
16, 335.000,71.449, -75.285, 1175.000, 147.944, -89.783, 4.010, 81.622, -121.252
17, 230.000, -66.305, -28.025, 40.601, 0.661, -43.229, 0.010, 43.201, -179.124
17, 335.000,-72.067, -37.704, 1182.472, -76.746, -80.180, 4.010, 84.638, 136.254
18, 230.000, 41.384, -78.879, 52.205, 27.744, -4.748, 0.010, 61.668, -99.712
18, 335.000,52.268, -91.906, 1173.485, 106.378, -148.942, 4.010, 81.135, -144.465
19, 230.000, -94.303, 30.564, 32.939, 37.543, 31.987, 0.010, 33.737, -49.569
19, 335.000,-117.973, 45.064, 1153.182, -251.544, 131.381, 4.010, 76.175, 62.422
20, 230.000, -32.025, -17.067, 29.011, 49.843, 13.845, 0.010, 29.285, -74.476
20, 335.000,-25.048, -15.537, 1187.350, 27.555, 0.832, 4.010, 88.670, -88.270
21, 230.000, 19.058, 69.187, 37.642, 45.700, 3.495, 0.010, 39.395, -85.627
21, 335.000,28.363, 75.865, 1182.463, 72.319, 84.308, 4.010, 84.634, -40.623
22, 230.000, 84.211, 14.795, 0.918, -56.839, 16.916, 0.010, 0.887, 73.427
22, 335.000,84.667, 19.376, 1185.460, 60.033, 40.495, 4.010, 86.504, -55.998
23, 230.000, 94.055, -0.848, 49.291, -30.032, 13.641, 0.010, 56.210, 65.571
23, 335.000,106.811, 1.143, 1176.307, 163.298, 13.521, 4.010, 82.070, -85.267
24, 230.000, -85.853, -39.017, 29.046, 33.820, -39.118, 0.010, 29.323, -139.154
24, 335.000,-97.361, -52.942, 1171.094, -149.497, -129.339, 4.010, 80.419, 130.865
25, 230.000, 60.309, -23.464, 46.748, 15.211, 33.180, 0.010, 52.018, -24.629
25, 335.000,67.290, -19.659, 1185.088, 77.250, 12.472, 4.010, 86.222, -80.829
26, 230.000, -24.146, 69.525, 56.727, -14.220, -9.875, 0.010, 73.029, 124.778
26, 335.000,-28.624, 74.081, 1184.760, -43.839, 70.590, 4.010, 85.988, 31.842
27, 230.000, -62.384, 42.267, 46.648, -28.777, -22.659, 0.010, 51.862, 128.217
27, 335.000,-73.100, 42.572, 1182.318, -109.183, 27.609, 4.010, 84.559, 75.809
28, 230.000, -32.100, 19.086, 33.453, 42.184, -24.880, 0.010, 34.336, -120.532
28, 335.000,-26.479, 15.779, 1187.453, 19.545, -11.402, 4.010, 88.908, -120.258
29, 230.000, -29.181, 11.100, 1.251, -51.917, 28.647, 0.010, 1.208, 61.111
29, 335.000,-39.779, 16.697, 1184.452, -78.027, 39.281, 4.010, 85.782, 63.278
30, 230.000, -23.541, -31.446, 1.759, -50.456, 31.125, 0.010, 1.700, 58.331
30, 335.000,-33.616, -27.613, 1185.408, -72.653, 9.315, 4.010, 86.464, 82.694
31, 230.000, -47.353, 82.505, 15.049, -30.239, -48.752, 0.010, 14.698, 148.191
31, 335.000,-61.815, 91.463, 1172.199, -140.202, 129.739, 4.010, 80.744, 47.220
32, 230.000, 40.632, -20.404, 28.418, -51.088, -10.005, 0.010, 28.629, 101.080
32, 335.000,34.040, -23.203, 1187.141, -22.981, -26.901, 4.010, 88.293, 139.494
33, 230.000, -6.484, 67.520, 49.836, 5.703, -31.646, 0.010, 57.168, -169.785
33, 335.000,-6.024, 67.337, 1187.172, -0.405, 34.375, 4.010, 88.341, 0.674
34, 230.000, 76.849, 47.926, 39.233, 11.004, 43.097, 0.010, 41.414, -14.324
34, 335.000,91.951, 63.190, 1167.497, 164.328, 143.213, 4.010, 79.424, -48.928
35, 230.000, 62.282, 69.601, 7.890, 28.609, -51.351, 0.010, 7.645, -150.877
35, 335.000,78.402, 74.093, 1173.441, 161.552, 86.483, 4.010, 81.124, -61.839
36, 230.000, 2.929, -89.413, 31.978, -28.340, -41.132, 0.010, 32.627, 145.433
36, 335.000,-1.194, -111.058, 1167.180, -26.246, -218.094, 4.010, 79.341, 173.138
37, 230.000, -74.580, 15.931, 15.317, 26.532, -50.785, 0.010, 14.966, -152.415
37, 335.000,-76.935, 8.826, 1185.586, -59.850, -36.869, 4.010, 86.607, 121.634
38, 230.000, -18.516, 45.133, 14.987, 8.994, 56.676, 0.010, 14.637, -9.017
38, 335.000,-18.069, 57.633, 1183.450, -6.051, 99.841, 4.010, 85.169, 3.468
39, 230.000, -81.111, 13.043, 15.907, 25.511, 51.125, 0.010, 15.557, -26.519
39, 335.000,-86.000, 23.048, 1182.145, -86.237, 75.200, 4.010, 84.472, 48.911
40, 230.000, 36.786, 6.223, 27.310, -51.374, 11.511, 0.010, 27.417, 77.371
40, 335.000,29.782, 8.517, 1187.257, -25.761, 17.586, 4.010, 88.495, 55.680
41, 230.000, 11.879, 90.212, 39.658, -7.275, 43.497, 0.010, 41.964, 9.495
41, 335.000,12.852, 113.533, 1164.490, 16.041, 232.968, 4.010, 78.661, -3.939
42, 230.000, -18.619, 80.229, 3.187, 4.128, 59.080, 0.010, 3.081, -3.996
42, 335.000,-20.345, 100.642, 1171.583, -24.841, 193.231, 4.010, 80.559, 7.326
43, 230.000, 90.600, -22.418, 19.053, 12.083, 54.851, 0.010, 18.738, -12.423
43, 335.000,109.812, -17.833, 1169.513, 206.441, 14.196, 4.010, 79.966, -86.066
44, 230.000, 26.931, -6.867, 14.612, 57.454, 1.785, 0.010, 14.263, -88.220
44, 335.000,38.260, -6.890, 1184.809, 82.312, -3.255, 4.010, 86.023, -92.265
45, 230.000, -98.796, 7.145, 42.751, -32.156, -25.611, 0.010, 46.122, 128.536
45, 335.000,-138.486, 5.636, 1129.437, -367.398, -4.978, 4.011, 71.979, 90.776
46, 230.000, 25.316, -21.253, 2.355, 15.289, 57.257, 0.010, 2.276, -14.950
46, 335.000,29.255, -12.225, 1186.232, 37.007, 45.190, 4.010, 87.181, -39.315
47, 230.000, 6.494, -70.246, 38.413, -43.325, -12.848, 0.010, 40.366, 106.518
47, 335.000,-0.190, -78.341, 1183.326, -40.139, -93.200, 4.010, 85.099, 156.700
48, 230.000, -47.735, 1.067, 3.700, 18.954, -56.078, 0.010, 3.576, -161.325
48, 335.000,-47.073, -8.662, 1186.030, -17.950, -59.739, 4.010, 86.989, 163.276
49, 230.000, -56.575, -21.024, 11.564, -21.230, -54.159, 0.010, 11.244, 158.595
49, 335.000,-64.284, -31.854, 1182.354, -78.905, -79.819, 4.010, 84.577, 135.330
50, 230.000, -55.676, -10.582, 46.574, 28.143, -23.589, 0.010, 51.746, -129.969
50, 335.000,-54.405, -15.194, 1187.020, -18.310, -34.728, 4.010, 88.106, 152.200
51, 230.000, 1.522, 44.148, 10.154, -57.408, 10.900, 0.010, 9.858, 79.250
51, 335.000,-8.380, 48.450, 1185.188, -60.756, 46.854, 4.010, 86.296, 52.361
52, 230.000, 26.392, -14.166, 6.592, -58.909, 1.972, 0.010, 6.382, 88.083
52, 335.000,17.354, -14.532, 1186.986, -38.271, -13.041, 4.010, 88.049, 108.816
53, 230.000, -1.418, -98.295, 52.033, -24.634, 14.260, 0.010, 61.320, 59.935
53, 335.000,-5.618, -123.766, 1156.907, -31.829, -266.618, 4.010, 76.933, 173.192
54, 230.000, 3.972, -22.360, 20.148, -53.982, 14.057, 0.010, 19.859, 75.404
54, 335.000,-5.247, -21.027, 1186.231, -57.310, -10.261, 4.010, 87.190, 100.151
55, 230.000, -51.306, -26.302, 15.365, -41.506, -39.481, 0.010, 15.015, 133.568
55, 335.000,-62.009, -34.920, 1181.924, -94.582, -68.324, 4.010, 84.362, 125.843
56, 230.000, -41.256, 1.904, 30.090, -49.411, 13.069, 0.010, 30.487, 75.184
56, 335.000,-51.960, 4.246, 1184.457, -85.884, 15.585, 4.010, 85.785, 79.715
57, 230.000, 75.321, 1.286, 25.780, -21.817, 48.755, 0.010, 25.765, 24.107
57, 335.000,78.559, 9.573, 1184.548, 66.051, 55.150, 4.010, 85.845, -50.139
58, 230.000, 33.073, -3.168, 6.046, 35.300, 47.276, 0.010, 5.850, -36.748
58, 335.000,40.914, 4.960, 1184.989, 63.206, 48.610, 4.010, 86.150, -52.437
59, 230.000, -25.065, 26.282, 35.395, -40.760, -24.565, 0.010, 36.640, 121.076
59, 335.000,-33.297, 23.409, 1185.977, -63.053, -6.335, 4.010, 86.941, 95.738
60, 230.000, 31.123, 12.850, 9.063, -53.197, 24.608, 0.010, 8.790, 65.176
60, 335.000,23.352, 17.794, 1186.639, -32.090, 37.618, 4.010, 87.614, 40.466
61, 230.000, -92.533, -8.622, 17.199, 20.314, 53.001, 0.010, 16.857, -20.971
61, 335.000,-105.585, -1.579, 1175.676, -162.960, 42.354, 4.010, 81.850, 75.431
62, 230.000, 60.046, -37.961, 41.247, 26.361, -33.488, 0.010, 44.064, -141.791
62, 335.000,69.816, -46.940, 1180.648, 99.847, -81.600, 4.010, 83.767, -129.257
63, 230.000, -33.010, 82.806, 3.745, -57.854, -12.509, 0.010, 3.620, 102.201
63, 335.000,-47.752, 93.672, 1173.062, -125.395, 137.007, 4.010, 81.003, 42.466
64, 230.000, -25.804, -86.843, 36.266, 31.180, 35.074, 0.010, 37.696, -41.637
64, 335.000,-24.655, -94.211, 1182.100, -10.785, -114.329, 4.010, 84.451, 174.611
65, 230.000, -46.713, 61.143, 29.467, -5.450, -51.182, 0.010, 29.791, 173.922
65, 335.000,-51.966, 58.301, 1185.892, -62.500, 17.698, 4.010, 86.865, 74.189
66, 230.000, -43.191, 61.418, 50.019, 6.880, -31.120, 0.010, 57.495, -167.533
66, 335.000,-45.912, 61.777, 1186.282, -43.074, 37.887, 4.010, 87.232, 48.666
67, 230.000, 5.298, -78.878, 35.911, 24.459, -40.370, 0.010, 37.264, -148.790
67, 335.000,9.945, -94.427, 1176.843, 34.619, -156.213, 4.010, 82.258, -167.505
68, 230.000, -39.511, 65.114, 58.383, 8.568, -5.971, 0.010, 79.858, -124.872
68, 335.000,-41.837, 70.279, 1184.751, -39.116, 73.405, 4.010, 85.984, 28.052
69, 230.000, 67.876, 44.160, 36.467, 27.283, 37.993, 0.010, 37.941, -35.682
69, 335.000,80.512, 55.723, 1175.465, 131.181, 107.858, 4.010, 81.779, -50.573
70, 230.000, -0.327, -25.368, 14.433, 53.766, 20.457, 0.010, 14.085, -69.169
70, 335.000,9.062, -23.036, 1186.172, 59.568, -1.652, 4.010, 87.124, -91.589
71, 230.000, -32.584, 22.324, 6.780, -18.978, -55.781, 0.010, 6.565, 161.210
71, 335.000,-37.573, 13.719, 1186.010, -45.732, -42.952, 4.010, 86.972, 133.205
72, 230.000, -25.632, 35.045, 46.538, -13.129, 34.343, 0.010, 51.689, 20.921
72, 335.000,-29.250, 42.761, 1185.393, -34.544, 64.864, 4.010, 86.452, 28.038
73, 230.000, -44.805, 21.917, 34.659, 14.164, -45.998, 0.010, 35.758, -162.886
73, 335.000,-44.908, 15.324, 1187.056, -21.125, -31.772, 4.010, 88.159, 146.381
74, 230.000, 33.800, -49.107, 26.264, -31.005, 43.203, 0.010, 26.284, 35.665
74, 335.000,30.657, -44.854, 1187.658, -3.650, 3.307, 4.010, 89.762, 47.816
75, 230.000, 34.210, -39.646, 17.713, 8.947, -55.891, 0.010, 17.377, -170.906
75, 335.000,37.907, -51.769, 1183.114, 40.111, -95.860, 4.010, 84.981, -157.294
76, 230.000, 3.390, 27.712, 48.196, 6.761, -33.898, 0.010, 54.352, -168.719
76, 335.000,4.707, 23.317, 1187.577, 10.941, -10.022, 4.010, 89.284, -132.490
77, 230.000, 37.627, -91.643, 35.685, 12.677, -45.646, 0.010, 36.990, -164.479
77, 335.000,53.459, -132.541, 1120.332, 144.060, -367.566, 4.012, 70.588, -158.598
78, 230.000, -14.867, 67.891, 42.330, -41.520, -1.398, 0.010, 45.537, 91.928
78, 335.000,-23.011, 73.252, 1183.795, -61.783, 73.276, 4.010, 85.371, 40.136
79, 230.000, -26.175, 52.543, 33.261, 17.301, -45.956, 0.010, 34.112, -159.370
79, 335.000,-24.879, 48.042, 1187.656, -4.276, -3.553, 4.010, 89.732, 129.722
80, 230.000, 26.975, 60.609, 1.814, 3.303, 59.190, 0.010, 1.752, -3.194
80, 335.000,29.785, 75.860, 1179.783, 33.596, 132.450, 4.010, 83.393, -14.233
81, 230.000, 6.150, 3.029, 58.946, -3.849, -5.311, 0.010, 83.650, 144.071
81, 630.000,8.547, 2.542, 1453.920, 13.096, 1.438, 6.011, 89.481, -83.733
82, 230.000, 3.872, 56.047, 55.011, 10.359, 19.599, 0.010, 68.051, -27.859
82, 335.000,5.848, 62.912, 1185.408, 14.693, 71.757, 4.010, 86.464, -11.572
83, 230.000, 30.808, 49.070, 51.682, 2.339, 29.002, 0.010, 60.621, -4.612
83, 335.000,33.252, 57.183, 1184.757, 31.184, 77.045, 4.010, 85.987, -22.036
84, 230.000, 3.961, -59.148, 25.983, -10.895, -52.190, 0.010, 25.982, 168.209
84, 335.000,2.387, -72.241, 1182.080, -7.989, -114.804, 4.010, 84.439, 176.020
85, 230.000, 35.715, 9.136, 5.571, 47.541, -35.021, 0.010, 5.390, -126.377
85, 335.000,45.885, 3.476, 1184.659, 78.703, -30.762, 4.010, 85.920, -111.348
86, 230.000, 78.666, 22.389, 25.527, -47.001, 25.630, 0.010, 25.493, 61.396
86, 335.000,79.309, 29.038, 1184.958, 54.644, 58.697, 4.010, 86.128, -42.952
87, 230.000, -89.163, -38.679, 38.224, 23.885, -38.549, 0.010, 40.127, -148.218
87, 335.000,-108.056, -54.536, 1159.829, -209.632, -146.160, 4.010, 77.574, 124.885
88, 230.000, -94.351, 8.882, 56.148, 18.884, -2.912, 0.010, 71.206, -98.767
88, 335.000,-110.178, 10.195, 1172.730, -187.125, 16.343, 4.010, 80.900, 85.009
89, 230.000, 47.892, 86.823, 6.862, -13.868, -57.256, 0.010, 6.644, 166.385
89, 335.000,59.431, 102.759, 1165.748, 124.418, 189.246, 4.010, 79.006, -33.323
90, 230.000, 26.843, -59.911, 54.459, -15.838, 17.351, 0.010, 66.666, 42.389
90, 335.000,26.168, -61.384, 1186.936, 9.452, -40.633, 4.010, 87.987, -166.905
91, 230.000, 42.749, 73.420, 36.324, -24.865, 39.748, 0.010, 37.767, 32.029
91, 335.000,44.360, 89.689, 1175.768, 41.125, 162.607, 4.010, 81.881, -14.193
92, 230.000, -54.190, 8.608, 15.128, 35.515, 45.028, 0.010, 14.778, -38.264
92, 335.000,-51.346, 16.882, 1186.317, -7.965, 56.094, 4.010, 87.266, 8.082
93, 230.000, 12.632, 23.387, 1.714, -58.221, -11.181, 0.010, 1.656, 100.871
93, 335.000,2.967, 22.577, 1186.446, -52.412, 12.481, 4.010, 87.400, 76.605
94, 230.000, 71.798, 41.405, 18.459, 19.626, -52.837, 0.010, 18.133, -159.622
94, 335.000,83.476, 37.464, 1180.924, 126.400, 1.548, 4.010, 83.890, -89.298
95, 230.000, -24.285, -37.073, 41.580, 40.403, 12.502, 0.010, 44.513, -72.806
95, 335.000,-18.713, -36.907, 1187.314, 24.418, -15.660, 4.010, 88.600, -122.673
96, 230.000, 18.391, 8.553, 42.947, -20.850, 35.192, 0.010, 46.395, 30.645
96, 335.000,15.734, 15.005, 1186.590, -2.244, 50.331, 4.010, 87.569, 2.553
97, 230.000, -67.325, -71.441, 25.744, -20.932, -49.160, 0.010, 25.726, 156.936
97, 335.000,-92.743, -102.708, 1129.050, -237.338, -282.404, 4.011, 71.906, 139.956
98, 230.000, -74.853, 53.291, 37.338, 21.768, -40.616, 0.010, 39.016, -151.811
98, 335.000,-83.379, 55.342, 1180.827, -115.283, 53.968, 4.010, 83.847, 64.914
99, 230.000, -2.938, 1.534, 53.644, -25.061, 3.445, 0.010, 64.753, 82.172
99, 630.000,-17.253, 4.288, 1453.233, -45.785, 9.738, 6.011, 88.155, 77.992
100, 230.000, -94.870, 28.948, 14.924, -8.937, 56.701, 0.010, 14.574, 8.957
100, 335.000,-130.335, 48.320, 1128.277, -333.660, 162.986, 4.011, 71.783, 63.965
101, 230.000, -42.085, -46.498, 25.954, 52.394, 9.943, 0.010, 25.951, -79.255
101, 335.000,-36.025, -47.943, 1187.091, 17.626, -32.554, 4.010, 88.214, -151.567
102, 230.000, 86.842, -6.088, 51.461, -27.921, 9.477, 0.010, 60.189, 71.251
102, 335.000,93.726, -5.361, 1182.815, 107.269, 0.832, 4.010, 84.818, -89.556
103, 230.000, 52.912, 84.673, 9.492, 57.775, -9.467, 0.010, 9.209, -99.306
103, 335.000,94.918, 134.494, 1067.105, 324.628, 403.164, 3.999, 64.124, -38.841
104, 230.000, -13.765, 69.671, 8.762, 52.150, -26.856, 0.010, 8.496, -117.247
104, 335.000,-5.973, 70.696, 1186.041, 42.317, 45.535, 4.010, 87.000, -42.902
105, 230.000, -48.905, 37.784, 31.243, -47.429, -17.089, 0.010, 31.788, 109.814
105, 335.000,-60.466, 37.620, 1183.291, -100.130, 18.840, 4.010, 85.079, 79.344
106, 230.000, -52.116, 76.359, 51.592, 3.791, 29.010, 0.010, 60.443, -7.446
106, 335.000,-61.266, 95.261, 1167.183, -105.128, 192.862, 4.010, 79.342, 28.595
107, 230.000, -63.042, -3.237, 13.266, -29.130, 49.931, 0.010, 12.925, 30.260
107, 335.000,-72.730, 5.087, 1182.687, -95.807, 51.277, 4.010, 84.750, 61.844
108, 230.000, -26.517, 73.652, 0.565, 46.613, 36.668, 0.010, 0.546, -51.810
108, 335.000,-21.410, 87.738, 1179.239, 15.962, 140.354, 4.010, 83.169, -6.488
109, 230.000, 45.076, -40.574, 26.380, 52.606, 7.371, 0.010, 26.409, -82.024
109, 335.000,57.241, -42.217, 1182.890, 101.575, -31.821, 4.010, 84.858, -107.394
110, 230.000, 36.950, -34.993, 12.151, 49.057, -31.040, 0.010, 11.822, -122.323
110, 335.000,47.743, -42.545, 1182.813, 85.747, -64.479, 4.010, 84.817, -126.942
111, 230.000, -47.544, -82.033, 32.298, -45.889, 19.200, 0.010, 32.995, 67.296
111, 335.000,-65.015, -96.505, 1164.331, -162.255, -168.903, 4.010, 78.626, 136.150
112, 230.000, 28.081, -0.603, 35.365, 32.771, 34.541, 0.010, 36.603, -43.493
112, 335.000,35.058, 5.289, 1185.731, 56.944, 36.821, 4.010, 86.727, -57.112
113, 230.000, -53.480, 21.002, 3.886, -51.043, -29.953, 0.010, 3.757, 120.406
113, 335.000,-65.968, 17.230, 1182.857, -106.024, -12.841, 4.010, 84.841, 96.906
114, 230.000, -93.803, -19.361, 2.445, 58.404, 10.031, 0.010, 2.363, -80.255
114, 335.000,-102.942, -21.572, 1179.010, -139.624, -31.103, 4.010, 83.082, 102.558
115, 230.000, 87.881, 15.076, 8.317, 39.268, -43.663, 0.010, 8.061, -138.034
115, 335.000,108.735, 10.317, 1168.743, 210.166, -20.792, 4.010, 79.757, -95.650
116, 230.000, 34.633, 66.135, 41.774, -36.097, 21.670, 0.010, 44.776, 59.023
116, 335.000,31.866, 75.867, 1183.105, 2.320, 103.993, 4.010, 84.975, -1.278
117, 230.000, -81.351, 50.247, 15.948, -48.745, 29.786, 0.010, 15.599, 58.573
117, 335.000,-110.129, 67.970, 1144.298, -270.798, 166.896, 4.011, 74.465, 58.354
118, 230.000, -70.162, 48.109, 1.300, -57.399, -14.876, 0.010, 1.256, 104.530
118, 335.000,-89.578, 52.310, 1171.985, -181.584, 63.560, 4.010, 80.678, 70.708
119, 230.000, 9.503, -32.061, 27.971, -50.893, -12.051, 0.010, 28.138, 103.321
119, 335.000,1.208, -35.720, 1186.111, -47.605, -37.841, 4.010, 87.065, 128.481
120, 230.000, -60.324, -59.034, 2.498, 43.959, 39.737, 0.010, 2.414, -47.888
120, 335.000,-59.742, -59.014, 1186.488, -35.948, -38.824, 4.010, 87.447, 137.203
121, 230.000, 9.455, -73.996, 48.375, -14.667, 31.022, 0.010, 54.650, 25.305
121, 335.000,7.867, -75.372, 1186.539, -5.128, -51.547, 4.010, 87.500, 174.319
122, 230.000, -57.829, 55.645, 8.277, -56.808, 14.898, 0.010, 8.022, 75.305
122, 335.000,-74.346, 64.825, 1174.066, -149.274, 99.226, 4.010, 81.320, 56.387
123, 230.000, -62.932, -57.626, 18.855, -23.047, 51.293, 0.010, 18.537, 24.195
123, 335.000,-74.673, -56.401, 1180.882, -122.738, -31.692, 4.010, 83.873, 104.478
124, 230.000, -7.118, -58.145, 6.243, 2.349, -58.933, 0.010, 6.042, -177.718
124, 335.000,-7.217, -72.482, 1181.446, -4.411, -121.341, 4.010, 84.132, 177.918
125, 230.000, -5.148, -77.876, 13.183, -44.135, 37.363, 0.010, 12.842, 49.750
125, 335.000,-13.079, -79.100, 1185.076, -55.110, -55.797, 4.010, 86.214, 135.355
126, 230.000, -2.995, -91.699, 36.266, -45.898, 9.786, 0.010, 37.696, 77.964
126, 335.000,-10.874, -105.758, 1174.296, -57.373, -168.259, 4.010, 81.392, 161.172
127, 230.000, 20.570, 67.726, 38.659, -24.949, -37.426, 0.010, 40.679, 146.312
127, 335.000,18.034, 66.836, 1187.252, -5.395, 31.007, 4.010, 88.481, 9.871
128, 230.000, 57.720, 41.874, 3.050, 30.547, -50.747, 0.010, 2.948, -148.954
128, 335.000,67.866, 36.736, 1183.531, 98.687, -8.588, 4.010, 85.216, -94.973
129, 230.000, -59.996, 32.493, 37.738, -38.639, -24.505, 0.010, 39.515, 122.383
129, 335.000,-71.379, 31.048, 1182.708, -108.087, 8.829, 4.010, 84.761, 85.330
130, 230.000, 42.589, -78.810, 44.746, -37.426, -10.710, 0.010, 48.977, 105.969
130, 335.000,43.056, -92.526, 1177.261, 34.439, -153.107, 4.010, 82.407, -167.323
131, 230.000, 59.518, -19.246, 30.503, 13.047, 49.163, 0.010, 30.951, -14.862
131, 335.000,65.927, -12.285, 1184.977, 71.966, 34.782, 4.010, 86.141, -64.205
132, 230.000, 33.695, 73.386, 34.128, -47.776, 8.389, 0.010, 35.130, 80.041
132, 335.000,29.455, 82.719, 1182.570, -6.721, 109.753, 4.010, 84.688, 3.504
133, 230.000, -72.018, 40.790, 42.163, -36.124, 20.856, 0.010, 45.308, 60.001
133, 335.000,-87.059, 49.374, 1174.725, -151.977, 86.518, 4.010, 81.533, 60.348
134, 230.000, -51.426, -44.113, 51.005, -24.680, -17.521, 0.010, 59.314, 125.372
134, 335.000,-59.704, -50.609, 1182.835, -83.191, -67.374, 4.010, 84.829, 129.003
135, 230.000, -68.789, -33.910, 52.768, -26.162, 6.979, 0.010, 62.836, 75.064
135, 335.000,-79.986, -36.171, 1181.264, -117.757, -36.158, 4.010, 84.047, 107.069
136, 230.000, 67.859, -51.653, 46.507, 36.606, 3.832, 0.010, 51.641, -84.023
136, 335.000,82.979, -58.011, 1175.231, 151.597, -80.062, 4.010, 81.700, -117.840
137, 230.000, -33.305, 8.441, 28.486, -52.016, -0.673, 0.010, 28.705, 90.742
137, 335.000,-43.941, 8.754, 1184.871, -81.282, 5.690, 4.010, 86.066, 85.996
138, 230.000, -36.556, 42.785, 4.102, 51.357, 29.381, 0.010, 3.965, -60.226
138, 335.000,-29.940, 50.578, 1185.389, 23.410, 69.717, 4.010, 86.450, -18.562
139, 230.000, -12.899, -78.601, 34.440, -27.159, 39.924, 0.010, 35.498, 34.226
139, 335.000,-18.689, -79.921, 1185.364, -46.586, -57.443, 4.010, 86.430, 140.958
140, 230.000, -4.092, 56.622, 4.243, -24.401, -53.891, 0.010, 4.102, 155.640
140, 335.000,-8.574, 50.697, 1187.250, -29.936, -9.853, 4.010, 88.479, 108.218
141, 230.000, 17.266, 3.366, 13.907, 0.948, 57.648, 0.010, 13.561, -0.942
141, 335.000,18.283, 13.645, 1185.483, 19.871, 69.098, 4.010, 86.529, -16.044
142, 230.000, -0.922, 76.010, 14.690, -40.353, -40.908, 0.010, 14.341, 135.391
142, 335.000,-7.815, 75.978, 1185.952, -45.474, 44.797, 4.010, 86.919, 45.430
143, 230.000, -53.704, -51.280, 4.943, 45.033, -38.279, 0.010, 4.781, -130.365
143, 335.000,-50.930, -62.493, 1183.064, -14.474, -103.464, 4.010, 84.954, 172.037
144, 230.000, 88.253, 7.839, 58.946, 3.192, 5.730, 0.010, 83.650, -29.123
144, 335.000,101.816, 9.913, 1176.908, 158.260, 20.130, 4.010, 82.280, -82.751
145, 230.000, 47.926, -3.776, 23.389, -51.451, 17.983, 0.010, 23.226, 70.735
145, 335.000,41.683, -0.891, 1187.431, -17.220, 16.383, 4.010, 88.853, 46.426
146, 230.000, 51.539, -3.832, 51.060, -16.877, -25.015, 0.010, 59.417, 145.994
146, 335.000,51.700, -8.247, 1187.029, 24.722, -30.131, 4.010, 88.119, -140.632
147, 230.000, -46.532, -86.442, 27.411, 19.799, -48.726, 0.010, 27.527, -157.887
147, 335.000,-58.011, -121.311, 1136.818, -121.227, -322.091, 4.011, 73.157, 159.375
148, 230.000, 4.654, 58.818, 8.554, -13.848, 57.032, 0.010, 8.293, 13.648
148, 335.000,2.594, 72.871, 1181.532, -10.545, 120.116, 4.010, 84.173, 5.017
149, 230.000, 15.620, 40.942, 22.930, 46.340, -29.060, 0.010, 22.744, -122.092
149, 335.000,24.433, 38.126, 1186.037, 62.231, 0.878, 4.010, 86.996, -89.192
150, 230.000, -55.040, 23.140, 50.332, 31.075, 4.324, 0.010, 58.063, -82.079
150, 335.000,-53.418, 25.360, 1187.282, -16.245, 25.629, 4.010, 88.536, 32.370
151, 230.000, 39.096, 26.824, 13.335, 27.748, 50.694, 0.010, 12.993, -28.694
151, 335.000,46.205, 37.185, 1183.470, 62.935, 77.435, 4.010, 85.180, -39.102
152, 230.000, 50.199, -4.624, 1.662, -50.837, -30.505, 0.010, 1.605, 120.966
152, 335.000,44.126, -10.208, 1187.015, -14.259, -36.731, 4.010, 88.099, 158.784
153, 230.000, 28.468, 31.146, 30.771, 42.038, 28.347, 0.010, 31.253, -56.007
153, 335.000,37.222, 37.704, 1184.428, 67.983, 55.366, 4.010, 85.766, -50.840
154, 230.000, 2.365, 94.324, 29.681, -36.228, -36.390, 0.010, 30.029, 135.128
154, 335.000,-2.956, 106.237, 1176.567, -35.749, 157.932, 4.010, 82.164, 12.754
155, 230.000, -69.230, -24.929, 11.716, 57.381, -9.368, 0.010, 11.394, -99.273
155, 335.000,-65.281, -28.603, 1186.984, -13.791, -37.890, 4.010, 88.054, 160.000
156, 230.000, 78.408, -51.527, 55.617, 20.282, -3.604, 0.010, 69.676, -100.075
156, 335.000,97.462, -62.514, 1165.090, 197.454, -118.827, 4.010, 78.811, -121.039
157, 230.000, -58.076, -17.989, 50.678, -5.984, -30.226, 0.010, 58.700, 168.802
157, 335.000,-63.097, -24.276, 1184.985, -62.173, -50.035, 4.010, 86.147, 128.826
158, 230.000, -32.657, 5.593, 19.599, 54.292, 13.633, 0.010, 19.296, -75.904
158, 335.000,-24.851, 8.239, 1187.110, 30.293, 20.090, 4.010, 88.246, -56.448
159, 230.000, 4.846, -31.074, 23.710, 20.937, -50.171, 0.010, 23.563, -157.348
159, 335.000,8.705, -41.291, 1184.850, 26.202, -77.468, 4.010, 86.052, -161.313
160, 230.000, 65.276, -66.136, 49.099, -17.963, 28.004, 0.010, 55.878, 32.677
160, 335.000,73.697, -73.116, 1178.490, 108.881, -99.339, 4.010, 82.871, -132.376
161, 230.000, 93.356, 34.174, 5.207, -47.423, 35.236, 0.010, 5.037, 53.387
161, 335.000,115.962, 50.641, 1152.838, 243.681, 148.757, 4.010, 76.091, -58.598
162, 230.000, 20.023, 73.404, 56.488, 11.872, 13.631, 0.010, 72.255, -41.054
162, 335.000,23.926, 82.822, 1182.122, 38.434, 108.025, 4.010, 84.460, -19.585
163, 230.000, 20.992, 37.696, 54.529, -23.166, 2.747, 0.010, 66.839, 83.238
163, 335.000,18.209, 40.142, 1187.196, -8.493, 32.401, 4.010, 88.384, 14.688
164, 230.000, -38.271, -28.118, 11.271, 18.475, 55.220, 0.010, 10.955, -18.499
164, 335.000,-37.135, -20.057, 1187.038, -10.550, 37.222, 4.010, 88.133, 15.825
165, 230.000, 10.188, -64.118, 24.856, -4.880, 53.629, 0.010, 24.777, 5.199
165, 335.000,10.065, -59.458, 1187.657, 4.388, -2.729, 4.010, 89.751, -121.876
166, 230.000, 17.808, 52.621, 56.622, -4.175, -17.152, 0.010, 72.684, 166.319
166, 335.000,18.199, 52.977, 1187.311, 10.910, 27.049, 4.010, 88.593, -21.967
167, 230.000, -55.459, 11.358, 46.714, -29.008, -22.226, 0.010, 51.964, 127.459
167, 335.000,-63.940, 8.369, 1184.754, -82.024, -13.694, 4.010, 85.985, 99.478
168, 230.000, -10.947, 69.715, 55.049, -5.237, 21.444, 0.010, 68.150, 13.725
168, 335.000,-12.749, 79.227, 1183.061, -18.208, 102.925, 4.010, 84.951, 10.032
169, 230.000, 56.222, -17.788, 25.458, -44.927, -29.174, 0.010, 25.420, 122.998
169, 335.000,52.158, -23.893, 1186.717, 1.591, -47.497, 4.010, 87.707, -178.082
170, 230.000, -92.838, 14.254, 45.975, 28.502, 24.322, 0.010, 50.820, -49.525
170, 335.000,-105.671, 20.758, 1175.037, -163.016, 57.236, 4.010, 81.635, 70.654
171, 230.000, -32.470, 51.706, 50.654, -2.200, 30.773, 0.010, 58.656, 4.090
171, 335.000,-35.132, 60.492, 1184.217, -34.052, 83.836, 4.010, 85.630, 22.106
172, 230.000, 40.129, 82.831, 13.820, 13.217, 56.142, 0.010, 13.474, -13.247
172, 335.000,50.315, 108.583, 1157.429, 103.120, 245.557, 4.010, 77.042, -22.780
173, 230.000, -80.763, -45.743, 56.654, -15.473, 8.277, 0.010, 72.791, 61.858
173, 335.000,-98.239, -52.948, 1169.761, -186.343, -86.424, 4.010, 80.040, 114.881
174, 230.000, 75.586, -9.411, 34.192, 29.990, -38.068, 0.010, 35.204, -141.769
174, 335.000,88.287, -16.710, 1179.054, 132.031, -54.383, 4.010, 83.095, -112.387
175, 230.000, 82.770, 8.585, 39.238, -33.684, -29.041, 0.010, 41.421, 130.766
175, 335.000,86.564, 4.798, 1184.844, 79.364, -20.028, 4.010, 86.048, -104.163
176, 230.000, -17.499, 41.032, 27.145, 48.519, 20.656, 0.010, 27.238, -66.939
176, 335.000,-10.126, 46.800, 1185.782, 38.405, 54.797, 4.010, 86.770, -35.025
177, 230.000, 74.662, 20.232, 57.219, 5.798, 14.491, 0.010, 74.742, -21.806
177, 335.000,83.103, 24.628, 1182.457, 102.873, 42.095, 4.010, 84.630, -67.746
178, 230.000, 28.458, 65.148, 7.164, -4.086, 58.733, 0.010, 6.938, 3.980
178, 335.000,30.387, 81.214, 1178.568, 29.900, 143.677, 4.010, 82.902, -11.756
179, 230.000, 42.535, -22.694, 19.071, -55.478, -8.725, 0.010, 18.756, 98.938
179, 335.000,35.295, -25.437, 1187.068, -25.825, -27.575, 4.010, 88.177, 136.878
180, 230.000, 59.194, 11.834, 58.846, 7.140, 1.943, 0.010, 82.833, -74.772
180, 335.000,64.396, 12.959, 1185.892, 63.579, 13.269, 4.010, 86.865, -78.211
181, 230.000, -24.085, -89.544, 25.585, -30.502, 43.962, 0.010, 25.555, 34.754
181, 335.000,-33.103, -97.778, 1178.153, -81.430, -126.031, 4.010, 82.742, 147.133
182, 230.000, -16.135, -82.579, 38.250, 41.177, 18.947, 0.010, 40.159, -65.291
182, 335.000,-11.309, -89.243, 1183.236, 21.989, -100.128, 4.010, 85.048, -167.614
183, 230.000, -21.811, 79.153, 23.045, 19.686, 50.981, 0.010, 22.865, -21.114
183, 335.000,-21.267, 97.552, 1174.111, -11.560, 178.580, 4.010, 81.334, 3.704
184, 230.000, -23.903, -32.682, 8.230, 50.402, 30.158, 0.010, 7.977, -59.106
184, 335.000,-16.319, -29.079, 1187.120, 35.520, 6.530, 4.010, 88.257, -79.584
185, 230.000, -74.315, -43.152, 12.433, 57.821, -4.444, 0.010, 12.101, -94.395
185, 335.000,-73.774, -49.139, 1184.699, -46.970, -69.583, 4.010, 85.947, 145.980
186, 230.000, 55.691, -0.342, 43.604, 36.445, 16.973, 0.010, 47.323, -65.027
186, 335.000,65.451, 2.493, 1184.093, 90.310, 18.072, 4.010, 85.552, -78.684
187, 230.000, 25.318, -69.879, 43.635, 3.307, -40.034, 0.010, 47.367, -175.278
187, 335.000,28.326, -83.302, 1179.760, 35.540, -132.145, 4.010, 83.384, -164.947
188, 230.000, 64.348, 37.273, 58.528, -9.592, 0.371, 0.010, 80.686, 87.786
188, 335.000,68.574, 40.691, 1185.015, 65.675, 44.533, 4.010, 86.169, -55.860
189, 230.000, 43.809, -22.571, 53.963, -24.316, 3.795, 0.010, 65.484, 81.128
189, 335.000,42.180, -23.194, 1187.547, 9.324, -14.196, 4.010, 89.181, -146.704
190, 230.000, 45.097, -65.440, 12.017, -8.172, -57.502, 0.010, 11.690, 171.911
190, 335.000,48.904, -82.653, 1175.778, 55.712, -158.119, 4.010, 81.885, -160.591
191, 230.000, 18.928, 58.738, 25.462, 52.646, -9.886, 0.010, 25.423, -100.635
191, 335.000,29.212, 61.192, 1184.358, 75.633, 46.171, 4.010, 85.721, -58.598
192, 230.000, -84.831, 16.444, 17.061, -53.810, -18.196, 0.010, 16.718, 108.683
192, 335.000,-106.418, 15.883, 1168.955, -209.843, 8.500, 4.010, 79.815, 87.680
193, 230.000, 42.177, -49.470, 45.854, 34.611, 14.735, 0.010, 50.635, -66.939
193, 335.000,51.117, -50.723, 1184.415, 80.792, -34.515, 4.010, 85.758, -113.132
194, 230.000, 41.828, 37.318, 56.812, 5.890, -15.980, 0.010, 73.312, -159.765
194, 335.000,45.412, 36.981, 1186.783, 43.133, 15.566, 4.010, 87.787, -70.157
195, 230.000, 73.921, -47.951, 35.832, -0.338, -47.261, 0.010, 37.167, 179.591
195, 335.000,85.132, -62.949, 1172.119, 132.006, -138.836, 4.010, 80.717, -136.444
196, 230.000, 14.244, -56.966, 19.568, 30.925, 46.673, 0.010, 19.265, -33.529
196, 335.000,20.439, -52.586, 1186.772, 46.153, -0.027, 4.010, 87.773, -90.034
197, 230.000, 68.794, 14.165, 32.416, -48.990, -8.177, 0.010, 33.131, 99.476
197, 335.000,65.906, 13.891, 1187.513, 18.282, 5.847, 4.010, 89.074, -72.264
198, 230.000, -29.460, 60.028, 52.556, 27.454, -1.328, 0.010, 62.392, -92.769
198, 335.000,-27.130, 64.329, 1186.152, -0.297, 60.007, 4.010, 87.104, 0.284
199, 230.000, -35.094, -67.917, 20.061, 36.617, -42.124, 0.010, 19.769, -139.001
199, 335.000,-32.481, -81.860, 1179.999, -4.997, -134.672, 4.010, 83.485, 177.875
200, 230.000, -67.565, 2.443, 48.292, -32.170, 12.272, 0.010, 54.512, 69.120
200, 335.000,-78.420, 4.682, 1182.537, -109.114, 16.086, 4.010, 84.672, 81.614
201, 230.000, 32.838, 92.400, 21.235, 9.350, -54.583, 0.010, 20.980, -170.280
201, 335.000,42.579, 107.192, 1169.291, 97.681, 183.528, 4.010, 79.918, -28.024
202, 230.000, -6.806, 82.891, 42.836, -40.645, -5.540, 0.010, 46.241, 97.762
202, 335.000,-14.259, 91.856, 1180.672, -55.143, 116.310, 4.010, 83.778, 25.366
203, 230.000, 2.661, 5.815, 31.323, -49.075, -11.322, 0.010, 31.879, 102.992
203, 630.000,-19.778, 4.265, 1452.551, -64.476, 0.999, 6.011, 87.458, 89.112
204, 230.000, 60.911, 67.598, 43.198, -33.147, 23.512, 0.010, 46.749, 54.650
204, 335.000,65.625, 82.492, 1174.867, 78.760, 154.969, 4.010, 81.584, -26.941
205, 230.000, 57.530, -64.739, 35.071, -47.827, 0.408, 0.010, 36.251, 89.511
205, 335.000,57.126, -72.986, 1182.797, 36.881, -100.910, 4.010, 84.810, -159.924
206, 230.000, -39.870, -49.769, 54.900, 7.417, -21.179, 0.010, 67.768, -160.699
206, 335.000,-41.548, -56.913, 1185.010, -31.804, -72.774, 4.010, 86.166, 156.393
207, 230.000, -35.972, -76.386, 45.285, 35.035, 15.474, 0.010, 49.778, -66.170
207, 335.000,-34.547, -82.936, 1183.753, -14.142, -95.302, 4.010, 85.347, 171.560
208, 230.000, 96.837, -15.429, 13.173, -57.492, -6.225, 0.010, 12.833, 96.180
208, 335.000,111.767, -20.215, 1171.725, 188.054, -47.343, 4.010, 80.603, -104.131
209, 230.000, 51.755, -23.359, 45.137, 3.953, -38.271, 0.010, 49.556, -174.103
209, 335.000,55.786, -31.307, 1184.896, 51.441, -62.719, 4.010, 86.084, -140.642
210, 230.000, -27.503, -83.505, 32.941, 47.208, 14.281, 0.010, 33.739, -73.168
210, 335.000,-23.580, -92.582, 1181.437, 7.444, -121.292, 4.010, 84.127, -176.488
211, 230.000, -77.936, -61.999, 12.022, -56.252, 14.452, 0.010, 11.695, 75.591
211, 335.000,-124.891, -89.685, 1095.498, -391.142, -243.938, 4.016, 67.179, 121.950
212, 230.000, -33.245, -36.916, 28.620, -37.919, 35.506, 0.010, 28.853, 46.883
212, 335.000,-41.640, -32.975, 1185.671, -68.416, 7.785, 4.010, 86.676, 83.508
213, 230.000, -21.583, 87.277, 22.991, -25.460, -48.382, 0.010, 22.808, 152.245
213, 335.000,-28.869, 92.122, 1181.891, -65.773, 96.741, 4.010, 84.347, 34.211
214, 230.000, 46.343, -83.901, 8.607, 43.615, -39.259, 0.010, 8.344, -131.991
214, 335.000,65.558, -112.248, 1143.379, 174.161, -270.131, 4.011, 74.299, -147.189
215, 230.000, 19.976, 90.026, 26.521, 50.111, 17.412, 0.010, 26.561, -70.839
215, 335.000,31.868, 109.884, 1164.795, 98.771, 209.928, 4.010, 78.735, -25.197
216, 230.000, -9.929, -26.945, 36.107, -19.916, 42.630, 0.010, 37.502, 25.041
216, 335.000,-13.837, -20.955, 1187.051, -31.415, 21.796, 4.010, 88.155, 55.247
217, 230.000, -34.284, 10.418, 51.747, 27.748, -8.360, 0.010, 60.750, -106.766
217, 335.000,-31.298, 9.523, 1187.666, 2.709, -0.745, 4.010, 89.864, -105.371
218, 230.000, 4.578, 20.576, 34.291, 48.362, -1.698, 0.010, 35.322, -92.011
218, 335.000,13.130, 21.283, 1186.110, 58.076, 17.759, 4.010, 87.069, -72.997
219, 230.000, 12.739, 36.803, 24.720, 35.151, 40.878, 0.010, 24.632, -40.692
219, 335.000,19.468, 45.794, 1184.479, 47.780, 72.690, 4.010, 85.800, -33.317
220, 230.000, -2.336, 3.832, 28.879, 51.166, 8.102, 0.010, 29.139, -81.002
220, 630.000,21.394, 10.519, 1452.171, 68.595, 23.676, 6.011, 87.139, -70.958
221, 230.000, 11.297, 32.658, 22.108, -42.229, -35.293, 0.010, 21.886, 129.887
221, 335.000,4.546, 28.170, 1187.058, -36.550, -10.816, 4.010, 88.161, 106.485
222, 230.000, -69.154, 26.395, 57.078, -1.541, -16.043, 0.010, 74.232, 174.515
222, 335.000,-75.620, 26.137, 1184.656, -83.404, 13.619, 4.010, 85.920, 80.726
223, 230.000, -30.909, 80.115, 13.333, -50.270, -28.510, 0.010, 12.991, 119.560
223, 335.000,-43.298, 85.878, 1179.128, -105.322, 95.530, 4.010, 83.124, 47.791
224, 230.000, 87.198, -19.582, 39.461, 20.668, 39.157, 0.010, 41.708, -27.826
224, 335.000,104.229, -16.328, 1173.459, 183.028, 7.970, 4.010, 81.127, -87.507
225, 230.000, 39.729, 70.800, 40.125, -42.273, -10.982, 0.010, 42.573, 104.563
225, 335.000,37.012, 76.526, 1184.722, 6.897, 83.336, 4.010, 85.963, -4.731
226, 230.000, 26.080, 28.467, 29.962, 2.637, -51.117, 0.010, 30.343, -177.047
226, 335.000,27.848, 21.129, 1186.985, 23.381, -32.826, 4.010, 88.055, -144.539
227, 230.000, 74.306, -1.824, 3.135, -57.781, 13.005, 0.010, 3.030, 77.316
227, 335.000,70.695, 0.241, 1187.450, 19.227, 12.244, 4.010, 88.900, -57.511
228, 230.000, 36.219, -72.064, 13.606, 54.876, 17.919, 0.010, 13.262, -71.916
228, 335.000,49.501, -77.162, 1179.534, 112.117, -81.767, 4.010, 83.290, -126.103
229, 230.000, -88.382, -9.999, 4.607, 33.113, 48.989, 0.010, 4.455, -34.056
229, 335.000,-95.292, -3.304, 1181.855, -110.985, 38.114, 4.010, 84.330, 71.047
230, 230.000, -11.336, -4.876, 23.055, -34.239, -42.589, 0.010, 22.875, 141.203
230, 335.000,-17.866, -12.543, 1185.228, -52.822, -54.762, 4.010, 86.327, 136.033
231, 230.000, 87.110, 10.880, 1.537, -21.437, -55.279, 0.010, 1.485, 158.804
231, 335.000,95.403, 3.169, 1180.901, 118.686, -44.086, 4.010, 83.880, -110.378
232, 230.000, -33.228, -36.712, 40.136, 18.251, 39.669, 0.010, 42.588, -24.706
232, 335.000,-31.976, -32.027, 1187.575, -7.144, 13.113, 4.010, 89.280, 28.581
233, 230.000, -91.339, -12.647, 14.888, 57.269, 4.026, 0.010, 14.538, -85.979
233, 335.000,-96.488, -13.992, 1182.956, -103.957, -18.770, 4.010, 84.897, 100.235
234, 230.000, -30.539, 89.031, 38.239, -45.180, -3.764, 0.010, 40.146, 94.763
234, 335.000,-43.989, 106.669, 1165.273, -119.613, 195.994, 4.010, 78.853, 31.395
235, 230.000, 84.116, 45.984, 5.177, -42.464, -41.081, 0.010, 5.007, 134.051
235, 335.000,94.128, 48.601, 1178.274, 138.249, 55.417, 4.010, 82.796, -68.157
236, 230.000, 26.638, 91.346, 46.965, 34.539, -10.906, 0.010, 52.360, -107.524
236, 335.000,37.781, 109.187, 1166.244, 100.957, 200.568, 4.010, 79.102, -26.719
237, 230.000, 19.287, 74.167, 7.542, -53.378, 24.729, 0.010, 7.306, 65.143
237, 335.000,12.160, 85.786, 1180.806, -34.304, 122.785, 4.010, 83.838, 15.609
238, 230.000, 18.111, -40.630, 1.750, -28.090, -52.207, 0.010, 1.691, 151.718
238, 335.000,14.207, -52.047, 1184.200, -15.707, -89.343, 4.010, 85.620, 170.029
239, 230.000, -5.237, 2.077, 51.818, -8.942, -27.433, 0.010, 60.890, 161.946
239, 630.000,-13.262, -9.920, 1453.291, -29.106, -34.006, 6.011, 88.236, 139.440
240, 230.000, 75.429, 37.987, 30.935, 5.874, 50.261, 0.010, 31.439, -6.666
240, 335.000,86.362, 51.280, 1175.000, 127.458, 116.996, 4.010, 81.624, -47.451
241, 230.000, 54.030, -4.507, 45.528, 25.939, 27.785, 0.010, 50.142, -43.032
241, 335.000,61.778, -0.117, 1184.959, 75.837, 26.049, 4.010, 86.129, -71.043
242, 230.000, 35.140, 29.454, 53.320, 5.534, 25.376, 0.010, 64.029, -12.302
242, 335.000,38.017, 35.346, 1186.078, 34.254, 51.016, 4.010, 87.034, -33.879
243, 230.000, -74.925, -26.639, 34.999, 43.336, 20.365, 0.010, 36.165, -64.830
243, 335.000,-75.126, -25.892, 1186.687, -46.972, -11.245, 4.010, 87.669, 103.463
244, 230.000, 57.724, 55.024, 50.399, 31.252, 0.941, 0.010, 58.185, -88.275
244, 335.000,69.222, 61.264, 1179.509, 115.141, 77.848, 4.010, 83.279, -55.937
245, 230.000, -6.871, 96.093, 14.218, 31.768, -48.024, 0.010, 13.870, -146.515
245, 335.000,-3.285, 108.793, 1175.520, 19.950, 168.120, 4.010, 81.805, -6.767
246, 230.000, -20.744, 29.378, 4.963, -28.699, -51.666, 0.010, 4.800, 150.949
246, 335.000,-26.813, 21.784, 1186.267, -47.398, -32.907, 4.010, 87.215, 124.771
247, 230.000, -13.701, -35.411, 52.491, 7.015, 26.704, 0.010, 62.256, -14.719
247, 335.000,-13.205, -32.685, 1187.664, -3.163, 1.066, 4.010, 89.839, 71.377
248, 230.000, 26.670, 76.107, 39.877, 43.822, -2.659, 0.010, 42.249, -93.472
248, 335.000,36.876, 84.211, 1179.929, 86.164, 104.403, 4.010, 83.455, -39.533
249, 230.000, 44.413, 20.302, 29.163, 48.531, -17.660, 0.010, 29.453, -109.996
249, 335.000,55.327, 18.482, 1184.263, 89.865, -1.966, 4.010, 85.660, -91.253
250, 230.000, -47.629, 8.279, 45.300, -30.464, -23.184, 0.010, 49.799, 127.272
250, 335.000,-55.517, 4.845, 1185.326, -72.320, -18.121, 4.010, 86.401, 104.067
251, 230.000, -79.787, -30.541, 43.008, -38.925, -12.360, 0.010, 46.481, 107.617
251, 335.000,-97.271, -36.820, 1172.608, -177.024, -64.926, 4.010, 80.865, 110.141
252, 230.000, -2.202, -93.139, 39.882, -5.117, 43.599, 0.010, 42.256, 6.694
252, 335.000,-3.392, -102.188, 1180.011, -10.061, -134.303, 4.010, 83.489, 175.716
253, 230.000, -32.416, -88.593, 13.499, 50.907, 27.274, 0.010, 13.156, -61.819
253, 335.000,-30.238, -100.612, 1177.589, -10.246, -154.005, 4.010, 82.533, 176.194
254, 230.000, 53.023, -84.742, 20.401, -4.887, 55.476, 0.010, 20.119, 5.035
254, 335.000,76.955, -115.515, 1129.120, 217.559, -293.731, 4.005, 72.062, -143.474
255, 230.000, 67.122, -32.953, 16.051, 45.977, 33.855, 0.010, 15.702, -53.634
255, 335.000,81.436, -30.439, 1179.916, 135.421, -4.109, 4.010, 83.450, -91.738
256, 230.000, -75.156, 30.887, 11.575, 48.396, -32.272, 0.010, 11.254, -123.696
256, 335.000,-74.708, 28.628, 1186.839, -44.189, 4.477, 4.010, 87.857, 84.215
257, 230.000, -24.984, 72.520, 46.404, 7.045, -36.258, 0.010, 51.481, -169.005
257, 335.000,-26.128, 73.237, 1186.513, -22.309, 47.413, 4.010, 87.471, 25.198
258, 230.000, 23.795, -40.920, 19.494, 18.950, 52.712, 0.010, 19.189, -19.773
258, 335.000,28.356, -34.062, 1186.767, 39.425, 24.221, 4.010, 87.767, -58.436
259, 230.000, -6.148, 94.944, 44.482, 34.130, 19.344, 0.010, 48.590, -60.457
259, 335.000,-2.120, 119.130, 1161.010, 23.764, 249.185, 4.011, 77.833, -5.448
260, 230.000, 18.940, -86.451, 7.287, -51.255, -28.939, 0.010, 7.058, 119.450
260, 335.000,13.366, -104.561, 1172.370, -23.516, -188.554, 4.010, 80.794, 172.891
261, 230.000, -42.158, -16.668, 59.123, 3.716, 2.876, 0.010, 85.456, -52.261
261, 335.000,-43.811, -17.086, 1187.262, -29.385, -10.106, 4.010, 88.501, 108.980
262, 230.000, -39.184, -0.552, 11.675, 38.443, -43.629, 0.010, 11.352, -138.616
262, 335.000,-34.475, -8.180, 1186.663, 10.776, -47.648, 4.010, 87.643, -167.256
263, 230.000, -25.888, 45.026, 19.869, -54.222, -13.522, 0.010, 19.573, 104.003
263, 335.000,-36.775, 45.426, 1184.666, -80.910, 24.038, 4.010, 85.925, 73.454
264, 230.000, 8.422, -70.417, 44.482, 9.917, 37.956, 0.010, 48.590, -14.642
264, 335.000,10.741, -69.742, 1187.016, 19.836, -34.027, 4.010, 88.100, -149.759
265, 230.000, -4.817, 94.977, 5.490, 0.982, 59.047, 0.010, 5.311, -0.953
265, 335.000,-5.853, 128.199, 1145.790, -11.319, 312.458, 4.010, 74.737, 2.075
266, 230.000, 36.426, 68.756, 16.432, -14.379, 55.144, 0.010, 16.084, 14.615
266, 335.000,37.973, 85.533, 1176.882, 34.218, 156.007, 4.010, 82.272, -12.371
267, 230.000, 45.830, -54.598, 0.945, 58.471, -9.892, 0.010, 0.913, -99.602
267, 335.000,60.091, -61.316, 1179.120, 119.817, -76.678, 4.010, 83.121, -122.618
268, 230.000, -83.448, 15.364, 39.023, -41.015, -17.680, 0.010, 41.144, 113.319
268, 335.000,-101.498, 14.558, 1173.546, -182.544, 5.439, 4.010, 81.155, 88.293
269, 230.000, 47.974, -18.327, 32.450, 23.393, 43.788, 0.010, 33.171, -28.112
269, 335.000,54.800, -11.960, 1185.417, 65.822, 31.791, 4.010, 86.471, -64.220
270, 230.000, 26.840, 14.982, 36.921, -24.162, -39.631, 0.010, 38.500, 148.630
270, 335.000,24.025, 8.929, 1187.291, -1.920, -29.921, 4.010, 88.553, 176.328
271, 230.000, 69.317, 68.817, 28.249, 51.054, -10.635, 0.010, 28.444, -101.767
271, 335.000,97.736, 87.314, 1142.796, 261.477, 190.104, 4.010, 74.205, -53.981
272, 230.000, -11.227, -28.657, 35.017, 40.457, -25.587, 0.010, 36.186, -122.312
272, 335.000,-4.842, -34.441, 1186.106, 34.993, -49.863, 4.010, 87.060, -144.939
273, 230.000, -62.174, -13.044, 57.465, 1.399, 14.609, 0.010, 75.674, -5.469
273, 335.000,-66.361, -11.554, 1186.185, -59.282, 3.091, 4.010, 87.135, 87.015
274, 230.000, 97.870, -1.464, 52.549, 27.056, -4.920, 0.010, 62.376, -100.305
274, 335.000,130.878, -2.663, 1143.925, 319.057, -9.868, 4.010, 74.408, -91.771
275, 230.000, -61.719, -40.484, 57.416, 5.288, -13.894, 0.010, 75.484, -159.161
275, 335.000,-66.428, -46.418, 1184.057, -67.496, -63.296, 4.010, 85.532, 133.161
276, 230.000, -37.209, -18.441, 19.460, -41.051, -38.129, 0.010, 19.154, 132.886
276, 335.000,-46.339, -26.038, 1184.054, -73.895, -55.803, 4.010, 85.528, 127.059
277, 230.000, 31.795, -9.320, 57.653, 5.128, -12.939, 0.010, 76.428, -158.381
277, 335.000,34.216, -11.952, 1187.103, 29.968, -21.094, 4.010, 88.232, -125.141
278, 230.000, 40.767, -56.064, 11.563, -39.929, -42.304, 0.010, 11.242, 136.655
278, 335.000,37.338, -67.946, 1182.694, 1.342, -108.584, 4.010, 84.754, -179.292
279, 230.000, -92.736, -29.370, 11.059, 44.405, 37.730, 0.010, 10.747, -49.646
279, 335.000,-106.903, -30.124, 1173.912, -177.635, -29.525, 4.010, 81.279, 99.437
280, 230.000, 6.548, 70.982, 33.444, 15.514, -46.459, 0.010, 34.325, -161.534
280, 335.000,9.668, 68.871, 1187.161, 23.934, 25.127, 4.010, 88.326, -43.607
281, 230.000, 4.595, -97.835, 3.066, 50.803, -30.451, 0.010, 2.963, -120.938
281, 335.000,14.166, -132.893, 1137.941, 71.793, -332.528, 4.011, 73.356, -167.817
282, 230.000, -7.976, 11.056, 1.564, 47.991, 34.815, 0.010, 1.511, -54.041
282, 630.000,10.529, 36.166, 1450.777, 47.154, 85.205, 6.011, 86.160, -28.961
283, 230.000, -16.930, -80.557, 8.610, -56.050, 17.374, 0.010, 8.348, 72.778
283, 335.000,-28.298, -86.977, 1180.514, -86.844, -96.970, 4.010, 83.708, 138.153
284, 230.000, -68.196, 57.128, 46.125, 33.509, -16.347, 0.010, 51.051, -116.005
284, 335.000,-72.379, 62.515, 1182.604, -77.222, 77.743, 4.010, 84.706, 44.807
285, 230.000, -2.587, -66.660, 27.210, 25.674, -46.022, 0.010, 27.309, -150.844
285, 335.000,1.545, -79.908, 1180.938, 25.299, -123.705, 4.010, 83.897, -168.442
286, 230.000, -26.629, -23.525, 4.856, -58.718, -6.803, 0.010, 4.697, 96.608
286, 335.000,-38.290, -25.927, 1184.445, -83.698, -25.329, 4.010, 85.778, 106.837
287, 230.000, 36.445, -32.240, 3.035, 58.781, -7.296, 0.010, 2.934, -97.075
287, 335.000,48.888, -35.443, 1183.351, 94.787, -35.395, 4.010, 85.113, -110.477
288, 230.000, 96.469, -20.307, 6.618, -56.699, 16.096, 0.010, 6.406, 74.152
288, 335.000,112.889, -23.115, 1170.113, 199.676, -37.330, 4.010, 80.151, -100.589
289, 230.000, -26.502, -17.536, 4.456, -4.659, -58.958, 0.010, 4.309, 175.482
289, 335.000,-28.636, -28.759, 1184.909, -25.104, -76.923, 4.010, 86.093, 161.926
290, 230.000, 25.305, -78.473, 9.653, -24.912, 52.952, 0.010, 9.367, 25.195
290, 335.000,23.808, -77.900, 1186.748, 6.262, -46.321, 4.010, 87.744, -172.301
291, 230.000, -46.646, -8.653, 10.668, 55.029, 19.381, 0.010, 10.363, -70.598
291, 335.000,-39.595, -5.752, 1187.377, 22.266, 14.042, 4.010, 88.730, -57.763
292, 230.000, -0.882, -61.936, 14.515, -55.192, 16.149, 0.010, 14.166, 73.690
292, 335.000,-10.405, -63.432, 1185.389, -60.885, -41.277, 4.010, 86.449, 124.135
293, 230.000, -78.907, 6.727, 17.105, -26.649, 50.149, 0.010, 16.762, 27.986
293, 335.000,-92.180, 15.897, 1177.548, -140.322, 65.182, 4.010, 82.515, 65.084
294, 230.000, -1.183, -5.076, 2.659, 38.794, -44.784, 0.010, 2.570, -139.099
294, 630.000,17.448, -31.065, 1450.654, 54.134, -82.059, 6.011, 86.123, -146.587
295, 230.000, -64.217, 24.497, 44.478, 25.075, -30.176, 0.010, 48.584, -140.275
295, 335.000,-64.950, 21.347, 1187.003, -39.035, -7.549, 4.010, 88.082, 100.945
296, 230.000, 92.622, -11.442, 15.919, 7.502, 56.639, 0.010, 15.570, -7.545
296, 335.000,111.561, -4.467, 1168.972, 206.218, 39.536, 4.010, 79.817, -79.147
297, 230.000, -1.332, -11.966, 51.429, -27.374, 11.109, 0.010, 60.126, 67.911
297, 630.000,-15.661, -14.840, 1453.161, -44.260, -20.081, 6.010, 88.084, 114.404
298, 230.000, -94.832, 30.254, 20.968, 51.992, 19.361, 0.010, 20.703, -69.576
298, 335.000,-117.080, 42.888, 1156.644, -242.556, 117.967, 4.010, 76.874, 64.064
299, 230.000, -24.542, 31.920, 47.356, 34.466, 9.332, 0.010, 52.983, -74.849
299, 335.000,-19.974, 35.134, 1187.023, 18.080, 34.744, 4.010, 88.110, -27.491
300, 230.000, 95.336, 5.949, 33.272, 46.237, -16.514, 0.010, 34.124, -109.655
300, 335.000,126.137, 4.772, 1149.898, 297.144, -3.421, 4.010, 75.510, -90.660
