ion,x0,y0,z0,vx0,vy0,vz0,ke0,elev0,azim0,x1,y1,z1,vx1,vy1,vz1,ke1,elev1,azim1
1, 230.000, -44.150, -69.504, 7.028, -2.441, -58.841, 0.010, 6.806, 177.624
1, 335.000,-50.237, -88.345, 1172.515, -71.970, -174.900, 4.010, 80.837, 157.633
2, 230.000, 99.504, 3.550, 34.977, 18.396, 44.225, 0.010, 36.139, -22.586
2, 335.000,144.294, 12.040, 1116.555, 402.005, 63.586, 4.015, 69.972, -81.012
3, 230.000, 13.962, 60.343, 2.302, 58.865, 6.871, 0.010, 2.225, -83.342
3, 335.000,25.163, 65.888, 1183.189, 78.123, 67.213, 4.010, 85.022, -49.293
4, 230.000, -30.952, -55.948, 15.642, 53.552, 20.129, 0.010, 15.292, -69.400
4, 335.000,-23.928, -56.360, 1186.908, 28.874, -31.167, 4.010, 87.950, -137.188
5, 230.000, 81.627, -40.171, 55.543, 11.940, -17.031, 0.010, 69.470, -144.966
5, 335.000,97.471, -49.744, 1170.901, 173.212, -97.740, 4.010, 80.360, -119.435
6, 230.000, 71.091, -64.785, 29.391, -49.787, 13.230, 0.010, 29.707, 75.119
6, 335.000,78.246, -76.366, 1175.024, 108.121, -134.723, 4.010, 81.637, -141.252
7, 230.000, 3.464, 85.261, 55.451, 20.864, -2.752, 0.010, 69.218, -97.515
7, 335.000,7.271, 95.744, 1180.131, 28.591, 130.530, 4.010, 83.540, -12.355
8, 230.000, 10.216, 38.082, 12.346, 34.654, -46.522, 0.010, 12.015, -143.318
8, 335.000,16.766, 31.919, 1186.621, 45.495, -20.443, 4.010, 87.593, -114.197
9, 230.000, 0.529, -79.363, 27.676, -11.398, -51.203, 0.010, 27.816, 167.450
9, 335.000,-1.310, -97.069, 1175.153, -11.912, -171.566, 4.010, 81.674, 176.028
10, 230.000, -38.696, 18.690, 50.431, 25.199, -18.421, 0.010, 58.245, -126.168
10, 335.000,-36.462, 16.558, 1187.653, -3.139, -5.207, 4.010, 89.707, 148.915
11, 230.000, 60.027, 48.537, 2.981, 3.550, 59.128, 0.010, 2.881, -3.436
11, 335.000,67.050, 63.794, 1177.254, 85.437, 131.652, 4.010, 82.406, -32.982
12, 230.000, -74.296, -13.679, 21.425, -35.496, 42.410, 0.010, 21.177, 39.928
12, 335.000,-87.660, -7.905, 1179.665, -134.486, 29.356, 4.010, 83.344, 77.686
13, 230.000, 59.869, 40.672, 26.289, 46.403, 25.948, 0.010, 26.311, -60.786
13, 335.000,73.368, 48.904, 1178.402, 125.278, 78.955, 4.010, 82.838, -57.779
14, 230.000, 39.081, -90.602, 30.298, 38.918, 32.940, 0.010, 30.720, -49.756
14, 335.000,56.752, -112.406, 1153.243, 161.000, -234.069, 4.011, 76.161, -145.479
15, 230.000, 6.997, -28.708, 10.022, -22.787, -53.832, 0.010, 9.729, 157.057
15, 335.000,3.355, -39.534, 1184.830, -19.304, -79.774, 4.010, 86.037, 166.397
16, 230.000, 38.467, 51.149, 36.422, -11.298, 45.425, 0.010, 37.886, 13.967
16, 335.000,39.471, 62.657, 1182.955, 27.233, 102.140, 4.010, 84.894, -14.929
17, 230.000, 35.580, -41.927, 24.857, 35.670, 40.341, 0.010, 24.778, -41.483
17, 335.000,43.872, -37.622, 1185.605, 69.625, 7.097, 4.010, 86.622, -84.180
18, 230.000, -12.916, 33.650, 36.845, -43.335, -16.798, 0.010, 38.406, 111.188
18, 335.000,-20.964, 32.468, 1186.294, -56.598, 7.750, 4.010, 87.243, 82.203
19, 230.000, 84.408, 7.954, 19.635, 54.824, -11.245, 0.010, 19.333, -101.591
19, 335.000,105.397, 7.207, 1170.102, 203.526, 0.774, 4.010, 80.133, -89.782
20, 230.000, -35.191, 2.769, 34.541, -48.031, -4.197, 0.010, 35.618, 94.993
20, 335.000,-45.202, 2.192, 1185.071, -78.470, -2.404, 4.010, 86.210, 91.755
21, 230.000, -48.284, -5.951, 37.973, 27.836, 36.068, 0.010, 39.810, -37.660
21, 335.000,-46.227, -0.159, 1187.148, -8.872, 34.058, 4.010, 88.302, 14.601
22, 230.000, 39.915, -30.382, 28.915, 18.996, 48.174, 0.010, 29.179, -21.520
22, 335.000,45.445, -23.894, 1186.163, 53.363, 26.953, 4.010, 87.115, -63.202
23, 230.000, 59.367, -44.190, 41.957, 28.910, 30.355, 0.010, 45.025, -43.603
23, 335.000,69.602, -43.205, 1183.031, 102.996, -19.688, 4.010, 84.935, -100.822
24, 230.000, -99.441, -4.073, 28.550, -11.879, -50.611, 0.010, 28.775, 166.791
24, 335.000,-140.471, -13.645, 1124.379, -377.350, -72.139, 4.014, 71.135, 100.823
25, 230.000, -7.177, -44.320, 54.629, 19.686, 12.074, 0.010, 67.084, -58.479
25, 335.000,-4.259, -44.661, 1187.365, 15.504, -21.935, 4.010, 88.704, -144.747
26, 230.000, 77.222, -47.442, 26.870, 48.271, 21.575, 0.010, 26.939, -65.917
26, 335.000,98.524, -52.196, 1167.315, 207.528, -69.790, 4.010, 79.377, -108.587
27, 230.000, -52.023, -16.377, 28.157, 6.219, 51.828, 0.010, 28.343, -6.842
27, 335.000,-54.105, -8.531, 1186.323, -37.852, 41.982, 4.010, 87.272, 42.038
28, 230.000, -20.335, 43.330, 0.060, 59.142, -4.454, 0.010, 0.058, -94.307
28, 335.000,-11.102, 44.938, 1186.336, 47.609, 29.958, 4.010, 87.285, -57.820
29, 230.000, 84.752, -28.650, 30.805, -5.038, 50.431, 0.010, 31.292, 5.705
29, 335.000,96.516, -24.722, 1178.998, 143.090, 6.137, 4.010, 83.074, -87.544
30, 230.000, -30.918, -48.591, 45.850, 37.480, -3.264, 0.010, 50.630, -94.977
30, 335.000,-26.588, -52.215, 1186.677, 13.001, -46.758, 4.010, 87.658, -164.461
31, 230.000, -19.760, -66.594, 40.963, 42.488, -5.870, 0.010, 43.683, -97.866
31, 335.000,-14.269, -72.952, 1184.807, 25.016, -78.525, 4.010, 86.021, -162.330
32, 230.000, 16.871, -32.596, 10.726, -58.163, 4.431, 0.010, 10.419, 85.644
32, 335.000,7.566, -33.454, 1186.445, -49.710, -20.896, 4.010, 87.398, 112.800
33, 230.000, 56.279, 41.607, 0.670, 55.137, -21.842, 0.010, 0.647, -111.611
33, 335.000,70.675, 41.476, 1180.757, 125.693, 23.911, 4.010, 83.816, -79.229
34, 230.000, 62.153, 15.329, 29.066, 40.542, 32.081, 0.010, 29.345, -51.646
34, 335.000,73.835, 21.949, 1181.490, 109.636, 51.179, 4.010, 84.153, -64.976
35, 230.000, -44.634, 57.800, 9.997, -31.902, 48.989, 0.010, 9.704, 33.073
35, 335.000,-54.440, 71.807, 1177.224, -91.896, 127.504, 4.010, 82.396, 35.781
36, 230.000, -21.935, 38.818, 16.902, 55.357, 12.945, 0.010, 16.558, -76.838
36, 335.000,-13.538, 43.141, 1186.073, 42.397, 44.596, 4.010, 87.030, -43.552
37, 230.000, 45.284, 70.733, 9.867, 55.580, -18.197, 0.010, 9.576, -108.128
37, 335.000,60.351, 76.709, 1176.814, 132.668, 89.834, 4.010, 82.247, -55.897
38, 230.000, 47.512, 84.671, 18.301, -50.572, -25.003, 0.010, 17.973, 116.308
38, 335.000,50.401, 100.073, 1172.458, 59.613, 179.751, 4.010, 80.825, -18.348
39, 230.000, -64.451, 71.128, 20.924, 21.599, 51.121, 0.010, 20.658, -22.904
39, 335.000,-76.759, 96.704, 1154.490, -140.983, 240.552, 4.010, 76.422, 30.374
40, 230.000, 21.367, 43.527, 40.163, 1.772, -43.605, 0.010, 42.623, -177.674
40, 335.000,22.838, 38.526, 1187.455, 19.040, -12.053, 4.010, 88.913, -122.335
41, 230.000, 22.808, -96.633, 48.777, -18.020, 28.526, 0.010, 55.327, 32.282
41, 335.000,27.190, -122.514, 1155.425, 51.028, -270.039, 4.010, 76.621, -169.299
42, 230.000, 44.713, 4.560, 27.893, 32.877, 40.728, 0.010, 28.053, -38.912
42, 335.000,52.855, 11.795, 1184.545, 71.716, 47.622, 4.010, 85.843, -56.415
43, 230.000, 40.986, 34.061, 11.477, 45.624, -36.116, 0.010, 11.158, -128.365
43, 335.000,51.401, 29.914, 1184.575, 85.139, -9.482, 4.010, 85.864, -96.355
44, 230.000, -45.545, 54.523, 41.262, -14.708, -39.985, 0.010, 44.083, 159.804
44, 335.000,-51.728, 52.338, 1185.729, -65.938, 16.008, 4.010, 86.725, 76.354
45, 230.000, 30.532, -7.214, 45.114, 38.332, -3.620, 0.010, 49.521, -95.394
45, 335.000,38.543, -8.183, 1185.888, 64.338, -9.353, 4.010, 86.862, -98.271
46, 230.000, 97.841, 11.003, 37.307, 15.814, -43.310, 0.010, 38.978, -159.941
46, 335.000,130.341, 7.609, 1144.732, 316.488, -15.369, 4.011, 74.528, -92.780
47, 230.000, 64.979, 35.733, 1.289, 59.107, -4.725, 0.010, 1.245, -94.570
47, 335.000,81.580, 38.488, 1177.573, 149.087, 40.683, 4.010, 82.524, -74.737
48, 230.000, 47.470, 78.452, 31.352, -47.260, 17.356, 0.010, 31.912, 69.834
48, 335.000,47.914, 94.562, 1174.452, 39.383, 172.301, 4.010, 81.442, -12.875
49, 230.000, -31.781, -25.143, 34.438, 10.352, 47.165, 0.010, 35.496, -12.379
49, 335.000,-31.634, -18.367, 1187.180, -13.748, 31.174, 4.010, 88.356, 23.798
50, 230.000, -22.186, -78.224, 43.034, -35.555, 20.039, 0.010, 46.517, 60.594
50, 335.000,-30.465, -83.580, 1182.416, -70.198, -86.703, 4.010, 84.610, 141.005
51, 230.000, -24.918, -3.767, 25.169, 3.342, -53.600, 0.010, 25.110, -176.432
51, 335.000,-25.543, -13.232, 1185.935, -17.348, -61.769, 4.010, 86.903, 164.312
52, 230.000, 13.739, -86.897, 5.242, 9.505, -58.308, 0.010, 5.071, -170.741
52, 335.000,17.570, -110.826, 1164.648, 36.659, -229.820, 4.010, 78.700, -170.937
53, 230.000, 27.181, 84.183, 34.127, -45.276, 17.411, 0.010, 35.127, 68.966
53, 335.000,23.855, 99.498, 1175.851, -2.990, 167.140, 4.010, 81.909, 1.025
54, 230.000, -33.792, 58.227, 51.184, -12.766, 27.108, 0.010, 59.655, 25.217
54, 335.000,-38.632, 67.416, 1182.961, -50.589, 92.751, 4.010, 84.896, 28.609
55, 230.000, 77.018, 34.229, 7.063, 46.700, -35.873, 0.010, 6.839, -127.530
55, 335.000,95.028, 32.747, 1174.497, 175.785, 14.680, 4.010, 81.459, -85.226
56, 230.000, 70.571, -39.872, 52.627, -1.165, 27.325, 0.010, 62.539, 2.442
56, 335.000,78.023, -39.741, 1183.576, 95.425, -24.486, 4.010, 85.242, -104.391
57, 230.000, -34.270, 19.715, 35.949, 8.268, -46.443, 0.010, 37.310, -169.906
57, 335.000,-34.599, 12.788, 1187.028, -17.837, -34.697, 4.010, 88.118, 152.794
58, 230.000, -63.760, 0.092, 10.757, 56.709, -13.640, 0.010, 10.450, -103.525
58, 335.000,-58.327, -2.244, 1187.575, 2.211, -14.736, 4.010, 89.281, -171.468
59, 230.000, -10.390, 17.637, 49.204, 27.172, 18.928, 0.010, 56.059, -55.139
59, 335.000,-6.273, 21.728, 1186.812, 19.370, 40.652, 4.010, 87.827, -25.477
60, 230.000, -87.704, 14.432, 54.095, 17.612, -16.769, 0.010, 65.794, -133.595
60, 335.000,-97.485, 13.823, 1180.456, -130.578, 6.037, 4.010, 83.681, 87.353
61, 230.000, -1.940, -46.535, 57.979, -6.003, -10.955, 0.010, 77.842, 151.278
61, 335.000,-3.050, -50.944, 1186.620, -8.015, -49.255, 4.010, 87.592, 170.757
62, 230.000, 11.400, -76.070, 43.472, -39.464, -8.391, 0.010, 47.135, 102.003
62, 335.000,6.012, -84.962, 1182.565, -28.953, -106.087, 4.010, 84.687, 164.735
63, 230.000, -55.109, -31.171, 9.506, -15.314, -56.504, 0.010, 9.223, 164.836
63, 335.000,-61.944, -43.267, 1181.628, -73.839, -94.139, 4.010, 84.218, 141.891
64, 230.000, 57.832, 45.925, 29.601, -21.172, -46.831, 0.010, 29.940, 155.673
64, 335.000,59.190, 41.980, 1186.938, 41.664, 0.220, 4.010, 87.990, -89.698
65, 230.000, 68.059, 53.495, 18.544, -55.961, -6.494, 0.010, 18.220, 96.619
65, 335.000,67.320, 59.091, 1184.599, 41.632, 74.446, 4.010, 85.882, -29.215
66, 230.000, -19.841, 41.778, 21.174, -48.206, -27.303, 0.010, 20.916, 119.527
66, 335.000,-29.237, 39.380, 1185.719, -67.901, 4.046, 4.010, 86.717, 86.590
67, 230.000, -8.321, 19.688, 27.963, -28.307, 43.982, 0.010, 28.130, 32.765
67, 335.000,-13.609, 28.228, 1185.377, -37.418, 63.551, 4.010, 86.440, 30.489
68, 230.000, 53.791, -45.087, 12.419, -42.689, 39.256, 0.010, 12.086, 47.399
68, 335.000,50.636, -41.851, 1187.630, 8.817, -3.597, 4.010, 89.541, -112.193
69, 230.000, -71.883, 1.896, 25.375, -17.500, 50.670, 0.010, 25.330, 19.054
69, 335.000,-81.243, 10.600, 1181.717, -103.664, 57.950, 4.010, 84.261, 60.794
70, 230.000, -84.750, -14.213, 32.919, -30.467, -38.804, 0.010, 33.713, 141.863
70, 335.000,-101.783, -22.594, 1172.346, -177.784, -67.520, 4.010, 80.786, 110.796
71, 230.000, 44.787, -27.468, 44.744, -38.930, -0.272, 0.010, 48.975, 90.401
71, 335.000,40.821, -29.102, 1187.435, -4.762, -23.099, 4.010, 88.862, 168.353
72, 230.000, 64.696, -32.426, 41.731, 42.056, -2.730, 0.010, 44.717, -93.713
72, 335.000,77.667, -35.876, 1180.365, 124.549, -42.247, 4.010, 83.642, -108.737
73, 230.000, -51.880, -34.329, 12.325, 14.655, 56.134, 0.010, 11.993, -14.631
73, 335.000,-52.829, -26.985, 1186.876, -32.081, 29.215, 4.010, 87.906, 47.676
74, 230.000, -8.809, -8.571, 21.681, 36.844, -41.111, 0.010, 21.441, -138.133
74, 630.000,3.365, -34.923, 1451.114, 27.771, -86.742, 6.010, 86.409, -162.247
75, 230.000, -5.925, 74.431, 30.014, 12.580, 49.584, 0.010, 30.402, -14.236
75, 335.000,-4.412, 90.184, 1178.039, 6.262, 150.811, 4.010, 82.699, -2.378
76, 230.000, 98.242, -11.200, 36.590, -43.757, 16.251, 0.010, 38.092, 69.625
76, 335.000,119.245, -11.863, 1164.053, 235.070, -14.108, 4.010, 78.563, -93.434
77, 230.000, -52.615, 42.170, 28.510, -1.020, 51.998, 0.010, 28.731, 1.123
77, 335.000,-57.097, 54.404, 1181.706, -58.875, 103.262, 4.010, 84.256, 29.690
78, 230.000, -24.123, 58.769, 14.185, -38.905, -42.459, 0.010, 13.838, 137.501
78, 335.000,-32.477, 55.617, 1185.811, -65.586, 10.379, 4.010, 86.795, 81.008
79, 230.000, -57.118, 56.608, 35.842, -31.460, -35.259, 0.010, 37.180, 138.259
79, 335.000,-68.531, 56.952, 1181.605, -113.411, 38.876, 4.010, 84.206, 71.079
80, 230.000, 69.644, 53.011, 25.750, 7.158, 52.947, 0.010, 25.732, -7.699
80, 335.000,81.452, 69.800, 1170.069, 132.840, 154.448, 4.010, 80.123, -40.699
81, 230.000, 19.444, -36.230, 52.958, 22.077, -15.023, 0.010, 63.241, -124.234
81, 335.000,24.182, -40.667, 1186.204, 38.856, -44.347, 4.010, 87.154, -138.776
82, 230.000, -73.796, 59.472, 54.194, 9.493, 22.147, 0.010, 66.029, -23.201
82, 335.000,-87.863, 75.492, 1165.761, -159.215, 161.824, 4.010, 78.980, 44.534
83, 230.000, 84.256, 7.956, 10.855, -16.479, -55.931, 0.010, 10.546, 163.583
83, 335.000,91.783, -0.393, 1181.655, 108.195, -50.378, 4.010, 84.233, -114.968
84, 230.000, 1.673, 70.508, 21.635, 55.197, 1.673, 0.010, 21.395, -88.264
84, 335.000,11.152, 76.739, 1183.265, 62.434, 80.894, 4.010, 85.064, -37.661
85, 230.000, -54.592, 39.965, 46.516, -7.947, -35.927, 0.010, 51.656, 167.527
85, 335.000,-60.095, 37.050, 1185.871, -65.274, 2.321, 4.010, 86.847, 87.963
86, 230.000, -37.038, 34.086, 17.143, -2.843, 56.707, 0.010, 16.801, 2.870
86, 335.000,-39.776, 45.932, 1183.678, -34.989, 90.772, 4.010, 85.302, 21.080
87, 230.000, -29.776, 62.542, 30.054, -1.091, -51.120, 0.010, 30.446, 178.778
87, 335.000,-32.231, 58.715, 1187.210, -31.854, 8.687, 4.010, 88.407, 74.746
88, 230.000, 62.348, -46.261, 12.922, 7.072, 57.451, 0.010, 12.584, -7.018
88, 335.000,69.549, -41.033, 1184.579, 85.411, 5.816, 4.010, 85.866, -86.105
89, 230.000, 25.054, -88.822, 3.736, 55.069, -21.705, 0.010, 3.611, -111.512
89, 335.000,38.984, -109.693, 1161.987, 116.500, -216.288, 4.010, 78.062, -151.692
90, 230.000, 20.109, 25.953, 17.919, -20.331, -52.756, 0.010, 17.586, 158.925
90, 335.000,17.575, 18.068, 1187.171, -3.668, -34.111, 4.010, 88.345, 173.862
91, 230.000, -51.700, 22.309, 50.171, 25.191, 19.129, 0.010, 57.770, -52.788
91, 335.000,-50.692, 26.894, 1186.851, -18.095, 40.196, 4.010, 87.873, 24.236
92, 230.000, -18.248, -65.341, 16.432, 13.431, -55.383, 0.010, 16.084, -166.368
92, 335.000,-17.509, -80.330, 1179.983, -5.870, -134.776, 4.010, 83.478, 177.506
93, 230.000, -77.834, -6.846, 4.779, 29.962, 50.962, 0.010, 4.621, -30.452
93, 335.000,-80.287, 1.129, 1184.978, -64.048, 47.750, 4.010, 86.143, 53.294
94, 230.000, -33.002, -3.676, 47.570, 32.560, 13.950, 0.010, 53.327, -66.807
94, 335.000,-29.102, -1.490, 1187.580, 7.838, 12.108, 4.010, 89.304, -32.917
95, 230.000, 43.940, 45.346, 20.873, 3.465, -55.407, 0.010, 20.606, -176.421
95, 335.000,47.535, 39.006, 1186.679, 45.223, -17.413, 4.010, 87.662, -111.060
96, 230.000, 58.145, 42.695, 10.413, -45.470, -36.630, 0.010, 10.112, 128.854
96, 335.000,55.050, 39.870, 1187.592, 12.273, 5.464, 4.010, 89.352, -66.000
97, 230.000, -92.035, -1.209, 30.065, 46.505, -21.237, 0.010, 30.458, -114.544
97, 335.000,-99.319, -4.814, 1181.356, -119.451, -26.035, 4.010, 84.092, 102.295
98, 230.000, 19.047, -8.946, 25.207, -21.872, 49.029, 0.010, 25.151, 24.042
98, 630.000,21.460, 9.098, 1453.062, 25.573, 45.240, 6.011, 87.952, -29.478
99, 230.000, -78.634, 43.942, 55.277, 21.094, -4.141, 0.010, 68.750, -101.108
99, 335.000,-87.204, 49.948, 1179.574, -117.030, 73.926, 4.010, 83.307, 57.720
100, 230.000, 57.324, -31.983, 45.751, -10.674, 36.202, 0.010, 50.478, 16.428
100, 335.000,59.690, -28.260, 1186.787, 45.106, 7.692, 4.010, 87.792, -80.322
101, 230.000, 7.441, -80.490, 12.174, -37.111, 44.634, 0.010, 11.845, 39.742
101, 335.000,1.979, -81.242, 1185.950, -31.324, -55.634, 4.010, 86.918, 150.619
102, 230.000, 95.419, 20.641, 27.835, -36.972, 37.094, 0.010, 27.990, 44.905
102, 335.000,113.716, 31.654, 1164.793, 210.979, 96.564, 4.010, 78.734, -65.407
103, 230.000, 21.824, 79.707, 7.360, 41.987, -41.238, 0.010, 7.128, -134.485
103, 335.000,31.317, 81.735, 1183.295, 77.337, 66.245, 4.010, 85.081, -49.418
104, 230.000, 39.387, 8.134, 1.298, 1.748, -59.270, 0.010, 1.254, -178.311
104, 335.000,41.732, -1.848, 1185.823, 32.406, -57.714, 4.010, 86.805, -150.686
105, 230.000, 47.340, -0.708, 6.360, 10.079, -58.100, 0.010, 6.156, -170.159
105, 335.000,51.781, -10.869, 1184.939, 49.582, -63.387, 4.010, 86.115, -141.967
106, 230.000, -23.756, 45.631, 45.693, 6.091, -37.319, 0.010, 50.391, -170.730
106, 335.000,-24.081, 41.941, 1187.595, -12.932, -2.751, 4.010, 89.362, 102.010
107, 230.000, 43.407, -34.429, 57.664, 8.522, 10.947, 0.010, 76.473, -37.901
107, 335.000,47.515, -34.741, 1186.587, 47.244, -18.367, 4.010, 87.554, -111.245
108, 230.000, 35.473, -6.647, 50.964, 11.630, -28.020, 0.010, 59.236, -157.458
108, 335.000,39.219, -11.710, 1186.488, 39.567, -35.186, 4.010, 87.445, -131.646
109, 230.000, 23.868, 96.240, 5.206, -31.237, 50.148, 0.010, 5.035, 31.919
109, 335.000,27.822, 140.397, 1119.580, 48.194, 394.265, 4.012, 70.467, -6.969
110, 230.000, 15.207, -94.535, 34.150, -13.133, 46.679, 0.010, 35.155, 15.714
110, 335.000,16.219, -106.333, 1176.801, 19.269, -159.107, 4.010, 82.245, -173.095
111, 230.000, 51.783, 1.053, 53.447, -22.557, -12.339, 0.010, 64.310, 118.681
111, 335.000,50.993, -0.951, 1187.458, 18.622, -12.412, 4.010, 88.920, -123.685
112, 230.000, -54.734, -16.244, 3.864, 33.509, -48.784, 0.010, 3.736, -145.516
112, 335.000,-52.379, -25.736, 1185.695, -12.186, -67.356, 4.010, 86.696, 169.745
113, 230.000, -51.843, 66.238, 49.836, -17.954, -26.677, 0.010, 57.168, 146.059
113, 335.000,-61.037, 69.935, 1181.600, -97.562, 69.643, 4.010, 84.207, 54.480
114, 230.000, -65.258, 23.697, 24.917, -49.575, -20.954, 0.010, 24.842, 112.913
114, 335.000,-79.289, 22.207, 1180.590, -129.419, 4.185, 4.010, 83.741, 88.148
115, 230.000, 30.541, -68.870, 35.077, 1.327, -47.807, 0.010, 36.258, -178.410
115, 335.000,33.850, -83.799, 1178.387, 41.174, -142.362, 4.010, 82.832, -163.869
116, 230.000, -65.457, 8.463, 8.654, -48.411, 33.153, 0.010, 8.390, 55.595
116, 335.000,-79.136, 14.851, 1180.176, -125.108, 45.724, 4.010, 83.561, 69.924
117, 230.000, 76.029, -27.352, 44.563, -34.271, 18.902, 0.010, 48.709, 61.122
117, 335.000,78.282, -27.087, 1185.927, 62.485, -15.238, 4.010, 86.896, -103.705
118, 230.000, 39.846, 36.592, 0.007, -15.756, -57.179, 0.010, 0.007, 164.594
118, 335.000,39.424, 28.755, 1187.145, 16.212, -31.342, 4.010, 88.297, -152.649
119, 230.000, 86.198, -6.126, 50.688, -20.418, -23.052, 0.010, 58.720, 138.468
119, 335.000,94.114, -10.640, 1181.673, 113.813, -35.310, 4.010, 84.242, -107.236
120, 230.000, 97.154, 15.633, 12.305, 30.340, -49.454, 0.010, 11.974, -148.471
120, 335.000,132.858, 12.744, 1138.731, 337.765, -7.333, 4.011, 73.475, -91.244
121, 230.000, -33.611, -75.189, 46.029, 36.857, 6.366, 0.010, 50.904, -80.200
121, 335.000,-31.362, -82.574, 1183.538, -6.537, -98.748, 4.010, 85.220, 176.213
122, 230.000, 67.329, -33.536, 2.947, 57.100, -15.767, 0.010, 2.848, -105.436
122, 335.000,84.092, -39.721, 1176.130, 153.023, -62.133, 4.010, 82.007, -112.099
123, 230.000, 5.080, 10.444, 30.134, 14.668, 48.933, 0.010, 30.536, -16.686
123, 335.000,7.877, 19.452, 1185.299, 23.706, 70.649, 4.010, 86.403, -18.549
124, 230.000, -50.844, -34.906, 49.248, 28.766, -16.274, 0.010, 56.134, -119.499
124, 335.000,-49.504, -39.995, 1186.474, -16.762, -50.540, 4.010, 87.430, 161.651
125, 230.000, 51.860, 32.039, 18.555, 15.864, 54.053, 0.010, 18.231, -16.356
125, 335.000,58.343, 43.616, 1182.172, 68.999, 90.917, 4.010, 84.485, -37.196
126, 230.000, 71.388, -13.632, 12.735, -11.772, 56.717, 0.010, 12.400, 11.726
126, 335.000,75.497, -5.166, 1184.802, 67.861, 46.861, 4.010, 86.018, -55.373
127, 230.000, -29.506, -52.879, 14.826, 48.982, 29.976, 0.010, 14.476, -58.534
127, 335.000,-23.001, -51.139, 1187.276, 26.606, -15.000, 4.010, 88.526, -119.413
128, 230.000, -33.778, 29.370, 56.030, -19.047, 3.939, 0.010, 70.857, 78.316
128, 335.000,-38.809, 31.631, 1186.403, -47.362, 27.616, 4.010, 87.354, 59.754
129, 230.000, 30.811, 28.100, 4.654, -39.567, -43.937, 0.010, 4.500, 137.995
129, 335.000,25.464, 21.848, 1187.264, -18.209, -25.124, 4.010, 88.503, 144.067
130, 230.000, 69.271, -24.846, 55.063, 21.953, 1.933, 0.010, 68.187, -84.968
130, 335.000,79.262, -26.819, 1182.442, 107.753, -27.888, 4.010, 84.623, -104.510
131, 230.000, 84.914, -0.765, 31.696, 21.545, 45.264, 0.010, 32.304, -25.453
131, 335.000,99.731, 6.571, 1175.717, 160.693, 49.292, 4.010, 81.864, -72.947
132, 230.000, 39.266, 0.023, 41.828, 41.768, -4.843, 0.010, 44.850, -96.614
132, 335.000,48.424, -0.799, 1185.263, 75.374, -5.190, 4.010, 86.353, -93.939
133, 230.000, 19.422, -68.353, 58.305, -9.681, -4.942, 0.010, 79.440, 117.044
133, 335.000,19.467, -74.921, 1184.773, 11.223, -82.118, 4.010, 85.998, -172.218
134, 230.000, 5.751, -47.315, 16.949, -55.709, 11.265, 0.010, 16.605, 78.568
134, 335.000,-3.551, -47.994, 1186.088, -55.490, -25.942, 4.010, 87.044, 115.056
135, 230.000, -15.790, -8.736, 26.470, -5.124, 52.827, 0.010, 26.507, 5.540
135, 630.000,-29.264, 11.335, 1452.032, -55.357, 51.474, 6.011, 87.020, 47.082
136, 230.000, 48.042, 24.322, 21.731, -1.579, 55.162, 0.010, 21.494, 1.640
136, 335.000,50.788, 35.307, 1184.181, 40.798, 81.298, 4.010, 85.608, -26.649
137, 230.000, 44.736, -82.934, 0.299, -59.296, 1.245, 0.010, 0.289, 88.797
137, 335.000,43.601, -98.464, 1174.409, 27.982, -174.703, 4.010, 81.433, -170.900
138, 230.000, 21.442, 73.844, 54.522, -20.903, -10.394, 0.010, 66.821, 116.439
138, 335.000,20.068, 79.190, 1184.962, 3.614, 80.069, 4.010, 86.130, -2.584
139, 230.000, -31.430, 56.941, 34.190, -28.648, -39.090, 0.010, 35.202, 143.763
139, 335.000,-38.527, 54.479, 1185.956, -62.244, 13.787, 4.010, 86.923, 77.511
140, 230.000, 26.517, -18.096, 9.318, 58.549, 1.673, 0.010, 9.039, -88.363
140, 335.000,38.079, -18.708, 1184.693, 83.184, -11.878, 4.010, 85.943, -98.127
141, 230.000, 0.391, 27.302, 3.933, -20.132, -55.649, 0.010, 3.802, 160.111
141, 630.000,-9.374, 18.478, 1453.670, -28.663, 0.188, 6.010, 88.870, 89.623
142, 230.000, -38.535, 3.374, 51.789, -28.885, 1.089, 0.010, 60.832, 87.841
142, 335.000,-45.393, 3.732, 1186.112, -60.673, 3.766, 4.010, 87.066, 86.448
143, 230.000, -13.972, 53.456, 53.172, 4.481, -25.890, 0.010, 63.703, -170.181
143, 335.000,-14.066, 52.357, 1187.512, -7.144, 17.902, 4.010, 89.070, 21.754
144, 230.000, 73.868, 33.990, 9.249, -58.582, 0.500, 0.010, 8.972, 89.511
144, 335.000,71.633, 37.571, 1186.383, 31.923, 45.055, 4.010, 87.335, -35.319
145, 230.000, 41.028, 4.287, 53.800, 21.971, -11.853, 0.010, 65.108, -118.346
145, 335.000,46.882, 2.521, 1186.332, 55.537, -9.395, 4.010, 87.282, -99.602
146, 230.000, 21.491, -8.243, 28.414, -1.879, 52.026, 0.010, 28.625, 2.068
146, 335.000,22.235, 0.358, 1186.423, 22.049, 49.944, 4.010, 87.365, -23.820
147, 230.000, -2.832, 71.234, 37.600, 29.906, -34.778, 0.010, 39.343, -139.308
147, 335.000,1.928, 71.186, 1186.660, 29.597, 38.972, 4.010, 87.639, -37.215
148, 230.000, 80.711, 27.889, 9.854, 25.711, 52.531, 0.010, 9.564, -26.080
148, 335.000,96.421, 40.602, 1171.331, 165.196, 106.097, 4.010, 80.485, -57.290
149, 230.000, -44.234, -75.023, 56.993, 16.394, 0.827, 0.010, 73.933, -87.111
149, 335.000,-47.604, -85.066, 1180.139, -54.220, -121.956, 4.010, 83.548, 156.031
150, 230.000, -33.194, -31.867, 13.675, -39.717, 41.871, 0.010, 13.330, 43.488
150, 335.000,-41.910, -26.372, 1185.471, -69.499, 19.631, 4.010, 86.514, 74.227
151, 230.000, -50.965, 37.687, 8.730, -58.471, -4.747, 0.010, 8.464, 94.642
151, 335.000,-64.937, 39.758, 1181.395, -117.074, 34.019, 4.010, 84.108, 73.797
152, 230.000, 67.824, -65.904, 35.021, -9.278, 46.959, 0.010, 36.191, 11.176
152, 335.000,79.207, -70.954, 1176.884, 133.676, -87.257, 4.010, 82.275, -123.135
153, 230.000, 13.985, -8.507, 13.624, -57.655, 2.816, 0.010, 13.280, 87.204
153, 630.000,-5.005, -13.038, 1453.179, -42.964, -21.793, 6.011, 88.101, 116.896
154, 230.000, 57.251, -30.560, 39.050, -43.411, 10.402, 0.010, 41.178, 76.525
154, 335.000,53.974, -30.952, 1187.505, 7.898, -18.075, 4.010, 89.048, -156.396
155, 230.000, 11.462, -9.334, 47.474, -21.054, 28.647, 0.010, 53.172, 36.314
155, 630.000,9.112, -1.778, 1453.909, 3.969, 13.695, 6.011, 89.438, -16.163
156, 230.000, -15.815, -81.608, 18.169, -55.622, 9.679, 0.010, 17.839, 80.128
156, 335.000,-26.976, -89.825, 1179.401, -85.493, -110.734, 4.010, 83.235, 142.330
157, 230.000, -25.651, 90.838, 9.416, 3.364, 58.461, 0.010, 9.135, -3.293
157, 335.000,-31.080, 121.534, 1150.133, -59.378, 290.268, 4.010, 75.554, 11.561
158, 230.000, 17.922, 67.378, 12.182, 44.925, -36.756, 0.010, 11.852, -129.288
158, 335.000,27.009, 66.479, 1185.277, 68.327, 31.717, 4.010, 86.363, -65.099
159, 230.000, -43.171, -9.491, 49.747, -20.045, -25.319, 0.010, 57.011, 141.632
159, 335.000,-48.906, -14.273, 1185.840, -55.959, -34.792, 4.010, 86.820, 121.871
160, 230.000, -82.421, -21.598, 32.074, -48.646, 11.066, 0.010, 32.737, 77.184
160, 335.000,-101.956, -22.802, 1171.709, -192.595, -23.822, 4.010, 80.596, 97.051
161, 230.000, 6.689, -34.011, 30.349, 45.244, 23.442, 0.010, 30.777, -62.610
161, 335.000,14.795, -31.670, 1186.434, 54.107, -1.212, 4.010, 87.388, -91.283
162, 230.000, -55.232, 20.320, 6.020, -42.178, 41.260, 0.010, 5.826, 45.630
162, 335.000,-66.460, 28.907, 1181.654, -100.157, 64.958, 4.010, 84.231, 57.034
163, 230.000, -59.723, 55.557, 15.606, 50.931, -26.080, 0.010, 15.256, -117.115
163, 335.000,-57.390, 56.943, 1186.637, -22.192, 44.184, 4.010, 87.614, 26.669
164, 230.000, -22.081, -86.860, 44.212, -24.676, -30.888, 0.010, 48.197, 141.379
164, 335.000,-29.729, -106.270, 1168.467, -69.948, -200.887, 4.010, 79.682, 160.802
165, 230.000, -57.878, 35.688, 14.562, -46.560, 33.730, 0.010, 14.213, 54.079
165, 335.000,-70.815, 44.522, 1179.266, -117.510, 77.982, 4.010, 83.180, 56.431
166, 230.000, 16.655, -41.675, 14.164, -40.027, -41.411, 0.010, 13.816, 135.974
166, 335.000,10.644, -51.169, 1184.712, -29.797, -78.272, 4.010, 85.956, 159.159
167, 230.000, -29.469, 35.889, 41.836, -30.422, -29.016, 0.010, 44.860, 133.645
167, 335.000,-36.242, 32.951, 1186.329, -56.356, -2.480, 4.010, 87.278, 92.520
168, 230.000, -15.067, -16.192, 27.963, -18.499, -48.923, 0.010, 28.130, 159.287
168, 335.000,-18.982, -25.418, 1185.400, -32.078, -66.006, 4.010, 86.457, 154.081
169, 230.000, 75.329, -44.878, 22.870, 23.471, -49.434, 0.010, 22.681, -154.602
169, 335.000,90.959, -60.023, 1168.279, 163.731, -137.404, 4.010, 79.632, -130.004
170, 230.000, -41.395, 68.132, 2.755, 57.605, -13.844, 0.010, 2.662, -103.514
170, 335.000,-35.784, 72.600, 1185.439, 10.712, 71.930, 4.010, 86.489, -8.470
171, 230.000, 72.800, -51.608, 17.976, -24.891, -50.744, 0.010, 17.643, 153.871
171, 335.000,80.098, -68.000, 1173.319, 104.952, -151.258, 4.010, 81.083, -145.245
172, 230.000, -12.452, 14.563, 14.522, 9.916, 56.643, 0.010, 14.173, -9.929
172, 335.000,-11.314, 25.173, 1185.303, 0.062, 74.962, 4.010, 86.381, -0.048
173, 230.000, -16.617, 30.310, 53.420, 3.951, -25.463, 0.010, 64.249, -171.180
173, 335.000,-16.769, 27.508, 1187.630, -8.992, -3.339, 4.010, 89.537, 110.373
174, 230.000, -85.338, -12.033, 21.692, 50.806, -21.584, 0.010, 21.453, -113.017
174, 335.000,-87.468, -17.064, 1184.707, -72.424, -42.176, 4.010, 85.953, 120.214
175, 230.000, -73.647, -32.554, 34.092, 20.664, 43.913, 0.010, 35.087, -25.201
175, 335.000,-77.833, -28.662, 1185.345, -74.052, 5.639, 4.010, 86.415, 85.645
176, 230.000, 0.105, 95.517, 26.153, -41.074, 33.862, 0.010, 26.165, 50.497
176, 335.000,-6.446, 123.906, 1153.235, -46.264, 280.119, 4.010, 76.169, 9.378
177, 230.000, -62.440, -74.689, 34.270, 27.323, 39.959, 0.010, 35.296, -34.364
177, 335.000,-72.766, -85.908, 1172.453, -125.355, -141.753, 4.010, 80.832, 138.513
178, 230.000, 48.722, -11.996, 19.275, 54.737, -12.248, 0.010, 18.965, -102.613
178, 335.000,61.140, -14.842, 1183.065, 101.742, -23.719, 4.010, 84.954, -103.123
179, 230.000, -34.106, -55.893, 17.496, 56.362, -5.901, 0.010, 17.157, -95.977
179, 335.000,-26.978, -60.967, 1185.733, 27.569, -61.929, 4.010, 86.728, -156.003
180, 230.000, -69.217, -19.922, 9.481, -57.680, -10.037, 0.010, 9.199, 99.872
180, 335.000,-85.662, -23.535, 1177.649, -149.726, -35.833, 4.010, 82.552, 103.459
181, 230.000, -31.018, 26.289, 53.224, 23.903, -10.651, 0.010, 63.818, -114.017
181, 335.000,-28.581, 25.840, 1187.633, 1.601, 8.980, 4.010, 89.560, -10.105
182, 230.000, 79.298, -14.985, 12.739, 55.300, -17.240, 0.010, 12.403, -107.315
182, 335.000,98.330, -19.724, 1172.931, 181.758, -41.933, 4.010, 80.964, -102.991
183, 230.000, 41.912, -39.982, 21.874, -27.936, 47.526, 0.010, 21.643, 30.447
183, 335.000,39.713, -34.316, 1187.535, 6.135, 16.732, 4.010, 89.140, -20.136
184, 230.000, 70.739, 14.495, 6.004, 5.240, -58.772, 0.010, 5.810, -174.905
184, 335.000,77.768, 5.711, 1183.517, 86.776, -48.064, 4.010, 85.209, -118.981
185, 230.000, -20.267, 49.673, 53.872, 5.911, -24.093, 0.010, 65.275, -166.214
185, 335.000,-20.476, 48.580, 1187.514, -10.721, 15.929, 4.010, 89.074, 33.942
186, 230.000, 14.051, 54.291, 21.511, 46.843, -29.338, 0.010, 21.265, -122.059
186, 335.000,22.946, 52.645, 1185.890, 63.034, 15.825, 4.010, 86.863, -75.907
187, 230.000, 39.580, -27.582, 41.957, -41.917, 0.502, 0.010, 45.025, 89.313
187, 335.000,34.657, -29.009, 1187.397, -13.411, -21.560, 4.010, 88.775, 148.116
188, 230.000, -40.616, -60.651, 26.063, -30.067, -43.981, 0.010, 26.068, 145.642
188, 335.000,-49.598, -73.910, 1178.115, -84.125, -124.609, 4.010, 82.727, 145.976
189, 230.000, 72.340, -18.919, 6.087, -8.369, -58.400, 0.010, 5.891, 171.845
189, 335.000,77.753, -30.653, 1181.740, 79.639, -87.766, 4.010, 84.273, -137.779
190, 230.000, -29.953, 73.133, 0.500, -49.579, -32.547, 0.010, 0.483, 123.284
190, 335.000,-41.470, 75.165, 1182.370, -94.471, 60.289, 4.010, 84.585, 57.455
191, 230.000, 83.396, 28.280, 6.091, -43.288, 40.083, 0.010, 5.894, 47.201
191, 335.000,87.712, 38.814, 1180.749, 89.412, 91.634, 4.010, 83.812, -44.297
192, 230.000, 30.368, 38.155, 41.414, 13.532, -40.242, 0.010, 44.288, -161.413
192, 335.000,34.348, 33.470, 1186.959, 39.114, -12.497, 4.010, 88.019, -107.719
193, 230.000, -11.768, 25.051, 17.255, -12.987, -55.238, 0.010, 16.914, 166.769
193, 335.000,-14.627, 16.665, 1186.826, -27.982, -34.802, 4.010, 87.845, 141.200
194, 230.000, -31.501, -0.879, 10.605, 45.376, 36.691, 0.010, 10.300, -51.041
194, 335.000,-25.119, 5.502, 1186.815, 21.184, 39.784, 4.010, 87.825, -28.034
195, 230.000, 57.381, -45.334, 6.082, 32.133, 49.478, 0.010, 5.886, -33.001
195, 335.000,67.963, -40.919, 1183.241, 102.424, 1.540, 4.010, 85.052, -89.138
196, 230.000, -49.965, -51.852, 37.144, -45.945, 5.198, 0.010, 38.775, 83.545
196, 335.000,-62.147, -55.666, 1181.261, -109.820, -55.856, 4.010, 84.045, 116.958
197, 230.000, -90.441, 31.357, 28.296, -12.590, 50.581, 0.010, 28.496, 13.978
197, 335.000,-114.281, 47.001, 1154.230, -244.020, 136.934, 4.010, 76.373, 60.701
198, 230.000, 6.395, 71.574, 33.379, -45.997, -16.963, 0.010, 34.249, 110.243
198, 335.000,-0.765, 74.733, 1185.306, -43.227, 61.142, 4.010, 86.385, 35.260
199, 230.000, 24.397, -25.139, 52.527, 21.975, -16.601, 0.010, 62.331, -127.069
199, 335.000,29.323, -29.196, 1186.345, 42.153, -36.944, 4.010, 87.295, -131.232
200, 230.000, -13.749, 74.862, 4.243, -7.965, 58.619, 0.010, 4.102, 7.737
200, 335.000,-16.577, 92.860, 1175.558, -27.541, 166.928, 4.010, 81.810, 9.369
201, 230.000, 44.002, 25.297, 43.494, 11.962, 38.508, 0.010, 47.166, -17.257
201, 335.000,48.656, 33.310, 1184.914, 50.468, 63.156, 4.010, 86.097, -38.629
202, 230.000, 6.045, -18.564, 22.917, -33.276, -43.418, 0.010, 22.730, 142.533
202, 335.000,0.553, -27.002, 1185.514, -31.283, -64.257, 4.010, 86.550, 154.041
203, 230.000, 51.868, -22.012, 8.095, 24.322, 53.484, 0.010, 7.844, -24.454
203, 335.000,59.391, -14.162, 1184.812, 72.863, 38.348, 4.010, 86.025, -62.242
204, 230.000, 23.674, -12.567, 50.821, -14.837, -26.735, 0.010, 58.967, 150.970
204, 335.000,22.302, -17.705, 1186.998, 3.842, -39.790, 4.010, 88.071, -174.485
205, 230.000, -15.869, 69.525, 4.460, 58.021, 11.460, 0.010, 4.313, -78.827
205, 335.000,-7.290, 77.432, 1183.263, 45.843, 91.361, 4.010, 85.063, -26.646
206, 230.000, 56.389, -13.689, 17.071, -25.141, 50.933, 0.010, 16.727, 26.272
206, 335.000,55.614, -5.809, 1186.673, 22.478, 43.106, 4.010, 87.654, -27.541
207, 230.000, 23.712, 36.313, 54.595, -1.316, -23.138, 0.010, 66.999, 176.745
207, 335.000,24.733, 34.332, 1187.541, 17.113, 3.504, 4.010, 89.157, -78.427
208, 230.000, -23.200, -40.766, 38.818, -7.338, -44.237, 0.010, 40.882, 170.582
208, 335.000,-25.781, -50.620, 1184.563, -27.111, -81.438, 4.010, 85.856, 161.587
209, 230.000, 62.210, 20.897, 19.970, 20.167, -52.078, 0.010, 19.677, -158.831
209, 335.000,70.352, 13.615, 1184.026, 85.935, -35.411, 4.010, 85.512, -112.395
210, 230.000, -73.712, -41.917, 11.403, -45.859, 35.840, 0.010, 11.085, 51.992
210, 335.000,-91.181, -41.525, 1175.092, -170.192, -27.452, 4.010, 81.654, 99.163
211, 230.000, -30.779, 35.360, 33.149, 44.682, 20.550, 0.010, 33.981, -65.302
211, 335.000,-24.853, 40.807, 1186.364, 23.487, 50.456, 4.010, 87.314, -24.962
212, 230.000, -95.174, -19.797, 51.092, -16.606, -25.129, 0.010, 59.479, 146.543
212, 335.000,-123.336, -29.043, 1150.930, -281.329, -82.973, 4.011, 75.703, 106.433
213, 230.000, 47.993, -18.345, 2.677, -35.261, -47.614, 0.010, 2.587, 143.478
213, 335.000,44.642, -27.714, 1185.786, 1.841, -66.820, 4.010, 86.774, -178.422
214, 230.000, 2.556, 50.115, 11.097, 33.162, 47.904, 0.010, 10.784, -34.693
214, 335.000,8.459, 61.482, 1183.216, 38.165, 95.397, 4.010, 85.037, -21.804
215, 230.000, 2.929, -66.163, 29.884, 48.444, 16.666, 0.010, 30.256, -71.015
215, 335.000,11.324, -68.294, 1185.345, 55.776, -49.031, 4.010, 86.415, -131.317
216, 230.000, 90.511, 41.354, 28.124, -52.113, 3.297, 0.010, 28.307, 86.380
216, 335.000,110.958, 54.855, 1158.384, 225.688, 133.686, 4.011, 77.241, -59.360
217, 230.000, -24.521, -88.986, 17.566, -38.407, 41.641, 0.010, 17.228, 42.686
217, 335.000,-34.873, -97.241, 1177.521, -90.680, -125.574, 4.010, 82.506, 144.166
218, 230.000, 63.522, -69.498, 23.540, 54.408, 1.816, 0.010, 23.384, -88.088
218, 335.000,86.133, -84.346, 1157.641, 210.844, -161.232, 4.010, 77.086, -127.405
219, 230.000, -70.760, -19.007, 12.652, -47.197, -33.615, 0.010, 12.317, 125.459
219, 335.000,-85.707, -26.580, 1177.573, -141.867, -61.283, 4.010, 82.524, 113.363
220, 230.000, 21.423, -2.222, 57.172, -7.847, -13.690, 0.010, 74.570, 150.179
220, 335.000,21.157, -4.649, 1187.419, 16.237, -18.254, 4.010, 88.821, -138.348
221, 230.000, 74.705, -45.679, 37.300, 34.167, 30.968, 0.010, 38.969, -47.811
221, 335.000,91.116, -47.280, 1175.013, 167.164, -44.221, 4.010, 81.628, -104.818
222, 230.000, -47.880, 59.581, 50.898, 25.660, 16.388, 0.010, 59.113, -57.436
222, 335.000,-48.273, 68.004, 1183.655, -31.536, 92.350, 4.010, 85.287, 18.854
223, 230.000, -95.008, -30.813, 1.551, -1.344, 59.274, 0.010, 1.499, 1.299
223, 335.000,-144.929, -37.311, 1104.272, -430.640, -71.723, 4.009, 68.429, 99.456
224, 230.000, 12.275, -92.815, 8.983, -24.181, -53.406, 0.010, 8.712, 155.640
224, 335.000,11.004, -121.783, 1154.568, 1.351, -278.482, 4.010, 76.439, -179.722
225, 230.000, -60.805, -25.317, 53.416, 25.773, -0.341, 0.010, 64.241, -90.758
225, 335.000,-60.959, -27.216, 1186.949, -32.507, -25.557, 4.010, 88.005, 128.174
226, 230.000, 18.580, 63.760, 23.406, 46.285, -28.767, 0.010, 23.243, -121.861
226, 335.000,27.825, 63.670, 1185.160, 69.435, 33.614, 4.010, 86.276, -64.168
227, 230.000, 31.058, -35.153, 2.197, 29.666, -51.310, 0.010, 2.123, -149.965
227, 335.000,38.076, -46.197, 1183.172, 58.309, -85.211, 4.010, 85.013, -145.616
228, 230.000, -32.328, 57.989, 4.871, -17.270, -56.530, 0.010, 4.711, 163.012
228, 335.000,-37.641, 52.464, 1186.575, -50.764, -4.401, 4.010, 87.541, 94.955
229, 230.000, -7.426, -50.178, 9.615, -20.142, -54.950, 0.010, 9.330, 159.870
229, 335.000,-11.382, -62.830, 1182.789, -28.384, -103.739, 4.010, 84.804, 164.698
230, 230.000, 64.425, 63.059, 29.185, 49.759, -13.781, 0.010, 29.477, -105.480
230, 335.000,83.367, 71.442, 1169.033, 180.555, 106.440, 4.010, 79.836, -59.480
231, 230.000, -76.040, 25.745, 57.623, 13.466, 3.992, 0.010, 76.302, -73.487
231, 335.000,-81.912, 29.122, 1183.781, -87.652, 39.101, 4.010, 85.365, 65.959
232, 230.000, -12.060, -8.458, 53.436, 8.747, 24.201, 0.010, 64.286, -19.872
232, 630.000,-16.163, -2.501, 1453.753, -23.867, 9.787, 6.011, 88.983, 67.703
233, 230.000, 45.073, 73.596, 31.583, 41.633, 28.051, 0.010, 32.176, -56.029
233, 335.000,58.518, 88.997, 1170.275, 125.002, 159.356, 4.010, 80.181, -38.111
234, 230.000, -30.934, -58.648, 10.288, -27.162, 51.711, 0.010, 9.989, 27.711
234, 335.000,-37.851, -54.077, 1186.128, -60.438, -2.001, 4.010, 87.081, 91.896
235, 230.000, 6.563, -93.425, 3.620, 44.045, 39.554, 0.010, 3.499, -48.075
235, 335.000,14.892, -103.813, 1176.992, 63.056, -145.812, 4.010, 82.313, -156.614
236, 230.000, 31.031, 50.277, 43.148, -38.824, -12.189, 0.010, 46.677, 107.430
236, 335.000,26.496, 51.445, 1187.157, -14.178, 31.866, 4.010, 88.317, 23.986
237, 230.000, 74.578, -27.608, 4.404, 51.378, -29.302, 0.010, 4.258, -119.697
237, 335.000,92.129, -35.849, 1173.549, 167.206, -73.386, 4.010, 81.156, -113.696
238, 230.000, 56.301, -50.522, 51.825, -18.083, 22.467, 0.010, 60.904, 38.830
238, 335.000,58.432, -51.409, 1186.212, 46.999, -35.338, 4.010, 87.162, -126.939
239, 230.000, -70.990, 55.788, 54.437, -20.131, 12.206, 0.010, 66.613, 58.770
239, 335.000,-86.034, 67.033, 1170.780, -158.886, 120.814, 4.010, 80.325, 52.751
240, 230.000, 68.936, -49.970, 31.493, -14.785, -48.034, 0.010, 32.072, 162.891
240, 335.000,75.660, -64.493, 1176.306, 94.403, -133.999, 4.010, 82.067, -144.835
241, 230.000, 8.601, 4.866, 39.633, -22.954, 37.683, 0.010, 41.931, 31.348
241, 630.000,3.275, 26.812, 1452.263, -7.663, 70.330, 6.011, 87.211, 6.218
242, 230.000, 22.782, -20.857, 18.696, 0.979, 56.277, 0.010, 18.374, -0.997
242, 335.000,24.075, -12.098, 1186.684, 21.230, 43.433, 4.010, 87.667, -26.049
243, 230.000, -33.347, -81.285, 24.320, 48.672, 23.606, 0.010, 24.208, -64.126
243, 335.000,-29.829, -88.253, 1183.051, 0.556, -104.598, 4.010, 84.947, -179.695
244, 230.000, -31.847, -21.684, 0.310, 7.314, -58.856, 0.010, 0.299, -172.916
244, 335.000,-32.223, -33.159, 1184.835, -16.705, -80.282, 4.010, 86.041, 168.245
245, 230.000, 37.645, 55.076, 52.699, -21.285, -16.952, 0.010, 62.691, 128.536
245, 335.000,36.897, 56.333, 1187.001, 14.750, 36.995, 4.010, 88.078, -21.737
246, 230.000, -80.524, -7.503, 22.654, -23.600, -49.472, 0.010, 22.456, 154.497
246, 335.000,-93.874, -16.629, 1177.119, -143.522, -65.973, 4.010, 82.357, 114.687
247, 230.000, -50.058, 59.253, 31.831, -36.352, -34.393, 0.010, 32.459, 133.414
247, 335.000,-61.113, 59.460, 1182.448, -104.483, 38.241, 4.010, 84.625, 69.897
248, 230.000, -61.213, -25.818, 26.313, -28.043, -45.154, 0.010, 26.337, 148.158
248, 335.000,-70.938, -35.563, 1181.104, -97.563, -77.668, 4.010, 83.973, 128.523
249, 230.000, 29.785, -14.545, 52.062, -11.090, -26.157, 0.010, 61.379, 157.024
249, 335.000,29.374, -19.675, 1186.962, 11.100, -39.448, 4.010, 88.023, -164.285
250, 230.000, 87.062, -14.043, 59.038, -5.378, 1.791, 0.010, 84.516, 71.581
250, 335.000,98.635, -15.762, 1178.881, 142.501, -21.957, 4.010, 83.027, -98.759
251, 230.000, 59.945, 68.217, 17.948, -44.633, -34.689, 0.010, 17.615, 127.855
251, 335.000,61.535, 72.645, 1183.690, 54.695, 80.257, 4.010, 85.309, -34.275
252, 230.000, -11.438, 59.945, 36.434, -10.641, -45.573, 0.010, 37.902, 166.857
252, 335.000,-13.978, 56.174, 1187.455, -21.923, 5.177, 4.010, 88.913, 76.712
253, 230.000, 94.494, -10.736, 13.159, 37.848, -43.726, 0.010, 12.819, -139.121
253, 335.000,123.162, -20.374, 1151.572, 280.368, -76.629, 4.011, 75.835, -105.286
254, 230.000, -6.718, 3.455, 58.658, 7.461, 4.605, 0.010, 81.499, -58.314
254, 630.000,-7.745, 8.106, 1453.848, -9.521, 17.288, 6.011, 89.222, 28.843
255, 230.000, -53.654, 68.147, 35.202, 10.706, 46.517, 0.010, 36.407, -12.962
255, 335.000,-59.679, 85.619, 1172.773, -80.409, 169.406, 4.010, 80.916, 25.392
256, 230.000, 88.459, 1.442, 37.651, -16.774, 42.646, 0.010, 39.406, 21.471
256, 335.000,98.393, 8.554, 1179.237, 132.091, 50.070, 4.010, 83.169, -69.240
257, 230.000, -39.940, 65.033, 48.935, -24.871, 22.461, 0.010, 55.595, 47.916
257, 335.000,-48.082, 75.321, 1179.938, -79.467, 109.504, 4.010, 83.459, 35.968
258, 230.000, -7.881, -7.724, 58.321, -10.759, 0.699, 0.010, 79.526, 86.281
258, 630.000,-18.601, -12.744, 1453.271, -39.722, -22.450, 6.011, 88.202, 119.474
259, 230.000, -55.776, -54.834, 3.023, 48.590, -33.875, 0.010, 2.921, -124.883
259, 335.000,-53.161, -66.124, 1182.559, -18.348, -108.481, 4.010, 84.685, 170.400
260, 230.000, -67.413, 50.613, 50.263, -31.444, -1.590, 0.010, 57.937, 92.895
260, 335.000,-81.239, 56.902, 1176.635, -141.374, 78.113, 4.010, 82.184, 61.078
261, 230.000, 82.215, 44.740, 46.558, 33.337, 15.448, 0.010, 51.720, -65.137
261, 335.000,104.601, 56.494, 1160.266, 224.076, 118.903, 4.010, 77.667, -62.048
262, 230.000, -81.123, -26.999, 15.483, -56.024, -11.799, 0.010, 15.133, 101.893
262, 335.000,-102.283, -32.902, 1168.607, -203.285, -59.962, 4.010, 79.720, 106.434
263, 230.000, -70.243, 42.204, 56.193, 18.810, 2.489, 0.010, 71.342, -82.463
263, 335.000,-75.004, 47.301, 1183.521, -77.568, 61.832, 4.010, 85.209, 51.440
264, 230.000, 36.966, 61.652, 41.166, -21.608, -36.825, 0.010, 43.954, 149.597
264, 335.000,36.369, 60.525, 1187.258, 16.431, 26.544, 4.010, 88.494, -31.759
265, 230.000, 78.252, -9.332, 15.870, 54.415, -17.458, 0.010, 15.521, -107.787
265, 335.000,96.411, -13.344, 1174.516, 173.179, -32.871, 4.010, 81.465, -100.747
266, 230.000, 67.853, 14.256, 38.078, -11.642, -43.956, 0.010, 39.942, 165.165
266, 335.000,71.270, 8.035, 1185.728, 59.402, -32.823, 4.010, 86.724, -118.923
267, 230.000, -16.828, -58.098, 3.626, -54.136, 23.954, 0.010, 3.505, 66.131
267, 335.000,-27.341, -57.888, 1184.975, -74.727, -28.440, 4.010, 86.140, 110.836
268, 230.000, -5.094, -8.005, 35.061, 44.167, 18.375, 0.010, 36.238, -67.411
268, 630.000,13.174, -4.509, 1453.133, 49.723, 2.716, 6.011, 88.037, -86.873
269, 230.000, 63.653, 69.027, 22.673, 41.560, -35.726, 0.010, 22.475, -130.684
269, 335.000,83.009, 77.025, 1167.516, 187.013, 111.577, 4.010, 79.434, -59.178
270, 230.000, -19.811, 22.488, 21.237, -2.136, -55.336, 0.010, 20.982, 177.789
270, 335.000,-21.162, 13.989, 1186.802, -20.858, -40.284, 4.010, 87.811, 152.626
271, 230.000, -51.845, -38.909, 32.697, 29.078, 40.038, 0.010, 33.455, -35.990
271, 335.000,-50.549, -34.866, 1187.516, -17.995, 6.270, 4.010, 89.081, 70.790
272, 230.000, -74.367, -12.047, 47.731, -34.612, -6.434, 0.010, 53.588, 100.531
272, 335.000,-87.448, -14.302, 1179.944, -133.355, -22.514, 4.010, 83.461, 99.583
273, 230.000, -25.664, -9.863, 3.363, 20.906, 55.401, 0.010, 3.251, -20.674
273, 335.000,-23.253, -0.575, 1186.515, -3.131, 52.200, 4.010, 87.476, 3.432
274, 230.000, 13.579, -5.491, 55.056, 3.235, 21.817, 0.010, 68.168, -8.435
274, 630.000,24.575, 1.356, 1453.181, 45.956, 15.314, 6.011, 88.091, -71.571
275, 230.000, 96.131, -22.753, 49.396, 30.974, -10.876, 0.010, 56.393, -109.348
275, 335.000,133.553, -32.164, 1131.823, 348.970, -86.597, 4.010, 72.376, -103.936
276, 230.000, -19.206, 48.259, 19.311, 50.988, 23.343, 0.010, 19.002, -65.401
276, 335.000,-11.586, 55.157, 1185.183, 38.819, 66.273, 4.010, 86.292, -30.360
277, 230.000, 19.205, -24.954, 54.090, -1.805, 24.263, 0.010, 65.781, 4.255
277, 335.000,19.837, -22.076, 1187.573, 13.897, 5.754, 4.010, 89.274, -67.509
278, 230.000, 47.386, -52.346, 1.998, 6.870, 58.877, 0.010, 1.931, -6.655
278, 335.000,52.329, -46.397, 1186.222, 57.937, 8.817, 4.010, 87.172, -81.347
279, 230.000, 83.859, 10.997, 26.790, 52.833, -2.931, 0.010, 26.853, -93.175
279, 335.000,104.236, 12.040, 1170.814, 198.823, 15.033, 4.010, 80.335, -85.676
280, 230.000, 10.227, 7.060, 44.127, -39.379, 4.440, 0.010, 48.074, 83.567
280, 630.000,-2.011, 14.157, 1453.464, -26.831, 28.067, 6.011, 88.470, 43.711
281, 230.000, 21.298, -63.781, 8.152, 20.160, 55.179, 0.010, 7.901, -20.070
281, 335.000,26.314, -58.989, 1186.879, 43.189, -3.292, 4.010, 87.910, -94.359
282, 230.000, -61.781, -49.711, 23.284, 51.285, -18.584, 0.010, 23.116, -109.919
282, 335.000,-59.467, -57.834, 1184.408, -23.278, -84.817, 4.010, 85.753, 164.653
283, 230.000, 99.076, 7.328, 56.915, -16.411, 2.999, 0.010, 73.663, 79.645
283, 335.000,128.838, 10.173, 1148.849, 299.942, 26.923, 4.010, 75.312, -84.871
284, 230.000, 57.561, 56.579, 7.403, 58.833, -1.230, 0.010, 7.170, -91.198
284, 335.000,74.365, 63.130, 1175.154, 150.933, 82.418, 4.010, 81.675, -61.363
285, 230.000, 60.214, -1.709, 21.706, -48.275, 26.758, 0.010, 21.468, 61.001
285, 335.000,55.833, 2.748, 1187.350, 1.621, 27.460, 4.010, 88.673, -3.378
286, 230.000, -61.452, -38.990, 37.681, -10.901, 44.485, 0.010, 39.445, 13.769
286, 335.000,-68.576, -34.947, 1184.818, -82.141, 4.202, 4.010, 86.029, 87.072
287, 230.000, 29.177, -91.929, 46.804, 7.844, 35.574, 0.010, 52.106, -12.434
287, 335.000,36.889, -106.831, 1171.111, 79.022, -181.164, 4.010, 80.420, -156.434
288, 230.000, -26.926, 15.649, 52.350, 21.108, -18.209, 0.010, 61.964, -130.782
288, 335.000,-24.673, 13.335, 1187.650, 0.009, -6.489, 4.010, 89.687, -179.922
289, 230.000, -94.155, 16.310, 32.543, -21.700, 44.584, 0.010, 33.277, 25.953
289, 335.000,-120.010, 27.294, 1154.983, -261.164, 91.426, 4.010, 76.527, 70.706
290, 230.000, 35.386, -57.283, 10.634, -55.937, -16.601, 0.010, 10.329, 106.529
290, 335.000,28.523, -64.513, 1184.886, -24.522, -77.470, 4.010, 86.077, 162.436
291, 230.000, -77.484, 1.389, 7.633, -25.191, 53.149, 0.010, 7.394, 25.360
291, 335.000,-89.916, 10.545, 1178.758, -131.847, 60.874, 4.010, 82.977, 65.217
292, 230.000, -56.797, 38.213, 38.939, 36.044, 26.498, 0.010, 41.037, -53.678
292, 335.000,-55.205, 45.627, 1185.477, -20.482, 69.140, 4.010, 86.519, 16.501
293, 230.000, -20.176, 34.997, 49.231, 22.173, -24.541, 0.010, 56.106, -137.902
293, 335.000,-17.459, 32.635, 1187.641, 8.121, 0.908, 4.010, 89.606, -83.623
294, 230.000, -78.162, -54.860, 6.174, 58.807, -4.610, 0.010, 5.975, -94.483
294, 335.000,-84.342, -66.552, 1176.082, -106.465, -126.532, 4.010, 81.996, 139.922
295, 230.000, 25.055, 17.790, 47.309, 5.674, -35.317, 0.010, 52.907, -170.873
295, 335.000,27.239, 12.662, 1187.129, 26.734, -23.764, 4.010, 88.274, -131.634
296, 230.000, -42.386, -15.927, 10.987, 44.146, -38.053, 0.010, 10.676, -130.761
296, 335.000,-36.989, -23.393, 1186.371, 14.160, -53.659, 4.010, 87.322, -165.218
297, 230.000, -35.251, 39.084, 25.085, 8.810, 53.016, 0.010, 25.021, -9.435
297, 335.000,-35.937, 50.588, 1183.924, -21.444, 91.772, 4.010, 85.449, 13.152
298, 230.000, 86.584, -22.875, 1.567, -59.252, 2.086, 0.010, 1.514, 87.984
298, 335.000,88.757, -25.690, 1184.633, 77.045, -35.536, 4.010, 85.903, -114.761
299, 230.000, 67.579, 46.653, 7.184, 50.316, 30.567, 0.010, 6.957, -58.721
299, 335.000,84.796, 57.836, 1171.505, 162.863, 107.761, 4.010, 80.536, -56.509
300, 230.000, 43.818, -1.707, 10.804, -50.297, 29.515, 0.010, 10.496, 59.594
300, 335.000,37.355, 3.338, 1187.112, -19.744, 30.560, 4.010, 88.245, 32.866
