ion, x, y, z, vx, vy, vz, energy, elev, azim
1, 230.00, -90.18, 9.37, 8.10, -52.51, -26.35, 0.01, 7.85, 116.65
 1, 425.00, -148.53, 5.63, 1147.80, -305.06, -7.74, 4.01, 75.11, 91.45 
2, 230.00, 3.13, 53.46, 26.47, -7.88, -52.49, 0.01, 26.51, 171.46
 2, 425.00, 1.32, 48.38, 1187.54, -4.86, 16.49, 4.01, 89.17, 16.44 
3, 230.00, -57.03, 68.35, 16.38, -34.21, -45.59, 0.01, 16.04, 143.12
 3, 425.00, -89.82, 81.30, 1169.79, -176.55, 104.82, 4.01, 80.04, 59.30 
4, 230.00, 66.53, 57.12, 33.28, -21.23, 44.26, 0.01, 34.13, 25.62
 4, 425.00, 86.14, 92.88, 1165.44, 129.84, 188.28, 4.01, 78.90, -34.59 
5, 230.00, -40.53, 86.21, 54.72, -19.41, 12.11, 0.01, 67.31, 58.03
 5, 425.00, -68.09, 136.22, 1147.11, -144.52, 271.76, 4.01, 74.98, 28.00 
6, 230.00, -78.56, -36.89, 12.47, -57.22, -9.38, 0.01, 12.14, 99.31
 6, 425.00, -128.64, -55.00, 1154.26, -260.91, -100.87, 4.01, 76.38, 111.14 
7, 230.00, -63.89, -49.09, 37.48, 41.18, 20.44, 0.01, 39.19, -63.60
 7, 425.00, -70.62, -57.66, 1183.34, -73.32, -70.00, 4.01, 85.10, 133.67 
8, 230.00, -47.29, -51.06, 50.19, -15.61, -27.48, 0.01, 57.80, 150.40
 8, 425.00, -65.02, -73.46, 1176.54, -103.64, -124.81, 4.01, 82.15, 140.29 
9, 230.00, -14.97, 20.56, 2.82, -59.20, -2.12, 0.01, 2.72, 92.05
 9, 425.00, -37.07, 23.82, 1183.76, -92.73, 25.90, 4.01, 85.35, 74.39 
10, 230.00, 34.35, 49.60, 15.32, -39.14, 41.85, 0.01, 14.97, 43.08
 10, 425.00, 30.28, 74.84, 1180.28, 8.26, 132.00, 4.01, 83.61, -3.58 
11, 230.00, -57.67, 6.42, 32.60, -42.64, 25.22, 0.01, 33.35, 59.40
 11, 425.00, -85.00, 15.88, 1177.95, -145.93, 41.16, 4.01, 82.67, 74.25 
12, 230.00, -19.66, 5.16, 24.23, -42.98, 32.91, 0.01, 24.12, 52.55
 12, 425.00, -37.11, 16.66, 1184.11, -79.02, 46.93, 4.01, 85.56, 59.29 
13, 230.00, 81.33, 33.06, 57.54, -14.35, 1.11, 0.01, 75.95, 85.57
 13, 425.00, 107.39, 45.72, 1173.37, 167.13, 76.41, 4.01, 81.10, -65.43 
14, 230.00, -36.33, 31.85, 19.78, -35.62, 43.10, 0.01, 19.48, 39.57
 14, 425.00, -55.78, 52.68, 1179.18, -99.11, 101.34, 4.01, 83.15, 44.36 
15, 230.00, 15.74, 11.10, 44.23, 29.23, 26.59, 0.01, 48.22, -47.71
 15, 425.00, 27.88, 21.54, 1185.36, 56.95, 47.37, 4.01, 86.42, -50.24 
16, 230.00, 87.25, 1.79, 29.40, -33.12, -39.45, 0.01, 29.71, 139.98
 16, 425.00, 108.52, -9.50, 1177.09, 151.83, -44.46, 4.01, 82.35, -106.32 
17, 230.00, 10.21, 79.39, 47.88, 33.49, 10.16, 0.01, 53.84, -73.12
 17, 425.00, 23.65, 108.04, 1173.37, 61.55, 173.12, 4.01, 81.10, -19.57 
18, 230.00, -40.92, -33.88, 20.27, 10.15, -54.81, 0.01, 19.98, -169.51
 18, 425.00, -47.03, -58.97, 1180.51, -51.49, -119.55, 4.01, 83.71, 156.70 
19, 230.00, -69.87, 25.39, 40.80, 36.55, 22.74, 0.01, 43.47, -58.12
 19, 425.00, -78.01, 39.38, 1182.54, -82.00, 73.65, 4.01, 84.68, 48.07 
20, 230.00, 67.56, -26.92, 47.55, 35.17, 4.44, 0.01, 53.29, -82.80
 20, 425.00, 97.77, -33.30, 1174.83, 168.34, -44.59, 4.01, 81.57, -104.84 
21, 230.00, 11.16, -78.80, 8.85, -32.56, -48.78, 0.01, 8.58, 146.28
 21, 425.00, 4.74, -120.60, 1166.12, -16.95, -224.57, 4.01, 79.07, 175.68 
22, 230.00, -2.34, 98.69, 22.58, -34.69, 42.48, 0.01, 22.38, 39.24
 22, 425.00, -14.71, 188.77, 1103.47, -51.58, 436.07, 4.01, 68.30, 6.75 
23, 230.00, -26.52, -61.71, 30.72, -48.73, 14.11, 0.01, 31.20, 73.86
 23, 425.00, -48.58, -73.36, 1179.65, -105.10, -89.12, 4.01, 83.34, 130.30 
24, 230.00, 25.00, 10.63, 37.46, -36.39, 28.11, 0.01, 39.17, 52.32
 24, 425.00, 18.22, 21.51, 1186.61, -8.81, 49.40, 4.01, 87.58, 10.11 
25, 230.00, -67.29, -13.16, 13.50, 56.08, 13.82, 0.01, 13.15, -76.16
 25, 425.00, -66.33, -12.07, 1186.86, -43.55, -5.03, 4.01, 87.88, 96.59 
26, 230.00, -44.60, -89.03, 3.68, 11.23, 58.12, 0.01, 3.56, -10.94
 26, 425.00, -71.72, -132.76, 1151.13, -148.04, -251.83, 4.01, 75.76, 149.55 
27, 230.00, 50.69, -36.63, 35.70, -2.27, 47.30, 0.01, 37.01, 2.75
 27, 425.00, 61.98, -30.60, 1185.05, 78.85, -1.59, 4.01, 86.19, -91.15 
28, 230.00, 38.15, -3.63, 50.46, -29.11, -11.15, 0.01, 58.29, 110.96
 28, 425.00, 36.57, -7.82, 1187.37, 19.06, -18.60, 4.01, 88.72, -134.30 
29, 230.00, -88.76, 23.43, 45.00, 37.90, -7.46, 0.01, 49.36, -101.14
 29, 425.00, -114.02, 30.85, 1174.25, -171.30, 48.32, 4.01, 81.38, 74.25 
30, 230.00, 4.32, -56.85, 55.51, 20.12, 5.57, 0.01, 69.39, -74.53
 30, 425.00, 11.50, -68.08, 1184.42, 31.03, -82.15, 4.01, 85.76, -159.31 
31, 230.00, 20.99, 79.19, 52.55, 18.32, -20.50, 0.01, 62.38, -138.22
 31, 425.00, 33.25, 98.49, 1178.11, 64.90, 135.65, 4.01, 82.73, -25.57 
32, 230.00, 30.03, 17.53, 28.54, -40.95, -32.04, 0.01, 28.76, 128.04
 32, 425.00, 22.82, 10.74, 1187.57, -6.11, -13.58, 4.01, 89.28, 155.77 
33, 230.00, 35.11, -77.81, 53.09, -24.35, 10.32, 0.01, 63.52, 67.03
 33, 425.00, 39.98, -101.66, 1176.70, 45.65, -154.41, 4.01, 82.21, -163.53 
34, 230.00, 24.68, 10.76, 42.39, 41.48, -0.65, 0.01, 45.62, -90.90
 34, 425.00, 42.47, 12.62, 1184.60, 84.16, 14.12, 4.01, 85.88, -80.48 
35, 230.00, -91.92, -29.08, 26.54, 51.12, 14.16, 0.01, 26.58, -74.52
 35, 425.00, -123.22, -39.58, 1168.58, -201.43, -66.20, 4.01, 79.72, 108.19 
36, 230.00, 44.32, -0.75, 8.56, -53.66, 23.78, 0.01, 8.30, 66.10
 36, 425.00, 36.04, 6.73, 1187.34, -1.24, 27.90, 4.01, 88.65, 2.54 
37, 230.00, -30.42, 43.52, 21.19, 37.10, 41.14, 0.01, 20.93, -42.04
 37, 425.00, -25.53, 66.34, 1181.86, -1.95, 117.33, 4.01, 84.33, 0.95 
38, 230.00, 29.89, -70.24, 8.76, -38.18, 44.53, 0.01, 8.50, 40.61
 38, 425.00, 26.23, -75.74, 1185.43, 7.27, -72.50, 4.01, 86.48, -174.27 
39, 230.00, -74.90, -44.61, 21.88, -50.07, -23.07, 0.01, 21.65, 114.74
 39, 425.00, -121.35, -70.20, 1154.25, -243.97, -136.97, 4.01, 76.37, 119.31 
40, 230.00, 70.46, 29.54, 55.55, -13.43, 15.87, 0.01, 69.48, 40.25
 40, 425.00, 86.93, 42.95, 1179.59, 116.28, 74.89, 4.01, 83.31, -57.22 
41, 230.00, -18.11, -58.07, 18.34, 48.82, 28.24, 0.01, 18.01, -59.95
 41, 425.00, -6.90, -62.58, 1185.88, 30.80, -57.39, 4.01, 86.86, -151.78 
42, 230.00, -8.42, 41.50, 53.19, 14.76, 21.70, 0.01, 63.73, -34.22
 42, 425.00, -5.57, 56.78, 1184.51, 5.54, 86.32, 4.01, 85.82, -3.67 
43, 230.00, 39.32, 51.76, 36.45, 31.14, -34.92, 0.01, 37.92, -138.28
 43, 425.00, 58.74, 53.78, 1182.35, 103.39, 43.86, 4.01, 84.57, -67.01 
44, 230.00, 53.31, -46.92, 9.33, 51.61, -27.69, 0.01, 9.05, -118.21
 44, 425.00, 85.21, -69.40, 1170.00, 163.56, -122.12, 4.01, 80.10, -126.74 
45, 230.00, 17.92, 50.27, 39.66, 42.38, -12.19, 0.01, 41.96, -106.04
 45, 425.00, 35.13, 57.66, 1183.40, 78.81, 62.49, 4.01, 85.14, -51.59 
46, 230.00, -80.78, 24.97, 10.49, 22.03, 54.06, 0.01, 10.19, -22.17
 46, 425.00, -102.30, 50.40, 1172.31, -147.30, 120.64, 4.01, 80.77, 50.68 
47, 230.00, -83.08, 33.38, 0.37, -45.80, 37.68, 0.01, 0.36, 50.55
 47, 425.00, -135.07, 60.26, 1148.09, -273.11, 133.70, 4.01, 75.17, 63.92 
48, 230.00, -61.13, -52.51, 31.32, -3.77, 50.23, 0.01, 31.87, 4.29
 48, 425.00, -81.14, -53.37, 1180.35, -124.81, -41.81, 4.01, 83.64, 108.52 
49, 230.00, -59.91, 3.11, 9.24, -56.36, -15.99, 0.01, 8.96, 105.84
 49, 425.00, -92.94, -1.20, 1175.42, -169.49, -14.38, 4.01, 81.77, 94.85 
50, 230.00, -17.51, -14.28, 26.09, -47.80, 23.50, 0.01, 26.10, 63.82
 50, 425.00, -36.07, -9.48, 1184.80, -82.09, 8.76, 4.01, 86.01, 83.91 
51, 230.00, -8.49, -14.51, 13.67, 29.13, 49.82, 0.01, 13.32, -30.31
 51, 630.00, 3.01, 5.18, 1453.23, 23.65, 40.49, 6.01, 88.15, -30.29 
52, 230.00, -53.99, 52.65, 22.38, -17.65, 52.01, 0.01, 22.17, 18.75
 52, 425.00, -76.28, 85.22, 1168.86, -127.76, 167.35, 4.01, 79.79, 37.36 
53, 230.00, -42.41, -15.47, 55.54, -17.56, 11.14, 0.01, 69.47, 57.62
 53, 425.00, -56.70, -15.25, 1184.71, -83.33, -9.29, 4.01, 85.95, 96.36 
54, 230.00, -4.39, -24.49, 20.74, 4.05, -55.42, 0.01, 20.47, -175.82
 54, 425.00, -3.93, -46.95, 1183.37, -1.17, -100.98, 4.01, 85.12, 179.34 
55, 230.00, -85.85, -38.91, 33.78, 21.73, -43.64, 0.01, 34.72, -153.54
 55, 425.00, -121.81, -71.16, 1156.85, -213.99, -162.70, 4.01, 76.92, 127.25 
56, 230.00, -62.76, -12.72, 35.24, 47.61, -2.98, 0.01, 36.46, -93.58
 56, 425.00, -62.86, -16.66, 1186.63, -43.43, -24.12, 4.01, 87.60, 119.05 
57, 230.00, 58.42, 36.79, 22.86, -52.92, 13.94, 0.01, 22.67, 75.24
 57, 425.00, 56.76, 50.48, 1184.50, 34.63, 79.45, 4.01, 85.82, -23.55 
58, 230.00, -88.87, 42.97, 37.62, -25.56, -38.07, 0.01, 39.37, 146.13
 58, 425.00, -159.45, 62.19, 1127.21, -357.35, 111.27, 4.01, 71.63, 72.70 
59, 230.00, -33.97, -77.06, 20.55, 42.05, 36.43, 0.01, 20.27, -49.10
 59, 425.00, -32.13, -90.89, 1182.16, -17.84, -112.80, 4.01, 84.48, 171.01 
60, 230.00, 11.39, -38.87, 42.34, 9.54, 40.43, 0.01, 45.54, -13.28
 60, 425.00, 16.63, -33.91, 1187.32, 27.80, -6.70, 4.01, 88.62, -103.55 
61, 230.00, -26.87, -25.57, 14.38, -20.51, -53.76, 0.01, 14.03, 159.12
 61, 425.00, -38.97, -48.07, 1181.55, -63.72, -102.21, 4.01, 84.18, 148.06 
62, 230.00, 30.44, -9.78, 35.89, -21.86, 41.85, 0.01, 37.24, 27.58
 62, 425.00, 29.36, 1.56, 1186.97, 16.81, 37.00, 4.01, 88.04, -24.43 
63, 230.00, -58.62, -15.37, 11.08, -19.88, -54.77, 0.01, 10.77, 160.05
 63, 425.00, -79.46, -36.57, 1177.80, -121.59, -92.51, 4.01, 82.61, 127.27 
64, 230.00, 2.41, 66.17, 50.82, -30.57, 0.02, 0.01, 58.97, 89.96
 64, 425.00, -6.35, 82.91, 1181.93, -32.96, 111.83, 4.01, 84.37, 16.42 
65, 230.00, 93.38, -26.57, 29.69, 49.20, 14.69, 0.01, 30.04, -73.38
 65, 425.00, 169.45, -39.57, 1122.85, 380.19, -72.97, 4.01, 70.98, -100.86 
66, 230.00, -78.89, 51.57, 21.14, 55.29, -3.65, 0.01, 20.88, -93.78
 66, 425.00, -97.99, 73.73, 1172.07, -139.80, 131.35, 4.01, 80.71, 46.79 
67, 230.00, 42.92, -47.72, 5.20, -9.93, 58.24, 0.01, 5.03, 9.67
 67, 425.00, 49.95, -40.56, 1186.28, 57.06, -5.76, 4.01, 87.23, -95.77 
68, 230.00, 29.41, -24.72, 48.80, 20.31, -26.89, 0.01, 55.37, -142.93
 68, 425.00, 41.71, -38.12, 1183.86, 66.64, -67.82, 4.01, 85.41, -135.50 
69, 230.00, -20.02, 50.18, 1.36, -41.37, 42.48, 0.01, 1.31, 44.25
 69, 425.00, -38.05, 75.70, 1177.38, -82.70, 132.30, 4.01, 82.45, 32.01 
70, 230.00, 84.72, 25.33, 19.28, -32.03, -46.05, 0.01, 18.97, 145.18
 70, 425.00, 105.93, 20.61, 1178.13, 150.21, 0.06, 4.01, 82.73, -89.98 
71, 230.00, -10.37, 5.76, 54.30, 9.67, 21.81, 0.01, 66.28, -23.90
 71, 630.00, -10.29, 19.92, 1453.38, -7.08, 41.10, 6.01, 88.36, 9.78 
72, 230.00, -29.98, 53.89, 30.60, 46.36, 20.78, 0.01, 31.06, -65.86
 72, 425.00, -22.72, 73.36, 1182.26, 7.55, 112.99, 4.01, 84.53, -3.82 
73, 230.00, -17.87, 59.74, 52.68, -24.92, -11.01, 0.01, 62.65, 113.84
 73, 425.00, -29.83, 70.74, 1183.21, -59.26, 84.04, 4.01, 85.03, 35.19 
74, 230.00, -58.38, -69.71, 15.59, -57.01, -4.96, 0.01, 15.24, 94.97
 74, 425.00, -102.87, -103.53, 1150.46, -225.07, -190.69, 4.01, 75.62, 130.27 
75, 230.00, -14.64, 29.30, 32.91, 42.49, 25.09, 0.01, 33.70, -59.44
 75, 425.00, -4.05, 42.95, 1185.12, 30.81, 71.40, 4.01, 86.25, -23.34 
76, 230.00, 94.67, -15.74, 19.87, 28.93, -47.81, 0.01, 19.58, -148.82
 76, 425.00, 159.90, -39.60, 1133.18, 338.48, -109.27, 4.01, 72.57, -107.89 
77, 230.00, 41.14, 76.12, 35.05, -46.62, 10.78, 0.01, 36.22, 76.98
 77, 425.00, 41.97, 106.99, 1173.10, 34.20, 182.27, 4.01, 81.02, -10.63 
78, 230.00, -21.88, 81.04, 11.95, 12.47, -56.74, 0.01, 11.62, -167.61
 78, 425.00, -25.01, 89.36, 1183.62, -28.79, 93.59, 4.01, 85.27, 17.10 
79, 230.00, 55.58, 60.46, 21.69, 43.33, 34.20, 0.01, 21.45, -51.72
 79, 425.00, 89.04, 92.86, 1161.59, 175.32, 174.74, 4.01, 77.97, -45.09 
80, 230.00, -0.43, 93.97, 47.15, -8.82, 34.88, 0.01, 52.65, 14.19
 80, 425.00, -3.28, 153.12, 1145.36, -12.05, 314.00, 4.01, 74.66, 2.20 
81, 230.00, 25.61, 51.46, 40.56, -20.36, 38.18, 0.01, 43.15, 28.07
 81, 425.00, 25.31, 75.48, 1180.56, 16.32, 128.69, 4.01, 83.73, -7.23 
82, 230.00, 9.69, -58.20, 19.49, -33.72, 44.73, 0.01, 19.18, 37.01
 82, 425.00, 1.24, -57.19, 1186.84, -25.95, -35.93, 4.01, 87.86, 144.16 
83, 230.00, -69.96, 12.40, 54.22, -21.30, -11.13, 0.01, 66.09, 117.59
 83, 425.00, -95.73, 12.42, 1177.89, -151.84, 8.81, 4.01, 82.64, 86.68 
84, 230.00, -45.27, -88.43, 22.76, 54.16, 8.13, 0.01, 22.57, -81.46
 84, 425.00, -61.29, -148.29, 1140.26, -100.99, -316.48, 4.01, 73.76, 162.30 
85, 230.00, 31.03, -54.84, 14.75, 48.77, 30.35, 0.01, 14.40, -58.11
 85, 425.00, 54.05, -58.74, 1181.27, 110.83, -53.52, 4.01, 84.05, -115.78 
86, 230.00, -66.80, -41.53, 48.22, -17.01, 30.05, 0.01, 54.39, 29.51
 86, 425.00, -92.44, -45.15, 1177.15, -151.28, -44.53, 4.01, 82.37, 106.40 
87, 230.00, 24.59, 74.88, 46.09, -32.55, 18.26, 0.01, 51.00, 60.70
 87, 425.00, 22.36, 103.76, 1175.37, 8.87, 170.24, 4.01, 81.75, -2.98 
88, 230.00, 90.46, 22.31, 41.08, -33.90, -26.09, 0.01, 43.84, 127.58
 88, 425.00, 119.81, 24.31, 1172.06, 190.23, 25.22, 4.01, 80.70, -82.45 
89, 230.00, -51.32, 53.10, 13.85, -25.14, -51.90, 0.01, 13.50, 154.16
 89, 425.00, -73.46, 51.67, 1180.72, -124.02, 32.79, 4.01, 83.80, 75.19 
90, 230.00, 58.96, 52.70, 18.35, -31.55, 46.75, 0.01, 18.02, 34.02
 90, 425.00, 67.84, 83.84, 1173.83, 78.88, 162.65, 4.01, 81.25, -25.87 
91, 230.00, 62.82, 4.15, 30.02, -10.29, 50.10, 0.01, 30.41, 11.60
 91, 425.00, 74.91, 20.81, 1182.26, 90.64, 67.76, 4.01, 84.53, -53.22 
92, 230.00, 75.26, 26.98, 58.53, -6.04, -7.43, 0.01, 80.71, 140.92
 92, 425.00, 96.80, 33.12, 1178.41, 141.26, 44.24, 4.01, 82.84, -72.61 
93, 230.00, -73.67, -0.65, 19.81, 55.87, 1.80, 0.01, 19.52, -88.15
 93, 425.00, -75.86, -0.26, 1186.10, -61.08, 1.06, 4.01, 87.05, 89.01 
94, 230.00, 45.46, -77.25, 51.25, -23.00, -19.04, 0.01, 59.78, 129.61
 94, 425.00, 57.17, -114.46, 1165.96, 82.10, -210.59, 4.01, 79.03, -158.70 
95, 230.00, 2.61, -71.18, 49.31, -29.51, -14.69, 0.01, 56.24, 116.46
 95, 425.00, -5.70, -95.27, 1178.25, -31.18, -145.96, 4.01, 82.78, 167.94 
96, 230.00, 3.63, 63.46, 19.75, 52.66, 18.84, 0.01, 19.45, -70.31
 96, 425.00, 21.13, 85.46, 1178.42, 70.46, 130.09, 4.01, 82.84, -28.44 
97, 230.00, -4.78, -66.50, 56.10, -0.61, 19.24, 0.01, 71.06, 1.80
 97, 425.00, -6.16, -77.20, 1184.37, -8.74, -88.05, 4.01, 85.73, 174.33 
98, 230.00, 59.72, 0.66, 56.21, 18.07, -5.65, 0.01, 71.39, -107.37
 98, 425.00, 79.49, -0.92, 1181.75, 118.30, -5.76, 4.01, 84.28, -92.79 
99, 230.00, 5.87, -68.26, 28.92, 50.26, 12.45, 0.01, 29.18, -76.09
 99, 425.00, 23.02, -82.17, 1181.07, 71.42, -102.68, 4.01, 83.96, -145.18 
100, 230.00, -87.22, -12.71, 27.52, -42.20, 31.30, 0.01, 27.64, 53.43
 100, 425.00, -136.23, -8.44, 1157.80, -264.60, 7.59, 4.01, 77.12, 88.36 
