ion,x0,y0,z0,vx0,vy0,vz0,ke0,elev0,azim0,x1,y1,z1,vx1,vy1,vz1,ke1,elev1,azim1
1, 230.000, -5.178, -58.014, 9.228, -26.935, -52.029, 0.010, 8.951, 152.629
1, 325.000,-6.172, -61.214, 5927.743, -38.578, -173.128, 99.992, 88.286, 167.438
2, 230.000, -9.775, -24.237, 26.211, 26.018, -46.408, 0.010, 26.228, -150.723
2, 325.000,-9.167, -26.283, 5929.178, -0.507, -119.709, 99.991, 88.843, 179.757
3, 230.000, 76.331, -25.721, 41.318, -40.431, 13.258, 0.010, 44.159, 71.845
3, 325.000,78.592, -26.495, 5926.749, 196.981, -66.761, 99.992, 87.990, -108.723
4, 230.000, -48.068, 85.373, 14.238, -48.592, -30.883, 0.010, 13.890, 122.438
4, 325.000,-56.440, 96.733, 5883.338, -417.405, 615.609, 99.984, 82.795, 34.139
5, 230.000, -4.655, -12.340, 49.561, -18.990, -26.472, 0.010, 56.681, 144.346
5, 630.000,-16.138, -38.864, 1831.321, -160.123, -378.730, 10.016, 77.345, 157.082
6, 230.000, 84.072, 31.068, 57.666, 7.413, -11.717, 0.010, 76.480, -147.680
6, 325.000,90.235, 32.902, 5917.227, 375.467, 123.438, 99.992, 86.179, -71.801
7, 230.000, 69.948, 69.524, 15.099, 56.255, -11.179, 0.010, 14.749, -101.239
7, 325.000,83.040, 80.536, 5867.683, 646.580, 570.578, 100.002, 81.639, -48.573
8, 230.000, -32.433, -69.841, 29.294, -31.174, 41.081, 0.010, 29.598, 37.193
8, 325.000,-34.745, -71.430, 5926.971, -125.703, -157.430, 99.992, 88.053, 141.394
9, 230.000, 68.108, -33.226, 35.256, 39.404, 26.869, 0.010, 36.473, -55.711
9, 325.000,72.087, -33.723, 5925.424, 233.587, -65.736, 99.992, 87.655, -105.718
10, 230.000, -22.340, 94.529, 49.116, -32.564, -6.702, 0.010, 55.906, 101.629
10, 325.000,-26.181, 106.455, 5891.566, -190.110, 649.730, 99.990, 83.445, 16.309
11, 230.000, -27.716, -73.813, 35.093, 31.740, 35.759, 0.010, 36.277, -41.593
11, 325.000,-27.928, -75.901, 5927.359, -49.626, -183.263, 99.992, 88.165, 164.848
12, 230.000, 79.006, -48.475, 14.245, -39.550, -41.839, 0.010, 13.897, 136.611
12, 325.000,84.509, -53.877, 5912.618, 356.701, -289.198, 99.993, 85.559, -129.034
13, 230.000, 87.310, -47.231, 5.345, -38.413, -44.872, 0.010, 5.171, 139.434
13, 325.000,101.723, -56.973, 5864.605, 743.098, -472.536, 99.990, 81.460, -122.452
14, 230.000, 53.138, -58.859, 11.067, -47.898, -33.181, 0.010, 10.754, 124.712
14, 325.000,54.014, -62.532, 5925.426, 112.554, -215.125, 99.992, 87.654, -152.381
15, 230.000, -14.483, -20.874, 55.013, -1.632, 22.104, 0.010, 68.056, 4.222
15, 325.000,-14.883, -20.670, 5929.991, -51.301, -47.455, 99.992, 89.325, 132.770
16, 230.000, -42.430, -81.536, 8.266, -55.095, -20.342, 0.010, 8.012, 110.265
16, 325.000,-47.643, -88.925, 5908.965, -268.872, -425.686, 99.991, 85.130, 147.723
17, 230.000, -9.661, -59.952, 41.369, 39.722, 15.113, 0.010, 44.227, -69.169
17, 325.000,-8.672, -61.118, 5929.342, 20.971, -109.923, 99.992, 88.919, -169.199
18, 230.000, -48.686, -55.780, 16.920, 46.273, -33.017, 0.010, 16.576, -125.509
18, 325.000,-49.072, -58.930, 5926.948, -82.480, -184.388, 99.992, 88.048, 155.900
19, 230.000, -29.909, -36.826, 22.892, -39.491, 37.869, 0.010, 22.704, 46.202
19, 325.000,-31.844, -36.457, 5929.531, -96.923, -29.741, 99.992, 89.020, 107.059
20, 230.000, 69.468, 12.246, 5.933, 58.727, 5.796, 0.010, 5.741, -84.364
20, 325.000,73.759, 12.859, 5925.528, 237.320, 37.082, 99.992, 87.679, -81.119
21, 230.000, 66.592, 40.823, 52.383, -23.779, 14.431, 0.010, 62.032, 58.748
21, 325.000,68.704, 43.023, 5926.322, 172.366, 136.047, 99.991, 87.878, -51.716
22, 230.000, 63.884, -39.518, 47.298, -25.642, -24.960, 0.010, 52.890, 134.227
22, 325.000,65.575, -41.841, 5926.984, 149.042, -134.860, 99.992, 88.058, -132.140
23, 230.000, 31.008, 10.416, 21.956, -32.415, 44.552, 0.010, 21.727, 36.039
23, 325.000,30.649, 12.068, 5929.864, 36.113, 70.299, 99.992, 89.236, -27.190
24, 230.000, -44.067, -23.921, 38.775, 2.423, -44.814, 0.010, 40.826, -176.905
24, 325.000,-45.023, -25.902, 5929.136, -80.896, -91.681, 99.992, 88.819, 138.576
25, 230.000, -86.622, -48.711, 34.438, 25.942, 40.727, 0.010, 35.496, -32.496
25, 325.000,-101.274, -56.180, 5869.517, -750.609, -394.036, 99.993, 81.781, 117.697
26, 230.000, -43.257, -38.929, 12.265, -39.292, 42.700, 0.010, 11.935, 42.620
26, 325.000,-45.643, -38.598, 5928.895, -128.765, -34.923, 99.992, 88.711, 105.174
27, 230.000, 33.499, 55.411, 55.610, 20.607, 0.731, 0.010, 69.656, -87.967
27, 325.000,35.153, 57.097, 5928.288, 96.572, 125.080, 99.992, 88.473, -37.671
28, 230.000, -65.898, -46.630, 19.583, -54.977, -10.569, 0.010, 19.280, 100.882
28, 325.000,-70.793, -49.208, 5921.915, -272.029, -162.718, 99.992, 86.936, 120.886
29, 230.000, -13.731, -88.217, 33.518, -9.033, 48.089, 0.010, 34.412, 10.638
29, 325.000,-14.939, -92.708, 5921.238, -67.631, -322.186, 99.991, 86.818, 168.145
30, 230.000, -79.266, 57.307, 10.828, -18.740, 55.220, 0.010, 10.519, 18.746
30, 325.000,-91.340, 67.287, 5876.065, -626.321, 497.548, 99.987, 82.248, 51.536
31, 230.000, -4.608, 44.571, 10.382, -4.220, 58.241, 0.010, 10.082, 4.145
31, 325.000,-4.845, 47.423, 5928.654, -12.939, 143.200, 99.992, 88.611, 5.163
32, 230.000, 60.364, 78.464, 1.893, 20.140, 55.753, 0.010, 1.829, -19.861
32, 325.000,71.718, 94.105, 5853.695, 562.887, 763.481, 99.980, 80.796, -36.400
33, 230.000, 76.053, 63.129, 49.150, -27.453, 18.662, 0.010, 55.965, 55.793
33, 325.000,87.817, 74.122, 5872.339, 615.043, 555.014, 99.995, 81.970, -47.937
34, 230.000, 7.836, -73.921, 56.622, -2.172, 17.518, 0.010, 72.684, 7.067
34, 325.000,8.066, -76.182, 5927.605, 18.850, -180.932, 99.992, 88.242, -174.052
35, 230.000, 14.374, -65.192, 34.016, 0.883, 48.577, 0.010, 34.997, -1.041
35, 325.000,14.846, -65.675, 5929.475, 33.866, -98.913, 99.992, 88.990, -161.100
36, 230.000, 29.310, 89.078, 24.305, 34.711, -41.497, 0.010, 24.192, -140.088
36, 325.000,33.042, 95.939, 5911.595, 193.272, 430.808, 99.993, 85.433, -24.162
37, 230.000, -84.612, -13.091, 56.647, 16.485, -6.081, 0.010, 72.767, -110.248
37, 325.000,-88.945, -14.028, 5922.719, -296.809, -55.021, 99.992, 87.082, 100.502
38, 230.000, 31.002, 91.551, 40.827, 38.141, -19.901, 0.010, 43.502, -117.555
38, 325.000,35.888, 101.997, 5896.395, 246.215, 585.292, 99.995, 83.854, -22.815
39, 230.000, -69.554, 49.418, 23.927, -49.070, 23.180, 0.010, 23.792, 64.714
39, 325.000,-75.129, 53.016, 5918.344, -313.846, 210.655, 99.992, 86.346, 56.130
40, 230.000, 17.099, -97.461, 14.086, 57.574, 2.110, 0.010, 13.739, -87.902
40, 325.000,21.740, -114.088, 5865.537, 210.707, -846.033, 99.978, 81.545, -166.015
41, 230.000, 35.671, 19.190, 29.359, 14.692, 49.395, 0.010, 29.670, -16.565
41, 325.000,36.911, 21.179, 5929.174, 82.715, 87.549, 99.992, 88.836, -43.374
42, 230.000, -8.526, 44.869, 50.989, 17.419, -24.786, 0.010, 59.284, -144.900
42, 325.000,-8.164, 45.084, 5930.107, 2.062, 58.452, 99.992, 89.435, -2.021
43, 230.000, 35.313, 83.803, 5.300, -3.829, -58.948, 0.010, 5.127, 176.284
43, 325.000,37.811, 88.195, 5919.836, 156.109, 317.570, 99.992, 86.579, -26.178
44, 230.000, 66.219, 28.507, 46.672, -29.397, -21.799, 0.010, 51.899, 126.558
44, 325.000,67.645, 28.834, 5928.571, 138.288, 49.997, 99.992, 88.579, -70.123
45, 230.000, -45.616, 82.342, 20.216, -55.350, -6.735, 0.010, 19.929, 96.938
45, 325.000,-51.701, 90.076, 5904.918, -312.988, 451.223, 99.992, 84.687, 34.747
46, 230.000, 29.495, -56.509, 37.368, -18.957, -41.975, 0.010, 39.054, 155.695
46, 325.000,29.768, -59.501, 5927.815, 45.646, -168.801, 99.992, 88.310, -164.868
47, 230.000, -12.033, -58.089, 34.717, -16.307, -45.238, 0.010, 35.827, 160.177
47, 325.000,-12.876, -61.096, 5927.873, -41.957, -167.805, 99.992, 88.329, 165.962
48, 230.000, -96.399, -22.163, 12.031, 4.092, 57.932, 0.010, 11.704, -4.040
48, 325.000,-112.383, -24.144, 5872.119, -819.109, -127.096, 99.990, 81.965, 98.820
49, 230.000, -68.608, 43.254, 6.042, -41.313, 42.123, 0.010, 5.847, 44.444
49, 325.000,-73.265, 46.694, 5921.328, -269.497, 186.809, 99.992, 86.830, 55.271
50, 230.000, 32.670, 1.191, 13.134, -0.236, 57.837, 0.010, 12.794, 0.233
50, 325.000,33.373, 3.069, 5929.621, 72.314, 63.265, 99.992, 89.072, -48.818
51, 230.000, 15.946, 58.459, 44.456, -38.714, -6.515, 0.010, 48.553, 99.553
51, 325.000,15.161, 59.853, 5929.267, -6.788, 115.597, 99.992, 88.881, 3.361
52, 230.000, 72.245, 41.387, 52.091, -0.453, 28.354, 0.010, 61.437, 0.915
52, 325.000,76.015, 44.433, 5922.597, 249.973, 173.308, 99.992, 87.060, -55.266
53, 230.000, 4.485, 5.849, 28.414, -51.373, -8.433, 0.010, 28.625, 99.322
53, 630.000,4.165, 15.066, 1870.976, 21.598, 141.192, 10.011, 85.634, -8.697
54, 230.000, -24.573, 5.674, 17.290, -23.836, -51.483, 0.010, 16.949, 155.156
54, 325.000,-25.920, 4.155, 5929.380, -105.006, -37.181, 99.993, 88.924, 109.498
55, 230.000, -8.965, -9.546, 42.677, -13.557, 38.891, 0.010, 46.019, 19.218
55, 630.000,-27.334, -20.356, 1848.712, -265.249, -180.045, 10.009, 80.162, 124.168
56, 230.000, 45.373, 53.198, 49.177, 18.981, -27.184, 0.010, 56.012, -145.076
56, 325.000,47.500, 54.141, 5928.056, 131.249, 102.381, 99.992, 88.392, -52.044
57, 230.000, 35.838, 84.823, 37.975, 29.862, 34.406, 0.010, 39.813, -40.956
57, 325.000,39.755, 92.983, 5908.765, 210.753, 460.237, 99.992, 85.103, -24.604
58, 230.000, -86.684, 27.801, 18.283, -55.135, -11.977, 0.010, 17.955, 102.256
58, 325.000,-95.187, 29.615, 5910.521, -470.324, 119.327, 99.992, 85.307, 75.764
59, 230.000, 21.301, -32.567, 17.034, 53.182, 19.978, 0.010, 16.691, -69.411
59, 325.000,23.458, -32.630, 5929.458, 96.494, -42.266, 99.992, 88.982, -113.654
60, 230.000, 16.586, -52.326, 4.116, 10.950, 58.145, 0.010, 3.979, -10.665
60, 325.000,17.344, -51.767, 5930.088, 43.709, -41.838, 99.992, 89.415, -133.747
61, 230.000, 24.041, 25.262, 35.292, 36.660, -30.466, 0.010, 36.516, -129.728
61, 325.000,25.728, 24.836, 5929.697, 88.467, 20.946, 99.992, 89.122, -76.680
62, 230.000, 57.756, -21.092, 54.890, 20.147, -9.944, 0.010, 67.740, -116.269
62, 325.000,60.014, -21.998, 5928.383, 144.242, -55.360, 99.992, 88.507, -110.997
63, 230.000, -23.211, -94.642, 16.229, 47.715, -31.265, 0.010, 15.880, -123.235
63, 325.000,-24.903, -108.322, 5885.962, -116.315, -716.379, 99.997, 82.971, 170.778
64, 230.000, 86.187, -24.494, 58.490, -3.610, -9.141, 0.010, 80.462, 158.452
64, 325.000,92.139, -26.497, 5917.591, 371.968, -116.478, 99.992, 86.231, -107.387
65, 230.000, -39.712, -49.788, 33.799, 35.213, 33.695, 0.010, 34.741, -46.262
65, 325.000,-39.747, -50.162, 5929.732, -49.875, -73.384, 99.992, 89.143, 145.798
66, 230.000, 14.312, -84.622, 21.187, -30.025, -46.554, 0.010, 20.930, 147.180
66, 325.000,14.228, -91.083, 5918.646, 22.949, -372.282, 99.991, 86.394, -176.472
67, 230.000, 4.260, 73.786, 53.633, 9.711, 23.384, 0.010, 64.728, -22.553
67, 325.000,4.726, 77.326, 5926.131, 21.650, 223.728, 99.992, 87.828, -5.527
68, 230.000, -14.084, 8.415, 42.379, 17.140, -37.788, 0.010, 45.605, -155.601
68, 630.000,-36.464, 17.276, 1839.329, -340.152, 150.513, 10.012, 78.567, 66.131
69, 230.000, -61.275, -41.345, 22.709, 51.287, -19.277, 0.010, 22.513, -110.600
69, 325.000,-61.953, -43.496, 5927.962, -109.374, -130.073, 99.992, 88.358, 139.941
70, 230.000, 3.970, -77.539, 44.681, -19.835, 33.583, 0.010, 48.881, 30.568
70, 325.000,3.516, -79.735, 5927.342, -9.227, -190.186, 99.992, 88.160, 177.223
71, 230.000, -29.116, -75.595, 10.902, -53.254, -23.723, 0.010, 10.592, 114.011
71, 325.000,-32.195, -80.006, 5922.232, -151.120, -271.967, 99.992, 86.993, 150.941
72, 230.000, 98.867, 12.734, 30.401, -49.767, -10.801, 0.010, 30.836, 102.245
72, 325.000,120.129, 15.342, 5840.238, 1028.106, 127.693, 100.026, 79.941, -82.920
73, 230.000, 24.869, 47.050, 48.583, -22.444, 25.565, 0.010, 55.000, 41.280
73, 325.000,24.765, 49.004, 5929.182, 24.835, 117.440, 99.992, 88.840, -11.940
74, 230.000, 32.017, -93.370, 34.049, -48.508, 2.304, 0.010, 35.035, 87.281
74, 325.000,35.698, -108.233, 5876.796, 212.300, -768.468, 100.000, 82.274, -164.556
75, 230.000, -10.983, -43.273, 16.095, 24.642, 51.491, 0.010, 15.746, -25.574
75, 325.000,-10.440, -42.587, 5930.325, 4.805, -28.358, 99.992, 89.722, -170.383
76, 230.000, 13.237, -56.275, 8.102, -5.055, 58.536, 0.010, 7.851, 4.936
76, 325.000,13.418, -55.867, 5930.129, 21.332, -52.282, 99.992, 89.454, -157.804
77, 230.000, 93.097, 7.802, 0.320, -52.647, 27.310, 0.010, 0.310, 62.583
77, 325.000,99.656, 9.323, 5914.695, 425.611, 69.444, 99.992, 85.830, -80.733
78, 230.000, 83.186, 28.334, 57.253, -2.402, -15.294, 0.010, 74.869, 171.076
78, 325.000,88.438, 29.677, 5920.123, 334.532, 98.644, 99.991, 86.628, -73.571
79, 230.000, -92.251, 27.281, 50.721, -0.874, -30.729, 0.010, 58.781, 178.371
79, 325.000,-102.855, 29.485, 5899.417, -588.491, 140.911, 99.991, 84.143, 76.534
80, 230.000, 95.182, 10.113, 12.799, 54.986, 18.177, 0.010, 12.462, -71.707
80, 325.000,107.664, 11.813, 5892.872, 660.469, 83.371, 99.990, 83.555, -82.806
81, 230.000, -38.297, 75.351, 46.578, -12.947, 34.359, 0.010, 51.751, 20.647
81, 325.000,-40.835, 80.619, 5920.272, -153.153, 310.698, 99.992, 86.651, 26.240
82, 230.000, 68.319, 1.350, 7.912, 21.163, -54.838, 0.010, 7.666, -158.897
82, 325.000,71.225, -0.341, 5927.237, 185.981, -53.881, 99.992, 88.129, -106.157
83, 230.000, -4.437, -19.387, 31.310, -15.482, -47.933, 0.010, 31.864, 162.100
83, 325.000,-5.052, -21.440, 5928.240, -39.967, -152.311, 99.990, 88.478, 165.297
84, 230.000, -61.965, 29.069, 37.214, -18.750, -42.204, 0.010, 38.863, 156.046
84, 325.000,-64.575, 28.688, 5927.972, -167.701, 25.574, 99.992, 88.361, 81.329
85, 230.000, 98.430, 7.887, 5.588, -58.463, 8.278, 0.010, 5.406, 81.941
85, 325.000,112.077, 9.366, 5884.206, 736.085, 72.897, 99.996, 82.835, -84.344
86, 230.000, -57.505, -60.950, 42.722, 18.608, -36.690, 0.010, 46.082, -153.107
86, 325.000,-60.008, -65.354, 5922.122, -183.320, -253.701, 99.991, 86.975, 144.149
87, 230.000, 87.884, 23.327, 9.575, -23.373, 53.662, 0.010, 9.291, 23.536
87, 325.000,93.830, 26.749, 5915.810, 381.315, 164.768, 99.991, 85.983, -66.631
88, 230.000, -10.549, 44.182, 51.713, 12.179, -26.364, 0.010, 60.682, -155.206
88, 325.000,-10.398, 44.330, 5930.131, -7.173, 55.578, 99.992, 89.459, 7.354
89, 230.000, 15.630, -43.557, 19.831, 16.429, -53.427, 0.010, 19.534, -162.907
89, 325.000,16.506, -46.241, 5928.645, 46.136, -136.487, 99.992, 88.608, -161.323
90, 230.000, -95.784, -5.783, 10.589, -13.520, 56.769, 0.010, 10.284, 13.395
90, 325.000,-107.043, -4.718, 5897.884, -618.600, 24.252, 99.988, 84.008, 87.755
91, 230.000, 36.384, -38.056, 16.728, 26.058, -50.584, 0.010, 16.383, -152.745
91, 325.000,38.099, -40.591, 5928.261, 97.283, -125.921, 99.992, 88.462, -142.311
92, 230.000, -67.263, -6.254, 26.542, 41.192, 33.412, 0.010, 26.585, -50.953
92, 325.000,-68.082, -5.397, 5929.272, -113.637, 20.212, 99.992, 88.885, 79.915
93, 230.000, -6.655, 6.557, 44.464, -22.040, -32.479, 0.010, 48.563, 145.840
93, 630.000,-22.315, 13.087, 1859.995, -221.005, 113.447, 10.011, 82.393, 62.828
94, 230.000, 94.495, -31.057, 8.665, -6.056, 58.360, 0.010, 8.401, 5.925
94, 325.000,111.559, -35.001, 5863.830, 859.267, -221.850, 99.999, 81.394, -104.477
95, 230.000, -49.508, -68.265, 26.405, -50.080, -17.676, 0.010, 26.436, 109.441
95, 325.000,-53.813, -72.603, 5919.858, -232.443, -266.346, 99.992, 86.583, 138.888
96, 230.000, 25.585, -46.467, 13.389, -25.515, 51.840, 0.010, 13.047, 26.206
96, 325.000,25.388, -45.935, 5930.246, 22.741, -35.604, 99.992, 89.592, -147.433
97, 230.000, -75.056, 12.306, 47.508, 30.080, 18.863, 0.010, 53.228, -57.908
97, 325.000,-77.111, 13.387, 5927.450, -178.757, 54.189, 99.992, 88.195, 73.136
98, 230.000, 70.221, 57.474, 48.725, -33.677, -3.066, 0.010, 55.238, 95.202
98, 325.000,74.401, 61.645, 5918.023, 283.357, 257.895, 99.992, 86.296, -47.693
99, 230.000, 61.318, -16.654, 36.221, 45.772, 10.519, 0.010, 37.641, -77.058
99, 325.000,64.571, -16.813, 5927.504, 183.335, -25.946, 99.992, 88.211, -98.055
100, 230.000, 21.782, -24.127, 48.996, -33.059, 4.914, 0.010, 55.701, 81.546
100, 325.000,21.207, -24.499, 5930.164, 15.427, -50.379, 99.992, 89.491, -162.974
101, 230.000, 61.721, 17.209, 32.079, 42.719, -25.762, 0.010, 32.744, -121.092
101, 325.000,64.908, 16.908, 5927.591, 182.061, 11.609, 99.992, 88.237, -86.352
102, 230.000, 7.665, 7.880, 20.106, -47.149, -29.839, 0.010, 19.816, 122.328
102, 630.000,13.761, 17.212, 1866.707, 114.710, 153.852, 10.012, 84.130, -36.708
103, 230.000, -30.452, -34.315, 30.704, 31.057, 40.130, 0.010, 31.177, -37.736
103, 325.000,-30.144, -33.804, 5930.300, -25.090, -22.950, 99.992, 89.671, 132.450
104, 230.000, -17.906, 55.474, 58.778, 7.591, -2.284, 0.010, 82.319, -106.744
104, 325.000,-18.138, 56.862, 5929.298, -28.566, 110.513, 99.992, 88.897, 14.493
105, 230.000, -55.560, 75.903, 58.640, 4.896, -7.417, 0.010, 81.382, -146.570
105, 325.000,-60.653, 82.839, 5908.766, -298.898, 407.560, 99.990, 85.111, 36.256
106, 230.000, 1.874, 66.576, 8.491, 58.356, -6.336, 0.010, 8.231, -96.196
106, 325.000,3.779, 68.451, 5928.216, 65.045, 147.150, 99.992, 88.445, -23.847
107, 230.000, 36.246, -24.583, 3.530, 11.804, 58.016, 0.010, 3.412, -11.500
107, 325.000,37.420, -23.270, 5929.833, 80.482, 13.889, 99.992, 89.211, -80.209
108, 230.000, 7.333, -1.438, 57.005, -11.085, -12.047, 0.010, 73.977, 137.380
108, 630.000,18.803, -6.022, 1867.257, 175.899, -61.879, 10.012, 84.297, -109.381
109, 230.000, 73.009, 60.461, 29.989, -38.028, -34.237, 0.010, 30.373, 131.997
109, 325.000,79.000, 65.338, 5911.030, 370.519, 303.908, 99.993, 85.365, -50.641
110, 230.000, 88.405, -38.501, 21.605, 3.384, 55.131, 0.010, 21.363, -3.513
110, 325.000,98.807, -41.323, 5899.588, 573.721, -189.307, 99.993, 84.153, -108.261
111, 230.000, -48.790, -1.352, 39.081, 19.259, 40.242, 0.010, 41.218, -25.574
111, 325.000,-49.300, -0.107, 5929.833, -71.843, 39.134, 99.992, 89.210, 61.422
112, 230.000, 60.052, 2.616, 50.415, 31.201, 1.569, 0.010, 58.215, -87.121
112, 325.000,62.683, 2.737, 5928.280, 158.299, 7.113, 99.992, 88.469, -87.427
113, 230.000, -54.530, -44.101, 10.060, 41.290, 41.371, 0.010, 9.766, -44.944
113, 325.000,-55.047, -44.268, 5929.368, -89.741, -64.266, 99.992, 88.934, 125.607
114, 230.000, 90.565, 10.572, 11.449, 48.973, 31.436, 0.010, 11.130, -57.304
114, 325.000,99.264, 12.379, 5909.880, 485.935, 84.060, 99.993, 85.230, -80.186
115, 230.000, 26.610, -79.031, 38.130, -23.080, -39.128, 0.010, 40.009, 149.465
115, 325.000,27.304, -84.437, 5921.476, 68.869, -317.899, 99.992, 86.856, -167.776
116, 230.000, 70.350, -17.766, 1.149, -26.573, 53.011, 0.010, 1.110, 26.623
116, 325.000,72.035, -16.729, 5928.404, 153.414, 9.580, 99.992, 88.515, -86.427
117, 230.000, 32.618, -60.470, 8.927, -57.303, -12.424, 0.010, 8.657, 102.234
117, 325.000,31.872, -62.839, 5928.272, 18.422, -157.730, 99.992, 88.466, -173.338
118, 230.000, 25.394, -78.646, 15.172, -51.932, -24.301, 0.010, 14.821, 115.077
118, 325.000,25.067, -83.415, 5923.097, 31.557, -292.526, 99.992, 87.156, -173.843
119, 230.000, 88.931, -44.510, 36.637, 27.001, 38.030, 0.010, 38.150, -35.374
119, 325.000,106.230, -51.647, 5857.137, 853.930, -372.026, 100.003, 80.964, -113.541
120, 230.000, 28.538, -15.958, 26.923, -19.513, -49.113, 0.010, 26.996, 158.332
120, 325.000,28.534, -17.874, 5929.609, 42.636, -86.727, 99.992, 89.066, -153.821
121, 230.000, -17.537, -9.281, 5.030, -49.698, 31.975, 0.010, 4.865, 57.243
121, 325.000,-19.616, -8.498, 5928.531, -154.450, -14.821, 99.997, 88.501, 95.481
122, 230.000, 36.333, 82.829, 58.685, 5.322, 6.735, 0.010, 81.678, -38.319
122, 325.000,39.191, 89.180, 5915.542, 170.736, 383.509, 99.993, 85.941, -23.998
123, 230.000, 38.851, -31.427, 50.059, 28.181, 14.752, 0.010, 57.567, -62.369
123, 325.000,40.650, -31.694, 5929.343, 102.629, -44.139, 99.992, 88.921, -113.272
124, 230.000, -59.305, -68.423, 8.089, 14.591, 56.915, 0.010, 7.839, -14.379
124, 325.000,-63.154, -71.627, 5920.114, -248.989, -244.763, 99.992, 86.625, 134.510
125, 230.000, -50.023, -40.156, 26.743, 28.833, -44.397, 0.010, 26.802, -146.999
125, 325.000,-50.592, -42.747, 5928.300, -81.035, -135.239, 99.992, 88.477, 149.070
126, 230.000, 34.730, -93.444, 0.968, 30.525, -50.842, 0.010, 0.936, -149.020
126, 325.000,45.135, -120.498, 5787.910, 465.097, -1217.621, 100.075, 77.309, -159.095
127, 230.000, -16.823, -95.405, 36.273, 45.865, -9.912, 0.010, 37.705, -102.195
127, 325.000,-17.542, -107.595, 5893.265, -65.213, -658.898, 99.990, 83.590, 174.348
128, 230.000, -18.701, -28.960, 25.064, 41.753, 33.854, 0.010, 24.998, -50.964
128, 325.000,-17.775, -28.509, 5930.325, 2.434, -28.498, 99.992, 89.724, -175.118
129, 230.000, -2.186, -66.946, 55.988, -17.516, -8.727, 0.010, 70.734, 116.483
129, 325.000,-2.805, -69.332, 5928.046, -23.319, -165.206, 99.992, 88.388, 171.966
130, 230.000, 7.164, 10.537, 30.809, -30.341, 40.594, 0.010, 31.296, 36.775
130, 630.000,15.076, 36.181, 1837.234, 132.586, 358.689, 10.013, 78.242, -20.286
131, 230.000, -60.964, -31.550, 36.460, -43.646, -16.832, 0.010, 37.933, 111.089
131, 325.000,-64.365, -33.129, 5926.485, -193.610, -94.201, 99.992, 87.919, 115.945
132, 230.000, -85.654, 29.165, 24.696, 32.436, -43.077, 0.010, 24.607, -143.022
132, 325.000,-90.866, 29.954, 5919.597, -347.701, 84.431, 99.992, 86.541, 76.351
133, 230.000, 52.649, 3.833, 50.469, 22.454, 21.594, 0.010, 58.315, -46.119
133, 325.000,54.637, 4.609, 5929.007, 124.783, 29.755, 99.992, 88.761, -76.588
134, 230.000, -20.146, -56.982, 36.610, 13.381, 44.702, 0.010, 38.117, -16.664
134, 325.000,-20.269, -57.113, 5929.892, -27.972, -72.006, 99.992, 89.254, 158.770
135, 230.000, 63.456, -66.423, 19.384, 50.849, -23.587, 0.010, 19.076, -114.885
135, 325.000,70.285, -72.661, 5908.280, 368.734, -354.448, 99.991, 85.052, -133.868
136, 230.000, -84.827, -3.263, 20.441, -10.362, 54.703, 0.010, 20.160, 10.726
136, 325.000,-89.902, -1.744, 5921.521, -320.834, 45.757, 99.991, 86.867, 81.883
137, 230.000, 1.837, -96.003, 25.237, 44.240, -30.390, 0.010, 25.184, -124.487
137, 325.000,3.386, -107.991, 5894.710, 59.073, -646.408, 99.990, 83.716, -174.778
138, 230.000, 90.535, -0.312, 43.821, 20.144, -34.519, 0.010, 47.634, -149.734
138, 325.000,97.949, -1.395, 5914.200, 436.589, -38.055, 99.992, 85.762, -94.982
139, 230.000, -43.072, 26.844, 22.283, -39.460, -38.262, 0.010, 22.068, 134.117
139, 325.000,-45.342, 26.261, 5929.115, -122.669, 11.351, 99.992, 88.810, 84.713
140, 230.000, -48.683, -0.780, 55.297, -3.906, -21.087, 0.010, 68.803, 169.505
140, 325.000,-49.927, -1.465, 5929.580, -95.532, -23.299, 99.992, 89.050, 103.706
141, 230.000, 6.892, -95.490, 15.619, -37.383, 43.315, 0.010, 15.269, 40.796
141, 325.000,6.497, -104.393, 5906.714, 1.651, -529.914, 99.993, 84.873, -179.822
142, 230.000, 18.823, -21.553, 59.239, -0.122, -2.890, 0.010, 87.204, 177.580
142, 325.000,19.243, -22.131, 5929.894, 49.615, -60.025, 99.992, 89.248, -140.423
143, 230.000, -86.099, -4.652, 54.473, 1.635, -23.402, 0.010, 66.701, -176.004
143, 325.000,-91.149, -5.650, 5921.237, -326.763, -42.440, 99.992, 86.815, 97.400
144, 230.000, -10.364, 7.853, 46.111, 26.208, 26.543, 0.010, 51.029, -44.636
144, 630.000,-24.718, 26.340, 1844.323, -225.957, 260.242, 10.009, 79.415, 40.966
145, 230.000, -79.036, 56.429, 40.138, 36.486, 23.987, 0.010, 42.590, -56.677
145, 325.000,-87.962, 64.303, 5894.193, -505.220, 414.279, 99.988, 83.675, 50.648
146, 230.000, -59.405, 22.465, 33.938, -36.894, -31.697, 0.010, 34.905, 130.667
146, 325.000,-62.312, 22.124, 5927.956, -169.289, 16.595, 99.992, 88.356, 84.401
147, 230.000, 68.120, 56.898, 0.972, 22.912, 54.697, 0.010, 0.939, -22.729
147, 325.000,73.530, 62.519, 5914.180, 316.960, 302.433, 99.991, 85.764, -46.344
148, 230.000, -69.374, -29.842, 43.061, 15.085, 37.893, 0.010, 46.555, -21.707
148, 325.000,-71.623, -29.826, 5927.635, -175.856, -42.821, 99.992, 88.251, 103.685
149, 230.000, -6.537, -66.728, 4.140, 57.364, -14.486, 0.010, 4.002, -104.173
149, 325.000,-4.927, -69.297, 5927.764, 44.440, -170.927, 99.992, 88.293, -165.426
150, 230.000, -30.182, 34.380, 4.141, -53.760, 24.706, 0.010, 4.004, 65.318
150, 325.000,-32.577, 35.941, 5928.664, -111.878, 89.594, 99.992, 88.615, 51.312
151, 230.000, 87.204, -44.316, 0.606, -52.301, -27.963, 0.010, 0.586, 118.131
151, 325.000,97.632, -51.252, 5890.944, 583.997, -355.276, 99.994, 83.381, -121.314
152, 230.000, 83.649, -44.055, 14.656, -56.788, 8.831, 0.010, 14.306, 81.161
152, 325.000,89.914, -47.996, 5912.148, 401.843, -234.110, 99.992, 85.502, -120.225
153, 230.000, -32.264, -41.550, 18.595, 4.754, 56.118, 0.010, 18.271, -4.842
153, 325.000,-32.886, -40.761, 5930.085, -56.931, -21.523, 99.992, 89.412, 110.709
154, 230.000, 56.302, -63.775, 54.144, -17.779, -16.431, 0.010, 65.909, 132.744
154, 325.000,58.919, -67.871, 5922.101, 187.590, -251.029, 99.991, 86.971, -143.230
155, 230.000, -69.527, -19.651, 53.078, -23.502, -12.168, 0.010, 63.499, 117.373
155, 325.000,-72.789, -20.746, 5926.492, -205.552, -63.863, 99.992, 87.920, 107.259
156, 230.000, 29.064, 10.293, 47.917, -33.806, -8.872, 0.010, 53.893, 104.706
156, 325.000,28.635, 10.240, 5930.264, 36.844, 16.321, 99.992, 89.611, -66.108
157, 230.000, 51.849, -11.915, 7.155, -12.892, -57.448, 0.010, 6.929, 167.352
157, 325.000,52.699, -14.034, 5929.187, 86.788, -82.536, 99.992, 88.843, -133.561
158, 230.000, 64.138, -42.786, 41.998, 24.322, 34.091, 0.010, 45.082, -35.506
158, 325.000,67.572, -43.504, 5925.966, 211.381, -88.340, 99.992, 87.786, -112.681
159, 230.000, -26.457, -12.171, 41.204, 35.967, -22.941, 0.010, 44.005, -122.532
159, 325.000,-25.908, -13.179, 5930.036, -32.582, -56.890, 99.992, 89.367, 150.199
160, 230.000, -6.716, 11.774, 14.741, 53.050, 22.046, 0.010, 14.391, -67.433
160, 630.000,-10.069, 36.577, 1841.034, -76.852, 355.901, 10.013, 78.813, 12.185
161, 230.000, -81.270, -55.565, 24.950, 28.933, -45.366, 0.010, 24.877, -147.471
161, 325.000,-92.910, -65.464, 5877.401, -619.788, -493.672, 99.998, 82.322, 128.538
162, 230.000, -24.255, 67.777, 36.941, -17.726, -42.881, 0.010, 38.525, 157.541
162, 325.000,-25.670, 68.827, 5928.475, -80.248, 127.858, 99.992, 88.541, 32.114
163, 230.000, -3.916, -44.746, 49.713, -32.071, -4.209, 0.010, 56.950, 97.476
163, 325.000,-5.020, -45.874, 5929.602, -40.545, -87.976, 99.992, 89.064, 155.257
164, 230.000, 89.091, 27.475, 9.327, 56.908, -13.861, 0.010, 9.048, -103.689
164, 325.000,98.966, 29.558, 5904.677, 536.150, 131.860, 99.993, 84.658, -76.183
165, 230.000, -20.548, -24.820, 43.588, 20.105, -34.836, 0.010, 47.300, -150.009
165, 325.000,-20.354, -26.470, 5929.638, -24.773, -91.888, 99.992, 89.081, 164.912
166, 230.000, 56.938, -73.572, 45.077, -13.667, -36.040, 0.010, 49.467, 159.232
166, 325.000,61.561, -81.183, 5908.629, 282.116, -421.696, 99.991, 85.092, -146.217
167, 230.000, 9.394, 2.580, 31.621, -18.661, -46.578, 0.010, 32.219, 158.167
167, 630.000,23.325, -0.409, 1863.608, 216.262, -20.486, 10.008, 83.351, -95.411
168, 230.000, -89.952, -17.365, 14.553, -56.566, -10.302, 0.010, 14.204, 100.322
168, 325.000,-99.058, -19.104, 5908.354, -501.575, -96.170, 99.991, 85.060, 100.854
169, 230.000, -58.482, -7.641, 32.713, 19.455, -45.486, 0.010, 33.474, -156.843
169, 325.000,-59.422, -9.283, 5929.223, -99.697, -62.834, 99.992, 88.861, 122.221
170, 230.000, -53.081, 15.443, 31.612, -46.423, -19.058, 0.010, 32.209, 112.319
170, 325.000,-55.894, 15.230, 5928.409, -153.120, 10.802, 99.992, 88.517, 85.965
171, 230.000, 62.893, -67.395, 8.411, 32.081, 49.170, 0.010, 8.153, -33.122
171, 325.000,69.034, -71.409, 5913.911, 342.799, -278.493, 99.991, 85.729, -129.091
172, 230.000, -14.742, 84.264, 42.829, -39.249, -11.952, 0.010, 46.231, 106.936
172, 325.000,-16.803, 88.723, 5921.999, -96.196, 300.668, 99.992, 86.949, 17.742
173, 230.000, 73.022, 58.883, 41.548, 38.237, -18.148, 0.010, 44.469, -115.390
173, 325.000,81.037, 63.855, 5906.420, 438.776, 301.619, 99.991, 84.849, -55.495
174, 230.000, 7.515, 65.281, 2.416, -0.060, -59.260, 0.010, 2.335, 179.942
174, 325.000,7.740, 65.365, 5929.765, 16.807, 84.915, 99.992, 89.164, -11.196
175, 230.000, 73.851, 59.062, 32.954, -2.290, 49.259, 0.010, 33.753, 2.662
175, 325.000,81.195, 66.488, 5902.430, 421.779, 391.843, 99.993, 84.429, -47.107
176, 230.000, 67.748, 35.664, 39.732, -38.643, 21.111, 0.010, 42.060, 61.352
176, 325.000,69.288, 37.772, 5927.175, 151.801, 123.277, 99.992, 88.110, -50.920
177, 230.000, 8.174, -12.079, 43.206, -40.137, 6.320, 0.010, 46.759, 81.051
177, 630.000,16.273, -32.729, 1845.387, 140.475, -309.156, 10.010, 79.574, -155.564
178, 230.000, -31.424, -53.602, 26.264, 41.100, -33.744, 0.010, 26.284, -129.387
178, 325.000,-31.016, -56.191, 5928.438, -24.912, -150.328, 99.992, 88.528, 170.591
179, 230.000, -17.567, 85.965, 33.824, 47.799, 9.422, 0.010, 34.771, -78.849
179, 325.000,-17.211, 91.741, 5919.586, -20.462, 357.379, 99.992, 86.539, 3.277
180, 230.000, 36.938, 40.836, 24.861, -15.456, 51.582, 0.010, 24.782, 16.681
180, 325.000,37.376, 43.498, 5928.612, 56.785, 133.938, 99.992, 88.594, -22.975
181, 230.000, 63.749, -67.399, 16.251, 56.438, 8.262, 0.010, 15.902, -81.672
181, 325.000,71.058, -73.046, 5907.831, 389.404, -339.365, 99.991, 85.003, -131.072
182, 230.000, -15.093, -67.926, 19.825, 49.924, -25.143, 0.010, 19.528, -116.731
182, 325.000,-14.027, -71.009, 5927.238, 14.973, -192.963, 99.992, 88.130, -175.563
183, 230.000, -18.490, -38.646, 15.472, -36.529, 44.089, 0.010, 15.122, 39.643
183, 325.000,-20.060, -38.085, 5929.883, -72.892, -27.399, 99.992, 89.248, 110.600
184, 230.000, 19.144, 48.306, 54.765, 8.194, 21.244, 0.010, 67.424, -21.092
184, 325.000,19.863, 50.137, 5929.117, 45.162, 114.544, 99.992, 88.810, -21.518
185, 230.000, 56.149, 75.110, 26.237, -51.013, -15.065, 0.010, 26.255, 106.453
185, 325.000,59.677, 81.449, 5913.104, 243.247, 382.013, 99.993, 85.620, -32.487
186, 230.000, 85.845, -32.230, 7.157, 7.999, 58.330, 0.010, 6.931, -7.809
186, 325.000,92.908, -32.995, 5914.835, 419.583, -92.347, 99.992, 85.846, -102.412
187, 230.000, -72.519, 14.635, 21.156, 46.947, 29.428, 0.010, 20.898, -57.919
187, 325.000,-73.750, 16.107, 5928.250, -143.597, 69.607, 99.992, 88.458, 64.139
188, 230.000, -53.714, -83.460, 7.942, 43.753, 39.246, 0.010, 7.696, -48.108
188, 325.000,-61.705, -96.727, 5874.510, -424.829, -690.956, 99.987, 82.139, 148.415
189, 230.000, -65.111, -39.053, 10.717, -56.468, -14.635, 0.010, 10.411, 104.530
189, 325.000,-69.555, -41.113, 5923.949, -245.523, -127.126, 99.992, 87.328, 117.374
190, 230.000, -63.887, -76.570, 23.322, -7.487, -54.015, 0.010, 23.156, 172.109
190, 325.000,-81.722, -99.295, 5788.217, -809.060, -1018.246, 100.064, 77.337, 141.531
191, 230.000, 37.411, -68.069, 36.559, 27.422, 37.803, 0.010, 38.055, -35.957
191, 325.000,39.844, -69.754, 5926.653, 138.032, -159.322, 99.992, 87.963, -139.095
192, 230.000, -4.123, -82.547, 22.271, 16.599, 52.403, 0.010, 22.055, -17.576
192, 325.000,-3.810, -85.018, 5926.336, 3.739, -219.422, 99.992, 87.879, -179.024
193, 230.000, 15.273, 26.463, 38.726, 25.220, 37.174, 0.010, 40.764, -34.155
193, 325.000,16.411, 28.227, 5929.242, 61.479, 99.672, 99.992, 88.869, -31.667
194, 230.000, 69.245, -22.994, 18.008, 55.042, 12.794, 0.010, 17.676, -76.915
194, 325.000,73.565, -23.451, 5925.269, 241.898, -47.869, 99.992, 87.617, -101.194
195, 230.000, 19.399, 10.465, 12.037, -21.991, -53.751, 0.010, 11.709, 157.749
195, 325.000,19.213, 9.013, 5929.865, 84.013, -2.874, 99.994, 89.188, -91.959
196, 230.000, -91.762, -34.381, 42.742, 17.479, -37.218, 0.010, 46.109, -154.843
196, 325.000,-104.469, -40.448, 5883.348, -679.544, -301.539, 99.983, 82.798, 113.929
197, 230.000, 83.145, 38.452, 36.460, -18.144, 43.117, 0.010, 37.933, 22.822
197, 325.000,89.200, 42.830, 5913.799, 379.345, 230.148, 99.993, 85.709, -58.755
198, 230.000, 84.556, -2.855, 55.699, -18.374, -8.814, 0.010, 69.904, 115.626
198, 325.000,88.609, -3.284, 5923.589, 283.590, -19.510, 99.992, 87.253, -93.935
199, 230.000, 9.756, -38.860, 3.473, 23.096, 54.518, 0.010, 3.357, -22.959
199, 325.000,10.706, -37.957, 5930.208, 43.098, -19.314, 99.992, 89.544, -114.139
200, 230.000, -5.132, 62.948, 21.650, -11.822, -53.937, 0.010, 21.410, 167.637
200, 325.000,-5.653, 63.037, 5929.813, -23.349, 79.802, 99.992, 89.197, 16.309
201, 230.000, 9.291, -32.697, 46.775, 19.324, -30.924, 0.010, 52.060, -147.999
201, 325.000,10.105, -34.385, 5929.412, 39.547, -100.474, 99.992, 88.957, -158.515
202, 230.000, 32.336, 0.527, 41.367, -17.568, -38.701, 0.010, 44.224, 155.585
202, 325.000,32.484, -0.695, 5930.003, 55.791, -39.426, 99.992, 89.340, -125.248
203, 230.000, 56.962, -31.139, 16.591, -48.051, -30.552, 0.010, 16.244, 122.449
203, 325.000,57.140, -33.034, 5929.031, 77.138, -101.229, 99.992, 88.770, -142.692
204, 230.000, 17.492, 40.276, 0.139, 41.719, 42.156, 0.010, 0.135, -44.702
204, 325.000,19.213, 42.515, 5928.727, 75.771, 118.600, 99.992, 88.640, -32.574
205, 230.000, -21.651, 83.359, 14.171, -50.339, -27.978, 0.010, 13.823, 119.065
205, 325.000,-24.486, 87.379, 5921.946, -135.070, 285.931, 99.991, 86.943, 25.285
206, 230.000, -38.420, 18.720, 39.265, 7.118, -43.877, 0.010, 41.455, -170.785
206, 325.000,-39.034, 17.735, 5930.026, -65.403, -10.049, 99.992, 89.361, 98.735
207, 230.000, 35.363, -13.626, 29.200, -47.189, 20.934, 0.010, 29.493, 66.077
207, 325.000,34.622, -13.253, 5930.352, 22.607, -5.843, 99.992, 89.774, -104.492
208, 230.000, 81.399, -33.097, 11.821, 48.460, -32.086, 0.010, 11.497, -123.509
208, 325.000,88.269, -36.275, 5915.136, 389.081, -171.312, 99.992, 85.889, -113.764
209, 230.000, 72.494, 39.252, 44.290, -38.295, -9.464, 0.010, 48.310, 103.882
209, 325.000,74.902, 40.906, 5925.782, 200.509, 120.410, 99.992, 87.740, -59.014
210, 230.000, 87.274, 46.996, 57.930, -11.805, 4.728, 0.010, 77.619, 68.175
210, 325.000,102.143, 55.329, 5866.408, 758.226, 420.189, 99.982, 81.594, -61.006
211, 230.000, 29.617, -8.356, 13.431, 56.226, -13.262, 0.010, 13.088, -103.272
211, 325.000,32.062, -8.962, 5928.983, 125.437, -32.661, 99.992, 88.748, -104.594
212, 230.000, -61.402, -22.617, 45.713, -20.347, -31.843, 0.010, 50.421, 147.422
212, 325.000,-63.924, -24.312, 5927.601, -161.168, -84.681, 99.992, 88.241, 117.718
213, 230.000, -58.335, 56.412, 10.967, 58.099, -4.678, 0.010, 10.656, -94.603
213, 325.000,-59.266, 58.925, 5926.492, -125.008, 174.974, 99.992, 87.922, 35.543
214, 230.000, 4.278, 84.195, 13.107, -52.624, -24.013, 0.010, 12.767, 114.528
214, 325.000,2.868, 87.978, 5923.987, -40.296, 272.610, 99.992, 87.337, 8.408
215, 230.000, 16.493, -30.816, 17.290, -4.762, 56.533, 0.010, 16.949, 4.815
215, 325.000,16.700, -29.679, 5930.313, 30.966, -7.995, 99.992, 89.691, -104.476
216, 230.000, -74.357, -62.119, 9.161, 35.427, -46.676, 0.010, 8.885, -142.802
216, 325.000,-82.583, -71.292, 5892.850, -468.374, -472.999, 99.989, 83.555, 135.282
217, 230.000, 12.971, 88.522, 52.975, -21.372, -15.956, 0.010, 63.276, 126.745
217, 325.000,13.213, 94.159, 5919.123, 33.213, 364.187, 99.992, 86.465, -5.211
218, 230.000, 21.787, -57.007, 46.545, -36.653, 2.778, 0.010, 51.701, 85.666
218, 325.000,21.232, -58.493, 5929.231, 7.852, -117.173, 99.992, 88.865, -176.166
219, 230.000, -30.274, 82.887, 8.969, -43.155, 39.684, 0.010, 8.698, 47.399
219, 325.000,-33.642, 89.677, 5915.009, -172.992, 390.528, 99.992, 85.870, 23.892
220, 230.000, -23.843, 36.891, 46.639, 35.010, -10.804, 0.010, 51.848, -107.150
220, 325.000,-23.257, 37.360, 5930.102, -8.618, 58.293, 99.992, 89.431, 8.410
221, 230.000, -37.316, -32.510, 3.142, -51.201, -29.770, 0.010, 3.037, 120.175
221, 325.000,-39.822, -34.220, 5928.393, -123.496, -92.222, 99.992, 88.511, 126.751
222, 230.000, -50.045, 38.268, 14.450, 50.093, 28.277, 0.010, 14.101, -60.556
222, 325.000,-49.893, 40.261, 5929.065, -56.354, 112.246, 99.992, 88.786, 26.659
223, 230.000, 58.728, 77.593, 17.709, -54.187, 16.364, 0.010, 17.373, 73.196
223, 325.000,64.698, 88.123, 5893.311, 352.840, 560.413, 99.992, 83.589, -32.195
224, 230.000, 15.782, -88.949, 28.191, -50.579, -12.830, 0.010, 28.381, 104.233
224, 325.000,15.387, -95.889, 5915.831, 17.612, -415.242, 99.992, 85.981, -177.571
225, 230.000, -71.443, -51.360, 3.716, 12.390, -57.882, 0.010, 3.592, -167.917
225, 325.000,-75.727, -56.512, 5917.437, -281.110, -272.781, 99.991, 86.213, 134.138
226, 230.000, -50.707, 6.922, 43.512, 34.577, -20.707, 0.010, 47.192, -120.916
226, 325.000,-50.806, 6.429, 5930.081, -60.587, -8.287, 99.992, 89.409, 97.788
227, 230.000, 2.336, 68.136, 37.423, 21.275, -40.799, 0.010, 39.122, -152.459
227, 325.000,3.081, 69.033, 5929.155, 27.645, 118.072, 99.992, 88.828, -13.178
228, 230.000, 59.671, -66.248, 46.167, -34.797, 13.243, 0.010, 51.115, 69.164
228, 325.000,62.639, -70.324, 5920.479, 215.502, -266.122, 99.991, 86.690, -141.000
229, 230.000, -61.416, 24.623, 54.106, 11.410, -21.448, 0.010, 65.819, -151.987
229, 325.000,-62.944, 24.706, 5928.905, -128.384, 33.931, 99.992, 88.717, 75.196
230, 230.000, -34.520, -1.281, 19.358, -34.629, 44.087, 0.010, 19.050, 38.148
230, 325.000,-36.368, 0.100, 5929.270, -107.272, 43.354, 99.992, 88.882, 67.994
231, 230.000, 0.710, -86.604, 48.925, 12.888, 30.949, 0.010, 55.580, -22.608
231, 325.000,1.150, -90.801, 5922.856, 16.316, -298.711, 99.992, 87.109, -176.874
232, 230.000, -26.528, -17.936, 22.274, 34.074, -43.133, 0.010, 22.059, -141.692
232, 325.000,-26.018, -19.708, 5929.716, -24.865, -86.290, 99.992, 89.132, 163.925
233, 230.000, -9.512, -41.128, 33.135, 2.025, 49.149, 0.010, 33.964, -2.359
233, 325.000,-9.655, -40.461, 5930.308, -16.094, -27.659, 99.992, 89.691, 149.806
234, 230.000, 63.391, 13.382, 23.969, -13.427, -52.563, 0.010, 23.836, 165.671
234, 325.000,64.853, 12.119, 5928.980, 127.277, -24.813, 99.992, 88.747, -101.032
235, 230.000, 18.387, 62.606, 42.190, -16.675, -38.204, 0.010, 45.345, 156.420
235, 325.000,18.412, 63.276, 5929.499, 23.790, 100.303, 99.992, 89.004, -13.343
236, 230.000, 42.682, 37.568, 26.387, -52.346, 9.016, 0.010, 26.417, 80.227
236, 325.000,42.113, 38.814, 5929.718, 30.832, 84.239, 99.992, 89.133, -20.103
237, 230.000, -64.080, 21.109, 17.825, -49.092, -28.104, 0.010, 17.490, 119.790
237, 325.000,-67.696, 20.901, 5926.882, -203.049, 20.788, 99.992, 88.028, 84.154
238, 230.000, 40.461, -61.140, 2.045, -30.545, 50.798, 0.010, 1.976, 31.018
238, 325.000,40.970, -61.762, 5928.990, 73.420, -106.097, 99.992, 88.753, -145.316
239, 230.000, -56.433, -79.146, 38.577, 42.372, 15.299, 0.010, 40.575, -70.147
239, 325.000,-62.303, -88.702, 5896.839, -342.705, -527.875, 99.989, 83.908, 147.008
240, 230.000, 36.473, -38.062, 2.226, -47.715, -35.156, 0.010, 2.151, 126.382
240, 325.000,35.833, -40.101, 5929.348, 20.710, -109.627, 99.992, 88.922, -169.302
241, 230.000, 3.038, 93.288, 9.097, -55.920, -17.545, 0.010, 8.823, 107.419
241, 325.000,1.595, 101.021, 5911.759, -43.712, 467.860, 99.992, 85.455, 5.338
242, 230.000, 56.575, 27.546, 20.510, 8.691, -54.968, 0.010, 20.231, -171.016
242, 325.000,58.472, 26.596, 5928.936, 131.567, 2.577, 99.992, 88.729, -88.878
243, 230.000, 6.924, -45.902, 53.780, -0.164, -25.006, 0.010, 65.062, 179.624
243, 325.000,7.075, -47.728, 5929.332, 12.753, -111.570, 99.992, 88.915, -173.479
244, 230.000, -12.659, -79.524, 26.845, -14.674, 50.810, 0.010, 26.912, 16.109
244, 325.000,-13.700, -81.596, 5926.916, -55.009, -195.529, 99.992, 88.037, 164.287
245, 230.000, -70.999, 54.054, 13.313, 42.524, 39.142, 0.010, 12.971, -47.372
245, 325.000,-74.561, 58.976, 5918.465, -258.757, 272.759, 99.992, 86.365, 43.491
246, 230.000, -15.517, 26.076, 53.490, 18.029, -18.204, 0.010, 64.407, -135.276
246, 325.000,-15.289, 26.079, 5930.189, -20.046, 46.466, 99.992, 89.511, 23.336
247, 230.000, 47.356, 4.014, 1.423, 55.978, 19.547, 0.010, 1.375, -70.751
247, 325.000,50.226, 4.730, 5928.520, 146.552, 27.755, 99.992, 88.559, -79.276
248, 230.000, 68.999, 35.649, 36.319, -46.393, 6.805, 0.010, 37.760, 81.656
248, 325.000,70.434, 37.353, 5927.421, 151.865, 110.680, 99.992, 88.184, -53.915
249, 230.000, 98.651, 14.074, 5.209, -28.043, -52.001, 0.010, 5.039, 151.663
249, 325.000,120.143, 15.717, 5839.742, 1035.298, 96.033, 100.032, 79.905, -84.700
250, 230.000, 43.008, -58.040, 4.567, 50.580, -30.635, 0.010, 4.416, -121.202
250, 325.000,46.183, -61.137, 5925.212, 165.747, -184.384, 99.992, 87.604, -138.047
251, 230.000, -26.825, -77.286, 11.881, 11.148, 57.028, 0.010, 11.556, -11.061
251, 325.000,-27.766, -79.216, 5926.871, -75.110, -190.230, 99.992, 88.024, 158.454
252, 230.000, 64.863, -3.324, 25.920, 49.051, 20.972, 0.010, 25.914, -66.851
252, 325.000,68.389, -2.763, 5927.064, 198.296, 14.260, 99.992, 88.079, -85.887
253, 230.000, 18.397, 45.575, 9.452, 44.931, 37.544, 0.010, 9.170, -50.118
253, 325.000,20.257, 47.832, 5928.528, 81.198, 124.754, 99.992, 88.562, -33.059
254, 230.000, -6.411, -2.888, 25.572, -7.316, -53.011, 0.010, 25.542, 172.142
254, 630.000,-19.239, -16.855, 1858.301, -186.438, -179.907, 10.009, 82.063, 133.979
255, 230.000, 40.415, 63.691, 39.330, -38.240, -22.549, 0.010, 41.540, 120.526
255, 325.000,40.792, 65.467, 5928.034, 71.089, 151.449, 99.992, 88.383, -25.145
256, 230.000, -16.879, 30.331, 13.041, 48.187, 32.025, 0.010, 12.702, -56.392
256, 325.000,-15.701, 32.010, 5929.586, 14.984, 96.943, 99.992, 89.052, -8.786
257, 230.000, 96.050, 20.546, 4.254, 59.067, -3.254, 0.010, 4.113, -93.153
257, 325.000,112.645, 23.620, 5869.424, 833.841, 161.301, 99.997, 81.767, -79.052
258, 230.000, -19.994, 93.273, 5.026, 30.535, -50.596, 0.010, 4.862, -148.889
258, 325.000,-21.126, 101.342, 5909.308, -84.525, 492.384, 99.991, 85.168, 9.741
259, 230.000, 66.849, -67.574, 2.610, -17.865, -56.495, 0.010, 2.522, 162.452
259, 325.000,73.309, -76.375, 5900.293, 377.834, -461.606, 99.991, 84.227, -140.699
260, 230.000, 18.564, -20.491, 0.139, 33.129, -49.195, 0.010, 0.135, -146.043
260, 325.000,20.044, -22.530, 5928.901, 82.372, -104.284, 99.992, 88.716, -141.695
261, 230.000, 71.748, -58.151, 2.925, -37.125, -46.161, 0.010, 2.827, 141.192
261, 325.000,76.597, -64.425, 5912.208, 317.739, -338.654, 99.992, 85.509, -136.825
262, 230.000, 9.681, -51.952, 5.564, -54.581, -22.529, 0.010, 5.383, 112.429
262, 325.000,8.177, -53.930, 5928.987, -37.887, -123.501, 99.992, 88.752, 162.945
263, 230.000, -43.531, -20.431, 44.723, -37.599, 10.192, 0.010, 48.943, 74.833
263, 325.000,-45.721, -20.577, 5929.106, -120.532, -27.745, 99.992, 88.805, 102.963
264, 230.000, -69.819, 40.738, 56.274, 18.320, -3.904, 0.010, 71.590, -102.030
264, 325.000,-72.536, 42.534, 5925.577, -203.333, 125.762, 99.992, 87.690, 58.263
265, 230.000, -61.403, 33.453, 16.812, -15.415, 54.748, 0.010, 16.467, 15.725
265, 325.000,-63.995, 36.327, 5926.329, -168.917, 140.352, 99.992, 87.878, 50.277
266, 230.000, 62.191, -25.957, 48.924, 17.659, 28.501, 0.010, 55.577, -31.782
266, 325.000,64.725, -25.887, 5928.038, 164.368, -31.280, 99.992, 88.383, -100.775
267, 230.000, -36.539, 42.700, 21.261, 14.857, 53.337, 0.010, 21.006, -15.565
267, 325.000,-37.004, 45.486, 5928.453, -57.537, 140.525, 99.992, 88.533, 22.266
268, 230.000, 87.829, -23.456, 42.802, -32.643, -24.901, 0.010, 46.193, 127.338
268, 325.000,93.425, -25.982, 5917.441, 368.153, -133.983, 99.992, 86.212, -109.998
269, 230.000, -15.211, -97.478, 18.220, 17.064, 53.800, 0.010, 17.891, -17.598
269, 325.000,-17.038, -110.843, 5885.456, -103.411, -722.321, 99.996, 82.932, 171.853
270, 230.000, 56.487, -61.682, 19.574, 52.938, -18.224, 0.010, 19.270, -108.996
270, 325.000,61.189, -65.583, 5920.039, 256.555, -238.444, 99.992, 86.614, -132.905
271, 230.000, 62.371, -60.165, 56.455, 13.851, -11.773, 0.010, 72.152, -130.365
271, 325.000,66.601, -64.197, 5919.619, 258.052, -247.248, 99.992, 86.545, -133.775
272, 230.000, 9.571, -89.307, 50.795, -30.412, -3.547, 0.010, 58.919, 96.652
272, 325.000,9.319, -95.783, 5917.063, 9.946, -397.242, 99.992, 86.158, -178.566
273, 230.000, -73.671, 7.963, 21.965, 7.014, -54.644, 0.010, 21.737, -172.686
273, 325.000,-76.237, 6.546, 5927.222, -190.497, -35.705, 99.992, 88.127, 100.616
274, 230.000, 88.663, 20.805, 42.818, -35.048, 21.352, 0.010, 46.215, 58.650
274, 325.000,94.303, 23.035, 5917.498, 371.987, 118.666, 99.991, 86.225, -72.307
275, 230.000, -54.279, 53.919, 31.616, 28.451, 41.335, 0.010, 32.213, -34.539
275, 325.000,-55.614, 57.425, 5925.776, -125.616, 197.621, 99.992, 87.737, 32.442
276, 230.000, -80.249, -15.173, 8.104, 11.824, 57.551, 0.010, 7.853, -11.610
276, 325.000,-83.770, -14.108, 5925.148, -249.349, 10.988, 99.992, 87.588, 87.477
277, 230.000, 43.431, 19.582, 48.312, -14.178, -31.346, 0.010, 54.545, 155.662
277, 325.000,43.966, 19.033, 5930.018, 66.778, 4.263, 99.992, 89.354, -86.347
278, 230.000, -68.910, 59.710, 32.548, -31.530, 38.264, 0.010, 33.284, 39.489
278, 325.000,-75.336, 65.615, 5910.300, -363.055, 326.213, 99.993, 85.279, 48.060
279, 230.000, 69.024, -68.657, 22.553, -54.838, 1.341, 0.010, 22.350, 88.599
279, 325.000,76.247, -77.439, 5896.176, 421.664, -476.410, 99.992, 83.841, -138.488
280, 230.000, -97.188, 14.750, 57.467, 12.963, 6.865, 0.010, 75.681, -62.094
280, 325.000,-111.319, 17.157, 5881.929, -746.788, 122.811, 99.993, 82.668, 80.661
281, 230.000, -28.864, -57.171, 26.586, 52.643, 6.288, 0.010, 26.632, -83.188
281, 325.000,-28.045, -58.644, 5929.192, -8.764, -119.150, 99.992, 88.846, 175.793
282, 230.000, -68.323, 15.888, 10.038, 57.996, 7.300, 0.010, 9.745, -82.826
282, 325.000,-68.778, 16.650, 5929.265, -106.122, 46.335, 99.992, 88.881, 66.413
283, 230.000, -16.431, 80.323, 25.263, -36.145, 39.660, 0.010, 25.211, 42.345
283, 325.000,-18.387, 85.614, 5921.429, -93.388, 312.392, 99.992, 86.848, 16.644
284, 230.000, -61.227, -0.429, 44.947, -37.915, 7.735, 0.010, 49.274, 78.469
284, 325.000,-64.142, -0.197, 5927.955, -170.007, 7.114, 99.992, 88.356, 87.604
285, 230.000, -68.716, 21.748, 54.669, -17.437, 14.998, 0.010, 67.183, 49.300
285, 325.000,-71.742, 23.003, 5926.714, -196.189, 71.982, 99.992, 87.981, 69.852
286, 230.000, -14.179, -3.993, 7.571, 24.114, 53.655, 0.010, 7.334, -24.201
286, 630.000,-35.678, -2.341, 1846.831, -330.936, -3.092, 10.009, 79.840, 90.535
287, 230.000, -95.858, -6.028, 37.475, -16.957, 42.728, 0.010, 39.187, 21.646
287, 325.000,-107.342, -5.428, 5897.009, -627.703, 7.360, 99.989, 83.924, 89.328
288, 230.000, -14.061, 52.884, 16.670, 41.079, -39.399, 0.010, 16.324, -133.804
288, 325.000,-13.103, 52.936, 5930.051, 15.163, 62.238, 99.992, 89.381, -13.692
289, 230.000, -60.461, -50.275, 6.049, 56.784, 16.020, 0.010, 5.854, -74.245
289, 325.000,-61.276, -51.931, 5927.712, -119.765, -132.278, 99.992, 88.276, 137.842
290, 230.000, 2.715, -82.394, 31.366, -21.131, 45.687, 0.010, 31.928, 24.822
290, 325.000,2.191, -85.048, 5926.114, -13.217, -224.884, 99.992, 87.823, 176.636
291, 230.000, -70.357, -56.812, 21.592, 48.722, 26.031, 0.010, 21.349, -61.885
291, 325.000,-73.920, -60.099, 5920.428, -260.324, -224.317, 99.992, 86.678, 130.751
292, 230.000, -67.648, 22.428, 3.821, 57.132, 15.458, 0.010, 3.694, -74.860
292, 325.000,-68.178, 23.690, 5928.946, -109.409, 72.142, 99.992, 88.734, 56.600
293, 230.000, -17.717, -7.860, 26.562, 52.516, 7.359, 0.010, 26.606, -82.024
293, 630.000,-40.534, -20.587, 1830.454, -364.578, -192.139, 10.009, 77.312, 117.790
294, 230.000, 17.446, 60.689, 24.506, -14.807, -51.941, 0.010, 24.405, 164.089
294, 325.000,17.475, 60.777, 5929.854, 22.249, 76.952, 99.992, 89.226, -16.126
295, 230.000, 17.968, -15.772, 45.544, 3.301, -37.848, 0.010, 50.166, -175.015
295, 325.000,18.507, -17.364, 5929.269, 65.980, -95.828, 99.992, 88.876, -145.452
296, 230.000, -64.248, -58.470, 44.876, 35.900, 14.661, 0.010, 49.169, -67.785
296, 325.000,-67.002, -61.533, 5922.963, -209.923, -210.052, 99.992, 87.130, 135.018
297, 230.000, 2.750, 0.991, 22.832, -1.797, 54.709, 0.010, 22.641, 1.881
297, 630.000,7.452, 11.808, 1870.473, 70.724, 132.496, 10.011, 85.409, -28.093
298, 230.000, 50.633, 39.314, 7.805, -55.638, -19.004, 0.010, 7.562, 108.859
298, 325.000,50.342, 39.854, 5929.789, 52.954, 66.253, 99.992, 89.181, -38.634
299, 230.000, 72.005, 16.242, 8.482, 51.885, -27.453, 0.010, 8.222, -117.884
299, 325.000,76.394, 15.998, 5925.122, 249.562, 15.363, 99.992, 87.584, -86.477
300, 230.000, -50.012, -39.380, 29.922, -50.042, -10.870, 0.010, 30.298, 102.256
300, 325.000,-53.073, -40.889, 5927.330, -163.073, -98.753, 99.992, 88.158, 121.198
