ion,x0,y0,z0,vx0,vy0,vz0,ke0,elev0,azim0,x1,y1,z1,vx1,vy1,vz1,ke1,elev1,azim1
1, 230.000, 40.434, 41.792, 9.041, -48.254, -33.278, 0.010, 8.768, 124.592
1, 325.000,39.949, 41.818, 5930.104, 31.362, 49.624, 99.992, 89.433, -32.292
2, 230.000, -53.552, 56.478, 28.870, 20.274, -47.677, 0.010, 29.129, -156.964
2, 325.000,-55.161, 57.351, 5927.773, -134.453, 114.267, 99.992, 88.295, 49.640
3, 230.000, 32.453, 2.475, 38.373, -41.481, 18.013, 0.010, 40.315, 66.527
3, 325.000,31.841, 3.104, 5930.256, 31.832, 24.683, 99.992, 89.611, -52.210
4, 230.000, 12.324, -71.613, 40.914, 5.336, -42.605, 0.010, 43.617, -172.861
4, 325.000,12.947, -75.596, 5925.672, 38.103, -233.522, 99.992, 87.713, -170.733
5, 230.000, -12.141, -0.563, 26.700, 1.287, -52.944, 0.010, 26.755, -178.607
5, 630.000,-31.307, -9.461, 2633.192, -305.374, -112.836, 20.015, 82.952, 110.279
6, 230.000, 62.576, -76.134, 0.749, -59.042, 5.581, 0.010, 0.724, 84.600
6, 325.000,70.311, -87.520, 5884.422, 432.772, -597.648, 99.995, 82.853, -144.091
7, 230.000, -22.604, 13.919, 24.182, -50.095, 20.576, 0.010, 24.062, 67.670
7, 325.000,-24.720, 14.894, 5928.983, -114.503, 59.596, 99.991, 88.753, 62.504
8, 230.000, 25.557, -41.605, 29.732, -2.530, 51.257, 0.010, 30.086, 2.826
8, 325.000,26.062, -40.928, 5930.169, 45.421, -25.115, 99.992, 89.499, -118.940
9, 230.000, -25.871, 91.148, 32.402, -48.126, -12.316, 0.010, 33.114, 104.354
9, 325.000,-29.931, 99.934, 5904.992, -200.061, 510.785, 99.992, 84.693, 21.389
10, 230.000, -17.269, -47.280, 21.664, -55.207, -0.683, 0.010, 21.425, 90.709
10, 325.000,-19.429, -48.412, 5929.030, -89.850, -90.169, 99.992, 88.770, 135.101
11, 230.000, 94.731, 5.146, 37.500, 44.216, -12.502, 0.010, 39.219, -105.788
11, 325.000,105.924, 5.302, 5899.225, 606.383, 17.024, 99.990, 84.129, -88.392
12, 230.000, -3.055, 72.960, 13.262, -57.541, 5.550, 0.010, 12.921, 84.490
12, 325.000,-4.981, 75.828, 5926.693, -68.140, 198.060, 99.992, 87.976, 18.985
13, 230.000, -11.878, 17.606, 6.236, 8.092, 58.423, 0.010, 6.035, -7.886
13, 325.000,-11.918, 19.937, 5928.643, -41.996, 140.415, 99.994, 88.584, 16.651
14, 230.000, -73.102, 50.186, 43.059, 14.962, 37.943, 0.010, 46.553, -21.520
14, 325.000,-77.554, 54.728, 5917.880, -291.850, 251.390, 99.992, 86.276, 49.259
15, 230.000, 13.738, -50.591, 22.912, -53.568, 11.099, 0.010, 22.725, 78.294
15, 325.000,12.365, -51.450, 5929.709, -29.186, -85.358, 99.992, 89.128, 161.123
16, 230.000, -29.676, 21.490, 32.552, -17.659, 46.327, 0.010, 33.288, 20.866
16, 325.000,-30.874, 23.426, 5929.211, -76.688, 90.420, 99.992, 88.854, 40.302
17, 230.000, -68.240, 27.359, 33.359, -40.927, 27.014, 0.010, 34.226, 56.573
17, 325.000,-72.114, 29.245, 5925.182, -226.708, 101.973, 99.992, 87.598, 65.782
18, 230.000, -57.021, 79.712, 45.457, -21.572, 31.399, 0.010, 50.035, 34.490
18, 325.000,-66.111, 92.456, 5875.704, -466.071, 652.873, 99.985, 82.226, 35.522
19, 230.000, 67.900, -4.381, 26.358, -47.017, -24.745, 0.010, 26.386, 117.758
19, 325.000,68.580, -5.301, 5929.260, 110.333, -36.026, 99.992, 88.879, -108.083
20, 230.000, 10.486, -60.933, 35.401, 32.232, -35.007, 0.010, 36.647, -137.364
20, 325.000,11.802, -63.771, 5927.764, 56.042, -167.536, 99.992, 88.293, -161.504
21, 230.000, 65.867, -42.889, 0.027, -46.864, -36.351, 0.010, 0.026, 127.800
21, 325.000,67.257, -45.895, 5926.213, 148.083, -166.522, 99.992, 87.847, -138.354
22, 230.000, -32.346, 49.380, 31.042, 32.336, -38.838, 0.010, 31.560, -140.220
22, 325.000,-32.176, 49.453, 5930.000, -32.370, 60.331, 99.992, 89.339, 28.215
23, 230.000, -24.713, -61.993, 9.798, -36.685, -45.561, 0.010, 9.509, 141.159
23, 325.000,-26.660, -65.407, 5926.473, -96.223, -193.008, 99.992, 87.916, 153.502
24, 230.000, -31.115, -51.524, 46.869, 7.921, 35.471, 0.010, 52.209, -12.588
24, 325.000,-31.707, -51.797, 5929.714, -56.288, -70.021, 99.992, 89.132, 141.205
25, 230.000, -2.350, 88.639, 1.359, 50.852, -30.494, 0.010, 1.313, -120.949
25, 325.000,-0.929, 93.537, 5920.777, 44.087, 334.974, 99.992, 86.734, -7.498
26, 230.000, -16.551, 89.535, 16.249, -32.570, 46.828, 0.010, 15.900, 34.819
26, 325.000,-18.856, 98.025, 5910.194, -113.387, 475.924, 99.992, 85.268, 13.401
27, 230.000, -19.796, 4.241, 21.726, -43.923, 33.413, 0.010, 21.488, 52.739
27, 325.000,-21.725, 5.427, 5928.441, -143.600, 57.739, 99.994, 88.505, 68.096
28, 230.000, -2.287, -16.709, 43.255, 36.723, -17.266, 0.010, 46.828, -115.181
28, 630.000,-0.367, -45.614, 2615.115, 10.704, -449.521, 20.019, 80.244, -178.636
29, 230.000, 18.147, -96.059, 37.367, -34.318, -30.718, 0.010, 39.052, 131.832
29, 325.000,19.692, -110.588, 5881.475, 99.414, -753.966, 99.993, 82.632, -172.489
30, 230.000, 4.656, -84.298, 24.343, 4.297, -53.913, 0.010, 24.233, -175.443
30, 325.000,5.050, -90.695, 5919.124, 21.543, -364.859, 99.992, 86.467, -176.621
31, 230.000, 17.760, 0.678, 11.818, -51.561, -26.822, 0.010, 11.493, 117.483
31, 630.000,37.991, -2.295, 2629.657, 349.639, -32.741, 20.011, 82.394, -95.350
32, 230.000, -31.338, -48.043, 3.977, 1.393, -59.160, 0.010, 3.845, -178.651
32, 325.000,-32.115, -51.183, 5927.945, -62.092, -158.759, 99.992, 88.353, 158.639
33, 230.000, 18.349, 72.617, 5.542, 20.975, -55.199, 0.010, 5.362, -159.194
33, 325.000,19.712, 73.654, 5928.342, 71.566, 138.782, 99.992, 88.491, -27.279
34, 230.000, -22.646, -90.314, 18.705, 54.757, 13.016, 0.010, 18.384, -76.629
34, 325.000,-22.940, -97.768, 5912.962, -58.047, -450.073, 99.990, 85.611, 172.651
35, 230.000, -6.405, -53.168, 1.463, -56.985, -16.378, 0.010, 1.413, 106.035
35, 325.000,-8.378, -54.994, 5928.749, -71.469, -120.084, 99.992, 88.650, 149.241
36, 230.000, 11.326, -56.445, 22.794, 13.689, 53.016, 0.010, 22.602, -14.478
36, 325.000,12.052, -56.216, 5929.998, 36.873, -58.080, 99.992, 89.335, -147.590
37, 230.000, -36.125, 74.656, 49.313, 32.559, 5.079, 0.010, 56.248, -81.134
37, 325.000,-36.964, 78.637, 5924.042, -88.754, 259.526, 99.991, 87.349, 18.880
38, 230.000, 90.940, 11.571, 14.028, -19.583, -54.197, 0.010, 13.681, 160.133
38, 325.000,97.496, 10.816, 5916.113, 411.654, -2.550, 99.992, 86.020, -90.355
39, 230.000, -83.871, 43.099, 17.027, 49.079, -28.618, 0.010, 16.684, -120.246
39, 325.000,-90.232, 46.264, 5913.073, -404.076, 204.024, 99.991, 85.622, 63.210
40, 230.000, -19.800, -55.495, 3.828, 7.434, 58.717, 0.010, 3.701, -7.215
40, 325.000,-20.084, -55.088, 5930.080, -32.527, -51.878, 99.992, 89.408, 147.912
41, 230.000, -41.095, -16.778, 16.821, 38.145, -42.186, 0.010, 16.476, -137.880
41, 325.000,-40.785, -18.493, 5929.800, -37.469, -75.176, 99.992, 89.188, 153.508
42, 230.000, 57.793, 80.906, 9.602, -58.104, 7.025, 0.010, 9.317, 83.106
42, 325.000,66.531, 95.749, 5865.426, 463.465, 743.750, 99.996, 81.502, -31.929
43, 230.000, 31.632, -39.884, 23.132, 22.464, 49.778, 0.010, 22.956, -24.289
43, 325.000,33.089, -39.239, 5929.764, 83.240, -24.062, 99.992, 89.163, -106.123
44, 230.000, 18.306, -15.338, 10.028, 10.686, -57.471, 0.010, 9.734, -169.467
44, 325.000,19.085, -17.552, 5928.867, 72.019, -112.760, 99.991, 88.707, -147.434
45, 230.000, -40.296, -82.912, 46.625, -25.992, -25.849, 0.010, 51.825, 134.842
45, 325.000,-44.473, -90.663, 5909.463, -229.202, -442.217, 99.992, 85.182, 152.602
46, 230.000, 11.702, -76.485, 41.207, 42.499, -3.668, 0.010, 44.010, -94.933
46, 325.000,13.524, -79.825, 5925.508, 78.741, -227.638, 99.992, 87.672, -160.919
47, 230.000, -44.478, 28.677, 33.866, -25.569, 41.436, 0.010, 34.820, 31.677
47, 325.000,-46.373, 30.690, 5928.516, -112.413, 98.321, 99.992, 88.557, 48.826
48, 230.000, -54.172, 58.509, 18.495, -55.945, 6.764, 0.010, 18.170, 83.106
48, 325.000,-58.434, 61.432, 5922.855, -229.473, 191.512, 99.992, 87.111, 50.153
49, 230.000, -35.913, 55.125, 26.488, 43.221, -30.789, 0.010, 26.526, -125.465
49, 325.000,-35.632, 55.816, 5929.573, -35.908, 92.074, 99.992, 89.045, 21.305
50, 230.000, -9.202, 7.745, 55.074, -3.135, 21.786, 0.010, 68.216, 8.188
50, 630.000,-24.344, 23.375, 2631.631, -238.979, 236.701, 20.012, 82.716, 45.274
51, 230.000, -20.669, -61.680, 46.055, -37.364, -0.734, 0.010, 50.942, 91.126
51, 325.000,-22.470, -63.567, 5928.131, -85.434, -139.821, 99.992, 88.417, 148.574
52, 230.000, -20.108, 91.488, 31.705, 2.784, 50.047, 0.010, 32.314, -3.183
52, 325.000,-21.920, 101.648, 5903.448, -107.131, 554.294, 99.991, 84.537, 10.939
53, 230.000, 13.857, -92.952, 1.139, 3.214, 59.212, 0.010, 1.100, -3.106
53, 325.000,15.219, -99.620, 5914.112, 77.283, -432.355, 99.992, 85.753, -169.865
54, 230.000, 82.948, -27.086, 19.098, -56.145, 0.824, 0.010, 18.784, 89.160
54, 325.000,86.251, -28.707, 5923.616, 263.299, -104.471, 99.991, 87.262, -111.642
55, 230.000, 26.288, 89.635, 31.853, -47.518, -15.653, 0.010, 32.484, 108.232
55, 325.000,27.170, 97.107, 5912.607, 86.550, 450.919, 99.992, 85.560, -10.865
56, 230.000, -53.515, -18.348, 10.775, 41.192, -41.289, 0.010, 10.467, -135.067
56, 325.000,-53.568, -20.127, 5929.525, -63.655, -79.264, 99.992, 89.018, 141.233
57, 230.000, -43.074, 47.720, 46.234, 0.540, -37.145, 0.010, 51.218, -179.168
57, 325.000,-44.322, 47.952, 5929.266, -94.465, 66.690, 99.992, 88.883, 54.779
58, 230.000, -81.852, 3.856, 34.049, -47.104, -11.814, 0.010, 35.035, 104.079
58, 325.000,-87.443, 3.682, 5921.487, -324.964, 0.551, 99.992, 86.859, 89.903
59, 230.000, 62.896, -50.459, 49.945, -3.966, -31.740, 0.010, 57.362, 172.878
59, 325.000,65.751, -53.837, 5923.900, 197.402, -195.032, 99.992, 87.318, -134.654
60, 230.000, -60.546, 6.591, 45.990, -4.786, -37.144, 0.010, 50.843, 172.658
60, 325.000,-62.370, 5.602, 5928.861, -132.536, -24.653, 99.992, 88.697, 100.537
61, 230.000, -31.521, 73.248, 23.703, -6.213, -54.011, 0.010, 23.556, 173.438
61, 325.000,-33.125, 74.835, 5927.137, -102.986, 167.543, 99.992, 88.100, 31.578
62, 230.000, 0.409, -9.169, 29.589, -37.278, -35.391, 0.010, 29.926, 133.513
62, 630.000,-4.575, -29.199, 2635.584, -59.092, -299.291, 20.014, 83.397, 168.831
63, 230.000, 45.380, -73.149, 0.896, -15.984, 57.108, 0.010, 0.866, 15.637
63, 325.000,47.488, -75.571, 5924.664, 151.919, -211.814, 99.992, 87.481, -144.351
64, 230.000, -53.627, 37.932, 52.824, -10.164, 24.979, 0.010, 62.955, 22.141
64, 325.000,-55.595, 39.883, 5927.830, -133.104, 112.643, 99.992, 88.315, 49.759
65, 230.000, 8.562, 82.581, 48.819, -8.729, 32.530, 0.010, 55.398, 15.022
65, 325.000,8.738, 87.905, 5921.719, 20.449, 320.065, 99.992, 86.900, -3.656
66, 230.000, 30.015, -70.889, 53.434, 23.773, -9.863, 0.010, 64.281, -112.534
66, 325.000,32.010, -74.156, 5925.392, 112.044, -216.177, 99.992, 87.647, -152.602
67, 230.000, 28.717, -36.785, 34.905, 35.181, 32.582, 0.010, 36.052, -47.196
67, 325.000,30.480, -36.578, 5929.611, 90.067, -34.943, 99.992, 89.067, -111.205
68, 230.000, -2.797, 14.630, 1.783, 50.018, -31.823, 0.010, 1.723, -122.466
68, 630.000,0.323, 33.058, 2634.322, 22.476, 310.334, 20.006, 83.264, -4.142
69, 230.000, 14.584, -58.376, 8.304, 58.418, -6.003, 0.010, 8.049, -95.867
69, 325.000,16.838, -60.165, 5928.306, 91.160, -128.436, 99.992, 88.478, -144.634
70, 230.000, -36.711, -88.951, 26.675, -9.559, 52.103, 0.010, 26.728, 10.396
70, 325.000,-41.136, -97.401, 5904.057, -240.857, -503.142, 99.990, 84.603, 154.419
71, 230.000, 44.649, 40.845, 10.601, -30.367, 49.830, 0.010, 10.297, 31.359
71, 325.000,44.914, 43.550, 5928.476, 62.249, 137.498, 99.992, 88.542, -24.358
72, 230.000, -57.944, 75.634, 29.598, 9.037, 50.596, 0.010, 29.936, -10.127
72, 325.000,-63.882, 85.276, 5898.555, -340.583, 511.225, 99.994, 84.055, 33.672
73, 230.000, -19.915, 42.247, 27.395, -46.630, 24.348, 0.010, 27.510, 62.429
73, 325.000,-21.848, 43.977, 5928.870, -85.385, 103.904, 99.992, 88.701, 39.412
74, 230.000, 56.047, -5.520, 32.937, -27.389, -41.019, 0.010, 33.735, 146.268
74, 325.000,56.601, -6.959, 5929.576, 82.727, -53.453, 99.992, 89.048, -122.868
75, 230.000, 20.369, -87.654, 21.424, 53.167, -15.231, 0.010, 21.175, -105.986
75, 325.000,23.495, -94.519, 5914.392, 147.773, -409.380, 99.991, 85.791, -160.152
76, 230.000, 1.118, -47.112, 16.647, 56.400, -7.715, 0.010, 16.301, -97.790
76, 325.000,2.940, -48.424, 5929.312, 60.509, -95.949, 99.992, 88.904, -147.763
77, 230.000, -82.947, 18.452, 47.257, 30.998, -17.988, 0.010, 52.823, -120.125
77, 325.000,-86.565, 18.913, 5924.207, -266.638, 47.629, 99.992, 87.382, 79.872
78, 230.000, -8.012, -0.717, 14.397, 51.456, -25.741, 0.010, 14.049, -116.577
78, 630.000,-13.075, -5.769, 2649.980, -108.532, -66.482, 20.012, 87.250, 121.490
79, 230.000, -53.636, -58.942, 32.342, -49.455, 5.087, 0.010, 33.045, 84.128
79, 325.000,-57.648, -61.495, 5923.594, -219.986, -179.379, 99.992, 87.257, 129.194
80, 230.000, 53.906, 54.995, 54.024, -22.272, -10.147, 0.010, 65.628, 114.495
80, 325.000,55.431, 56.943, 5927.109, 131.400, 147.209, 99.992, 88.093, -41.752
81, 230.000, 13.522, -58.750, 54.810, 19.712, 11.177, 0.010, 67.538, -60.446
81, 325.000,14.512, -60.000, 5929.158, 48.656, -110.968, 99.992, 88.829, -156.324
82, 230.000, 46.885, -26.632, 1.620, -51.179, 29.928, 0.010, 1.565, 59.682
82, 325.000,46.393, -26.326, 5930.244, 37.523, -20.427, 99.992, 89.587, -118.563
83, 230.000, -36.709, -61.773, 50.379, -29.252, -11.133, 0.010, 58.149, 110.836
83, 325.000,-38.944, -64.340, 5926.605, -125.219, -170.976, 99.992, 87.952, 143.782
84, 230.000, -4.056, 51.581, 20.949, -28.848, -47.398, 0.010, 20.684, 148.674
84, 325.000,-5.069, 51.295, 5930.074, -37.602, 49.097, 99.992, 89.403, 37.448
85, 230.000, -69.335, 54.941, 16.013, -56.661, 7.127, 0.010, 15.664, 82.831
85, 325.000,-75.787, 58.884, 5914.956, -353.815, 240.353, 99.992, 85.864, 55.811
86, 230.000, -20.336, 77.927, 46.837, -34.728, -10.859, 0.010, 52.157, 107.364
86, 325.000,-22.370, 81.239, 5924.839, -101.043, 236.123, 99.992, 87.518, 23.167
87, 230.000, 1.367, -91.687, 57.880, -11.834, -5.247, 0.010, 77.393, 113.912
87, 325.000,1.115, -99.192, 5913.484, -5.976, -447.687, 99.992, 85.670, 179.235
88, 230.000, -9.426, -47.804, 51.838, 15.964, -23.992, 0.010, 60.929, -146.362
88, 325.000,-9.137, -49.664, 5929.289, -1.155, -114.522, 99.992, 88.893, 179.422
89, 230.000, -85.123, -41.275, 46.371, 3.736, 36.788, 0.010, 51.431, -5.798
89, 325.000,-93.344, -44.201, 5908.179, -475.584, -193.313, 99.993, 85.034, 112.120
90, 230.000, 33.439, -86.796, 38.590, -44.080, 9.239, 0.010, 40.591, 78.162
90, 325.000,34.984, -94.014, 5913.162, 124.059, -433.908, 99.990, 85.636, -164.044
91, 230.000, -0.827, 91.305, 5.103, -9.110, 58.383, 0.010, 4.935, 8.869
91, 325.000,-1.174, 100.438, 5908.996, -13.686, 503.439, 99.993, 85.128, 1.557
92, 230.000, -56.796, 19.973, 54.408, 4.022, 23.264, 0.010, 66.543, -9.808
92, 325.000,-58.219, 21.251, 5928.927, -114.400, 65.829, 99.992, 88.725, 60.083
93, 230.000, -10.610, 7.227, 47.664, -19.527, -29.402, 0.010, 53.479, 146.411
93, 630.000,-30.450, 14.304, 2632.201, -304.863, 128.328, 20.010, 82.838, 67.172
94, 230.000, -23.741, 31.764, 50.191, -16.604, -26.885, 0.010, 57.806, 148.301
94, 325.000,-24.780, 31.595, 5929.967, -63.097, 33.417, 99.992, 89.310, 62.094
95, 230.000, -56.887, -59.949, 40.051, -41.585, 13.575, 0.010, 42.476, 71.921
95, 325.000,-61.094, -62.597, 5922.592, -237.529, -189.937, 99.992, 87.060, 128.647
96, 230.000, -59.955, 37.143, 58.122, 10.599, 5.206, 0.010, 78.516, -63.841
96, 325.000,-61.679, 38.580, 5927.985, -138.075, 97.807, 99.992, 88.365, 54.688
97, 230.000, -80.296, 58.640, 56.394, 13.077, -12.899, 0.010, 71.959, -134.606
97, 325.000,-94.509, 68.922, 5863.609, -719.401, 521.784, 99.998, 81.382, 54.046
98, 230.000, 36.793, 40.378, 35.748, -39.512, -26.048, 0.010, 37.066, 123.394
98, 325.000,36.446, 40.546, 5930.093, 30.637, 51.560, 99.992, 89.421, -30.719
99, 230.000, 69.113, 43.230, 26.562, -52.825, 4.646, 0.010, 26.606, 84.974
99, 325.000,70.769, 45.442, 5926.276, 167.428, 144.308, 99.992, 87.864, -49.242
100, 230.000, 11.840, 77.585, 28.852, -49.076, 16.637, 0.010, 29.109, 71.273
100, 325.000,10.822, 81.500, 5925.062, -15.778, 251.123, 99.992, 87.568, 3.595
101, 230.000, 41.933, 35.658, 58.441, -9.782, 2.571, 0.010, 80.181, 75.272
101, 325.000,42.670, 36.628, 5929.511, 72.062, 72.557, 99.992, 89.012, -44.804
102, 230.000, -34.346, 79.104, 0.695, -23.693, 54.367, 0.010, 0.671, 23.547
102, 325.000,-37.177, 85.616, 5916.953, -159.071, 366.146, 99.992, 86.140, 23.482
103, 230.000, 17.291, 48.713, 11.392, 57.207, 10.731, 0.010, 11.074, -79.376
103, 325.000,19.525, 50.220, 5928.761, 92.295, 104.191, 99.992, 88.655, -41.536
104, 230.000, 10.068, -96.214, 39.385, 16.772, -41.051, 0.010, 41.610, -157.777
104, 325.000,11.838, -109.542, 5888.060, 86.798, -701.772, 99.991, 83.152, -172.949
105, 230.000, 6.687, -47.147, 40.958, 41.728, 9.944, 0.010, 43.675, -76.596
105, 325.000,8.162, -47.901, 5929.625, 55.720, -77.873, 99.992, 89.075, -144.415
106, 230.000, -52.573, -69.170, 53.670, 19.810, 15.645, 0.010, 64.810, -51.700
106, 325.000,-55.141, -72.870, 5922.242, -182.808, -251.520, 99.992, 86.995, 143.990
107, 230.000, -56.359, -0.232, 38.863, -35.673, -27.105, 0.010, 40.940, 127.228
107, 325.000,-58.935, -1.096, 5928.440, -149.626, -28.557, 99.992, 88.528, 100.805
108, 230.000, 6.998, -19.776, 24.778, -28.832, -45.524, 0.010, 24.694, 147.653
108, 325.000,6.251, -21.750, 5928.708, -0.085, -141.856, 99.992, 88.629, 179.966
109, 230.000, 81.025, -52.053, 44.272, 35.866, -16.470, 0.010, 48.284, -114.665
109, 325.000,91.746, -58.743, 5892.168, 569.399, -358.773, 99.995, 83.484, -122.215
110, 230.000, 64.047, 33.920, 43.255, 34.539, 21.301, 0.010, 46.828, -58.336
110, 325.000,67.482, 35.834, 5925.830, 204.288, 111.334, 99.992, 87.752, -61.410
111, 230.000, 16.318, 28.074, 24.830, 5.842, 53.544, 0.010, 24.750, -6.227
111, 325.000,16.855, 30.389, 5929.121, 40.969, 115.962, 99.992, 88.812, -19.458
112, 230.000, -10.293, -10.494, 12.178, 34.800, 46.458, 0.010, 11.849, -36.836
112, 630.000,-21.401, -20.162, 2639.648, -195.630, -179.027, 20.010, 84.263, 132.463
113, 230.000, 76.355, -12.211, 35.844, 8.032, -46.565, 0.010, 37.183, -170.214
113, 325.000,79.828, -14.183, 5925.262, 231.923, -84.508, 99.992, 87.615, -110.021
114, 230.000, -42.397, 35.391, 25.033, 32.433, -42.885, 0.010, 24.965, -142.901
114, 325.000,-42.419, 34.908, 5930.138, -49.268, 24.745, 99.992, 89.467, 63.332
115, 230.000, -59.872, -38.683, 45.818, 34.137, 15.907, 0.010, 50.580, -65.016
115, 325.000,-60.875, -39.525, 5928.744, -114.433, -80.345, 99.992, 88.649, 125.073
116, 230.000, -38.629, -64.777, 54.102, -5.739, -23.615, 0.010, 65.811, 166.341
116, 325.000,-40.347, -68.094, 5925.725, -114.075, -205.921, 99.992, 87.725, 151.015
117, 230.000, 74.973, -13.930, 21.480, 32.709, 44.569, 0.010, 21.233, -36.275
117, 325.000,79.066, -13.100, 5925.189, 248.466, 6.847, 99.992, 87.598, -88.422
118, 230.000, 30.078, -65.973, 16.949, 47.942, 30.528, 0.010, 16.605, -57.512
118, 325.000,32.676, -67.399, 5927.382, 128.041, -139.231, 99.992, 88.172, -137.397
119, 230.000, 33.185, 7.626, 35.057, 47.551, 5.246, 0.010, 36.234, -83.705
119, 325.000,35.411, 7.957, 5929.188, 117.859, 21.158, 99.992, 88.843, -79.823
120, 230.000, 26.910, 23.999, 43.094, -12.829, -38.678, 0.010, 46.601, 161.650
120, 325.000,27.082, 23.285, 5930.234, 42.578, 9.551, 99.992, 89.578, -77.357
121, 230.000, 63.352, 30.906, 37.913, 17.598, 42.078, 0.010, 39.735, -22.696
121, 325.000,66.105, 33.302, 5926.491, 177.557, 121.541, 99.992, 87.921, -55.608
122, 230.000, -40.858, -87.108, 51.188, 7.651, 28.964, 0.010, 59.662, -14.796
122, 325.000,-45.264, -96.119, 5902.290, -249.904, -519.258, 99.990, 84.424, 154.300
123, 230.000, 1.200, 59.758, 12.308, -36.395, 45.183, 0.010, 11.977, 38.852
123, 325.000,0.078, 62.826, 5927.800, -35.260, 171.863, 99.992, 88.305, 11.594
124, 230.000, -12.312, -5.958, 0.854, 59.127, -4.567, 0.010, 0.825, -94.417
124, 630.000,-22.973, -16.139, 2640.562, -201.754, -159.522, 20.012, 84.437, 128.333
125, 230.000, -1.262, 60.243, 26.771, 10.213, 51.929, 0.010, 26.832, -11.127
125, 325.000,-0.974, 63.552, 5927.631, 7.939, 180.907, 99.992, 88.250, -2.513
126, 230.000, 82.139, -1.528, 48.149, 33.751, -7.756, 0.010, 54.274, -102.942
126, 325.000,87.337, -1.846, 5922.152, 312.418, -13.307, 99.992, 86.977, -92.439
127, 230.000, 68.798, 38.714, 17.148, -39.763, 40.527, 0.010, 16.806, 44.455
127, 325.000,70.583, 41.690, 5925.903, 166.547, 159.670, 99.992, 87.770, -46.208
128, 230.000, -46.874, -56.819, 11.528, -43.550, -38.577, 0.010, 11.208, 131.535
128, 325.000,-50.039, -60.207, 5924.691, -172.657, -194.432, 99.992, 87.487, 138.395
129, 230.000, 72.403, -44.768, 5.095, -45.268, 37.980, 0.010, 4.928, 50.003
129, 325.000,74.973, -46.046, 5925.347, 212.612, -120.935, 99.992, 87.636, -119.631
130, 230.000, 51.527, 48.423, 46.277, 32.346, 18.161, 0.010, 51.285, -60.688
130, 325.000,54.342, 50.685, 5926.447, 163.856, 141.228, 99.992, 87.910, -49.242
131, 230.000, 41.591, 46.875, 42.232, 41.091, -6.757, 0.010, 45.403, -99.339
131, 325.000,44.084, 48.011, 5928.143, 133.042, 94.836, 99.992, 88.421, -54.518
132, 230.000, -32.197, -15.696, 36.349, -38.334, 26.960, 0.010, 37.798, 54.881
132, 325.000,-34.108, -15.173, 5929.472, -104.762, -3.522, 99.992, 88.987, 91.925
133, 230.000, -88.057, 3.049, 57.929, -2.308, 12.513, 0.010, 77.611, 10.451
133, 325.000,-93.856, 3.632, 5919.166, -363.753, 25.741, 99.991, 86.475, 85.952
134, 230.000, -55.508, 70.781, 16.712, 42.083, -38.306, 0.010, 16.366, -132.310
134, 325.000,-58.091, 74.547, 5921.176, -196.055, 266.267, 99.992, 86.804, 36.365
135, 230.000, -38.411, 45.857, 25.887, -23.132, 48.087, 0.010, 25.879, 25.690
135, 325.000,-40.196, 48.637, 5927.678, -104.488, 145.987, 99.992, 88.265, 35.593
136, 230.000, 50.470, -43.843, 24.852, -47.573, -25.236, 0.010, 24.773, 117.945
136, 325.000,50.544, -46.007, 5928.646, 67.107, -127.536, 99.992, 88.608, -152.248
137, 230.000, 50.431, 48.386, 34.340, -47.086, -11.016, 0.010, 35.380, 103.168
137, 325.000,50.632, 49.654, 5928.989, 73.624, 106.221, 99.992, 88.751, -34.727
138, 230.000, -76.012, -48.926, 33.806, 41.040, -26.277, 0.010, 34.750, -122.630
138, 325.000,-80.299, -53.304, 5917.780, -297.395, -247.290, 99.992, 86.261, 129.744
139, 230.000, -21.635, -70.816, 22.629, -52.563, 15.577, 0.010, 22.429, 73.493
139, 325.000,-24.107, -73.012, 5926.749, -113.145, -174.321, 99.992, 87.992, 147.014
140, 230.000, 73.315, -3.137, 26.079, -43.630, 30.560, 0.010, 26.085, 54.991
140, 325.000,74.629, -2.291, 5928.542, 146.276, 23.692, 99.992, 88.568, -80.800
141, 230.000, 19.744, 83.225, 14.506, -57.505, 0.667, 0.010, 14.157, 89.335
141, 325.000,19.083, 87.997, 5922.330, 12.519, 309.160, 99.992, 87.009, -2.319
142, 230.000, 71.076, -40.681, 30.472, -48.404, -15.688, 0.010, 30.916, 107.958
142, 325.000,73.027, -43.150, 5925.732, 181.601, -149.529, 99.992, 87.727, -129.468
143, 230.000, -15.495, -65.792, 17.816, 48.354, -29.362, 0.010, 17.481, -121.268
143, 325.000,-14.465, -68.831, 5927.461, 13.718, -186.052, 99.992, 88.197, -175.783
144, 230.000, 42.225, -87.115, 3.235, 17.580, -56.552, 0.010, 3.126, -162.732
144, 325.000,48.167, -99.985, 5884.627, 311.793, -665.006, 99.988, 82.886, -154.880
145, 230.000, 48.513, 40.806, 5.734, 23.381, -54.204, 0.010, 5.548, -156.667
145, 325.000,50.658, 40.267, 5928.881, 130.037, 32.635, 99.992, 88.705, -75.912
146, 230.000, -3.021, 75.623, 28.007, -27.275, -44.602, 0.010, 28.178, 148.553
146, 325.000,-3.995, 77.189, 5928.068, -36.853, 162.103, 99.992, 88.394, 12.808
147, 230.000, 16.902, 36.810, 38.858, -29.825, 33.439, 0.010, 40.933, 41.730
147, 325.000,16.318, 38.669, 5929.473, 1.103, 104.507, 99.992, 88.990, -0.605
148, 230.000, -83.643, 31.101, 4.203, 57.852, -12.375, 0.010, 4.064, -102.074
148, 325.000,-87.469, 32.806, 5922.116, -290.126, 117.550, 99.991, 86.974, 67.944
149, 230.000, -18.912, -71.405, 53.682, 22.324, 11.725, 0.010, 64.839, -62.292
149, 325.000,-18.923, -73.715, 5927.659, -27.112, -178.124, 99.992, 88.259, 171.346
150, 230.000, 94.896, -8.851, 10.062, 17.404, 55.799, 0.010, 9.768, -17.323
150, 325.000,105.498, -8.095, 5901.229, 587.833, 6.536, 99.993, 84.311, -89.363
151, 230.000, 3.676, -67.980, 29.180, 5.807, 51.308, 0.010, 29.471, -6.457
151, 325.000,3.976, -68.526, 5929.431, 14.659, -105.940, 99.992, 88.967, -172.122
152, 230.000, -3.834, -10.963, 35.513, 47.137, 5.878, 0.010, 36.782, -82.892
152, 630.000,-2.836, -27.584, 2639.451, -9.595, -267.561, 20.011, 84.208, 177.946
153, 230.000, 62.763, 30.129, 57.000, -15.225, 6.070, 0.010, 73.958, 68.263
153, 325.000,64.385, 31.327, 5928.275, 137.204, 79.796, 99.992, 88.466, -59.818
154, 230.000, -56.359, -22.596, 33.846, 26.754, -40.698, 0.010, 34.797, -146.680
154, 325.000,-57.062, -24.503, 5929.030, -90.469, -89.629, 99.992, 88.770, 134.733
155, 230.000, -86.562, -48.699, 18.738, -20.104, 52.558, 0.010, 18.417, 20.932
155, 325.000,-102.738, -55.911, 5862.863, -805.722, -384.678, 99.994, 81.341, 115.521
156, 230.000, 22.840, -55.057, 54.924, -17.894, -13.446, 0.010, 67.828, 126.921
156, 325.000,22.893, -56.967, 5928.946, 28.747, -127.976, 99.992, 88.733, -167.340
157, 230.000, 89.448, 37.575, 56.477, 0.326, 18.108, 0.010, 72.220, -1.030
157, 325.000,100.827, 42.894, 5891.438, 617.436, 278.610, 99.987, 83.441, -65.713
158, 230.000, 17.022, 21.908, 44.782, -30.681, -23.893, 0.010, 49.030, 127.909
158, 325.000,16.436, 21.652, 5930.242, 17.822, 39.625, 99.992, 89.580, -24.216
159, 230.000, 46.028, -33.961, 57.299, -11.962, 9.561, 0.010, 75.037, 51.365
159, 325.000,46.836, -34.534, 5929.572, 79.806, -58.121, 99.992, 89.046, -126.065
160, 230.000, 73.853, 19.239, 23.322, -54.194, -6.058, 0.010, 23.156, 96.378
160, 325.000,75.096, 19.816, 5928.313, 149.723, 47.433, 99.992, 88.482, -72.422
161, 230.000, 39.803, -6.695, 49.693, -17.626, -27.158, 0.010, 56.914, 147.015
161, 325.000,40.103, -7.701, 5929.968, 58.045, -41.038, 99.992, 89.313, -125.261
162, 230.000, 10.669, 83.757, 47.023, -35.901, 4.194, 0.010, 52.452, 83.337
162, 325.000,10.140, 88.467, 5922.577, 0.427, 304.628, 99.992, 87.056, -0.080
163, 230.000, -13.837, -38.570, 29.093, 43.823, -27.400, 0.010, 29.375, -122.015
163, 325.000,-12.741, -40.278, 5929.496, 19.279, -101.445, 99.992, 89.002, -169.239
164, 230.000, -10.453, 75.099, 15.934, -33.965, 45.937, 0.010, 15.584, 36.478
164, 325.000,-11.946, 79.602, 5924.241, -65.340, 262.094, 99.992, 87.389, 13.998
165, 230.000, 14.014, 16.734, 42.914, -5.535, 40.563, 0.010, 46.349, 7.770
165, 325.000,14.191, 18.457, 5929.070, 53.451, 116.095, 99.993, 88.765, -24.722
166, 230.000, -6.383, 79.609, 36.731, 43.488, 16.651, 0.010, 38.266, -69.048
166, 325.000,-5.319, 83.791, 5924.326, 25.638, 266.833, 99.991, 87.409, -5.488
167, 230.000, -25.873, 58.028, 1.262, -57.368, -14.998, 0.010, 1.219, 104.651
167, 325.000,-28.450, 59.248, 5928.197, -116.477, 111.941, 99.992, 88.439, 46.137
168, 230.000, -34.055, -58.372, 36.967, 37.914, 26.714, 0.010, 38.556, -54.832
168, 325.000,-33.935, -59.371, 5929.278, -39.819, -108.066, 99.992, 88.887, 159.773
169, 230.000, -46.747, -22.424, 43.685, -0.102, -40.115, 0.010, 47.440, 179.854
169, 325.000,-47.868, -24.230, 5929.119, -89.446, -84.396, 99.992, 88.812, 133.336
170, 230.000, -1.836, 13.931, 53.970, 15.290, 19.264, 0.010, 65.501, -38.440
170, 630.000,-2.447, 38.943, 2624.393, -17.939, 386.919, 20.008, 81.604, 2.655
171, 230.000, 42.604, 29.303, 38.516, 23.193, -38.681, 0.010, 40.497, -149.053
171, 325.000,44.352, 28.774, 5929.441, 105.255, 15.816, 99.992, 88.972, -81.454
172, 230.000, -12.786, 83.949, 12.209, 12.432, -56.692, 0.010, 11.879, -167.632
172, 325.000,-13.096, 86.757, 5925.452, -32.552, 239.985, 99.992, 87.660, 7.725
173, 230.000, -55.470, -30.414, 53.409, -24.240, 8.807, 0.010, 64.225, 70.032
173, 325.000,-57.846, -31.021, 5928.305, -146.681, -57.475, 99.992, 88.478, 111.397
174, 230.000, -97.543, 8.297, 56.674, -13.471, 11.145, 0.010, 72.856, 50.399
174, 325.000,-111.955, 9.820, 5881.568, -754.494, 74.893, 99.986, 82.654, 84.331
175, 230.000, 66.709, -9.935, 17.787, 34.146, -45.114, 0.010, 17.452, -142.879
175, 325.000,69.937, -11.680, 5926.813, 193.678, -70.520, 99.992, 88.008, -110.007
176, 230.000, -30.157, -51.418, 18.855, 46.129, 32.159, 0.010, 18.537, -55.117
176, 325.000,-29.498, -51.769, 5929.941, -14.026, -72.136, 99.992, 89.290, 168.997
177, 230.000, -16.273, 12.019, 0.623, 58.683, 8.579, 0.010, 0.602, -81.683
177, 630.000,-32.522, 31.790, 2617.816, -290.136, 309.587, 19.996, 80.794, 43.142
178, 230.000, 76.893, -13.616, 31.853, 44.248, -23.347, 0.010, 32.484, -117.818
178, 325.000,81.646, -14.943, 5923.501, 278.366, -65.554, 99.992, 87.236, -103.251
179, 230.000, 32.244, 38.203, 35.989, 7.514, -46.540, 0.010, 37.358, -170.829
179, 325.000,33.230, 37.614, 5929.951, 68.612, 23.876, 99.992, 89.298, -70.813
180, 230.000, -93.013, -31.750, 40.842, 42.991, 1.171, 0.010, 43.521, -88.440
180, 325.000,-105.362, -36.368, 5887.204, -671.245, -243.611, 99.990, 83.084, 109.947
181, 230.000, 36.077, -90.023, 30.143, 42.884, 27.749, 0.010, 30.546, -57.095
181, 325.000,41.891, -100.478, 5894.104, 292.203, -584.836, 99.987, 83.671, -153.452
182, 230.000, 1.711, 55.841, 47.488, 34.485, -8.561, 0.010, 53.195, -103.942
182, 325.000,2.844, 56.980, 5929.397, 39.112, 101.503, 99.992, 88.949, -21.073
183, 230.000, -57.570, -56.360, 46.739, -35.464, -8.685, 0.010, 52.004, 103.761
183, 325.000,-61.409, -59.308, 5923.175, -222.249, -190.243, 99.992, 87.172, 130.563
184, 230.000, -81.431, 49.033, 20.756, -41.383, 37.071, 0.010, 20.485, 48.146
184, 325.000,-91.347, 55.373, 5896.935, -533.227, 334.064, 99.992, 83.909, 57.933
185, 230.000, 4.832, -34.884, 21.156, 23.592, -50.135, 0.010, 20.898, -154.799
185, 325.000,5.689, -37.231, 5929.043, 34.241, -122.031, 99.992, 88.775, -164.326
186, 230.000, 69.132, -48.157, 7.879, -55.455, 19.502, 0.010, 7.634, 70.625
186, 325.000,71.067, -50.101, 5925.719, 183.185, -147.746, 99.992, 87.726, -128.888
187, 230.000, 67.448, -17.861, 30.878, -48.493, 14.584, 0.010, 31.374, 73.262
187, 325.000,68.159, -17.994, 5929.258, 112.805, -28.057, 99.992, 88.877, -103.967
188, 230.000, 44.921, 43.133, 30.342, -31.132, -40.346, 0.010, 30.769, 142.346
188, 325.000,45.196, 43.066, 5929.847, 63.292, 49.922, 99.992, 89.221, -51.735
189, 230.000, 12.534, 3.038, 54.303, -21.650, -10.005, 0.010, 66.289, 114.802
189, 630.000,29.247, 6.371, 2637.933, 277.502, 58.415, 20.013, 83.864, -78.113
190, 230.000, 0.715, 93.760, 2.091, -30.554, -50.791, 0.010, 2.020, 148.971
190, 325.000,-0.156, 100.639, 5913.982, -28.779, 440.290, 99.993, 85.733, 3.740
191, 230.000, 15.856, -73.179, 48.368, 17.561, -29.492, 0.010, 54.638, -149.229
191, 325.000,17.028, -76.977, 5925.469, 62.265, -233.477, 99.992, 87.665, -165.067
192, 230.000, -72.805, -32.048, 25.856, -33.460, 41.588, 0.010, 25.846, 38.819
192, 325.000,-77.164, -32.206, 5924.381, -261.204, -55.893, 99.992, 87.418, 102.078
193, 230.000, 17.639, -73.350, 48.391, -34.185, -2.703, 0.010, 54.678, 94.521
193, 325.000,17.266, -76.327, 5926.793, 13.218, -206.390, 99.992, 88.001, -176.336
194, 230.000, 57.886, -34.320, 59.301, 0.714, -0.750, 0.010, 88.999, -136.408
194, 325.000,59.743, -35.432, 5928.280, 136.160, -81.069, 99.992, 88.469, -120.770
195, 230.000, -85.793, 14.050, 52.942, -18.881, -18.929, 0.010, 63.206, 135.073
195, 325.000,-91.671, 14.333, 5919.463, -357.924, 35.356, 99.991, 86.523, 84.359
196, 230.000, -17.543, 96.984, 18.576, 39.266, -40.383, 0.010, 18.253, -135.803
196, 325.000,-19.033, 110.473, 5885.272, -96.786, 724.613, 99.995, 82.919, 7.608
197, 230.000, 0.400, 61.854, 49.539, -3.055, 32.468, 0.010, 56.643, 5.375
197, 325.000,0.315, 64.633, 5928.051, -2.311, 166.708, 99.992, 88.389, 0.794
198, 230.000, -86.140, 5.964, 22.756, 48.124, -26.152, 0.010, 22.562, -118.521
198, 325.000,-89.671, 5.501, 5924.073, -273.581, -5.135, 99.991, 87.355, 91.075
199, 230.000, 4.201, -41.060, 3.314, 58.931, 5.816, 0.010, 3.203, -84.364
199, 325.000,6.177, -41.763, 5929.560, 69.123, -71.747, 99.992, 89.037, -136.067
200, 230.000, 92.304, 35.892, 8.078, 55.893, -18.121, 0.010, 7.828, -107.963
200, 325.000,110.402, 41.742, 5855.515, 887.548, 302.262, 99.982, 80.903, -71.193
201, 230.000, -40.866, 81.642, 45.827, -37.636, -1.036, 0.010, 50.594, 91.577
201, 325.000,-45.226, 88.017, 5913.191, -233.921, 386.387, 99.992, 85.632, 31.191
202, 230.000, 60.102, 71.907, 16.857, 42.928, -37.291, 0.010, 16.512, -130.980
202, 325.000,66.955, 77.399, 5908.755, 368.949, 346.937, 99.993, 85.101, -46.761
203, 230.000, -36.391, 32.876, 33.703, 43.220, 22.667, 0.010, 34.629, -62.325
203, 325.000,-35.856, 34.352, 5929.735, -23.631, 85.261, 99.992, 89.145, 15.491
204, 230.000, -63.082, -45.772, 34.141, -35.968, 32.532, 0.010, 35.144, 47.872
204, 325.000,-66.918, -46.722, 5925.242, -225.035, -101.861, 99.991, 87.613, 114.354
205, 230.000, 10.326, 43.378, 19.194, -45.666, -32.617, 0.010, 18.882, 125.536
205, 325.000,9.099, 43.296, 5930.140, -27.930, 47.755, 99.992, 89.465, 30.322
206, 230.000, 6.935, 94.817, 24.557, -20.988, -49.740, 0.010, 24.459, 157.123
206, 325.000,6.994, 102.827, 5909.935, 17.435, 491.466, 99.991, 85.243, -2.032
207, 230.000, -50.235, -78.285, 31.230, -36.924, 34.335, 0.010, 31.774, 47.081
207, 325.000,-55.740, -84.057, 5911.518, -297.809, -366.318, 99.990, 85.434, 140.890
208, 230.000, 41.418, 34.662, 50.699, -22.075, -21.446, 0.010, 58.740, 134.172
208, 325.000,41.733, 34.832, 5929.949, 57.359, 44.925, 99.992, 89.296, -51.931
209, 230.000, 85.553, 22.094, 56.653, 2.175, 17.418, 0.010, 72.785, -7.117
209, 325.000,91.266, 24.088, 5918.614, 357.293, 110.101, 99.992, 86.385, -72.873
210, 230.000, 96.316, -6.288, 57.889, -3.100, -12.527, 0.010, 77.433, 166.099
210, 325.000,107.667, -7.412, 5896.953, 627.399, -54.574, 99.995, 83.904, -94.971
211, 230.000, 36.999, 62.794, 43.694, -28.142, -28.573, 0.010, 47.452, 135.435
211, 325.000,37.455, 64.170, 5928.535, 66.535, 132.942, 99.992, 88.564, -26.587
212, 230.000, 28.694, -10.410, 37.059, -38.105, 26.311, 0.010, 38.670, 55.376
212, 325.000,28.120, -9.803, 5930.303, 33.039, 1.221, 99.992, 89.681, -87.883
213, 230.000, -17.726, 2.306, 46.312, 36.740, 4.796, 0.010, 51.338, -82.562
213, 630.000,-40.108, 6.655, 2624.986, -375.534, 66.539, 20.004, 81.733, 79.952
214, 230.000, 47.707, 15.822, 31.924, -47.186, 16.492, 0.010, 32.565, 70.735
214, 325.000,47.319, 16.713, 5930.066, 41.253, 46.969, 99.992, 89.396, -41.293
215, 230.000, -33.088, 57.343, 34.907, -4.226, 47.763, 0.010, 36.054, 5.057
215, 325.000,-34.257, 60.644, 5927.030, -81.095, 182.612, 99.992, 88.069, 23.945
216, 230.000, 16.408, 88.810, 49.792, -21.919, 23.620, 0.010, 57.091, 42.862
216, 325.000,16.950, 96.106, 5914.742, 51.170, 427.828, 99.992, 85.833, -6.820
217, 230.000, -59.202, 57.449, 25.833, 29.677, 44.380, 0.010, 25.821, -33.770
217, 325.000,-61.280, 61.746, 5923.102, -168.912, 240.882, 99.992, 87.156, 35.039
218, 230.000, 36.289, 57.702, 53.914, 20.183, 14.267, 0.010, 65.371, -54.744
218, 325.000,38.106, 60.030, 5927.448, 107.793, 152.842, 99.992, 88.193, -35.194
219, 230.000, 68.828, 38.783, 55.215, 15.591, 15.028, 0.010, 68.586, -46.053
219, 325.000,72.392, 40.986, 5924.507, 227.300, 134.623, 99.992, 87.447, -59.363
220, 230.000, -34.713, 10.679, 37.392, -15.770, -43.253, 0.010, 39.083, 159.969
220, 325.000,-35.960, 9.531, 5929.720, -86.490, -23.503, 99.992, 89.134, 105.203
221, 230.000, -67.432, 63.261, 56.392, 18.317, 1.440, 0.010, 71.953, -85.506
221, 325.000,-72.503, 68.586, 5913.521, -316.235, 316.469, 99.993, 85.674, 44.979
222, 230.000, 5.798, -77.044, 0.704, 11.958, 58.088, 0.010, 0.680, -11.632
222, 325.000,6.412, -78.376, 5928.180, 29.090, -159.394, 99.992, 88.434, -169.657
223, 230.000, -27.773, 10.974, 56.151, 18.759, 3.578, 0.010, 71.217, -79.200
223, 325.000,-27.795, 11.333, 5930.087, -50.535, 31.585, 99.991, 89.424, 57.994
224, 230.000, 40.785, 73.672, 10.788, -13.141, -56.821, 0.010, 10.480, 166.978
224, 325.000,42.534, 75.799, 5925.715, 128.510, 197.300, 99.992, 87.725, -33.078
225, 230.000, -42.785, -16.086, 37.338, 8.528, -45.286, 0.010, 39.016, -169.335
225, 325.000,-43.469, -17.884, 5929.471, -70.927, -76.900, 99.992, 88.989, 137.314
226, 230.000, -33.623, -34.986, 45.114, -18.197, 33.930, 0.010, 49.521, 28.206
226, 325.000,-34.969, -34.712, 5929.753, -81.917, -30.495, 99.992, 89.155, 110.418
227, 230.000, 43.823, 85.431, 1.642, -55.730, 20.225, 0.010, 1.586, 70.054
227, 325.000,47.075, 95.678, 5899.967, 215.822, 558.595, 99.988, 84.204, -21.125
228, 230.000, -55.461, -16.032, 35.937, -45.322, -13.120, 0.010, 37.295, 106.145
228, 325.000,-58.356, -16.870, 5928.059, -159.906, -46.243, 99.992, 88.392, 106.129
229, 230.000, 21.318, 3.703, 54.634, 19.708, 12.014, 0.010, 67.098, -58.633
229, 325.000,22.493, 4.182, 5929.118, 116.930, 29.882, 99.990, 88.834, -75.665
230, 230.000, -80.249, 6.206, 55.413, -20.182, -6.307, 0.010, 69.114, 107.353
230, 325.000,-84.660, 6.303, 5923.891, -277.492, 13.202, 99.992, 87.315, 87.276
231, 230.000, -55.489, 34.009, 38.532, 40.250, 20.319, 0.010, 40.517, -63.215
231, 325.000,-55.881, 35.668, 5929.025, -82.324, 97.210, 99.992, 88.769, 40.260
232, 230.000, 18.542, 2.172, 48.471, -7.893, -33.255, 0.010, 54.811, 166.648
232, 630.000,46.365, 0.584, 2616.242, 446.119, -7.309, 20.026, 80.322, -90.939
233, 230.000, -58.064, -33.329, 17.592, -39.020, -41.056, 0.010, 17.254, 136.457
233, 325.000,-61.153, -35.692, 5926.501, -177.447, -121.280, 99.992, 87.923, 124.352
234, 230.000, -56.412, -76.819, 3.092, 12.453, 57.905, 0.010, 2.988, -12.138
234, 325.000,-61.807, -82.920, 5909.383, -315.529, -385.951, 99.991, 85.178, 140.733
235, 230.000, -5.290, 48.015, 14.674, -57.436, -1.845, 0.010, 14.325, 91.840
235, 325.000,-7.240, 49.056, 5929.338, -69.404, 88.064, 99.992, 88.917, 38.242
236, 230.000, 40.981, -21.273, 24.222, 9.079, -53.371, 0.010, 24.104, -170.345
236, 325.000,42.191, -23.450, 5929.018, 85.694, -94.881, 99.992, 88.765, -137.913
237, 230.000, -24.927, 57.530, 7.313, 14.211, -57.116, 0.010, 7.082, -166.028
237, 325.000,-25.179, 57.342, 5929.929, -38.556, 63.735, 99.992, 89.280, 31.171
238, 230.000, -10.612, -10.754, 14.745, -57.107, -6.250, 0.010, 14.395, 96.246
238, 630.000,-35.998, -28.688, 2611.410, -371.821, -281.100, 20.006, 79.880, 127.090
239, 230.000, -65.666, 14.885, 5.320, 26.567, -52.759, 0.010, 5.146, -153.272
239, 325.000,-66.885, 13.682, 5929.047, -124.687, -20.369, 99.992, 88.779, 99.278
240, 230.000, 66.918, 56.047, 31.115, 48.352, -14.546, 0.010, 31.642, -106.744
240, 325.000,72.640, 59.136, 5918.093, 319.504, 209.408, 99.992, 86.307, -56.758
241, 230.000, 6.564, 93.948, 32.032, -4.476, 49.715, 0.010, 32.689, 5.145
241, 325.000,7.072, 104.686, 5901.566, 32.288, 583.558, 99.993, 84.344, -3.167
242, 230.000, 1.755, -23.142, 8.808, 45.945, 36.457, 0.010, 8.540, -51.569
242, 325.000,3.281, -22.559, 5929.726, 59.069, -62.623, 99.990, 89.168, -136.673
243, 230.000, 85.842, -19.156, 9.152, 1.368, 58.583, 0.010, 8.876, -1.338
243, 325.000,91.394, -18.569, 5920.031, 349.862, -15.783, 99.991, 86.614, -92.583
244, 230.000, -39.438, -19.536, 43.821, -1.741, -39.929, 0.010, 47.634, 177.503
244, 325.000,-40.363, -21.234, 5929.408, -75.332, -77.794, 99.992, 88.954, 135.921
245, 230.000, 25.450, -14.360, 19.711, -19.644, -52.376, 0.010, 19.411, 159.441
245, 325.000,25.387, -16.357, 5929.536, 43.318, -91.514, 99.992, 89.022, -154.669
246, 230.000, 30.592, -38.986, 43.993, -3.567, -39.617, 0.010, 47.881, 174.855
246, 325.000,31.191, -41.149, 5929.045, 53.948, -114.476, 99.992, 88.777, -154.767
247, 230.000, -64.802, -42.063, 0.174, -4.559, -59.134, 0.010, 0.168, 175.592
247, 325.000,-67.695, -45.709, 5924.269, -195.423, -185.715, 99.992, 87.394, 133.541
248, 230.000, 78.912, 37.788, 54.971, -21.002, -7.399, 0.010, 67.949, 109.408
248, 325.000,83.183, 39.915, 5921.562, 290.898, 142.107, 99.992, 86.871, -63.964
249, 230.000, 54.524, 34.999, 47.863, -5.778, 34.545, 0.010, 53.804, 9.495
249, 325.000,55.981, 37.138, 5928.145, 116.413, 114.481, 99.992, 88.422, -45.479
250, 230.000, 8.740, -37.577, 15.331, 40.760, -40.265, 0.010, 14.981, -134.650
250, 325.000,10.229, -39.669, 5929.012, 59.036, -113.636, 99.992, 88.763, -152.547
251, 230.000, -23.103, -33.243, 38.927, -28.090, -34.832, 0.010, 41.021, 141.115
251, 325.000,-24.495, -35.069, 5929.130, -72.633, -98.718, 99.992, 88.816, 143.656
252, 230.000, 3.852, -77.572, 8.419, -27.500, 51.870, 0.010, 8.160, 27.931
252, 325.000,3.148, -79.170, 5927.935, -17.658, -169.946, 99.992, 88.349, 174.068
253, 230.000, -22.756, 81.845, 39.575, -36.704, 24.582, 0.010, 41.856, 56.189
253, 325.000,-25.186, 87.252, 5920.039, -122.711, 328.068, 99.992, 86.614, 20.508
254, 230.000, 56.139, 65.642, 2.623, -33.336, 48.984, 0.010, 2.535, 34.237
254, 325.000,58.476, 71.113, 5919.777, 181.440, 305.078, 99.992, 86.569, -30.741
255, 230.000, -74.441, -35.253, 27.826, -17.563, 49.345, 0.010, 27.980, 19.592
255, 325.000,-78.722, -35.483, 5923.981, -267.847, -66.213, 99.992, 87.333, 103.885
256, 230.000, 30.488, -85.683, 29.086, 26.631, 44.300, 0.010, 29.367, -31.013
256, 325.000,33.593, -90.750, 5917.943, 167.898, -345.460, 99.992, 86.286, -154.080
257, 230.000, -58.742, 5.314, 52.670, -6.398, 26.505, 0.010, 62.630, 13.571
257, 325.000,-60.512, 6.292, 5928.902, -127.352, 38.405, 99.992, 88.715, 73.219
258, 230.000, 33.596, -68.077, 25.775, 48.530, -22.319, 0.010, 25.759, -114.698
258, 325.000,36.487, -71.549, 5924.604, 146.485, -217.271, 99.992, 87.468, -146.012
259, 230.000, -65.721, 0.195, 0.306, -19.254, -56.097, 0.010, 0.296, 161.056
259, 325.000,-68.352, -1.577, 5927.667, -170.225, -57.910, 99.992, 88.263, 108.788
260, 230.000, 81.308, 12.348, 0.362, 55.895, -19.831, 0.010, 0.350, -109.534
260, 325.000,87.214, 12.359, 5920.861, 335.583, 21.156, 99.992, 86.750, -86.393
261, 230.000, -24.358, -49.657, 35.032, -43.754, -19.391, 0.010, 36.204, 113.901
261, 325.000,-26.359, -51.525, 5928.481, -93.473, -118.220, 99.992, 88.544, 141.668
262, 230.000, -21.887, -90.137, 37.395, 45.717, 5.399, 0.010, 39.088, -83.265
262, 325.000,-22.355, -97.649, 5912.994, -62.031, -449.978, 99.992, 85.607, 172.151
263, 230.000, 93.152, -24.725, 54.091, 23.358, 6.793, 0.010, 65.785, -73.784
263, 325.000,104.898, -27.452, 5894.491, 633.870, -154.348, 99.995, 83.684, -103.685
264, 230.000, -79.645, 1.184, 31.178, 49.189, -11.225, 0.010, 31.714, -102.854
264, 325.000,-81.658, 0.886, 5927.301, -191.444, -8.156, 99.992, 88.148, 92.440
265, 230.000, -58.326, -19.561, 54.437, 22.470, -7.024, 0.010, 66.613, -107.359
265, 325.000,-59.241, -20.326, 5929.351, -100.174, -48.703, 99.992, 88.924, 115.928
266, 230.000, -1.930, 79.069, 33.987, 11.573, 47.208, 0.010, 34.963, -13.775
266, 325.000,-1.656, 84.129, 5923.077, 6.161, 294.558, 99.992, 87.152, -1.198
267, 230.000, -10.232, 3.172, 47.229, -34.031, 11.355, 0.010, 52.780, 71.548
267, 630.000,-31.706, 9.949, 2631.207, -322.913, 101.592, 20.010, 82.669, 72.536
268, 230.000, 23.493, 70.624, 33.422, -47.138, -13.362, 0.010, 34.300, 105.826
268, 325.000,22.907, 72.887, 5927.761, 14.024, 176.226, 99.992, 88.292, -4.550
269, 230.000, 42.150, 26.647, 53.907, 13.633, -20.636, 0.010, 65.354, -146.548
269, 325.000,43.562, 26.614, 5929.584, 93.614, 28.893, 99.992, 89.053, -72.848
270, 230.000, 72.863, 54.781, 48.553, 33.036, -8.302, 0.010, 54.948, -104.107
270, 325.000,79.558, 58.800, 5912.979, 379.319, 250.002, 99.992, 85.607, -56.612
271, 230.000, 81.883, 56.088, 5.857, -58.863, -4.302, 0.010, 5.668, 94.180
271, 325.000,94.347, 65.692, 5873.278, 657.952, 489.372, 99.987, 82.052, -53.359
272, 230.000, -64.870, -60.067, 11.072, -28.927, -50.579, 0.010, 10.759, 150.234
272, 325.000,-70.163, -65.705, 5914.499, -305.604, -308.183, 99.992, 85.803, 135.241
273, 230.000, 25.459, 74.851, 22.216, 52.651, -15.873, 0.010, 21.999, -106.777
273, 325.000,28.241, 77.687, 5925.115, 132.931, 211.850, 99.992, 87.583, -32.107
274, 230.000, -3.298, -70.080, 24.544, 20.823, 49.816, 0.010, 24.446, -22.685
274, 325.000,-2.753, -70.858, 5929.184, 13.646, -119.092, 99.992, 88.842, -173.463
275, 230.000, 4.918, 86.038, 57.471, 14.277, -3.304, 0.010, 75.695, -103.030
275, 325.000,5.649, 91.016, 5921.444, 33.777, 323.935, 99.992, 86.852, -5.953
276, 230.000, -41.274, 33.590, 52.792, -21.857, -15.904, 0.010, 62.886, 126.042
276, 325.000,-42.968, 33.904, 5929.318, -102.289, 48.354, 99.992, 88.907, 64.699
277, 230.000, -29.248, 53.011, 45.798, 34.697, -14.709, 0.010, 50.550, -112.973
277, 325.000,-28.950, 53.991, 5929.578, -24.991, 95.272, 99.992, 89.048, 14.698
278, 230.000, 68.127, 58.519, 45.698, 31.539, -20.848, 0.010, 50.399, -123.465
278, 325.000,73.975, 62.069, 5916.205, 334.630, 236.634, 99.991, 86.037, -54.734
279, 230.000, 75.818, 56.165, 8.335, -13.659, 57.110, 0.010, 8.079, 13.450
279, 325.000,82.849, 63.425, 5903.898, 413.686, 378.208, 99.993, 84.577, -47.565
280, 230.000, 76.128, -43.495, 27.949, -52.036, -5.362, 0.010, 28.115, 95.883
280, 325.000,79.264, -46.372, 5922.581, 246.967, -178.180, 99.992, 87.056, -125.809
281, 230.000, 58.366, 51.651, 4.764, 59.030, 3.218, 0.010, 4.607, -86.880
281, 325.000,62.765, 54.004, 5923.527, 237.261, 158.566, 99.992, 87.242, -56.244
282, 230.000, 5.487, 52.439, 32.069, 31.406, -38.768, 0.010, 32.731, -140.989
282, 325.000,6.615, 52.468, 5929.932, 43.050, 60.393, 99.992, 89.283, -35.483
283, 230.000, -66.783, 65.255, 47.810, -19.062, 29.469, 0.010, 53.718, 32.897
283, 325.000,-73.466, 72.114, 5906.240, -376.973, 379.894, 99.993, 84.822, 44.779
284, 230.000, 90.265, -5.094, 53.706, 17.995, 17.593, 0.010, 64.893, -45.647
284, 325.000,97.526, -4.934, 5914.815, 429.894, -4.527, 99.993, 85.843, -90.603
285, 230.000, 93.216, -11.643, 39.997, -38.664, -20.567, 0.010, 42.405, 118.010
285, 325.000,100.624, -13.340, 5911.967, 459.454, -84.434, 99.992, 85.482, -100.413
286, 230.000, 43.380, -80.865, 29.163, 36.706, 36.329, 0.010, 29.453, -45.295
286, 325.000,47.962, -86.197, 5914.922, 247.313, -349.739, 99.992, 85.858, -144.734
287, 230.000, 22.079, -21.265, 29.192, 51.452, -4.262, 0.010, 29.485, -94.735
287, 325.000,24.204, -21.864, 5929.242, 104.423, -53.021, 99.992, 88.868, -116.919
288, 230.000, -4.300, 2.238, 13.101, -12.991, 56.367, 0.010, 12.761, 12.978
288, 630.000,-13.182, 14.385, 2644.595, -134.267, 162.701, 20.011, 85.439, 39.531
289, 230.000, 8.118, -49.501, 11.914, 38.394, -43.607, 0.010, 11.588, -138.638
289, 325.000,9.532, -52.054, 5928.514, 55.128, -138.842, 99.992, 88.557, -158.344
290, 230.000, 95.131, -29.337, 22.604, 2.877, -54.758, 0.010, 22.403, -176.992
290, 325.000,115.385, -37.179, 5839.222, 979.519, -360.019, 100.037, 79.867, -110.181
291, 230.000, 13.090, 18.534, 55.420, -5.044, -20.514, 0.010, 69.134, 166.187
291, 325.000,13.265, 18.354, 5929.839, 53.937, 61.438, 99.992, 89.210, -41.280
292, 230.000, -6.174, -11.105, 22.135, -31.349, -45.221, 0.010, 21.914, 145.268
292, 630.000,-20.727, -35.593, 2619.119, -214.054, -364.251, 20.011, 80.837, 149.559
293, 230.000, -53.285, 37.628, 26.874, -51.888, -10.151, 0.010, 26.943, 101.069
293, 325.000,-56.551, 38.457, 5927.335, -175.163, 75.037, 99.992, 88.159, 66.811
294, 230.000, -71.035, -62.778, 49.327, -27.847, 17.579, 0.010, 56.273, 57.738
294, 325.000,-79.079, -68.609, 5903.934, -440.806, -344.557, 99.991, 84.586, 128.013
295, 230.000, 52.343, 42.175, 56.479, -0.650, 18.093, 0.010, 72.226, 2.057
295, 325.000,53.984, 44.082, 5927.978, 121.907, 117.593, 99.992, 88.363, -46.032
296, 230.000, -84.710, 27.868, 7.171, -11.887, 57.662, 0.010, 6.945, 11.649
296, 325.000,-90.988, 31.597, 5915.450, -379.639, 181.869, 99.992, 85.930, 64.403
297, 230.000, -86.026, 38.718, 14.571, -17.985, 54.606, 0.010, 14.222, 18.230
297, 325.000,-95.088, 44.214, 5902.103, -507.937, 278.254, 99.994, 84.396, 61.286
298, 230.000, -61.481, 40.937, 12.240, 55.262, -17.718, 0.010, 11.909, -107.776
298, 325.000,-62.015, 41.893, 5928.805, -104.345, 89.400, 99.992, 88.672, 49.411
299, 230.000, -37.111, -45.037, 19.235, 4.961, 55.884, 0.010, 18.924, -5.073
299, 325.000,-37.922, -44.440, 5929.891, -69.886, -33.110, 99.992, 89.253, 115.350
300, 230.000, -57.984, 55.602, 53.400, -2.033, 25.729, 0.010, 64.205, 4.518
300, 325.000,-60.766, 59.009, 5923.966, -186.490, 203.783, 99.992, 87.330, 42.463
