ion,x0,y0,z0,vx0,vy0,vz0,ke0,elev0,azim0,x1,y1,z1,vx1,vy1,vz1,ke1,elev1,azim1
1, 230.000, -51.909, -26.977, 47.474, -10.002, -34.115, 0.010, 53.172, 163.660
1, 325.000,-53.600, -28.769, 5928.566, -116.302, -90.422, 99.992, 88.577, 127.864
2, 230.000, -15.153, 69.901, 35.137, 27.766, 38.886, 0.010, 36.329, -35.528
2, 325.000,-14.820, 73.615, 5926.314, -9.878, 219.753, 99.992, 87.874, 2.574
3, 230.000, -37.021, 79.282, 49.349, -32.832, 2.084, 0.010, 56.311, 86.369
3, 325.000,-40.382, 84.375, 5918.857, -183.648, 321.182, 99.992, 86.423, 29.760
4, 230.000, -47.449, 5.922, 54.716, -22.291, 5.188, 0.010, 67.301, 76.898
4, 325.000,-49.231, 6.220, 5929.330, -111.184, 16.366, 99.992, 88.914, 81.626
5, 230.000, -69.951, -28.404, 9.461, 22.093, 54.222, 0.010, 9.179, -22.168
5, 325.000,-71.983, -27.805, 5927.947, -169.044, -21.331, 99.992, 88.354, 97.192
6, 230.000, 6.461, 50.035, 13.391, -4.286, 57.619, 0.010, 13.049, 4.255
6, 325.000,6.477, 53.047, 5928.390, 7.749, 154.036, 99.992, 88.510, -2.880
7, 230.000, 0.322, 58.482, 44.247, 37.352, 12.834, 0.010, 48.247, -71.037
7, 325.000,1.511, 60.432, 5928.788, 39.380, 132.396, 99.992, 88.665, -16.565
8, 230.000, -47.910, 71.573, 44.272, -11.111, -37.871, 0.010, 48.284, 163.649
8, 325.000,-51.049, 74.577, 5922.812, -192.199, 229.674, 99.991, 87.105, 39.924
9, 230.000, -56.569, 9.219, 21.474, 40.949, -37.144, 0.010, 21.227, -132.211
9, 325.000,-56.716, 8.277, 5929.947, -70.108, -20.154, 99.992, 89.295, 106.039
10, 230.000, 34.752, -83.953, 37.716, 13.269, -43.807, 0.010, 39.488, -163.149
10, 325.000,37.854, -91.807, 5911.271, 177.507, -441.297, 99.991, 85.400, -158.088
11, 230.000, 31.366, 87.408, 44.704, -38.288, -7.292, 0.010, 48.916, 100.783
11, 325.000,32.885, 94.672, 5913.159, 118.537, 436.050, 99.992, 85.630, -15.208
12, 230.000, -17.387, 28.543, 33.100, 13.406, 47.353, 0.010, 33.924, -15.807
12, 325.000,-17.329, 30.660, 5929.359, -22.086, 108.655, 99.992, 88.929, 11.490
13, 230.000, -82.398, -48.417, 40.655, 42.607, 7.032, 0.010, 43.273, -80.628
13, 325.000,-89.797, -53.309, 5906.934, -446.116, -281.358, 99.993, 84.898, 122.239
14, 230.000, -53.811, 2.638, 10.084, -16.572, -56.048, 0.010, 9.789, 163.528
14, 325.000,-55.658, 0.920, 5928.918, -121.246, -52.959, 99.992, 88.722, 113.595
15, 230.000, 87.385, 1.307, 50.898, -15.819, 26.014, 0.010, 59.113, 31.304
15, 325.000,92.333, 2.191, 5921.158, 329.416, 32.655, 99.992, 86.800, -84.339
16, 230.000, -93.281, -5.938, 28.302, 5.385, 51.843, 0.010, 28.502, -5.930
16, 325.000,-101.507, -4.890, 5910.410, -486.290, 23.891, 99.993, 85.291, 87.187
17, 230.000, -74.928, -49.808, 41.642, -2.196, -42.176, 0.010, 44.596, 177.020
17, 325.000,-80.449, -54.729, 5914.698, -337.774, -267.702, 99.991, 85.832, 128.398
18, 230.000, -8.845, -22.822, 3.799, -48.263, -34.262, 0.010, 3.673, 125.372
18, 325.000,-10.602, -24.451, 5928.923, -78.689, -106.183, 99.992, 88.723, 143.459
19, 230.000, -69.541, -4.239, 2.657, 30.595, -50.740, 0.010, 2.568, -148.910
19, 325.000,-70.888, -5.985, 5928.483, -136.863, -63.150, 99.992, 88.544, 114.769
20, 230.000, -78.704, 31.888, 11.839, 11.215, -57.024, 0.010, 11.515, -168.873
20, 325.000,-82.692, 31.869, 5923.918, -271.715, 54.778, 99.992, 87.321, 78.602
21, 230.000, 3.038, -56.169, 38.802, 23.368, 38.288, 0.010, 40.861, -31.397
21, 325.000,3.853, -56.371, 5929.895, 30.190, -70.907, 99.992, 89.255, -156.937
22, 230.000, 62.901, -34.763, 48.496, 25.447, -22.764, 0.010, 54.853, -131.815
22, 325.000,65.962, -36.727, 5926.294, 189.014, -113.538, 99.992, 87.869, -120.993
23, 230.000, -13.840, -27.218, 38.936, -43.530, 10.334, 0.010, 41.032, 76.646
23, 325.000,-15.529, -27.479, 5929.655, -77.918, -52.388, 99.992, 89.093, 123.915
24, 230.000, -21.078, 29.395, 22.090, -18.467, -51.852, 0.010, 21.867, 160.397
24, 325.000,-22.118, 28.366, 5930.063, -62.190, 5.815, 99.992, 89.397, 84.658
25, 230.000, 41.280, 5.132, 49.170, -31.048, -11.660, 0.010, 56.000, 110.584
25, 325.000,41.184, 4.872, 5930.220, 45.701, -2.410, 99.992, 89.558, -93.019
26, 230.000, 64.838, -46.621, 33.752, 35.984, -32.918, 0.010, 34.686, -132.452
26, 325.000,68.982, -49.821, 5922.616, 242.983, -182.109, 99.992, 87.065, -126.851
27, 230.000, -28.916, -90.652, 45.579, 22.071, -30.872, 0.010, 50.218, -144.439
27, 325.000,-31.291, -101.129, 5900.769, -148.733, -573.134, 99.992, 84.270, 165.452
28, 230.000, 4.682, 99.277, 57.467, 4.835, -13.849, 0.010, 75.681, -160.754
28, 325.000,5.672, 116.847, 5863.345, 47.811, 888.917, 99.997, 81.367, -3.079
29, 230.000, 30.650, 29.805, 55.376, -20.297, 6.253, 0.010, 69.016, 72.877
29, 325.000,30.671, 30.649, 5929.964, 36.100, 62.043, 99.992, 89.306, -30.194
30, 230.000, -26.388, -74.319, 27.889, 50.275, -14.569, 0.010, 28.049, -106.161
30, 325.000,-25.979, -78.053, 5925.456, -27.218, -240.368, 99.992, 87.662, 173.540
31, 230.000, 18.639, 28.640, 33.424, 46.435, -15.628, 0.010, 34.302, -108.600
31, 325.000,20.517, 28.751, 5929.607, 87.022, 42.948, 99.992, 89.062, -63.732
32, 230.000, 45.424, 6.028, 39.349, 43.361, 9.441, 0.010, 41.563, -77.717
32, 325.000,47.813, 6.462, 5928.962, 128.709, 20.896, 99.992, 88.740, -80.778
33, 230.000, -2.497, -91.534, 27.886, 3.618, -52.220, 0.010, 28.045, -176.037
33, 325.000,-2.590, -100.586, 5909.068, -8.347, -502.416, 99.992, 85.139, 179.048
34, 230.000, 33.858, -63.144, 3.662, -40.259, -43.399, 0.010, 3.540, 137.149
34, 325.000,33.792, -66.764, 5926.610, 44.719, -207.040, 99.992, 87.953, -167.812
35, 230.000, 49.513, 42.333, 41.919, 21.762, 35.873, 0.010, 44.973, -31.243
35, 325.000,51.706, 44.752, 5927.365, 134.884, 133.273, 99.992, 88.168, -45.344
36, 230.000, -46.642, -39.531, 12.252, -55.670, -16.382, 0.010, 11.922, 106.398
36, 325.000,-49.717, -41.161, 5927.449, -157.171, -101.231, 99.992, 88.194, 122.785
37, 230.000, -69.810, -67.820, 6.554, 48.753, -33.134, 0.010, 6.345, -124.201
37, 325.000,-77.432, -77.647, 5891.961, -438.529, -512.304, 99.993, 83.471, 139.437
38, 230.000, -76.921, 48.474, 38.431, -5.987, -44.776, 0.010, 40.389, 172.383
38, 325.000,-82.904, 50.755, 5916.846, -360.081, 175.410, 99.991, 86.127, 64.027
39, 230.000, 0.662, 80.746, 42.746, -40.252, 8.381, 0.010, 46.114, 78.239
39, 325.000,-0.561, 84.832, 5924.222, -40.139, 267.501, 99.992, 87.386, 8.534
40, 230.000, 48.607, 32.023, 47.454, 20.769, -28.887, 0.010, 53.140, -144.285
40, 325.000,50.538, 31.951, 5929.080, 119.981, 34.920, 99.992, 88.793, -73.773
41, 230.000, -24.385, -44.338, 4.246, 55.181, -21.323, 0.010, 4.106, -111.127
41, 325.000,-23.195, -46.053, 5929.448, 11.249, -105.536, 99.992, 88.975, -173.916
42, 230.000, -4.420, 41.281, 39.844, -43.705, 4.461, 0.010, 42.206, 84.172
42, 325.000,-5.904, 42.312, 5929.592, -53.569, 81.716, 99.992, 89.056, 33.247
43, 230.000, 61.256, -1.833, 21.375, -54.220, -10.996, 0.010, 21.124, 101.465
43, 325.000,61.217, -2.231, 5929.941, 71.796, -15.241, 99.992, 89.291, -101.985
44, 230.000, 38.001, -85.340, 27.989, 48.005, -20.731, 0.010, 28.158, -113.358
44, 325.000,42.962, -93.822, 5905.462, 255.116, -480.125, 99.993, 84.740, -152.016
45, 230.000, 21.220, 17.587, 29.075, -20.032, -47.655, 0.010, 29.355, 157.200
45, 325.000,21.067, 16.465, 5930.241, 41.949, 1.513, 99.992, 89.594, -87.934
46, 230.000, 87.227, 34.768, 5.331, -27.779, -52.130, 0.010, 5.157, 151.948
46, 325.000,94.342, 36.349, 5912.959, 435.652, 129.897, 99.992, 85.604, -73.397
47, 230.000, -43.477, -59.901, 58.607, 5.359, -7.355, 0.010, 81.174, -143.923
47, 325.000,-44.956, -62.398, 5926.949, -111.221, -168.624, 99.992, 88.048, 146.592
48, 230.000, -51.150, -12.143, 26.756, -42.189, 31.967, 0.010, 26.816, 52.849
48, 325.000,-53.723, -11.421, 5928.696, -141.624, 9.855, 99.992, 88.628, 86.019
49, 230.000, -77.917, -54.822, 47.334, 19.619, -29.869, 0.010, 52.948, -146.702
49, 325.000,-85.512, -61.486, 5903.008, -442.768, -358.151, 99.992, 84.489, 128.969
50, 230.000, -68.714, 39.935, 44.337, -3.510, -39.237, 0.010, 48.379, 174.888
50, 325.000,-71.902, 40.500, 5925.970, -214.301, 81.270, 99.992, 87.785, 69.232
51, 230.000, -35.125, -1.156, 56.274, 12.221, -14.195, 0.010, 71.590, -139.275
51, 325.000,-35.485, -1.631, 5930.072, -59.514, -17.182, 99.992, 89.402, 106.103
52, 230.000, -9.287, -1.945, 32.204, -46.712, -17.277, 0.010, 32.887, 110.298
52, 630.000,-25.985, -6.379, 4585.301, -274.504, -70.062, 60.005, 86.464, 104.318
53, 230.000, -14.211, 21.433, 5.745, 43.032, 40.409, 0.010, 5.559, -46.800
53, 325.000,-13.154, 23.227, 5929.406, 3.238, 108.032, 99.992, 88.956, -1.717
54, 230.000, 25.216, 7.824, 44.704, 32.666, -21.262, 0.010, 48.916, -123.059
54, 325.000,26.829, 7.322, 5929.446, 105.563, -0.694, 99.991, 88.980, -90.377
55, 230.000, 81.440, -14.534, 56.026, 16.841, 9.751, 0.010, 70.846, -59.930
55, 325.000,86.136, -14.977, 5922.909, 295.234, -39.274, 99.992, 87.121, -97.577
56, 230.000, -5.891, -55.630, 29.889, -43.361, -27.279, 0.010, 30.262, 122.174
56, 325.000,-7.415, -57.907, 5928.510, -56.599, -138.437, 99.992, 88.555, 157.763
57, 230.000, 3.612, 55.206, 31.621, -33.233, 37.593, 0.010, 32.219, 41.477
57, 325.000,2.650, 57.786, 5928.497, -27.325, 147.577, 99.992, 88.550, 10.490
58, 230.000, 48.815, -44.829, 50.779, -16.148, 26.046, 0.010, 58.889, 31.798
58, 325.000,49.803, -45.383, 5929.169, 94.297, -74.937, 99.992, 88.836, -128.474
59, 230.000, -7.008, -24.301, 24.332, 9.561, 53.237, 0.010, 24.221, -10.182
59, 325.000,-6.871, -23.180, 5930.317, -15.489, -31.775, 99.993, 89.658, 154.012
60, 230.000, 50.410, -76.461, 24.711, -31.730, -43.592, 0.010, 24.623, 143.950
60, 325.000,53.474, -83.923, 5912.175, 209.327, -414.970, 99.992, 85.505, -153.232
61, 230.000, 66.559, -5.822, 39.942, -17.716, -40.105, 0.010, 42.334, 156.167
61, 325.000,68.075, -7.266, 5928.603, 135.067, -55.135, 99.992, 88.590, -112.206
62, 230.000, 18.750, 41.126, 48.402, 7.149, 33.522, 0.010, 54.696, -12.039
62, 325.000,19.391, 43.099, 5929.217, 41.989, 110.572, 99.992, 88.857, -20.794
63, 230.000, -12.361, -97.863, 52.658, -10.072, 25.364, 0.010, 62.604, 21.657
63, 325.000,-14.598, -112.458, 5879.532, -111.332, -768.675, 99.999, 82.475, 171.759
64, 230.000, -50.823, 10.846, 3.845, 59.161, -1.691, 0.010, 3.717, -91.637
64, 325.000,-50.135, 11.048, 5930.264, -34.985, 18.792, 99.992, 89.616, 61.758
65, 230.000, 22.660, 97.171, 52.142, -25.845, -11.442, 0.010, 61.540, 113.880
65, 325.000,27.958, 122.847, 5807.443, 250.835, 1182.698, 100.044, 78.240, -11.974
66, 230.000, -37.031, -73.311, 46.471, 29.692, -21.828, 0.010, 51.585, -126.322
66, 325.000,-37.955, -77.647, 5923.638, -92.334, -267.525, 99.992, 87.265, 160.958
67, 230.000, -72.590, -31.143, 23.829, 25.748, -47.821, 0.010, 23.689, -151.701
67, 325.000,-74.998, -34.018, 5925.462, -193.482, -144.728, 99.991, 87.665, 126.797
68, 230.000, 9.247, 96.975, 18.294, 42.959, 36.572, 0.010, 17.966, -49.591
68, 325.000,11.795, 111.262, 5882.594, 113.288, 744.206, 99.997, 82.708, -8.656
69, 230.000, -68.079, -55.950, 40.426, 43.254, 3.541, 0.010, 42.969, -85.320
69, 325.000,-71.099, -59.419, 5921.742, -229.758, -222.655, 99.991, 86.907, 134.101
70, 230.000, -34.914, -71.315, 39.864, 42.967, 9.071, 0.010, 42.232, -78.079
70, 325.000,-35.127, -74.207, 5926.431, -61.419, -207.950, 99.992, 87.905, 163.545
71, 230.000, -34.036, 49.036, 49.468, 15.605, -28.758, 0.010, 56.519, -151.514
71, 325.000,-34.453, 49.439, 5929.731, -53.667, 70.812, 99.992, 89.142, 37.158
72, 230.000, 63.763, -30.654, 27.203, 28.212, -44.517, 0.010, 27.301, -147.636
72, 325.000,66.885, -33.129, 5926.029, 190.749, -123.984, 99.992, 87.801, -123.023
73, 230.000, 71.569, 19.836, 9.316, -31.709, -49.248, 0.010, 9.037, 147.224
73, 325.000,73.258, 19.030, 5928.294, 157.726, 1.452, 99.992, 88.476, -89.473
74, 230.000, 20.766, 95.135, 31.688, -20.775, -45.627, 0.010, 32.296, 155.519
74, 325.000,22.802, 105.949, 5897.524, 121.891, 611.470, 99.992, 83.965, -11.274
75, 230.000, 49.382, -13.320, 17.735, 52.493, 21.157, 0.010, 17.399, -68.049
75, 325.000,52.223, -12.963, 5928.551, 147.911, -3.328, 99.992, 88.570, -91.289
76, 230.000, -53.737, -41.156, 38.715, -44.920, 0.978, 0.010, 40.750, 88.753
76, 325.000,-56.886, -42.454, 5927.045, -174.274, -96.645, 99.992, 88.074, 119.011
77, 230.000, -29.570, -74.842, 17.896, 45.527, -33.537, 0.010, 17.562, -126.377
77, 325.000,-29.536, -79.411, 5923.904, -46.392, -273.640, 99.992, 87.318, 170.378
78, 230.000, 26.371, 39.356, 55.512, -19.854, 6.469, 0.010, 69.386, 71.954
78, 325.000,26.337, 40.446, 5929.793, 28.372, 79.711, 99.992, 89.183, -19.593
79, 230.000, 52.872, 72.712, 30.749, 41.809, 28.709, 0.010, 31.228, -55.524
79, 325.000,58.035, 78.926, 5912.841, 282.405, 357.840, 99.991, 85.591, -38.280
80, 230.000, -19.084, -92.301, 13.593, 57.714, 1.384, 0.010, 13.250, -88.627
80, 325.000,-19.147, -101.078, 5908.376, -43.923, -508.653, 99.992, 85.061, 175.065
81, 230.000, 41.617, 63.841, 24.124, 54.014, 4.255, 0.010, 24.001, -85.495
81, 325.000,45.016, 66.588, 5924.854, 175.507, 186.957, 99.992, 87.522, -43.191
82, 230.000, -29.479, 56.122, 19.681, -43.738, -34.890, 0.010, 19.380, 128.580
82, 325.000,-31.715, 56.640, 5928.762, -109.593, 85.919, 99.992, 88.654, 51.904
83, 230.000, -33.875, -59.311, 11.655, -55.559, 17.175, 0.010, 11.333, 72.822
83, 325.000,-36.735, -60.700, 5927.484, -138.749, -123.745, 99.992, 88.204, 131.729
84, 230.000, -0.093, 12.621, 6.085, 58.830, 4.430, 0.010, 5.889, -85.693
84, 630.000,7.163, 27.873, 4584.942, 96.792, 272.928, 60.006, 86.386, -19.527
85, 230.000, -63.281, -53.052, 25.685, -12.993, 51.857, 0.010, 25.662, 14.066
85, 325.000,-66.861, -54.097, 5924.833, -225.561, -123.123, 99.992, 87.516, 118.628
86, 230.000, -38.425, -49.602, 26.112, 11.586, 51.977, 0.010, 26.120, -12.566
86, 325.000,-39.144, -49.360, 5929.752, -70.138, -52.107, 99.992, 89.156, 126.610
87, 230.000, -40.790, 40.925, 23.420, -9.648, -53.629, 0.010, 23.258, 169.802
87, 325.000,-42.150, 40.283, 5929.629, -91.743, 26.424, 99.992, 89.078, 73.932
88, 230.000, 48.028, -78.624, 8.234, 58.035, 9.042, 0.010, 7.980, -81.145
88, 325.000,53.808, -84.889, 5910.539, 300.263, -380.848, 99.992, 85.309, -141.747
89, 230.000, 67.023, -52.142, 22.935, 31.416, 44.774, 0.010, 22.749, -35.056
89, 325.000,71.740, -53.660, 5922.191, 277.078, -142.597, 99.991, 86.988, -117.232
90, 230.000, 5.385, 84.021, 36.671, -0.306, 46.613, 0.010, 38.192, 0.376
90, 325.000,5.672, 90.106, 5919.879, 19.130, 352.658, 99.992, 86.586, -3.105
91, 230.000, -63.660, 59.516, 53.825, -8.846, -23.286, 0.010, 65.166, 159.199
91, 325.000,-67.857, 62.467, 5920.992, -259.731, 209.501, 99.991, 86.774, 51.110
92, 230.000, 66.716, -59.845, 31.426, -49.729, -7.557, 0.010, 31.996, 98.641
92, 325.000,69.813, -64.229, 5919.784, 234.922, -265.971, 99.992, 86.569, -138.547
93, 230.000, -38.506, -62.029, 41.130, -9.884, 41.573, 0.010, 43.906, 13.374
93, 325.000,-40.217, -62.982, 5928.192, -110.499, -118.008, 99.992, 88.438, 136.882
94, 230.000, -24.433, -13.130, 14.033, -6.014, -57.311, 0.010, 13.687, 174.010
94, 325.000,-25.167, -15.259, 5929.258, -68.994, -94.321, 99.992, 88.871, 143.816
95, 230.000, 51.814, 83.734, 37.716, -45.192, 7.267, 0.010, 39.488, 80.865
95, 325.000,58.359, 96.699, 5880.989, 363.263, 673.192, 99.996, 82.589, -28.352
96, 230.000, -18.284, -54.320, 10.013, 48.178, 33.110, 0.010, 9.720, -55.502
96, 325.000,-17.221, -54.657, 5929.921, 13.562, -73.751, 99.992, 89.275, -169.581
97, 230.000, -80.078, 2.235, 34.056, 3.421, -48.437, 0.010, 35.044, -175.960
97, 325.000,-83.659, 0.826, 5925.070, -247.297, -43.822, 99.992, 87.573, 100.049
98, 230.000, -22.749, -14.692, 3.236, 33.698, -48.699, 0.010, 3.128, -145.318
98, 325.000,-22.181, -16.591, 5929.597, -28.169, -93.322, 99.992, 89.058, 163.204
99, 230.000, -30.205, -77.537, 57.172, -11.036, -11.278, 0.010, 74.570, 135.622
99, 325.000,-32.125, -81.937, 5922.646, -116.097, -280.082, 99.992, 87.069, 157.485
100, 230.000, -54.757, -48.206, 1.486, -55.865, -19.863, 0.010, 1.436, 109.573
100, 325.000,-58.568, -50.635, 5925.003, -204.216, -149.150, 99.992, 87.556, 126.143
101, 230.000, 91.545, 21.852, 24.888, 30.761, 44.181, 0.010, 24.811, -34.847
101, 325.000,101.385, 25.324, 5902.803, 545.856, 169.601, 99.992, 84.469, -72.740
102, 230.000, 24.737, -82.642, 35.303, 43.695, 19.029, 0.010, 36.529, -66.467
102, 325.000,27.555, -86.946, 5921.395, 140.412, -294.946, 99.992, 86.842, -154.543
103, 230.000, -82.613, -31.714, 7.883, -10.552, 57.829, 0.010, 7.638, 10.341
103, 325.000,-88.387, -32.013, 5919.447, -353.545, -70.226, 99.992, 86.515, 101.235
104, 230.000, 66.461, 60.286, 30.787, 46.225, 20.810, 0.010, 31.271, -65.763
104, 325.000,72.710, 65.303, 5913.095, 346.043, 291.493, 99.991, 85.624, -49.891
105, 230.000, 16.078, 13.154, 9.807, -26.112, -52.341, 0.010, 9.518, 153.486
105, 630.000,30.546, 21.181, 4582.095, 276.722, 175.583, 59.999, 85.909, -57.604
106, 230.000, -42.766, 21.945, 30.858, -10.084, 49.636, 0.010, 31.351, 11.484
106, 325.000,-44.061, 24.022, 5928.998, -89.936, 92.179, 99.992, 88.756, 44.294
107, 230.000, 74.793, 53.779, 36.568, -2.347, 46.636, 0.010, 38.066, 2.881
107, 325.000,80.946, 59.682, 5910.431, 369.004, 316.711, 99.992, 85.297, -49.361
108, 230.000, 65.172, -14.662, 53.235, -5.068, 25.651, 0.010, 63.842, 11.176
108, 325.000,67.045, -14.313, 5928.617, 145.105, -7.156, 99.992, 88.596, -92.823
109, 230.000, 36.201, -57.026, 39.558, -14.578, 41.716, 0.010, 41.835, 19.262
109, 325.000,36.880, -57.506, 5929.329, 68.838, -88.933, 99.992, 88.913, -142.259
110, 230.000, -60.484, -17.522, 0.304, 53.393, -25.820, 0.010, 0.294, -115.808
110, 325.000,-60.506, -18.839, 5929.579, -74.437, -64.441, 99.992, 89.049, 130.883
111, 230.000, -92.868, -10.326, 29.419, 11.464, 50.207, 0.010, 29.737, -12.863
111, 325.000,-100.818, -9.717, 5911.356, -475.145, -0.732, 99.993, 85.405, 90.088
112, 230.000, -21.938, 48.949, 36.080, -44.314, 15.880, 0.010, 37.469, 70.284
112, 325.000,-23.879, 50.652, 5928.697, -88.309, 111.085, 99.992, 88.629, 38.483
113, 230.000, 20.400, -78.447, 4.444, 46.146, -36.992, 0.010, 4.297, -128.717
113, 325.000,22.839, -83.426, 5921.891, 115.343, -295.890, 99.992, 86.930, -158.703
114, 230.000, 25.027, 62.140, 6.751, 47.023, 35.509, 0.010, 6.536, -52.942
114, 325.000,27.315, 65.247, 5926.590, 107.806, 183.091, 99.992, 87.947, -30.490
115, 230.000, 91.536, 6.841, 49.516, -1.122, -32.628, 0.010, 56.602, 178.031
115, 325.000,98.847, 6.392, 5914.001, 440.718, -1.631, 99.992, 85.738, -90.212
116, 230.000, 35.861, -43.751, 40.058, -42.480, -10.412, 0.010, 42.486, 103.772
116, 325.000,35.428, -45.191, 5929.535, 27.008, -97.437, 99.992, 89.023, -164.507
117, 230.000, 87.935, 46.744, 12.435, -21.536, 53.844, 0.010, 12.103, 21.800
117, 325.000,106.619, 58.612, 5836.575, 904.577, 551.116, 100.043, 79.714, -58.648
118, 230.000, -74.476, 10.924, 10.326, -19.668, -54.992, 0.010, 10.027, 160.320
118, 325.000,-78.034, 9.624, 5925.980, -227.285, -27.196, 99.992, 87.788, 96.823
119, 230.000, 49.056, -35.949, 3.206, -58.849, -6.646, 0.010, 3.098, 96.444
119, 325.000,48.523, -37.139, 5929.691, 41.019, -81.703, 99.992, 89.117, -153.341
120, 230.000, 50.435, -24.953, 4.388, -46.018, 37.159, 0.010, 4.242, 51.080
120, 325.000,50.234, -24.396, 5930.163, 51.336, -10.485, 99.992, 89.494, -101.544
121, 230.000, -49.623, -0.224, 55.543, -19.334, -7.670, 0.010, 69.470, 111.638
121, 325.000,-51.384, -0.471, 5929.314, -112.940, -8.357, 99.992, 88.906, 94.232
122, 230.000, -4.265, -72.302, 9.038, -58.481, -3.993, 0.010, 8.765, 93.906
122, 325.000,-6.264, -75.049, 5926.855, -72.120, -191.906, 99.992, 88.019, 159.403
123, 230.000, -2.984, -56.489, 18.211, -45.856, 32.912, 0.010, 17.881, 54.332
123, 325.000,-4.515, -56.875, 5929.647, -53.423, -77.601, 99.992, 89.090, 145.455
124, 230.000, -46.192, -49.604, 6.254, 23.940, -53.902, 0.010, 6.053, -156.052
124, 325.000,-46.925, -52.910, 5927.244, -84.581, -173.719, 99.992, 88.133, 154.039
125, 230.000, -26.533, -44.765, 32.063, 40.931, -28.535, 0.010, 32.725, -124.883
125, 325.000,-25.867, -46.737, 5929.280, -8.083, -114.691, 99.992, 88.889, 175.969
126, 230.000, -32.871, -45.821, 1.701, -47.074, 36.039, 0.010, 1.644, 52.563
126, 325.000,-35.204, -45.839, 5929.062, -113.922, -53.434, 99.992, 88.784, 115.128
127, 230.000, -64.715, 12.635, 50.690, -26.761, -15.232, 0.010, 58.723, 119.648
127, 325.000,-67.554, 12.545, 5927.766, -176.051, 13.102, 99.992, 88.294, 85.744
128, 230.000, 97.526, -11.062, 45.807, -5.680, -37.244, 0.010, 50.564, 171.329
128, 325.000,111.735, -13.802, 5881.436, 749.199, -125.610, 99.988, 82.640, -99.518
129, 230.000, 60.777, 48.549, 6.065, 58.780, -5.073, 0.010, 5.870, -94.933
129, 325.000,65.255, 50.491, 5923.761, 243.132, 139.676, 99.992, 87.290, -60.123
130, 230.000, -48.095, 74.603, 10.187, -38.167, 44.240, 0.010, 9.890, 40.785
130, 325.000,-52.601, 81.130, 5913.789, -247.409, 367.915, 99.991, 85.712, 33.919
131, 230.000, -97.772, -4.512, 26.104, -17.028, -50.460, 0.010, 26.113, 161.353
131, 325.000,-112.347, -6.672, 5880.591, -760.777, -88.401, 99.987, 82.579, 96.628
132, 230.000, 83.260, 9.185, 9.090, -4.595, 58.429, 0.010, 8.816, 4.496
132, 325.000,87.547, 11.497, 5922.691, 287.277, 93.765, 99.992, 87.079, -71.924
133, 230.000, -28.333, 15.155, 51.689, 28.429, -6.133, 0.010, 60.635, -102.173
133, 325.000,-28.042, 15.289, 5930.221, -34.895, 28.191, 99.992, 89.567, 51.066
134, 230.000, -48.554, -10.022, 42.353, -8.749, -40.587, 0.010, 45.570, 167.835
134, 325.000,-49.955, -11.540, 5929.242, -99.959, -60.777, 99.992, 88.870, 121.301
135, 230.000, 41.221, -30.073, 39.392, 42.712, -11.900, 0.010, 41.619, -105.568
135, 325.000,43.549, -31.161, 5928.733, 122.206, -69.216, 99.992, 88.643, -119.527
136, 230.000, 81.005, -41.774, 46.156, 32.878, -17.501, 0.010, 51.098, -118.027
136, 325.000,88.372, -45.590, 5911.572, 419.565, -216.948, 99.992, 85.432, -117.342
137, 230.000, -55.735, 49.831, 38.158, -30.229, -33.880, 0.010, 40.043, 138.259
137, 325.000,-58.838, 50.696, 5926.688, -183.880, 100.752, 99.992, 87.974, 61.281
138, 230.000, -17.075, -26.463, 54.962, 10.215, 19.811, 0.010, 67.925, -27.277
138, 325.000,-17.121, -26.408, 5930.186, -28.980, -40.734, 99.992, 89.517, 144.570
139, 230.000, -62.458, 27.308, 21.342, -4.698, 55.137, 0.010, 21.091, 4.870
139, 325.000,-64.642, 29.938, 5927.125, -154.167, 122.679, 99.992, 88.096, 51.489
140, 230.000, 32.960, 55.355, 0.186, -25.515, -53.540, 0.010, 0.180, 154.519
140, 325.000,33.112, 55.270, 5929.856, 45.667, 65.591, 99.992, 89.228, -34.847
141, 230.000, 51.108, 26.257, 7.874, -56.845, -14.977, 0.010, 7.629, 104.761
141, 325.000,50.608, 26.452, 5930.127, 42.771, 36.721, 99.992, 89.455, -49.352
142, 230.000, 68.926, -3.280, 35.251, 47.693, -0.622, 0.010, 36.466, -90.747
142, 325.000,72.736, -3.410, 5926.381, 218.047, -8.660, 99.992, 87.891, -92.274
143, 230.000, 3.129, -26.378, 57.395, -8.510, 12.291, 0.010, 75.401, 34.699
143, 325.000,2.930, -26.593, 5930.025, 0.264, -65.878, 99.992, 89.364, -179.771
144, 230.000, -18.443, -13.638, 22.857, 41.808, 35.317, 0.010, 22.668, -49.811
144, 325.000,-17.574, -12.854, 5930.110, -43.909, -27.496, 99.990, 89.499, 122.055
145, 230.000, 97.998, 6.436, 20.732, 39.830, 38.747, 0.010, 20.460, -45.790
145, 325.000,114.140, 8.576, 5872.539, 821.797, 92.761, 99.995, 81.984, -83.560
146, 230.000, 10.477, -91.622, 23.158, 41.241, 35.784, 0.010, 22.983, -49.053
146, 325.000,12.594, -97.987, 5915.474, 94.981, -409.267, 99.991, 85.937, -166.934
147, 230.000, -71.756, -25.451, 54.010, 17.906, -16.731, 0.010, 65.594, -133.057
147, 325.000,-74.080, -26.996, 5926.888, -183.256, -89.135, 99.992, 88.031, 115.938
148, 230.000, -50.648, -49.280, 3.454, -58.427, -9.591, 0.010, 3.338, 99.322
148, 325.000,-54.268, -51.309, 5925.852, -189.037, -134.632, 99.992, 87.757, 125.458
149, 230.000, -5.119, 90.622, 57.740, 6.163, -12.071, 0.010, 76.790, -152.954
149, 325.000,-5.313, 97.038, 5916.757, -16.882, 401.790, 99.992, 86.112, 2.406
150, 230.000, -29.430, 76.152, 14.958, 3.824, 57.265, 0.010, 14.608, -3.821
150, 325.000,-30.779, 81.742, 5921.296, -94.250, 314.507, 99.992, 86.826, 16.682
151, 230.000, -32.173, -13.042, 57.476, -11.105, -9.530, 0.010, 75.716, 130.634
151, 325.000,-33.209, -13.622, 5929.777, -77.247, -36.556, 99.992, 89.174, 115.325
152, 230.000, -5.974, 53.936, 6.303, 51.351, 29.000, 0.010, 6.100, -60.545
152, 325.000,-4.487, 56.191, 5928.718, 41.594, 134.862, 99.992, 88.636, -17.141
153, 230.000, -75.503, -37.364, 43.260, 5.536, 40.194, 0.010, 46.835, -7.842
153, 325.000,-79.387, -38.125, 5923.970, -260.901, -89.679, 99.992, 87.334, 108.969
154, 230.000, 57.838, 79.381, 44.797, 38.817, 2.034, 0.010, 49.052, -87.001
154, 325.000,67.726, 91.426, 5876.005, 497.817, 628.270, 99.993, 82.232, -38.392
155, 230.000, 9.131, -25.554, 38.894, -44.658, 3.247, 0.010, 40.979, 85.842
155, 325.000,7.912, -26.034, 5929.944, -21.191, -70.733, 99.992, 89.287, 163.322
156, 230.000, -36.352, 50.326, 55.769, 17.564, -9.946, 0.010, 70.103, -119.521
156, 325.000,-36.819, 51.426, 5929.307, -59.179, 96.841, 99.992, 88.903, 31.429
157, 230.000, -69.665, -5.052, 45.180, 18.027, 33.932, 0.010, 49.621, -27.980
157, 325.000,-71.432, -4.155, 5928.425, -151.198, 23.016, 99.992, 88.522, 81.345
158, 230.000, 3.826, 6.467, 29.013, 42.744, 29.134, 0.010, 29.287, -55.722
158, 630.000,13.663, 17.698, 4587.698, 152.902, 185.990, 60.004, 86.996, -39.424
159, 230.000, -41.101, -72.640, 35.050, 7.182, -47.303, 0.010, 36.225, -171.367
159, 325.000,-43.069, -77.985, 5920.954, -136.967, -305.245, 99.992, 86.766, 155.834
160, 230.000, -75.166, -43.338, 39.864, -7.219, 43.317, 0.010, 42.232, 9.462
160, 325.000,-79.926, -44.614, 5921.634, -298.447, -121.948, 99.992, 86.884, 112.225
161, 230.000, -77.659, -33.264, 0.603, 43.782, -40.006, 0.010, 0.582, -132.420
161, 325.000,-80.503, -36.317, 5923.757, -230.221, -160.530, 99.992, 87.287, 124.887
162, 230.000, -34.431, -88.185, 25.623, -28.845, 45.045, 0.010, 25.596, 32.633
162, 325.000,-38.676, -95.443, 5909.199, -224.576, -448.348, 99.993, 85.150, 153.394
163, 230.000, 85.043, 15.952, 52.030, 11.531, 26.030, 0.010, 61.313, -23.893
163, 325.000,90.544, 17.721, 5919.863, 341.996, 89.348, 99.992, 86.583, -75.358
164, 230.000, -4.866, -18.175, 29.057, -36.034, -37.080, 0.010, 29.335, 135.820
164, 325.000,-6.157, -19.857, 5928.107, -70.504, -150.337, 99.993, 88.396, 154.875
165, 230.000, -9.091, 49.876, 34.642, 40.241, 26.423, 0.010, 35.739, -56.710
165, 325.000,-8.028, 51.885, 5929.102, 24.524, 121.374, 99.992, 88.804, -11.423
166, 230.000, -26.820, -37.630, 19.310, 39.955, -39.349, 0.010, 19.000, -134.562
166, 325.000,-26.146, -39.723, 5929.364, -8.252, -110.385, 99.992, 88.930, 175.725
167, 230.000, -25.755, 22.369, 28.153, 52.187, 1.251, 0.010, 28.339, -88.627
167, 325.000,-24.642, 22.889, 5930.187, -1.008, 49.606, 99.992, 89.521, 1.164
168, 230.000, -29.553, -26.077, 1.949, 16.497, -56.936, 0.010, 1.884, -163.841
168, 325.000,-29.656, -28.456, 5929.277, -38.685, -108.351, 99.992, 88.888, 160.352
169, 230.000, -71.384, 64.614, 8.180, 27.421, 51.950, 0.010, 7.927, -27.826
169, 325.000,-78.916, 73.755, 5895.607, -432.823, 473.948, 99.993, 83.787, 42.403
170, 230.000, -31.881, -72.736, 2.983, 0.168, 59.234, 0.010, 2.883, -0.162
170, 325.000,-33.281, -74.083, 5927.511, -96.228, -157.840, 99.992, 88.214, 148.631
171, 230.000, 65.616, -8.617, 34.146, 9.632, 47.528, 0.010, 35.151, -11.456
171, 325.000,67.945, -7.385, 5928.156, 160.265, 29.692, 99.992, 88.425, -79.504
172, 230.000, -95.254, 18.824, 45.459, 33.187, 18.700, 0.010, 50.038, -60.600
172, 325.000,-106.218, 21.748, 5896.373, -615.421, 148.656, 99.987, 83.871, 76.420
173, 230.000, 26.591, -16.343, 14.587, -0.730, 57.483, 0.010, 14.238, 0.728
173, 325.000,27.148, -14.858, 5930.021, 62.418, 21.690, 99.992, 89.362, -70.838
174, 230.000, -6.626, 73.279, 0.022, -56.480, -18.102, 0.010, 0.021, 107.771
174, 325.000,-8.655, 75.432, 5927.319, -76.541, 175.140, 99.992, 88.153, 23.607
175, 230.000, 74.558, -41.580, 58.144, -7.863, -8.665, 0.010, 78.622, 137.776
175, 325.000,78.555, -44.212, 5922.147, 267.175, -162.754, 99.992, 86.976, -121.348
176, 230.000, 44.865, -74.825, 21.187, -43.491, 34.312, 0.010, 20.930, 51.728
176, 325.000,46.244, -78.310, 5923.521, 128.493, -254.664, 99.991, 87.243, -153.226
177, 230.000, -28.863, 49.800, 46.111, -20.839, 30.938, 0.010, 51.029, 33.963
177, 325.000,-30.275, 52.079, 5928.371, -79.920, 132.695, 99.992, 88.503, 31.060
178, 230.000, 39.751, -72.591, 27.198, -51.756, -9.960, 0.010, 27.295, 100.893
178, 325.000,40.154, -76.581, 5924.354, 79.795, -255.591, 99.992, 87.412, -162.662
179, 230.000, -2.862, 7.206, 27.922, 52.326, 0.171, 0.010, 28.085, -89.813
179, 630.000,0.331, 15.690, 4591.447, 27.296, 153.261, 60.006, 88.058, -10.098
180, 230.000, 12.825, -34.005, 2.844, -39.305, 44.324, 0.010, 2.748, 41.565
180, 325.000,11.840, -33.313, 5930.330, -14.552, -23.922, 99.992, 89.729, 148.688
181, 230.000, -3.813, -6.974, 16.106, -56.284, 9.505, 0.010, 15.757, 80.414
181, 630.000,-15.341, -13.964, 4588.792, -175.547, -131.845, 60.005, 87.261, 126.909
182, 230.000, 73.066, -48.762, 57.612, -1.064, -14.049, 0.010, 76.258, 175.669
182, 325.000,77.730, -52.329, 5919.165, 295.879, -213.062, 99.991, 86.475, -125.758
183, 230.000, -68.121, 67.074, 11.079, 35.074, 46.526, 0.010, 10.766, -37.011
183, 325.000,-74.479, 75.795, 5900.388, -379.447, 460.275, 99.994, 84.227, 39.502
184, 230.000, 42.454, 42.456, 1.933, -59.018, 5.545, 0.010, 1.868, 84.633
184, 325.000,41.719, 43.773, 5929.606, 26.242, 93.225, 99.992, 89.064, -15.721
185, 230.000, -67.378, -69.681, 18.522, 16.612, -53.839, 0.010, 18.198, -162.853
185, 325.000,-75.462, -80.182, 5888.684, -447.757, -539.160, 99.987, 83.213, 140.291
186, 230.000, 3.506, 32.536, 42.934, -27.218, -30.552, 0.010, 46.377, 138.303
186, 325.000,2.714, 32.266, 5930.219, -20.663, 41.125, 99.992, 89.555, 26.677
187, 230.000, -50.800, -30.086, 0.033, 48.976, 33.451, 0.010, 0.031, -55.667
187, 325.000,-50.576, -29.812, 5930.108, -52.180, -26.294, 99.992, 89.435, 116.744
188, 230.000, -13.738, 37.479, 49.302, 6.362, 32.349, 0.010, 56.229, -11.127
188, 325.000,-13.830, 39.307, 5929.454, -19.216, 103.983, 99.992, 88.978, 10.470
189, 230.000, -2.269, -10.870, 53.603, -2.339, -25.277, 0.010, 64.659, 174.713
189, 630.000,-5.208, -26.705, 4585.746, -51.748, -271.453, 60.005, 86.551, 169.207
190, 230.000, 35.260, -30.606, 54.269, -4.246, -23.548, 0.010, 66.207, 169.780
190, 325.000,35.915, -32.037, 5929.528, 60.876, -81.034, 99.992, 89.021, -143.084
191, 230.000, 4.279, -28.519, 52.886, 9.862, 24.969, 0.010, 63.086, -21.553
191, 325.000,4.689, -28.360, 5930.149, 21.766, -48.891, 99.992, 89.483, -156.001
192, 230.000, 5.807, -52.109, 39.454, 28.731, 33.699, 0.010, 41.699, -40.450
192, 325.000,6.855, -52.283, 5929.906, 40.800, -64.283, 99.992, 89.264, -147.597
193, 230.000, -65.987, 60.029, 50.106, 26.853, 16.911, 0.010, 57.652, -57.798
193, 325.000,-69.686, 64.665, 5918.611, -253.555, 274.424, 99.992, 86.388, 42.737
194, 230.000, -57.280, 38.521, 7.839, -28.656, -51.332, 0.010, 7.595, 150.828
194, 325.000,-60.075, 38.169, 5927.881, -167.936, 39.394, 99.992, 88.333, 76.798
195, 230.000, -9.044, 62.011, 19.105, 9.247, 55.382, 0.010, 18.791, -9.479
195, 325.000,-9.013, 65.560, 5927.251, -10.128, 192.836, 99.992, 88.134, 3.007
196, 230.000, 31.976, -9.707, 49.342, 31.911, 8.046, 0.010, 56.298, -75.849
196, 325.000,33.671, -9.657, 5929.535, 99.955, -11.832, 99.992, 89.028, -96.751
197, 230.000, 29.882, 29.316, 6.183, 27.495, 52.187, 0.010, 5.984, -27.783
197, 325.000,31.407, 31.618, 5928.819, 83.684, 108.229, 99.992, 88.678, -37.712
198, 230.000, 74.407, -41.458, 43.095, -37.500, 15.944, 0.010, 46.603, 66.966
198, 325.000,77.376, -43.266, 5924.418, 230.081, -133.412, 99.991, 87.430, -120.107
199, 230.000, 80.600, 17.193, 36.257, -43.579, -17.433, 0.010, 37.685, 111.803
199, 325.000,83.224, 17.499, 5926.159, 220.708, 38.529, 99.992, 87.835, -80.098
200, 230.000, -57.449, 16.487, 4.746, 52.466, 27.248, 0.010, 4.590, -62.555
200, 325.000,-57.315, 17.793, 5929.732, -63.396, 62.076, 99.992, 89.143, 45.603
201, 230.000, -71.214, -68.445, 11.620, 53.084, -23.763, 0.010, 11.299, -114.116
201, 325.000,-81.152, -80.221, 5876.210, -536.122, -595.587, 99.999, 82.234, 138.008
202, 230.000, -9.830, 94.553, 11.155, -46.804, 34.679, 0.010, 10.841, 53.464
202, 325.000,-12.292, 105.584, 5898.811, -108.697, 601.465, 99.992, 84.084, 10.244
203, 230.000, -0.144, -31.074, 18.453, -4.451, 56.190, 0.010, 18.128, 4.529
203, 325.000,-0.290, -29.960, 5930.367, -5.058, -17.640, 99.992, 89.823, 164.002
204, 230.000, 48.302, 61.169, 58.379, 7.587, -7.207, 0.010, 79.838, -133.529
204, 325.000,50.604, 63.559, 5925.939, 150.739, 173.284, 99.991, 87.780, -41.020
205, 230.000, 50.954, -57.141, 32.827, 43.697, 23.035, 0.010, 33.606, -62.204
205, 325.000,54.416, -58.766, 5925.655, 191.728, -139.613, 99.992, 87.708, -126.062
206, 230.000, 57.435, 58.349, 30.850, -49.942, 8.464, 0.010, 31.343, 80.381
206, 325.000,58.676, 61.454, 5925.485, 135.444, 199.795, 99.992, 87.667, -34.134
207, 230.000, 41.715, -4.214, 34.451, 10.874, 47.038, 0.010, 35.511, -13.016
207, 325.000,42.961, -2.809, 5929.582, 89.069, 40.907, 99.992, 89.053, -65.332
208, 230.000, -22.659, 96.958, 19.022, -23.279, -51.126, 0.010, 18.706, 155.519
208, 325.000,-27.772, 114.393, 5859.848, -243.688, 880.780, 100.001, 81.136, 15.465
209, 230.000, -12.233, 75.542, 53.708, 8.139, 23.809, 0.010, 64.897, -18.872
209, 325.000,-12.483, 79.395, 5925.407, -26.606, 241.798, 99.992, 87.649, 6.279
210, 230.000, 11.173, 13.430, 36.476, 2.042, 46.722, 0.010, 37.953, -2.502
210, 630.000,24.196, 34.580, 4574.116, 233.810, 354.587, 59.998, 84.695, -33.400
211, 230.000, -18.793, 64.376, 33.339, 1.352, 49.034, 0.010, 34.203, -1.579
211, 325.000,-19.350, 67.977, 5926.787, -42.794, 202.440, 99.992, 88.001, 11.936
212, 230.000, -38.685, -80.419, 26.182, -50.364, 17.192, 0.010, 26.196, 71.152
212, 325.000,-42.916, -85.454, 5917.247, -219.861, -327.933, 99.992, 86.183, 146.160
213, 230.000, 28.362, -53.558, 38.586, 35.756, -27.390, 0.010, 40.586, -127.454
213, 325.000,30.276, -55.906, 5927.919, 96.884, -141.313, 99.992, 88.344, -145.566
214, 230.000, 95.569, 21.596, 37.274, 40.192, 22.647, 0.010, 38.937, -60.600
214, 325.000,110.930, 25.473, 5874.804, 785.502, 192.060, 99.985, 82.163, -76.260
215, 230.000, -17.794, 21.570, 44.726, -2.815, 38.849, 0.010, 48.948, 4.145
215, 325.000,-18.277, 23.286, 5929.428, -48.165, 95.857, 99.992, 88.963, 26.678
216, 230.000, 2.839, -30.327, 38.539, 45.028, -2.195, 0.010, 40.527, -92.791
216, 325.000,4.337, -31.056, 5929.703, 54.007, -73.359, 99.992, 89.120, -143.640
217, 230.000, 37.273, 79.050, 13.767, 48.501, -31.238, 0.010, 13.422, -122.784
217, 325.000,41.105, 83.018, 5920.385, 199.378, 281.098, 99.992, 86.669, -35.347
218, 230.000, 0.618, -17.345, 21.058, -10.026, 54.531, 0.010, 20.797, 10.418
218, 630.000,0.082, -30.586, 4585.988, -3.854, -271.019, 60.004, 86.618, 179.185
219, 230.000, 55.980, 39.943, 23.031, -35.472, 41.581, 0.010, 22.850, 40.467
219, 325.000,56.695, 42.563, 5927.966, 97.337, 139.108, 99.992, 88.359, -34.981
220, 230.000, 5.770, -59.665, 34.116, 37.295, 31.030, 0.010, 35.115, -50.239
220, 325.000,7.104, -60.288, 5929.486, 50.574, -90.823, 99.992, 88.996, -150.889
221, 230.000, 24.175, -78.351, 30.456, 5.481, 50.597, 0.010, 30.898, -6.183
221, 325.000,25.520, -80.580, 5926.332, 84.663, -202.580, 99.992, 87.878, -157.319
222, 230.000, -15.932, -8.791, 35.763, 23.902, 40.833, 0.010, 37.084, -30.342
222, 630.000,-31.273, -13.820, 4583.271, -291.028, -114.526, 60.002, 86.096, 111.481
223, 230.000, 30.739, -91.006, 47.667, 34.724, -6.300, 0.010, 53.485, -100.284
223, 325.000,35.311, -101.633, 5896.684, 232.885, -586.296, 99.990, 83.893, -158.336
224, 230.000, 10.314, -31.184, 32.525, -15.162, -47.222, 0.010, 33.256, 162.199
224, 325.000,10.050, -33.354, 5929.284, 5.772, -114.650, 99.992, 88.891, -177.118
225, 230.000, 72.913, 38.437, 9.076, 0.436, 58.610, 0.010, 8.802, -0.426
225, 325.000,76.641, 42.227, 5922.110, 247.783, 192.051, 99.992, 86.970, -52.222
226, 230.000, -0.870, 77.896, 33.755, 3.408, 48.648, 0.010, 34.690, -4.007
226, 325.000,-0.801, 82.808, 5923.560, 0.961, 284.677, 99.992, 87.249, -0.194
227, 230.000, -1.041, 46.695, 48.734, 32.685, -8.622, 0.010, 55.253, -104.777
227, 325.000,-0.029, 47.466, 5929.804, 31.912, 77.640, 99.992, 89.189, -22.344
228, 230.000, 70.890, 7.724, 57.896, 9.881, -8.250, 0.010, 77.465, -129.860
228, 325.000,73.690, 7.737, 5927.346, 189.943, 10.973, 99.992, 88.162, -86.694
229, 230.000, -81.534, 14.575, 58.059, 6.988, -9.898, 0.010, 78.212, -144.780
229, 325.000,-85.473, 15.011, 5924.156, -269.157, 39.022, 99.992, 87.371, 81.751
230, 230.000, 74.700, 54.938, 12.692, -13.087, 56.438, 0.010, 12.357, 13.055
230, 325.000,80.782, 61.437, 5908.993, 369.313, 341.950, 99.992, 85.131, -47.203
231, 230.000, 32.826, -41.130, 7.175, 6.509, -58.513, 0.010, 6.948, -173.652
231, 325.000,33.828, -43.990, 5928.344, 69.725, -139.525, 99.992, 88.493, -153.447
232, 230.000, -2.907, -11.671, 42.494, 22.860, 34.486, 0.010, 45.765, -33.540
232, 630.000,-3.450, -21.002, 4590.075, -23.069, -188.679, 60.004, 87.629, 173.029
233, 230.000, -54.356, -48.711, 21.603, -51.915, -18.863, 0.010, 21.361, 109.968
233, 325.000,-58.021, -51.125, 5925.178, -198.937, -149.383, 99.992, 87.596, 126.903
234, 230.000, 47.454, 87.812, 37.772, -45.602, -3.377, 0.010, 39.558, 94.235
234, 325.000,59.297, 112.143, 5800.593, 552.109, 1108.976, 100.026, 77.945, -26.467
235, 230.000, 5.624, -87.493, 36.353, -45.575, -10.911, 0.010, 37.802, 103.464
235, 325.000,4.575, -93.412, 5919.100, -25.458, -365.056, 99.992, 86.462, 176.011
236, 230.000, -95.282, 28.178, 26.901, -51.363, 12.485, 0.010, 26.973, 76.338
236, 325.000,-114.757, 33.857, 5847.989, -948.330, 277.542, 100.008, 80.410, 73.687
237, 230.000, -75.447, 23.497, 35.716, -26.067, -39.529, 0.010, 37.027, 146.598
237, 325.000,-79.627, 23.310, 5924.701, -257.976, 30.383, 99.992, 87.490, 83.283
238, 230.000, -53.935, 80.641, 26.723, -28.287, -44.759, 0.010, 26.781, 147.707
238, 325.000,-61.525, 89.371, 5895.669, -397.466, 501.063, 99.987, 83.809, 38.423
239, 230.000, 85.283, -11.184, 48.402, 4.207, 34.017, 0.010, 54.696, -7.051
239, 325.000,90.416, -10.788, 5921.340, 327.233, -6.444, 99.991, 86.836, -91.128
240, 230.000, 11.082, 55.614, 4.315, -39.719, 43.834, 0.010, 4.172, 42.181
240, 325.000,10.104, 58.441, 5928.296, -19.021, 156.630, 99.992, 88.475, 6.924
241, 230.000, -44.554, 59.754, 16.643, -25.276, 51.008, 0.010, 16.297, 26.360
241, 325.000,-47.095, 63.700, 5924.481, -149.570, 218.488, 99.992, 87.441, 34.394
242, 230.000, -95.633, 22.509, 9.291, 36.549, 45.777, 0.010, 9.013, -38.604
242, 325.000,-108.625, 27.191, 5884.531, -701.011, 223.345, 99.990, 82.873, 72.328
243, 230.000, -48.275, -7.668, 13.735, 2.254, -57.653, 0.010, 13.390, -177.761
243, 325.000,-49.310, -9.680, 5929.283, -87.711, -74.001, 99.992, 88.891, 130.154
244, 230.000, -26.509, -0.369, 2.111, 30.811, 50.635, 0.010, 2.039, -31.320
244, 325.000,-26.133, 1.252, 5929.961, -49.683, 53.299, 99.992, 89.296, 42.989
245, 230.000, 2.149, 85.700, 38.997, -4.629, -44.446, 0.010, 41.111, 174.053
245, 325.000,2.128, 89.188, 5924.296, 3.042, 269.057, 99.992, 87.399, -0.648
246, 230.000, -54.031, 13.342, 30.865, 26.839, 42.949, 0.010, 31.359, -32.001
246, 325.000,-54.533, 15.037, 5929.462, -78.153, 70.661, 99.992, 88.982, 47.882
247, 230.000, -95.578, -16.727, 42.576, 33.940, 23.517, 0.010, 45.878, -55.282
247, 325.000,-106.405, -18.094, 5898.155, -610.280, -87.992, 99.988, 84.032, 98.205
248, 230.000, -25.205, 7.723, 44.764, 38.879, -1.484, 0.010, 49.004, -92.186
248, 325.000,-24.552, 7.856, 5930.213, -39.134, 23.225, 99.991, 89.560, 59.312
249, 230.000, -0.295, -10.375, 2.116, 17.345, 56.677, 0.010, 2.045, -17.016
249, 630.000,1.535, -15.426, 4592.376, 22.962, -124.432, 60.007, 88.422, -169.545
250, 230.000, -89.627, 9.236, 56.088, 9.638, -16.700, 0.010, 71.028, -150.009
250, 325.000,-95.788, 9.389, 5917.642, -387.696, 23.308, 99.991, 86.245, 86.560
251, 230.000, -56.483, 67.511, 51.355, -26.857, 12.612, 0.010, 59.982, 64.846
251, 325.000,-61.008, 72.319, 5917.443, -261.340, 291.755, 99.992, 86.213, 41.852
252, 230.000, 75.006, -3.065, 57.474, 14.554, -1.589, 0.010, 75.709, -96.229
252, 325.000,78.402, -3.235, 5926.212, 222.478, -10.131, 99.992, 87.848, -92.607
253, 230.000, -6.238, 54.044, 8.176, -20.048, 55.217, 0.010, 7.924, 19.955
253, 325.000,-7.031, 57.148, 5928.068, -32.962, 162.822, 99.992, 88.395, 11.444
254, 230.000, 72.516, 5.797, 50.415, -12.995, 28.409, 0.010, 58.215, 24.580
254, 325.000,74.744, 6.897, 5927.646, 175.045, 44.718, 99.992, 88.254, -75.669
255, 230.000, 8.373, -73.227, 22.175, -2.923, 54.931, 0.010, 21.955, 3.046
255, 325.000,8.589, -74.193, 5928.835, 18.916, -134.764, 99.992, 88.685, -172.010
256, 230.000, 86.352, -29.006, 7.030, -36.288, 46.383, 0.010, 6.807, 38.039
256, 325.000,91.715, -29.754, 5919.034, 357.043, -83.644, 99.991, 86.455, -103.185
257, 230.000, 22.534, 37.664, 28.572, 51.973, 0.279, 0.010, 28.799, -89.692
257, 325.000,24.681, 38.498, 5929.217, 95.450, 69.840, 99.992, 88.857, -53.807
258, 230.000, 60.412, -2.098, 2.355, 55.242, -21.456, 0.010, 2.276, -111.226
258, 325.000,63.841, -2.837, 5927.455, 184.806, -26.699, 99.992, 88.196, -98.221
259, 230.000, 74.113, -6.225, 25.073, -52.794, -10.087, 0.010, 25.008, 100.816
259, 325.000,75.238, -6.776, 5928.619, 142.516, -27.136, 99.992, 88.598, -100.780
260, 230.000, 44.866, 77.636, 42.670, -37.519, -17.007, 0.010, 46.009, 114.385
260, 325.000,46.831, 82.509, 5919.926, 153.933, 317.101, 99.992, 86.592, -25.894
261, 230.000, 41.872, -66.494, 44.771, 1.966, -38.850, 0.010, 49.014, -177.102
261, 325.000,43.788, -70.651, 5924.005, 129.372, -242.897, 99.992, 87.340, -151.959
262, 230.000, 81.056, -19.382, 5.023, -24.345, 53.849, 0.010, 4.858, 24.327
262, 325.000,84.466, -18.697, 5925.062, 251.183, -9.519, 99.992, 87.571, -92.170
263, 230.000, 34.033, -34.921, 2.997, 5.792, -58.950, 0.010, 2.897, -174.389
263, 325.000,35.001, -37.605, 5928.646, 69.480, -126.180, 99.992, 88.608, -151.161
264, 230.000, -50.377, -67.187, 43.839, -35.847, 17.628, 0.010, 47.660, 63.813
264, 325.000,-54.200, -70.254, 5922.393, -216.013, -219.188, 99.991, 87.025, 135.418
265, 230.000, 48.138, -44.139, 11.255, -24.537, -52.810, 0.010, 10.939, 155.080
265, 325.000,48.824, -47.152, 5927.791, 83.401, -154.781, 99.992, 88.301, -151.683
266, 230.000, 51.176, 85.129, 41.133, -42.387, 5.389, 0.010, 43.910, 82.754
266, 325.000,59.095, 100.541, 5864.896, 416.487, 774.299, 99.993, 81.474, -28.275
267, 230.000, 87.120, 15.272, 31.312, 20.534, 45.995, 0.010, 31.866, -24.058
267, 325.000,93.591, 17.716, 5916.659, 387.544, 112.813, 99.992, 86.097, -73.770
268, 230.000, -40.774, -70.291, 57.601, 2.546, 13.902, 0.010, 76.214, -10.380
268, 325.000,-42.647, -73.223, 5925.189, -128.966, -212.337, 99.992, 87.599, 148.727
269, 230.000, 7.855, 18.511, 55.688, -13.724, -15.105, 0.010, 69.873, 137.743
269, 325.000,7.631, 18.536, 5929.405, 41.006, 117.352, 100.002, 88.799, -19.261
270, 230.000, -27.008, -59.923, 5.246, 59.076, 0.374, 0.010, 5.074, -89.637
270, 325.000,-25.954, -61.727, 5928.866, 0.497, -134.799, 99.992, 88.698, -179.789
271, 230.000, 75.960, -41.468, 43.472, 17.890, -36.163, 0.010, 47.135, -153.679
271, 325.000,81.148, -45.117, 5918.617, 315.524, -200.130, 99.992, 86.388, -122.386
272, 230.000, 46.057, -34.297, 24.332, 28.945, -45.692, 0.010, 24.221, -147.647
272, 325.000,48.180, -36.642, 5927.968, 123.134, -116.719, 99.992, 88.361, -133.468
273, 230.000, 23.176, 12.440, 26.669, -34.234, 40.428, 0.010, 26.722, 40.258
273, 325.000,22.613, 14.022, 5929.743, 33.485, 81.017, 99.992, 89.153, -22.455
274, 230.000, -68.871, -30.474, 22.562, 39.985, 37.547, 0.010, 22.359, -46.800
274, 325.000,-70.275, -30.472, 5928.435, -145.955, -43.833, 99.992, 88.527, 106.716
275, 230.000, 83.386, 8.035, 31.196, -23.465, -44.652, 0.010, 31.735, 152.278
275, 325.000,87.038, 7.069, 5924.455, 264.860, -19.093, 99.992, 87.434, -94.123
276, 230.000, -70.208, -19.771, 37.204, 37.749, -26.619, 0.010, 38.850, -125.190
276, 325.000,-71.572, -21.324, 5928.143, -143.045, -79.150, 99.992, 88.420, 118.957
277, 230.000, -90.354, 34.765, 49.776, -22.572, -23.032, 0.010, 57.062, 135.578
277, 325.000,-102.276, 38.400, 5892.254, -637.247, 211.243, 99.991, 83.500, 71.660
278, 230.000, 90.214, -29.191, 55.992, 13.112, -14.513, 0.010, 70.745, -137.902
278, 325.000,99.807, -32.606, 5902.975, 538.326, -185.146, 99.991, 84.492, -108.980
279, 230.000, 72.160, -55.784, 7.410, 15.573, -56.747, 0.010, 7.177, -164.654
279, 325.000,78.363, -61.957, 5910.313, 361.890, -327.286, 99.993, 85.281, -132.126
280, 230.000, -89.366, 26.484, 8.560, 42.975, -39.969, 0.010, 8.298, -132.925
280, 325.000,-95.764, 27.546, 5915.408, -410.575, 92.692, 99.991, 85.930, 77.278
281, 230.000, 38.207, -60.212, 16.006, -24.212, 51.722, 0.010, 15.657, 25.085
281, 325.000,38.759, -60.654, 5929.205, 69.897, -96.012, 99.992, 88.853, -143.945
282, 230.000, 29.980, 66.366, 47.009, 13.768, 33.441, 0.010, 52.429, -22.377
282, 325.000,31.521, 69.869, 5925.932, 93.521, 210.116, 99.992, 87.777, -23.993
283, 230.000, -57.995, 49.594, 28.474, -48.269, 19.417, 0.010, 28.691, 68.087
283, 325.000,-61.904, 52.251, 5924.159, -217.560, 163.161, 99.992, 87.372, 53.132
284, 230.000, -2.214, 59.118, 48.019, 5.153, 34.428, 0.010, 54.059, -8.512
284, 325.000,-2.111, 61.793, 5928.302, 0.777, 157.615, 99.992, 88.477, -0.282
285, 230.000, -51.730, -66.618, 19.199, -46.649, -31.191, 0.010, 18.887, 123.768
285, 325.000,-56.066, -71.302, 5919.239, -237.514, -275.417, 99.992, 86.484, 139.226
286, 230.000, 84.101, -27.766, 56.522, 16.267, 7.633, 0.010, 72.364, -64.863
286, 325.000,90.228, -29.389, 5917.869, 369.913, -108.370, 99.992, 86.273, -106.329
287, 230.000, -19.783, -48.355, 38.500, 16.106, 42.143, 0.010, 40.476, -20.916
287, 325.000,-19.742, -48.166, 5930.162, -20.883, -48.169, 99.992, 89.493, 156.562
288, 230.000, -13.534, 2.054, 10.234, -58.372, 2.357, 0.010, 9.936, 87.687
288, 630.000,-36.499, 4.727, 4578.063, -380.535, 46.875, 60.006, 85.213, 82.978
289, 230.000, 21.887, 34.029, 22.407, 54.709, -4.743, 0.010, 22.197, -94.955
289, 325.000,24.100, 34.607, 5929.298, 97.730, 58.798, 99.992, 88.898, -58.967
290, 230.000, -73.515, 53.840, 49.872, -16.155, -27.739, 0.010, 57.233, 149.784
290, 325.000,-79.662, 57.130, 5915.251, -360.465, 221.999, 99.991, 85.906, 58.372
291, 230.000, -84.953, 6.439, 10.214, 51.614, 27.373, 0.010, 9.917, -62.061
291, 325.000,-88.049, 7.647, 5924.775, -252.638, 52.122, 99.991, 87.507, 78.343
292, 230.000, -37.957, -65.754, 50.931, -29.674, 6.565, 0.010, 59.174, 77.525
292, 325.000,-40.411, -68.193, 5926.099, -137.979, -178.396, 99.992, 87.821, 142.280
293, 230.000, -4.592, -89.199, 58.068, -11.610, -3.308, 0.010, 78.255, 105.903
293, 325.000,-5.267, -95.487, 5917.606, -32.095, -388.140, 99.992, 86.235, 175.273
294, 230.000, -6.891, 55.062, 37.694, -40.202, 21.922, 0.010, 39.461, 61.396
294, 325.000,-8.337, 57.143, 5928.689, -55.218, 131.130, 99.992, 88.625, 22.836
295, 230.000, 77.556, 53.694, 26.504, -17.935, -49.935, 0.010, 26.544, 160.243
295, 325.000,84.345, 57.253, 5911.550, 406.073, 241.149, 99.991, 85.432, -59.296
296, 230.000, -8.506, -1.649, 56.041, -3.420, 19.115, 0.010, 70.889, 10.143
296, 630.000,-18.908, -1.196, 4590.326, -186.035, -2.868, 60.006, 87.679, 90.883
297, 230.000, 63.800, -27.960, 13.011, 54.986, -18.025, 0.010, 12.672, -108.150
297, 325.000,67.717, -29.485, 5925.814, 215.712, -88.205, 99.992, 87.748, -112.240
298, 230.000, 97.410, 6.266, 38.844, 15.574, 42.027, 0.010, 40.914, -20.334
298, 325.000,111.316, 8.388, 5884.382, 732.999, 91.128, 99.997, 82.845, -82.913
299, 230.000, -62.250, -27.960, 6.114, -31.794, 49.693, 0.010, 5.917, 32.611
299, 325.000,-65.278, -27.296, 5927.603, -181.430, -14.870, 99.992, 88.241, 94.685
300, 230.000, 43.407, 12.778, 19.805, -53.474, -16.306, 0.010, 19.508, 106.958
300, 325.000,42.660, 12.540, 5930.336, 25.517, 6.927, 99.992, 89.745, -74.813
