ion,x0,y0,z0,vx0,vy0,vz0,ke0,elev0,azim0,x1,y1,z1,vx1,vy1,vz1,ke1,elev1,azim1
1, 230.000, 40.434, 41.792, 9.041, -48.254, -33.278, 0.010, 8.768, 124.592
1, 325.000,39.945, 41.814, 5930.110, 30.956, 49.201, 99.992, 89.438, -32.177
2, 230.000, -53.552, 56.478, 28.870, 20.274, -47.677, 0.010, 29.129, -156.964
2, 325.000,-55.159, 57.348, 5927.782, -134.239, 114.043, 99.992, 88.298, 49.650
3, 230.000, 32.453, 2.475, 38.373, -41.481, 18.013, 0.010, 40.315, 66.527
3, 325.000,31.831, 3.103, 5930.265, 30.098, 24.521, 99.992, 89.625, -50.830
4, 230.000, 12.324, -71.613, 40.914, 5.336, -42.605, 0.010, 43.617, -172.861
4, 325.000,12.946, -75.593, 5925.685, 38.046, -233.189, 99.992, 87.717, -170.734
5, 230.000, -12.141, -0.563, 26.700, 1.287, -52.944, 0.010, 26.755, -178.607
5, 630.000,-25.291, -7.578, 4955.274, -242.533, -98.114, 70.007, 86.978, 112.025
6, 230.000, 62.576, -76.134, 0.749, -59.042, 5.581, 0.010, 0.724, 84.600
6, 325.000,70.310, -87.519, 5884.440, 432.682, -597.537, 99.995, 82.854, -144.091
7, 230.000, -22.604, 13.919, 24.182, -50.095, 20.576, 0.010, 24.062, 67.670
7, 325.000,-24.710, 14.888, 5929.031, -112.638, 58.469, 99.991, 88.774, 62.567
8, 230.000, 25.557, -41.605, 29.732, -2.530, 51.257, 0.010, 30.086, 2.826
8, 325.000,26.058, -40.922, 5930.175, 44.997, -24.442, 99.992, 89.505, -118.511
9, 230.000, -25.871, 91.148, 32.402, -48.126, -12.316, 0.010, 33.114, 104.354
9, 325.000,-29.931, 99.932, 5905.007, -200.017, 510.635, 99.992, 84.694, 21.390
10, 230.000, -17.269, -47.280, 21.664, -55.207, -0.683, 0.010, 21.425, 90.709
10, 325.000,-19.427, -48.406, 5929.044, -89.592, -89.509, 99.992, 88.776, 134.973
11, 230.000, 94.731, 5.146, 37.500, 44.216, -12.502, 0.010, 39.219, -105.788
11, 325.000,105.922, 5.301, 5899.240, 606.234, 17.016, 99.990, 84.130, -88.392
12, 230.000, -3.055, 72.960, 13.262, -57.541, 5.550, 0.010, 12.921, 84.490
12, 325.000,-4.981, 75.824, 5926.705, -68.121, 197.717, 99.992, 87.979, 19.011
13, 230.000, -11.878, 17.606, 6.236, 8.092, 58.423, 0.010, 6.035, -7.886
13, 325.000,-11.912, 19.925, 5928.720, -40.152, 137.372, 99.993, 88.617, 16.293
14, 230.000, -73.102, 50.186, 43.059, 14.962, 37.943, 0.010, 46.553, -21.520
14, 325.000,-77.552, 54.727, 5917.893, -291.689, 251.278, 99.992, 86.278, 49.256
15, 230.000, 13.738, -50.591, 22.912, -53.568, 11.099, 0.010, 22.725, 78.294
15, 325.000,12.363, -51.444, 5929.717, -29.351, -84.697, 99.992, 89.134, 160.886
16, 230.000, -29.676, 21.490, 32.552, -17.659, 46.327, 0.010, 33.288, 20.866
16, 325.000,-30.866, 23.420, 5929.235, -75.710, 89.686, 99.992, 88.866, 40.170
17, 230.000, -68.240, 27.359, 33.359, -40.927, 27.014, 0.010, 34.226, 56.573
17, 325.000,-72.111, 29.244, 5925.196, -226.408, 101.852, 99.992, 87.601, 65.779
18, 230.000, -57.021, 79.712, 45.457, -21.572, 31.399, 0.010, 50.035, 34.490
18, 325.000,-66.110, 92.454, 5875.722, -465.993, 652.765, 99.985, 82.227, 35.522
19, 230.000, 67.900, -4.381, 26.358, -47.017, -24.745, 0.010, 26.386, 117.758
19, 325.000,68.575, -5.300, 5929.268, 109.913, -35.995, 99.992, 88.883, -108.133
20, 230.000, 10.486, -60.933, 35.401, 32.232, -35.007, 0.010, 36.647, -137.364
20, 325.000,11.801, -63.766, 5927.778, 55.958, -167.070, 99.992, 88.297, -161.482
21, 230.000, 65.867, -42.889, 0.027, -46.864, -36.351, 0.010, 0.026, 127.800
21, 325.000,67.254, -45.894, 5926.223, 147.848, -166.365, 99.992, 87.849, -138.373
22, 230.000, -32.346, 49.380, 31.042, 32.336, -38.838, 0.010, 31.560, -140.220
22, 325.000,-32.173, 49.449, 5930.006, -32.069, 59.870, 99.992, 89.344, 28.175
23, 230.000, -24.713, -61.993, 9.798, -36.685, -45.561, 0.010, 9.509, 141.159
23, 325.000,-26.659, -65.403, 5926.488, -96.072, -192.634, 99.992, 87.920, 153.493
24, 230.000, -31.115, -51.524, 46.869, 7.921, 35.471, 0.010, 52.209, -12.588
24, 325.000,-31.704, -51.793, 5929.722, -56.012, -69.568, 99.992, 89.137, 141.161
25, 230.000, -2.350, 88.639, 1.359, 50.852, -30.494, 0.010, 1.313, -120.949
25, 325.000,-0.929, 93.535, 5920.789, 44.090, 334.775, 99.992, 86.736, -7.503
26, 230.000, -16.551, 89.535, 16.249, -32.570, 46.828, 0.010, 15.900, 34.819
26, 325.000,-18.856, 98.023, 5910.208, -113.355, 475.755, 99.992, 85.270, 13.402
27, 230.000, -19.796, 4.241, 21.726, -43.923, 33.413, 0.010, 21.488, 52.739
27, 325.000,-21.711, 5.423, 5928.539, -139.792, 56.801, 99.994, 88.542, 67.887
28, 230.000, -2.287, -16.709, 43.255, 36.723, -17.266, 0.010, 46.828, -115.181
28, 630.000,-0.345, -36.855, 4949.207, 14.343, -360.120, 70.011, 85.835, -177.719
29, 230.000, 18.147, -96.059, 37.367, -34.318, -30.718, 0.010, 39.052, 131.832
29, 325.000,19.692, -110.587, 5881.493, 99.389, -753.832, 99.993, 82.634, -172.489
30, 230.000, 4.656, -84.298, 24.343, 4.297, -53.913, 0.010, 24.233, -175.443
30, 325.000,5.050, -90.692, 5919.138, 21.531, -364.637, 99.992, 86.469, -176.621
31, 230.000, 17.760, 0.678, 11.818, -51.561, -26.822, 0.010, 11.493, 117.483
31, 630.000,30.791, -1.822, 4954.791, 269.779, -30.293, 70.008, 86.864, -96.407
32, 230.000, -31.338, -48.043, 3.977, 1.393, -59.160, 0.010, 3.845, -178.651
32, 325.000,-32.112, -51.179, 5927.960, -61.800, -158.299, 99.992, 88.358, 158.674
33, 230.000, 18.349, 72.617, 5.542, 20.975, -55.199, 0.010, 5.362, -159.194
33, 325.000,19.711, 73.651, 5928.350, 71.484, 138.468, 99.992, 88.494, -27.305
34, 230.000, -22.646, -90.314, 18.705, 54.757, 13.016, 0.010, 18.384, -76.629
34, 325.000,-22.940, -97.766, 5912.975, -58.007, -449.906, 99.990, 85.613, 172.653
35, 230.000, -6.405, -53.168, 1.463, -56.985, -16.378, 0.010, 1.413, 106.035
35, 325.000,-8.377, -54.987, 5928.763, -71.380, -119.460, 99.992, 88.655, 149.141
36, 230.000, 11.326, -56.445, 22.794, 13.689, 53.016, 0.010, 22.602, -14.478
36, 325.000,12.051, -56.211, 5930.004, 36.752, -57.505, 99.992, 89.341, -147.417
37, 230.000, -36.125, 74.656, 49.313, 32.559, 5.079, 0.010, 56.248, -81.134
37, 325.000,-36.962, 78.634, 5924.053, -88.648, 259.302, 99.991, 87.351, 18.874
38, 230.000, 90.940, 11.571, 14.028, -19.583, -54.197, 0.010, 13.681, 160.133
38, 325.000,97.494, 10.816, 5916.126, 411.474, -2.572, 99.992, 86.021, -90.358
39, 230.000, -83.871, 43.099, 17.027, 49.079, -28.618, 0.010, 16.684, -120.246
39, 325.000,-90.230, 46.263, 5913.086, -403.929, 203.949, 99.991, 85.624, 63.210
40, 230.000, -19.800, -55.495, 3.828, 7.434, 58.717, 0.010, 3.701, -7.215
40, 325.000,-20.082, -55.082, 5930.086, -32.337, -51.352, 99.992, 89.414, 147.801
41, 230.000, -41.095, -16.778, 16.821, 38.145, -42.186, 0.010, 16.476, -137.880
41, 325.000,-40.778, -18.490, 5929.810, -36.622, -74.803, 99.992, 89.195, 153.915
42, 230.000, 57.793, 80.906, 9.602, -58.104, 7.025, 0.010, 9.317, 83.106
42, 325.000,66.530, 95.748, 5865.447, 463.385, 743.637, 99.996, 81.504, -31.928
43, 230.000, 31.632, -39.884, 23.132, 22.464, 49.778, 0.010, 22.956, -24.289
43, 325.000,33.084, -39.234, 5929.773, 82.780, -23.507, 99.992, 89.169, -105.853
44, 230.000, 18.306, -15.338, 10.028, 10.686, -57.471, 0.010, 9.734, -169.467
44, 325.000,19.076, -17.544, 5928.929, 69.985, -110.912, 99.991, 88.733, -147.748
45, 230.000, -40.296, -82.912, 46.625, -25.992, -25.849, 0.010, 51.825, 134.842
45, 325.000,-44.473, -90.661, 5909.477, -229.130, -442.068, 99.992, 85.184, 152.602
46, 230.000, 11.702, -76.485, 41.207, 42.499, -3.668, 0.010, 44.010, -94.933
46, 325.000,13.523, -79.821, 5925.520, 78.694, -227.345, 99.992, 87.675, -160.907
47, 230.000, -44.478, 28.677, 33.866, -25.569, 41.436, 0.010, 34.820, 31.677
47, 325.000,-46.368, 30.687, 5928.532, -111.880, 97.972, 99.992, 88.563, 48.792
48, 230.000, -54.172, 58.509, 18.495, -55.945, 6.764, 0.010, 18.170, 83.106
48, 325.000,-58.432, 61.430, 5922.868, -229.294, 191.321, 99.992, 87.114, 50.159
49, 230.000, -35.913, 55.125, 26.488, 43.221, -30.789, 0.010, 26.526, -125.465
49, 325.000,-35.629, 55.812, 5929.580, -35.662, 91.691, 99.992, 89.049, 21.253
50, 230.000, -9.202, 7.745, 55.074, -3.135, 21.786, 0.010, 68.216, 8.188
50, 630.000,-19.661, 18.856, 4954.734, -190.476, 191.631, 70.005, 86.879, 44.827
51, 230.000, -20.669, -61.680, 46.055, -37.364, -0.734, 0.010, 50.942, 91.126
51, 325.000,-22.469, -63.562, 5928.143, -85.289, -139.403, 99.992, 88.421, 148.541
52, 230.000, -20.108, 91.488, 31.705, 2.784, 50.047, 0.010, 32.314, -3.183
52, 325.000,-21.920, 101.646, 5903.463, -107.098, 554.143, 99.991, 84.539, 10.939
53, 230.000, 13.857, -92.952, 1.139, 3.214, 59.212, 0.010, 1.100, -3.106
53, 325.000,15.219, -99.618, 5914.124, 77.258, -432.188, 99.992, 85.754, -169.865
54, 230.000, 82.948, -27.086, 19.098, -56.145, 0.824, 0.010, 18.784, 89.160
54, 325.000,86.249, -28.707, 5923.627, 263.091, -104.402, 99.991, 87.264, -111.645
55, 230.000, 26.288, 89.635, 31.853, -47.518, -15.653, 0.010, 32.484, 108.232
55, 325.000,27.170, 97.105, 5912.620, 86.503, 450.756, 99.992, 85.561, -10.863
56, 230.000, -53.515, -18.348, 10.775, 41.192, -41.289, 0.010, 10.467, -135.067
56, 325.000,-53.562, -20.125, 5929.534, -63.103, -79.062, 99.992, 89.023, 141.405
57, 230.000, -43.074, 47.720, 46.234, 0.540, -37.145, 0.010, 51.218, -179.168
57, 325.000,-44.319, 47.948, 5929.275, -94.155, 66.352, 99.992, 88.887, 54.827
58, 230.000, -81.852, 3.856, 34.049, -47.104, -11.814, 0.010, 35.035, 104.079
58, 325.000,-87.440, 3.682, 5921.500, -324.722, 0.541, 99.992, 86.861, 89.905
59, 230.000, 62.896, -50.459, 49.945, -3.966, -31.740, 0.010, 57.362, 172.878
59, 325.000,65.748, -53.835, 5923.913, 197.199, -194.867, 99.992, 87.321, -134.659
60, 230.000, -60.546, 6.591, 45.990, -4.786, -37.144, 0.010, 50.843, 172.658
60, 325.000,-62.364, 5.601, 5928.872, -132.031, -24.702, 99.992, 88.702, 100.597
61, 230.000, -31.521, 73.248, 23.703, -6.213, -54.011, 0.010, 23.556, 173.438
61, 325.000,-33.123, 74.832, 5927.147, -102.870, 167.278, 99.992, 88.102, 31.590
62, 230.000, 0.409, -9.169, 29.589, -37.278, -35.391, 0.010, 29.926, 133.513
62, 630.000,-3.650, -23.536, 4955.876, -52.901, -243.528, 70.006, 87.121, 167.744
63, 230.000, 45.380, -73.149, 0.896, -15.984, 57.108, 0.010, 0.866, 15.637
63, 325.000,47.487, -75.569, 5924.673, 151.799, -211.620, 99.992, 87.483, -144.348
64, 230.000, -53.627, 37.932, 52.824, -10.164, 24.979, 0.010, 62.955, 22.141
64, 325.000,-55.591, 39.880, 5927.842, -132.759, 112.397, 99.992, 88.319, 49.748
65, 230.000, 8.562, 82.581, 48.819, -8.729, 32.530, 0.010, 55.398, 15.022
65, 325.000,8.738, 87.902, 5921.732, 20.424, 319.827, 99.992, 86.902, -3.654
66, 230.000, 30.015, -70.889, 53.434, 23.773, -9.863, 0.010, 64.281, -112.534
66, 325.000,32.009, -74.153, 5925.404, 111.926, -215.902, 99.992, 87.650, -152.597
67, 230.000, 28.717, -36.785, 34.905, 35.181, 32.582, 0.010, 36.052, -47.196
67, 325.000,30.476, -36.572, 5929.622, 89.540, -34.300, 99.992, 89.074, -110.960
68, 230.000, -2.797, 14.630, 1.783, 50.018, -31.823, 0.010, 1.723, -122.466
68, 630.000,0.199, 26.758, 4956.024, 25.818, 241.679, 70.001, 87.192, -6.098
69, 230.000, 14.584, -58.376, 8.304, 58.418, -6.003, 0.010, 8.049, -95.867
69, 325.000,16.837, -60.160, 5928.318, 91.028, -127.948, 99.992, 88.483, -144.570
70, 230.000, -36.711, -88.951, 26.675, -9.559, 52.103, 0.010, 26.728, 10.396
70, 325.000,-41.135, -97.399, 5904.071, -240.799, -503.002, 99.990, 84.604, 154.418
71, 230.000, 44.649, 40.845, 10.601, -30.367, 49.830, 0.010, 10.297, 31.359
71, 325.000,44.910, 43.547, 5928.488, 61.883, 137.149, 99.992, 88.546, -24.285
72, 230.000, -57.944, 75.634, 29.598, 9.037, 50.596, 0.010, 29.936, -10.127
72, 325.000,-63.881, 85.275, 5898.571, -340.494, 511.107, 99.994, 84.056, 33.671
73, 230.000, -19.915, 42.247, 27.395, -46.630, 24.348, 0.010, 27.510, 62.429
73, 325.000,-21.845, 43.970, 5928.887, -85.034, 103.188, 99.992, 88.708, 39.491
74, 230.000, 56.047, -5.520, 32.937, -27.389, -41.019, 0.010, 33.735, 146.268
74, 325.000,56.595, -6.959, 5929.585, 82.136, -53.385, 99.992, 89.054, -123.022
75, 230.000, 20.369, -87.654, 21.424, 53.167, -15.231, 0.010, 21.175, -105.986
75, 325.000,23.494, -94.517, 5914.405, 147.731, -409.204, 99.991, 85.793, -160.149
76, 230.000, 1.118, -47.112, 16.647, 56.400, -7.715, 0.010, 16.301, -97.790
76, 325.000,2.940, -48.417, 5929.326, 60.468, -95.138, 99.992, 88.911, -147.561
77, 230.000, -82.947, 18.452, 47.257, 30.998, -17.988, 0.010, 52.823, -120.125
77, 325.000,-86.562, 18.912, 5924.218, -266.410, 47.579, 99.992, 87.384, 79.874
78, 230.000, -8.012, -0.717, 14.397, 51.456, -25.741, 0.010, 14.049, -116.577
78, 630.000,-10.619, -4.630, 4961.100, -78.086, -56.944, 70.003, 88.884, 126.101
79, 230.000, -53.636, -58.942, 32.342, -49.455, 5.087, 0.010, 33.045, 84.128
79, 325.000,-57.646, -61.493, 5923.607, -219.806, -179.184, 99.992, 87.259, 129.187
80, 230.000, 53.906, 54.995, 54.024, -22.272, -10.147, 0.010, 65.628, 114.495
80, 325.000,55.429, 56.940, 5927.119, 131.186, 146.990, 99.992, 88.096, -41.748
81, 230.000, 13.522, -58.750, 54.810, 19.712, 11.177, 0.010, 67.538, -60.446
81, 325.000,14.511, -59.995, 5929.169, 48.537, -110.470, 99.992, 88.834, -156.281
82, 230.000, 46.885, -26.632, 1.620, -51.179, 29.928, 0.010, 1.565, 59.682
82, 325.000,46.388, -26.322, 5930.249, 36.937, -20.094, 99.992, 89.594, -118.547
83, 230.000, -36.709, -61.773, 50.379, -29.252, -11.133, 0.010, 58.149, 110.836
83, 325.000,-38.942, -64.336, 5926.617, -125.041, -170.680, 99.992, 87.955, 143.773
84, 230.000, -4.056, 51.581, 20.949, -28.848, -47.398, 0.010, 20.684, 148.674
84, 325.000,-5.068, 51.288, 5930.080, -37.536, 48.380, 99.992, 89.408, 37.806
85, 230.000, -69.335, 54.941, 16.013, -56.661, 7.127, 0.010, 15.664, 82.831
85, 325.000,-75.786, 58.883, 5914.970, -353.665, 240.235, 99.992, 85.866, 55.813
86, 230.000, -20.336, 77.927, 46.837, -34.728, -10.859, 0.010, 52.157, 107.364
86, 325.000,-22.369, 81.236, 5924.850, -100.974, 235.868, 99.992, 87.520, 23.176
87, 230.000, 1.367, -91.687, 57.880, -11.834, -5.247, 0.010, 77.393, 113.912
87, 325.000,1.115, -99.190, 5913.497, -5.978, -447.513, 99.992, 85.672, 179.235
88, 230.000, -9.426, -47.804, 51.838, 15.964, -23.992, 0.010, 60.929, -146.362
88, 325.000,-9.136, -49.657, 5929.303, -1.016, -113.780, 99.992, 88.901, 179.488
89, 230.000, -85.123, -41.275, 46.371, 3.736, 36.788, 0.010, 51.431, -5.798
89, 325.000,-93.342, -44.200, 5908.193, -475.441, -193.244, 99.993, 85.035, 112.119
90, 230.000, 33.439, -86.796, 38.590, -44.080, 9.239, 0.010, 40.591, 78.162
90, 325.000,34.983, -94.012, 5913.175, 123.998, -433.747, 99.990, 85.637, -164.046
91, 230.000, -0.827, 91.305, 5.103, -9.110, 58.383, 0.010, 4.935, 8.869
91, 325.000,-1.174, 100.436, 5909.010, -13.685, 503.270, 99.993, 85.130, 1.558
92, 230.000, -56.796, 19.973, 54.408, 4.022, 23.264, 0.010, 66.543, -9.808
92, 325.000,-58.214, 21.249, 5928.939, -113.920, 65.656, 99.992, 88.730, 60.044
93, 230.000, -10.610, 7.227, 47.664, -19.527, -29.402, 0.010, 53.479, 146.411
93, 630.000,-24.576, 11.591, 4954.899, -245.438, 97.330, 70.000, 86.950, 68.369
94, 230.000, -23.741, 31.764, 50.191, -16.604, -26.885, 0.010, 57.806, 148.301
94, 325.000,-24.775, 31.588, 5929.979, -62.400, 32.518, 99.992, 89.320, 62.475
95, 230.000, -56.887, -59.949, 40.051, -41.585, 13.575, 0.010, 42.476, 71.921
95, 325.000,-61.092, -62.594, 5922.605, -237.359, -189.761, 99.992, 87.063, 128.641
96, 230.000, -59.955, 37.143, 58.122, 10.599, 5.206, 0.010, 78.516, -63.841
96, 325.000,-61.676, 38.578, 5927.995, -137.763, 97.612, 99.992, 88.369, 54.681
97, 230.000, -80.296, 58.640, 56.394, 13.077, -12.899, 0.010, 71.959, -134.606
97, 325.000,-94.508, 68.920, 5863.630, -719.290, 521.703, 99.998, 81.383, 54.047
98, 230.000, 36.793, 40.378, 35.748, -39.512, -26.048, 0.010, 37.066, 123.394
98, 325.000,36.442, 40.542, 5930.100, 30.205, 51.082, 99.992, 89.427, -30.596
99, 230.000, 69.113, 43.230, 26.562, -52.825, 4.646, 0.010, 26.606, 84.974
99, 325.000,70.767, 45.441, 5926.286, 167.200, 144.163, 99.992, 87.867, -49.231
100, 230.000, 11.840, 77.585, 28.852, -49.076, 16.637, 0.010, 29.109, 71.273
100, 325.000,10.822, 81.497, 5925.073, -15.818, 250.844, 99.992, 87.571, 3.608
101, 230.000, 41.933, 35.658, 58.441, -9.782, 2.571, 0.010, 80.181, 75.272
101, 325.000,42.665, 36.624, 5929.522, 71.592, 72.155, 99.992, 89.018, -44.776
102, 230.000, -34.346, 79.104, 0.695, -23.693, 54.367, 0.010, 0.671, 23.547
102, 325.000,-37.176, 85.614, 5916.967, -158.989, 365.957, 99.992, 86.142, 23.482
103, 230.000, 17.291, 48.713, 11.392, 57.207, 10.731, 0.010, 11.074, -79.376
103, 325.000,19.523, 50.214, 5928.776, 92.059, 103.565, 99.992, 88.661, -41.634
104, 230.000, 10.068, -96.214, 39.385, 16.772, -41.051, 0.010, 41.610, -157.777
104, 325.000,11.838, -109.541, 5888.077, 86.784, -701.634, 99.991, 83.153, -172.949
105, 230.000, 6.687, -47.147, 40.958, 41.728, 9.944, 0.010, 43.675, -76.596
105, 325.000,8.161, -47.894, 5929.636, 55.590, -77.077, 99.992, 89.082, -144.200
106, 230.000, -52.573, -69.170, 53.670, 19.810, 15.645, 0.010, 64.810, -51.700
106, 325.000,-55.139, -72.868, 5922.253, -182.678, -251.349, 99.992, 86.997, 143.991
107, 230.000, -56.359, -0.232, 38.863, -35.673, -27.105, 0.010, 40.940, 127.228
107, 325.000,-58.929, -1.096, 5928.454, -149.056, -28.549, 99.992, 88.534, 100.843
108, 230.000, 6.998, -19.776, 24.778, -28.832, -45.524, 0.010, 24.694, 147.653
108, 325.000,6.247, -21.737, 5928.796, -1.164, -138.188, 99.992, 88.665, 179.517
109, 230.000, 81.025, -52.053, 44.272, 35.866, -16.470, 0.010, 48.284, -114.665
109, 325.000,91.745, -58.742, 5892.185, 569.281, -358.697, 99.995, 83.485, -122.215
110, 230.000, 64.047, 33.920, 43.255, 34.539, 21.301, 0.010, 46.828, -58.336
110, 325.000,67.479, 35.832, 5925.843, 203.988, 111.175, 99.992, 87.755, -61.409
111, 230.000, 16.318, 28.074, 24.830, 5.842, 53.544, 0.010, 24.750, -6.227
111, 325.000,16.850, 30.380, 5929.151, 40.235, 114.650, 99.992, 88.826, -19.338
112, 230.000, -10.293, -10.494, 12.178, 34.800, 46.458, 0.010, 11.849, -36.836
112, 630.000,-17.342, -16.355, 4957.933, -150.039, -134.984, 70.003, 87.669, 131.977
113, 230.000, 76.355, -12.211, 35.844, 8.032, -46.565, 0.010, 37.183, -170.214
113, 325.000,79.824, -14.183, 5925.274, 231.632, -84.459, 99.992, 87.617, -110.033
114, 230.000, -42.397, 35.391, 25.033, 32.433, -42.885, 0.010, 24.965, -142.901
114, 325.000,-42.414, 34.904, 5930.144, -48.782, 24.343, 99.992, 89.473, 63.480
115, 230.000, -59.872, -38.683, 45.818, 34.137, 15.907, 0.010, 50.580, -65.016
115, 325.000,-60.872, -39.522, 5928.753, -114.119, -80.142, 99.992, 88.653, 125.079
116, 230.000, -38.629, -64.777, 54.102, -5.739, -23.615, 0.010, 65.811, 166.341
116, 325.000,-40.345, -68.091, 5925.738, -113.916, -205.653, 99.992, 87.728, 151.017
117, 230.000, 74.973, -13.930, 21.480, 32.709, 44.569, 0.010, 21.233, -36.275
117, 325.000,79.063, -13.100, 5925.202, 248.170, 6.898, 99.992, 87.601, -88.408
118, 230.000, 30.078, -65.973, 16.949, 47.942, 30.528, 0.010, 16.605, -57.512
118, 325.000,32.674, -67.395, 5927.393, 127.893, -138.919, 99.992, 88.175, -137.366
119, 230.000, 33.185, 7.626, 35.057, 47.551, 5.246, 0.010, 36.234, -83.705
119, 325.000,35.402, 7.955, 5929.216, 116.510, 20.854, 99.992, 88.856, -79.852
120, 230.000, 26.910, 23.999, 43.094, -12.829, -38.678, 0.010, 46.601, 161.650
120, 325.000,27.075, 23.279, 5930.243, 41.512, 8.627, 99.992, 89.590, -78.260
121, 230.000, 63.352, 30.906, 37.913, 17.598, 42.078, 0.010, 39.735, -22.696
121, 325.000,66.101, 33.300, 5926.504, 177.231, 121.379, 99.992, 87.924, -55.594
122, 230.000, -40.858, -87.108, 51.188, 7.651, 28.964, 0.010, 59.662, -14.796
122, 325.000,-45.263, -96.117, 5902.305, -249.840, -519.122, 99.990, 84.425, 154.300
123, 230.000, 1.200, 59.758, 12.308, -36.395, 45.183, 0.010, 11.977, 38.852
123, 325.000,0.078, 62.821, 5927.814, -35.264, 171.358, 99.992, 88.310, 11.629
124, 230.000, -12.312, -5.958, 0.854, 59.127, -4.567, 0.010, 0.825, -94.417
124, 630.000,-18.638, -13.038, 4958.139, -151.032, -127.570, 70.004, 87.717, 130.186
125, 230.000, -1.262, 60.243, 26.771, 10.213, 51.929, 0.010, 26.832, -11.127
125, 325.000,-0.974, 63.547, 5927.646, 7.947, 180.410, 99.992, 88.255, -2.522
126, 230.000, 82.139, -1.528, 48.149, 33.751, -7.756, 0.010, 54.274, -102.942
126, 325.000,87.334, -1.846, 5922.165, 312.176, -13.302, 99.992, 86.980, -92.440
127, 230.000, 68.798, 38.714, 17.148, -39.763, 40.527, 0.010, 16.806, 44.455
127, 325.000,70.580, 41.688, 5925.913, 166.300, 159.527, 99.992, 87.773, -46.191
128, 230.000, -46.874, -56.819, 11.528, -43.550, -38.577, 0.010, 11.208, 131.535
128, 325.000,-50.036, -60.204, 5924.705, -172.453, -194.186, 99.992, 87.490, 138.392
129, 230.000, 72.403, -44.768, 5.095, -45.268, 37.980, 0.010, 4.928, 50.003
129, 325.000,74.970, -46.044, 5925.357, 212.412, -120.812, 99.992, 87.638, -119.629
130, 230.000, 51.527, 48.423, 46.277, 32.346, 18.161, 0.010, 51.285, -60.688
130, 325.000,54.339, 50.682, 5926.460, 163.591, 140.981, 99.992, 87.913, -49.246
131, 230.000, 41.591, 46.875, 42.232, 41.091, -6.757, 0.010, 45.403, -99.339
131, 325.000,44.081, 48.008, 5928.156, 132.725, 94.487, 99.992, 88.426, -54.553
132, 230.000, -32.197, -15.696, 36.349, -38.334, 26.960, 0.010, 37.798, 54.881
132, 325.000,-34.099, -15.169, 5929.492, -103.574, -2.983, 99.992, 88.999, 91.649
133, 230.000, -88.057, 3.049, 57.929, -2.308, 12.513, 0.010, 77.611, 10.451
133, 325.000,-93.854, 3.632, 5919.178, -363.555, 25.733, 99.991, 86.477, 85.951
134, 230.000, -55.508, 70.781, 16.712, 42.083, -38.306, 0.010, 16.366, -132.310
134, 325.000,-58.089, 74.546, 5921.187, -195.933, 266.111, 99.992, 86.806, 36.364
135, 230.000, -38.411, 45.857, 25.887, -23.132, 48.087, 0.010, 25.879, 25.690
135, 325.000,-40.193, 48.633, 5927.693, -104.168, 145.601, 99.992, 88.270, 35.581
136, 230.000, 50.470, -43.843, 24.852, -47.573, -25.236, 0.010, 24.773, 117.945
136, 325.000,50.540, -46.004, 5928.656, 66.793, -127.255, 99.992, 88.611, -152.306
137, 230.000, 50.431, 48.386, 34.340, -47.086, -11.016, 0.010, 35.380, 103.168
137, 325.000,50.628, 49.651, 5928.997, 73.339, 105.944, 99.992, 88.755, -34.693
138, 230.000, -76.012, -48.926, 33.806, 41.040, -26.277, 0.010, 34.750, -122.630
138, 325.000,-80.297, -53.303, 5917.792, -297.240, -247.189, 99.992, 86.262, 129.747
139, 230.000, -21.635, -70.816, 22.629, -52.563, 15.577, 0.010, 22.429, 73.493
139, 325.000,-24.106, -73.008, 5926.760, -113.046, -174.010, 99.992, 87.995, 146.990
140, 230.000, 73.315, -3.137, 26.079, -43.630, 30.560, 0.010, 26.085, 54.991
140, 325.000,74.625, -2.291, 5928.550, 145.924, 23.704, 99.992, 88.572, -80.773
141, 230.000, 19.744, 83.225, 14.506, -57.505, 0.667, 0.010, 14.157, 89.335
141, 325.000,19.082, 87.995, 5922.341, 12.469, 308.939, 99.992, 87.011, -2.311
142, 230.000, 71.076, -40.681, 30.472, -48.404, -15.688, 0.010, 30.916, 107.958
142, 325.000,73.024, -43.148, 5925.742, 181.375, -149.398, 99.992, 87.729, -129.478
143, 230.000, -15.495, -65.792, 17.816, 48.354, -29.362, 0.010, 17.481, -121.268
143, 325.000,-14.464, -68.827, 5927.473, 13.804, -185.660, 99.992, 88.201, -175.748
144, 230.000, 42.225, -87.115, 3.235, 17.580, -56.552, 0.010, 3.126, -162.732
144, 325.000,48.166, -99.984, 5884.644, 311.733, -664.883, 99.988, 82.887, -154.880
145, 230.000, 48.513, 40.806, 5.734, 23.381, -54.204, 0.010, 5.548, -156.667
145, 325.000,50.654, 40.264, 5928.890, 129.665, 32.334, 99.992, 88.709, -75.998
146, 230.000, -3.021, 75.623, 28.007, -27.275, -44.602, 0.010, 28.178, 148.553
146, 325.000,-3.995, 77.185, 5928.077, -36.837, 161.774, 99.992, 88.397, 12.828
147, 230.000, 16.902, 36.810, 38.858, -29.825, 33.439, 0.010, 40.933, 41.730
147, 325.000,16.315, 38.661, 5929.490, 0.687, 103.541, 99.992, 89.000, -0.380
148, 230.000, -83.643, 31.101, 4.203, 57.852, -12.375, 0.010, 4.064, -102.074
148, 325.000,-87.467, 32.806, 5922.127, -289.935, 117.479, 99.991, 86.976, 67.943
149, 230.000, -18.912, -71.405, 53.682, 22.324, 11.725, 0.010, 64.839, -62.292
149, 325.000,-18.922, -73.711, 5927.669, -27.027, -177.799, 99.992, 88.262, 171.357
150, 230.000, 94.896, -8.851, 10.062, 17.404, 55.799, 0.010, 9.768, -17.323
150, 325.000,105.496, -8.095, 5901.244, 587.683, 6.550, 99.993, 84.313, -89.361
151, 230.000, 3.676, -67.980, 29.180, 5.807, 51.308, 0.010, 29.471, -6.457
151, 325.000,3.976, -68.521, 5929.439, 14.635, -105.518, 99.992, 88.971, -172.103
152, 230.000, -3.834, -10.963, 35.513, 47.137, 5.878, 0.010, 36.782, -82.892
152, 630.000,-2.347, -22.290, 4957.552, -0.127, -211.748, 70.004, 87.554, 179.966
153, 230.000, 62.763, 30.129, 57.000, -15.225, 6.070, 0.010, 73.958, 68.263
153, 325.000,64.381, 31.325, 5928.285, 136.854, 79.627, 99.992, 88.470, -59.808
154, 230.000, -56.359, -22.596, 33.846, 26.754, -40.698, 0.010, 34.797, -146.680
154, 325.000,-57.057, -24.501, 5929.040, -90.000, -89.432, 99.992, 88.774, 134.819
155, 230.000, -86.562, -48.699, 18.738, -20.104, 52.558, 0.010, 18.417, 20.932
155, 325.000,-102.736, -55.910, 5862.883, -805.603, -384.611, 99.994, 81.342, 115.521
156, 230.000, 22.840, -55.057, 54.924, -17.894, -13.446, 0.010, 67.828, 126.921
156, 325.000,22.891, -56.962, 5928.958, 28.550, -127.489, 99.992, 88.738, -167.378
157, 230.000, 89.448, 37.575, 56.477, 0.326, 18.108, 0.010, 72.220, -1.030
157, 325.000,100.825, 42.893, 5891.455, 617.304, 278.555, 99.987, 83.442, -65.713
158, 230.000, 17.022, 21.908, 44.782, -30.681, -23.893, 0.010, 49.030, 127.909
158, 325.000,16.429, 21.643, 5930.257, 16.339, 37.678, 99.992, 89.603, -23.444
159, 230.000, 46.028, -33.961, 57.299, -11.962, 9.561, 0.010, 75.037, 51.365
159, 325.000,46.831, -34.530, 5929.582, 79.339, -57.776, 99.992, 89.052, -126.063
160, 230.000, 73.853, 19.239, 23.322, -54.194, -6.058, 0.010, 23.156, 96.378
160, 325.000,75.092, 19.815, 5928.321, 149.416, 47.352, 99.992, 88.486, -72.416
161, 230.000, 39.803, -6.695, 49.693, -17.626, -27.158, 0.010, 56.914, 147.015
161, 325.000,40.095, -7.700, 5929.980, 56.967, -40.837, 99.992, 89.323, -125.636
162, 230.000, 10.669, 83.757, 47.023, -35.901, 4.194, 0.010, 52.452, 83.337
162, 325.000,10.140, 88.464, 5922.588, 0.400, 304.401, 99.992, 87.058, -0.075
163, 230.000, -13.837, -38.570, 29.093, 43.823, -27.400, 0.010, 29.375, -122.015
163, 325.000,-12.738, -40.270, 5929.512, 19.603, -100.456, 99.992, 89.011, -168.958
164, 230.000, -10.453, 75.099, 15.934, -33.965, 45.937, 0.010, 15.584, 36.478
164, 325.000,-11.946, 79.598, 5924.254, -65.297, 261.799, 99.992, 87.392, 14.005
165, 230.000, 14.014, 16.734, 42.914, -5.535, 40.563, 0.010, 46.349, 7.770
165, 325.000,14.183, 18.447, 5929.139, 51.299, 113.323, 99.993, 88.798, -24.355
166, 230.000, -6.383, 79.609, 36.731, 43.488, 16.651, 0.010, 38.266, -69.048
166, 325.000,-5.319, 83.788, 5924.338, 25.657, 266.568, 99.991, 87.412, -5.498
167, 230.000, -25.873, 58.028, 1.262, -57.368, -14.998, 0.010, 1.219, 104.651
167, 325.000,-28.448, 59.243, 5928.208, -116.281, 111.524, 99.992, 88.443, 46.196
168, 230.000, -34.055, -58.372, 36.967, 37.914, 26.714, 0.010, 38.556, -54.832
168, 325.000,-33.933, -59.367, 5929.286, -39.606, -107.696, 99.992, 88.891, 159.809
169, 230.000, -46.747, -22.424, 43.685, -0.102, -40.115, 0.010, 47.440, 179.854
169, 325.000,-47.862, -24.227, 5929.133, -88.845, -84.097, 99.992, 88.818, 133.427
170, 230.000, -1.836, 13.931, 53.970, 15.290, 19.264, 0.010, 65.501, -38.440
170, 630.000,-1.997, 31.444, 4952.236, -11.836, 310.703, 70.002, 86.407, 2.182
171, 230.000, 42.604, 29.303, 38.516, 23.193, -38.681, 0.010, 40.497, -149.053
171, 325.000,44.347, 28.771, 5929.452, 104.678, 15.435, 99.992, 88.978, -81.612
172, 230.000, -12.786, 83.949, 12.209, 12.432, -56.692, 0.010, 11.879, -167.632
172, 325.000,-13.095, 86.755, 5925.462, -32.517, 239.755, 99.992, 87.662, 7.724
173, 230.000, -55.470, -30.414, 53.409, -24.240, 8.807, 0.010, 64.225, 70.032
173, 325.000,-57.842, -31.019, 5928.317, -146.272, -57.254, 99.992, 88.482, 111.376
174, 230.000, -97.543, 8.297, 56.674, -13.471, 11.145, 0.010, 72.856, 50.399
174, 325.000,-111.953, 9.820, 5881.586, -754.357, 74.881, 99.986, 82.656, 84.331
175, 230.000, 66.709, -9.935, 17.787, 34.146, -45.114, 0.010, 17.452, -142.879
175, 325.000,69.932, -11.680, 5926.826, 193.286, -70.458, 99.992, 88.012, -110.028
176, 230.000, -30.157, -51.418, 18.855, 46.129, 32.159, 0.010, 18.537, -55.117
176, 325.000,-29.495, -51.764, 5929.948, -13.752, -71.660, 99.992, 89.295, 169.137
177, 230.000, -16.273, 12.019, 0.623, 58.683, 8.579, 0.010, 0.602, -81.683
177, 630.000,-26.500, 25.801, 4951.402, -222.325, 248.334, 70.019, 86.149, 41.837
178, 230.000, 76.893, -13.616, 31.853, 44.248, -23.347, 0.010, 32.484, -117.818
178, 325.000,81.643, -14.943, 5923.514, 278.092, -65.504, 99.992, 87.239, -103.254
179, 230.000, 32.244, 38.203, 35.989, 7.514, -46.540, 0.010, 37.358, -170.829
179, 325.000,33.226, 37.608, 5929.959, 68.114, 23.304, 99.992, 89.304, -71.112
180, 230.000, -93.013, -31.750, 40.842, 42.991, 1.171, 0.010, 43.521, -88.440
180, 325.000,-105.360, -36.367, 5887.221, -671.110, -243.565, 99.990, 83.086, 109.947
181, 230.000, 36.077, -90.023, 30.143, 42.884, 27.749, 0.010, 30.546, -57.095
181, 325.000,41.890, -100.476, 5894.121, 292.148, -584.700, 99.987, 83.672, -153.451
182, 230.000, 1.711, 55.841, 47.488, 34.485, -8.561, 0.010, 53.195, -103.942
182, 325.000,2.844, 56.974, 5929.408, 39.086, 100.904, 99.992, 88.954, -21.174
183, 230.000, -57.570, -56.360, 46.739, -35.464, -8.685, 0.010, 52.004, 103.761
183, 325.000,-61.407, -59.306, 5923.188, -222.062, -190.062, 99.992, 87.175, 130.560
184, 230.000, -81.431, 49.033, 20.756, -41.383, 37.071, 0.010, 20.485, 48.146
184, 325.000,-91.345, 55.372, 5896.950, -533.102, 333.988, 99.992, 83.911, 57.933
185, 230.000, 4.832, -34.884, 21.156, 23.592, -50.135, 0.010, 20.898, -154.799
185, 325.000,5.687, -37.222, 5929.071, 34.050, -120.755, 99.992, 88.788, -164.253
186, 230.000, 69.132, -48.157, 7.879, -55.455, 19.502, 0.010, 7.634, 70.625
186, 325.000,71.064, -50.099, 5925.728, 182.988, -147.608, 99.992, 87.728, -128.891
187, 230.000, 67.448, -17.861, 30.878, -48.493, 14.584, 0.010, 31.374, 73.262
187, 325.000,68.155, -17.993, 5929.265, 112.416, -27.954, 99.992, 88.881, -103.964
188, 230.000, 44.921, 43.133, 30.342, -31.132, -40.346, 0.010, 30.769, 142.346
188, 325.000,45.192, 43.063, 5929.854, 62.926, 49.572, 99.992, 89.226, -51.769
189, 230.000, 12.534, 3.038, 54.303, -21.650, -10.005, 0.010, 66.289, 114.802
189, 630.000,23.657, 5.160, 4957.091, 217.156, 44.845, 70.003, 87.439, -78.332
190, 230.000, 0.715, 93.760, 2.091, -30.554, -50.791, 0.010, 2.020, 148.971
190, 325.000,-0.156, 100.637, 5913.995, -28.780, 440.119, 99.993, 85.735, 3.741
191, 230.000, 15.856, -73.179, 48.368, 17.561, -29.492, 0.010, 54.638, -149.229
191, 325.000,17.027, -76.973, 5925.482, 62.197, -233.167, 99.992, 87.668, -165.064
192, 230.000, -72.805, -32.048, 25.856, -33.460, 41.588, 0.010, 25.846, 38.819
192, 325.000,-77.161, -32.204, 5924.393, -260.954, -55.787, 99.992, 87.421, 102.067
193, 230.000, 17.639, -73.350, 48.391, -34.185, -2.703, 0.010, 54.678, 94.521
193, 325.000,17.265, -76.324, 5926.804, 13.146, -206.078, 99.992, 88.005, -176.350
194, 230.000, 57.886, -34.320, 59.301, 0.714, -0.750, 0.010, 88.999, -136.408
194, 325.000,59.739, -35.429, 5928.291, 135.802, -80.857, 99.992, 88.473, -120.770
195, 230.000, -85.793, 14.050, 52.942, -18.881, -18.929, 0.010, 63.206, 135.073
195, 325.000,-91.669, 14.332, 5919.475, -357.716, 35.323, 99.991, 86.525, 84.361
196, 230.000, -17.543, 96.984, 18.576, 39.266, -40.383, 0.010, 18.253, -135.803
196, 325.000,-19.032, 110.471, 5885.289, -96.761, 724.472, 99.995, 82.921, 7.607
197, 230.000, 0.400, 61.854, 49.539, -3.055, 32.468, 0.010, 56.643, 5.375
197, 325.000,0.315, 64.628, 5928.064, -2.313, 166.233, 99.992, 88.394, 0.797
198, 230.000, -86.140, 5.964, 22.756, 48.124, -26.152, 0.010, 22.562, -118.521
198, 325.000,-89.668, 5.500, 5924.083, -273.361, -5.149, 99.991, 87.358, 91.079
199, 230.000, 4.201, -41.060, 3.314, 58.931, 5.816, 0.010, 3.203, -84.364
199, 325.000,6.176, -41.755, 5929.573, 68.982, -70.716, 99.992, 89.046, -135.711
200, 230.000, 92.304, 35.892, 8.078, 55.893, -18.121, 0.010, 7.828, -107.963
200, 325.000,110.400, 41.742, 5855.536, 887.427, 302.216, 99.982, 80.904, -71.194
201, 230.000, -40.866, 81.642, 45.827, -37.636, -1.036, 0.010, 50.594, 91.577
201, 325.000,-45.225, 88.015, 5913.205, -233.841, 386.229, 99.992, 85.634, 31.193
202, 230.000, 60.102, 71.907, 16.857, 42.928, -37.291, 0.010, 16.512, -130.980
202, 325.000,66.954, 77.398, 5908.769, 368.844, 346.814, 99.993, 85.103, -46.763
203, 230.000, -36.391, 32.876, 33.703, 43.220, 22.667, 0.010, 34.629, -62.325
203, 325.000,-35.851, 34.348, 5929.745, -23.070, 84.732, 99.992, 89.152, 15.231
204, 230.000, -63.082, -45.772, 34.141, -35.968, 32.532, 0.010, 35.144, 47.872
204, 325.000,-66.916, -46.720, 5925.253, -224.802, -101.696, 99.991, 87.616, 114.341
205, 230.000, 10.326, 43.378, 19.194, -45.666, -32.617, 0.010, 18.882, 125.536
205, 325.000,9.097, 43.288, 5930.146, -28.131, 46.832, 99.992, 89.472, 30.992
206, 230.000, 6.935, 94.817, 24.557, -20.988, -49.740, 0.010, 24.459, 157.123
206, 325.000,6.994, 102.825, 5909.949, 17.423, 491.303, 99.991, 85.245, -2.031
207, 230.000, -50.235, -78.285, 31.230, -36.924, 34.335, 0.010, 31.774, 47.081
207, 325.000,-55.739, -84.055, 5911.532, -297.717, -366.176, 99.990, 85.436, 140.887
208, 230.000, 41.418, 34.662, 50.699, -22.075, -21.446, 0.010, 58.740, 134.172
208, 325.000,41.728, 34.828, 5929.957, 56.855, 44.505, 99.992, 89.302, -51.947
209, 230.000, 85.553, 22.094, 56.653, 2.175, 17.418, 0.010, 72.785, -7.117
209, 325.000,91.264, 24.088, 5918.626, 357.103, 110.051, 99.992, 86.387, -72.872
210, 230.000, 96.316, -6.288, 57.889, -3.100, -12.527, 0.010, 77.433, 166.099
210, 325.000,107.665, -7.411, 5896.969, 627.254, -54.564, 99.995, 83.906, -94.972
211, 230.000, 36.999, 62.794, 43.694, -28.142, -28.573, 0.010, 47.452, 135.435
211, 325.000,37.454, 64.167, 5928.543, 66.359, 132.642, 99.992, 88.567, -26.578
212, 230.000, 28.694, -10.410, 37.059, -38.105, 26.311, 0.010, 38.670, 55.376
212, 325.000,28.109, -9.799, 5930.309, 31.137, 1.889, 99.992, 89.699, -86.529
213, 230.000, -17.726, 2.306, 46.312, 36.740, 4.796, 0.010, 51.338, -82.562
213, 630.000,-32.488, 5.376, 4953.173, -292.766, 53.669, 70.005, 86.561, 79.612
214, 230.000, 47.707, 15.822, 31.924, -47.186, 16.492, 0.010, 32.565, 70.735
214, 325.000,47.312, 16.711, 5930.073, 40.540, 46.722, 99.992, 89.402, -40.948
215, 230.000, -33.088, 57.343, 34.907, -4.226, 47.763, 0.010, 36.054, 5.057
215, 325.000,-34.254, 60.640, 5927.044, -80.891, 182.254, 99.992, 88.073, 23.933
216, 230.000, 16.408, 88.810, 49.792, -21.919, 23.620, 0.010, 57.091, 42.862
216, 325.000,16.949, 96.103, 5914.755, 51.138, 427.651, 99.992, 85.835, -6.819
217, 230.000, -59.202, 57.449, 25.833, 29.677, 44.380, 0.010, 25.821, -33.770
217, 325.000,-61.278, 61.744, 5923.114, -168.739, 240.709, 99.992, 87.159, 35.031
218, 230.000, 36.289, 57.702, 53.914, 20.183, 14.267, 0.010, 65.371, -54.744
218, 325.000,38.103, 60.027, 5927.460, 107.585, 152.512, 99.992, 88.197, -35.200
219, 230.000, 68.828, 38.783, 55.215, 15.591, 15.028, 0.010, 68.586, -46.053
219, 325.000,72.389, 40.984, 5924.519, 227.057, 134.486, 99.992, 87.450, -59.362
220, 230.000, -34.713, 10.679, 37.392, -15.770, -43.253, 0.010, 39.083, 159.969
220, 325.000,-35.951, 9.529, 5929.737, -85.228, -23.849, 99.992, 89.145, 105.633
221, 230.000, -67.432, 63.261, 56.392, 18.317, 1.440, 0.010, 71.953, -85.506
221, 325.000,-72.501, 68.585, 5913.534, -316.112, 316.352, 99.993, 85.675, 44.978
222, 230.000, 5.798, -77.044, 0.704, 11.958, 58.088, 0.010, 0.680, -11.632
222, 325.000,6.412, -78.372, 5928.188, 29.065, -159.087, 99.992, 88.437, -169.646
223, 230.000, -27.773, 10.974, 56.151, 18.759, 3.578, 0.010, 71.217, -79.200
223, 325.000,-27.785, 11.329, 5930.108, -48.688, 30.836, 99.991, 89.443, 57.653
224, 230.000, 40.785, 73.672, 10.788, -13.141, -56.821, 0.010, 10.480, 166.978
224, 325.000,42.532, 75.797, 5925.724, 128.392, 197.088, 99.992, 87.727, -33.082
225, 230.000, -42.785, -16.086, 37.338, 8.528, -45.286, 0.010, 39.016, -169.335
225, 325.000,-43.462, -17.881, 5929.485, -70.134, -76.581, 99.992, 88.997, 137.516
226, 230.000, -33.623, -34.986, 45.114, -18.197, 33.930, 0.010, 49.521, 28.206
226, 325.000,-34.964, -34.707, 5929.763, -81.369, -29.943, 99.992, 89.162, 110.203
227, 230.000, 43.823, 85.431, 1.642, -55.730, 20.225, 0.010, 1.586, 70.054
227, 325.000,47.074, 95.676, 5899.982, 215.755, 558.463, 99.988, 84.206, -21.123
228, 230.000, -55.461, -16.032, 35.937, -45.322, -13.120, 0.010, 37.295, 106.145
228, 325.000,-58.351, -16.868, 5928.074, -159.389, -46.094, 99.992, 88.397, 106.129
229, 230.000, 21.318, 3.703, 54.634, 19.708, 12.014, 0.010, 67.098, -58.633
229, 325.000,22.480, 4.180, 5929.197, 113.280, 29.208, 99.990, 88.870, -75.542
230, 230.000, -80.249, 6.206, 55.413, -20.182, -6.307, 0.010, 69.114, 107.353
230, 325.000,-84.657, 6.302, 5923.903, -277.231, 13.182, 99.992, 87.318, 87.278
231, 230.000, -55.489, 34.009, 38.532, 40.250, 20.319, 0.010, 40.517, -63.215
231, 325.000,-55.877, 35.665, 5929.035, -81.943, 96.970, 99.992, 88.773, 40.199
232, 230.000, 18.542, 2.172, 48.471, -7.893, -33.255, 0.010, 54.811, 166.648
232, 630.000,37.532, 0.518, 4949.450, 353.550, -11.087, 70.004, 85.912, -91.796
233, 230.000, -58.064, -33.329, 17.592, -39.020, -41.056, 0.010, 17.254, 136.457
233, 325.000,-61.149, -35.690, 5926.515, -177.100, -121.079, 99.992, 87.927, 124.359
234, 230.000, -56.412, -76.819, 3.092, 12.453, 57.905, 0.010, 2.988, -12.138
234, 325.000,-61.805, -82.919, 5909.397, -315.433, -385.821, 99.991, 85.180, 140.732
235, 230.000, -5.290, 48.015, 14.674, -57.436, -1.845, 0.010, 14.325, 91.840
235, 325.000,-7.240, 49.049, 5929.350, -69.299, 87.300, 99.992, 88.923, 38.443
236, 230.000, 40.981, -21.273, 24.222, 9.079, -53.371, 0.010, 24.104, -170.345
236, 325.000,42.185, -23.446, 5929.035, 84.976, -94.490, 99.992, 88.772, -138.035
237, 230.000, -24.927, 57.530, 7.313, 14.211, -57.116, 0.010, 7.082, -166.028
237, 325.000,-25.177, 57.337, 5929.935, -38.357, 63.281, 99.992, 89.285, 31.222
238, 230.000, -10.612, -10.754, 14.745, -57.107, -6.250, 0.010, 14.395, 96.246
238, 630.000,-29.014, -23.174, 4947.473, -304.652, -224.454, 70.000, 85.626, 126.381
239, 230.000, -65.666, 14.885, 5.320, 26.567, -52.759, 0.010, 5.146, -153.272
239, 325.000,-66.881, 13.681, 5929.056, -124.271, -20.458, 99.992, 88.783, 99.348
240, 230.000, 66.918, 56.047, 31.115, 48.352, -14.546, 0.010, 31.642, -106.744
240, 325.000,72.638, 59.134, 5918.106, 319.346, 209.278, 99.992, 86.309, -56.762
241, 230.000, 6.564, 93.948, 32.032, -4.476, 49.715, 0.010, 32.689, 5.145
241, 325.000,7.072, 104.684, 5901.581, 32.278, 583.407, 99.993, 84.346, -3.167
242, 230.000, 1.755, -23.142, 8.808, 45.945, 36.457, 0.010, 8.540, -51.569
242, 325.000,3.279, -22.546, 5929.790, 58.566, -58.965, 99.991, 89.197, -135.194
243, 230.000, 85.842, -19.156, 9.152, 1.368, 58.583, 0.010, 8.876, -1.338
243, 325.000,91.391, -18.568, 5920.042, 349.665, -15.741, 99.991, 86.616, -92.578
244, 230.000, -39.438, -19.536, 43.821, -1.741, -39.929, 0.010, 47.634, 177.503
244, 325.000,-40.356, -21.230, 5929.424, -74.532, -77.379, 99.992, 88.962, 136.074
245, 230.000, 25.450, -14.360, 19.711, -19.644, -52.376, 0.010, 19.411, 159.441
245, 325.000,25.378, -16.352, 5929.568, 41.650, -90.462, 99.992, 89.038, -155.278
246, 230.000, 30.592, -38.986, 43.993, -3.567, -39.617, 0.010, 47.881, 174.855
246, 325.000,31.187, -41.144, 5929.060, 53.508, -113.902, 99.992, 88.784, -154.837
247, 230.000, -64.802, -42.063, 0.174, -4.559, -59.134, 0.010, 0.168, 175.592
247, 325.000,-67.692, -45.707, 5924.282, -195.181, -185.554, 99.992, 87.397, 133.552
248, 230.000, 78.912, 37.788, 54.971, -21.002, -7.399, 0.010, 67.949, 109.408
248, 325.000,83.180, 39.914, 5921.574, 290.706, 142.015, 99.992, 86.873, -63.964
249, 230.000, 54.524, 34.999, 47.863, -5.778, 34.545, 0.010, 53.804, 9.495
249, 325.000,55.977, 37.136, 5928.157, 116.042, 114.238, 99.992, 88.427, -45.449
250, 230.000, 8.740, -37.577, 15.331, 40.760, -40.265, 0.010, 14.981, -134.650
250, 325.000,10.227, -39.660, 5929.035, 58.766, -112.563, 99.992, 88.773, -152.432
251, 230.000, -23.103, -33.243, 38.927, -28.090, -34.832, 0.010, 41.021, 141.115
251, 325.000,-24.490, -35.062, 5929.151, -72.049, -97.881, 99.992, 88.826, 143.644
252, 230.000, 3.852, -77.572, 8.419, -27.500, 51.870, 0.010, 8.160, 27.931
252, 325.000,3.148, -79.166, 5927.944, -17.671, -169.635, 99.992, 88.352, 174.053
253, 230.000, -22.756, 81.845, 39.575, -36.704, 24.582, 0.010, 41.856, 56.189
253, 325.000,-25.185, 87.250, 5920.052, -122.650, 327.853, 99.992, 86.616, 20.511
254, 230.000, 56.139, 65.642, 2.623, -33.336, 48.984, 0.010, 2.535, 34.237
254, 325.000,58.475, 71.111, 5919.789, 181.304, 304.917, 99.992, 86.571, -30.736
255, 230.000, -74.441, -35.253, 27.826, -17.563, 49.345, 0.010, 27.980, 19.592
255, 325.000,-78.719, -35.482, 5923.992, -267.624, -66.110, 99.992, 87.336, 103.876
256, 230.000, 30.488, -85.683, 29.086, 26.631, 44.300, 0.010, 29.367, -31.013
256, 325.000,33.592, -90.747, 5917.955, 167.834, -345.285, 99.992, 86.288, -154.077
257, 230.000, -58.742, 5.314, 52.670, -6.398, 26.505, 0.010, 62.630, 13.571
257, 325.000,-60.506, 6.291, 5928.914, -126.817, 38.351, 99.992, 88.720, 73.174
258, 230.000, 33.596, -68.077, 25.775, 48.530, -22.319, 0.010, 25.759, -114.698
258, 325.000,36.485, -71.546, 5924.617, 146.351, -217.004, 99.992, 87.470, -146.004
259, 230.000, -65.721, 0.195, 0.306, -19.254, -56.097, 0.010, 0.296, 161.056
259, 325.000,-68.348, -1.577, 5927.679, -169.801, -57.904, 99.992, 88.266, 108.830
260, 230.000, 81.308, 12.348, 0.362, 55.895, -19.831, 0.010, 0.350, -109.534
260, 325.000,87.212, 12.358, 5920.875, 335.346, 21.122, 99.992, 86.752, -86.396
261, 230.000, -24.358, -49.657, 35.032, -43.754, -19.391, 0.010, 36.204, 113.901
261, 325.000,-26.356, -51.520, 5928.496, -93.207, -117.694, 99.992, 88.549, 141.623
262, 230.000, -21.887, -90.137, 37.395, 45.717, 5.399, 0.010, 39.088, -83.265
262, 325.000,-22.354, -97.647, 5913.007, -61.992, -449.812, 99.992, 85.609, 172.153
263, 230.000, 93.152, -24.725, 54.091, 23.358, 6.793, 0.010, 65.785, -73.784
263, 325.000,104.896, -27.451, 5894.507, 633.732, -154.311, 99.995, 83.686, -103.685
264, 230.000, -79.645, 1.184, 31.178, 49.189, -11.225, 0.010, 31.714, -102.854
264, 325.000,-81.654, 0.886, 5927.311, -191.154, -8.160, 99.992, 88.151, 92.444
265, 230.000, -58.326, -19.561, 54.437, 22.470, -7.024, 0.010, 66.613, -107.359
265, 325.000,-59.236, -20.325, 5929.361, -99.693, -48.539, 99.992, 88.929, 115.961
266, 230.000, -1.930, 79.069, 33.987, 11.573, 47.208, 0.010, 34.963, -13.775
266, 325.000,-1.655, 84.126, 5923.091, 6.167, 294.287, 99.992, 87.155, -1.200
267, 230.000, -10.232, 3.172, 47.229, -34.031, 11.355, 0.010, 52.780, 71.548
267, 630.000,-25.566, 8.022, 4954.381, -262.108, 82.565, 70.002, 86.825, 72.515
268, 230.000, 23.493, 70.624, 33.422, -47.138, -13.362, 0.010, 34.300, 105.826
268, 325.000,22.906, 72.884, 5927.770, 13.924, 175.914, 99.992, 88.295, -4.526
269, 230.000, 42.150, 26.647, 53.907, 13.633, -20.636, 0.010, 65.354, -146.548
269, 325.000,43.556, 26.611, 5929.596, 92.989, 28.507, 99.992, 89.060, -72.956
270, 230.000, 72.863, 54.781, 48.553, 33.036, -8.302, 0.010, 54.948, -104.107
270, 325.000,79.556, 58.798, 5912.992, 379.177, 249.896, 99.992, 85.608, -56.613
271, 230.000, 81.883, 56.088, 5.857, -58.863, -4.302, 0.010, 5.668, 94.180
271, 325.000,94.345, 65.691, 5873.298, 657.834, 489.291, 99.987, 82.053, -53.358
272, 230.000, -64.870, -60.067, 11.072, -28.927, -50.579, 0.010, 10.759, 150.234
272, 325.000,-70.161, -65.704, 5914.513, -305.464, -308.053, 99.992, 85.805, 135.242
273, 230.000, 25.459, 74.851, 22.216, 52.651, -15.873, 0.010, 21.999, -106.777
273, 325.000,28.240, 77.684, 5925.126, 132.837, 211.584, 99.992, 87.586, -32.121
274, 230.000, -3.298, -70.080, 24.544, 20.823, 49.816, 0.010, 24.446, -22.685
274, 325.000,-2.752, -70.853, 5929.192, 13.662, -118.699, 99.992, 88.846, -173.434
275, 230.000, 4.918, 86.038, 57.471, 14.277, -3.304, 0.010, 75.695, -103.030
275, 325.000,5.649, 91.014, 5921.455, 33.764, 323.722, 99.992, 86.854, -5.954
276, 230.000, -41.274, 33.590, 52.792, -21.857, -15.904, 0.010, 62.886, 126.042
276, 325.000,-42.963, 33.900, 5929.330, -101.777, 47.947, 99.992, 88.913, 64.775
277, 230.000, -29.248, 53.011, 45.798, 34.697, -14.709, 0.010, 50.550, -112.973
277, 325.000,-28.947, 53.987, 5929.586, -24.745, 94.819, 99.992, 89.053, 14.626
278, 230.000, 68.127, 58.519, 45.698, 31.539, -20.848, 0.010, 50.399, -123.465
278, 325.000,73.973, 62.068, 5916.218, 334.488, 236.514, 99.991, 86.039, -54.736
279, 230.000, 75.818, 56.165, 8.335, -13.659, 57.110, 0.010, 8.079, 13.450
279, 325.000,82.847, 63.424, 5903.913, 413.563, 378.115, 99.993, 84.578, -47.564
280, 230.000, 76.128, -43.495, 27.949, -52.036, -5.362, 0.010, 28.115, 95.883
280, 325.000,79.262, -46.371, 5922.592, 246.780, -178.072, 99.992, 87.059, -125.814
281, 230.000, 58.366, 51.651, 4.764, 59.030, 3.218, 0.010, 4.607, -86.880
281, 325.000,62.762, 54.002, 5923.541, 237.051, 158.383, 99.992, 87.245, -56.252
282, 230.000, 5.487, 52.439, 32.069, 31.406, -38.768, 0.010, 32.731, -140.989
282, 325.000,6.614, 52.461, 5929.939, 42.970, 59.719, 99.992, 89.289, -35.736
283, 230.000, -66.783, 65.255, 47.810, -19.062, 29.469, 0.010, 53.718, 32.897
283, 325.000,-73.464, 72.113, 5906.254, -376.860, 379.782, 99.993, 84.824, 44.779
284, 230.000, 90.265, -5.094, 53.706, 17.995, 17.593, 0.010, 64.893, -45.647
284, 325.000,97.524, -4.933, 5914.828, 429.714, -4.518, 99.993, 85.845, -90.602
285, 230.000, 93.216, -11.643, 39.997, -38.664, -20.567, 0.010, 42.405, 118.010
285, 325.000,100.622, -13.340, 5911.980, 459.290, -84.413, 99.992, 85.484, -100.414
286, 230.000, 43.380, -80.865, 29.163, 36.706, 36.329, 0.010, 29.453, -45.295
286, 325.000,47.961, -86.195, 5914.934, 247.228, -349.584, 99.992, 85.860, -144.732
287, 230.000, 22.079, -21.265, 29.192, 51.452, -4.262, 0.010, 29.485, -94.735
287, 325.000,24.196, -21.857, 5929.274, 103.170, -51.876, 99.992, 88.884, -116.694
288, 230.000, -4.300, 2.238, 13.101, -12.991, 56.367, 0.010, 12.761, 12.978
288, 630.000,-10.628, 11.550, 4958.925, -108.791, 138.295, 70.003, 87.968, 38.191
289, 230.000, 8.118, -49.501, 11.914, 38.394, -43.607, 0.010, 11.588, -138.638
289, 325.000,9.531, -52.048, 5928.531, 55.007, -138.157, 99.992, 88.563, -158.290
290, 230.000, 95.131, -29.337, 22.604, 2.877, -54.758, 0.010, 22.403, -176.992
290, 325.000,115.384, -37.178, 5839.245, 979.394, -359.981, 100.037, 79.868, -110.181
291, 230.000, 13.090, 18.534, 55.420, -5.044, -20.514, 0.010, 69.134, 166.187
291, 325.000,13.257, 18.343, 5929.862, 51.704, 58.341, 99.991, 89.247, -41.549
292, 230.000, -6.174, -11.105, 22.135, -31.349, -45.221, 0.010, 21.914, 145.268
292, 630.000,-16.702, -28.691, 4950.091, -175.133, -296.727, 70.004, 86.018, 149.450
293, 230.000, -53.285, 37.628, 26.874, -51.888, -10.151, 0.010, 26.943, 101.069
293, 325.000,-56.548, 38.455, 5927.349, -174.810, 74.793, 99.992, 88.163, 66.836
294, 230.000, -71.035, -62.778, 49.327, -27.847, 17.579, 0.010, 56.273, 57.738
294, 325.000,-79.077, -68.608, 5903.949, -440.689, -344.454, 99.991, 84.588, 128.012
295, 230.000, 52.343, 42.175, 56.479, -0.650, 18.093, 0.010, 72.226, 2.057
295, 325.000,53.980, 44.079, 5927.990, 121.587, 117.333, 99.992, 88.367, -46.020
296, 230.000, -84.710, 27.868, 7.171, -11.887, 57.662, 0.010, 6.945, 11.649
296, 325.000,-90.985, 31.596, 5915.463, -379.460, 181.808, 99.992, 85.931, 64.400
297, 230.000, -86.026, 38.718, 14.571, -17.985, 54.606, 0.010, 14.222, 18.230
297, 325.000,-95.086, 44.214, 5902.117, -507.799, 278.191, 99.994, 84.397, 61.284
298, 230.000, -61.481, 40.937, 12.240, 55.262, -17.718, 0.010, 11.909, -107.776
298, 325.000,-62.011, 41.891, 5928.813, -104.051, 89.203, 99.992, 88.676, 49.394
299, 230.000, -37.111, -45.037, 19.235, 4.961, 55.884, 0.010, 18.924, -5.073
299, 325.000,-37.918, -44.436, 5929.898, -69.517, -32.673, 99.992, 89.258, 115.174
300, 230.000, -57.984, 55.602, 53.400, -2.033, 25.729, 0.010, 64.205, 4.518
300, 325.000,-60.763, 59.007, 5923.978, -186.301, 203.602, 99.992, 87.333, 42.459
