ion,x0,y0,z0,vx0,vy0,vz0,ke0,elev0,azim0,x1,y1,z1,vx1,vy1,vz1,ke1,elev1,azim1
1, 230.000, -5.178, -58.014, 9.228, -26.935, -52.029, 0.010, 8.951, 152.629
1, 325.000,-6.171, -61.207, 5927.762, -38.516, -172.497, 99.992, 88.292, 167.413
2, 230.000, -9.775, -24.237, 26.211, 26.018, -46.408, 0.010, 26.228, -150.723
2, 325.000,-9.162, -26.270, 5929.233, 0.440, -117.055, 99.991, 88.869, -179.785
3, 230.000, 76.331, -25.721, 41.318, -40.431, 13.258, 0.010, 44.159, 71.845
3, 325.000,78.589, -26.494, 5926.760, 196.677, -66.658, 99.992, 87.993, -108.723
4, 230.000, -48.068, 85.373, 14.238, -48.592, -30.883, 0.010, 13.890, 122.438
4, 325.000,-56.439, 96.731, 5883.359, -417.323, 615.464, 99.984, 82.796, 34.140
5, 230.000, -4.655, -12.340, 49.561, -18.990, -26.472, 0.010, 56.681, 144.346
5, 630.000,-12.024, -28.999, 4952.102, -124.405, -290.787, 70.007, 86.346, 156.838
6, 230.000, 84.072, 31.068, 57.666, 7.413, -11.717, 0.010, 76.480, -147.680
6, 325.000,90.233, 32.901, 5917.242, 375.254, 123.360, 99.992, 86.181, -71.802
7, 230.000, 69.948, 69.524, 15.099, 56.255, -11.179, 0.010, 14.749, -101.239
7, 325.000,83.038, 80.534, 5867.706, 646.467, 570.467, 100.002, 81.641, -48.574
8, 230.000, -32.433, -69.841, 29.294, -31.174, 41.081, 0.010, 29.598, 37.193
8, 325.000,-34.744, -71.426, 5926.983, -125.544, -157.099, 99.992, 88.057, 141.370
9, 230.000, 68.108, -33.226, 35.256, 39.404, 26.869, 0.010, 36.473, -55.711
9, 325.000,72.083, -33.722, 5925.439, 233.258, -65.580, 99.992, 87.658, -105.703
10, 230.000, -22.340, 94.529, 49.116, -32.564, -6.702, 0.010, 55.906, 101.629
10, 325.000,-26.181, 106.453, 5891.586, -190.070, 649.562, 99.990, 83.447, 16.310
11, 230.000, -27.716, -73.813, 35.093, 31.740, 35.759, 0.010, 36.277, -41.593
11, 325.000,-27.927, -75.897, 5927.370, -49.508, -182.943, 99.992, 88.169, 164.857
12, 230.000, 79.006, -48.475, 14.245, -39.550, -41.839, 0.010, 13.897, 136.611
12, 325.000,84.507, -53.876, 5912.633, 356.528, -289.090, 99.993, 85.561, -129.037
13, 230.000, 87.310, -47.231, 5.345, -38.413, -44.872, 0.010, 5.171, 139.434
13, 325.000,101.721, -56.972, 5864.629, 742.954, -472.458, 99.990, 81.462, -122.453
14, 230.000, 53.138, -58.859, 11.067, -47.898, -33.181, 0.010, 10.754, 124.712
14, 325.000,54.011, -62.529, 5925.440, 112.330, -214.870, 99.992, 87.657, -152.400
15, 230.000, -14.483, -20.874, 55.013, -1.632, 22.104, 0.010, 68.056, 4.222
15, 325.000,-14.874, -20.658, 5930.026, -49.317, -44.686, 99.992, 89.357, 132.180
16, 230.000, -42.430, -81.536, 8.266, -55.095, -20.342, 0.010, 8.012, 110.265
16, 325.000,-47.642, -88.923, 5908.982, -268.779, -425.510, 99.991, 85.132, 147.721
17, 230.000, -9.661, -59.952, 41.369, 39.722, 15.113, 0.010, 44.227, -69.169
17, 325.000,-8.671, -61.112, 5929.353, 21.061, -109.318, 99.992, 88.924, -169.095
18, 230.000, -48.686, -55.780, 16.920, 46.273, -33.017, 0.010, 16.576, -125.509
18, 325.000,-49.069, -58.927, 5926.961, -82.225, -184.087, 99.992, 88.052, 155.931
19, 230.000, -29.909, -36.826, 22.892, -39.491, 37.869, 0.010, 22.704, 46.202
19, 325.000,-31.839, -36.450, 5929.545, -96.288, -28.999, 99.992, 89.028, 106.761
20, 230.000, 69.468, 12.246, 5.933, 58.727, 5.796, 0.010, 5.741, -84.364
20, 325.000,73.755, 12.858, 5925.546, 236.898, 37.008, 99.992, 87.683, -81.121
21, 230.000, 66.592, 40.823, 52.383, -23.779, 14.431, 0.010, 62.032, 58.748
21, 325.000,68.701, 43.021, 5926.334, 172.073, 135.865, 99.991, 87.881, -51.706
22, 230.000, 63.884, -39.518, 47.298, -25.642, -24.960, 0.010, 52.890, 134.227
22, 325.000,65.571, -41.839, 5926.997, 148.712, -134.652, 99.992, 88.061, -132.159
23, 230.000, 31.008, 10.416, 21.956, -32.415, 44.552, 0.010, 21.727, 36.039
23, 325.000,30.637, 12.064, 5929.885, 34.264, 69.591, 99.992, 89.251, -26.214
24, 230.000, -44.067, -23.921, 38.775, 2.423, -44.814, 0.010, 40.826, -176.905
24, 325.000,-45.016, -25.898, 5929.153, -80.152, -91.260, 99.992, 88.826, 138.708
25, 230.000, -86.622, -48.711, 34.438, 25.942, 40.727, 0.010, 35.496, -32.496
25, 325.000,-101.272, -56.179, 5869.541, -750.461, -393.953, 99.993, 81.783, 117.697
26, 230.000, -43.257, -38.929, 12.265, -39.292, 42.700, 0.010, 11.935, 42.620
26, 325.000,-45.638, -38.593, 5928.908, -128.269, -34.495, 99.992, 88.717, 105.052
27, 230.000, 33.499, 55.411, 55.610, 20.607, 0.731, 0.010, 69.656, -87.967
27, 325.000,35.150, 57.092, 5928.302, 96.294, 124.625, 99.992, 88.478, -37.692
28, 230.000, -65.898, -46.630, 19.583, -54.977, -10.569, 0.010, 19.280, 100.882
28, 325.000,-70.791, -49.206, 5921.932, -271.778, -162.542, 99.992, 86.939, 120.882
29, 230.000, -13.731, -88.217, 33.518, -9.033, 48.089, 0.010, 34.412, 10.638
29, 325.000,-14.938, -92.705, 5921.251, -67.592, -321.945, 99.991, 86.820, 168.143
30, 230.000, -79.266, 57.307, 10.828, -18.740, 55.220, 0.010, 10.519, 18.746
30, 325.000,-91.338, 67.286, 5876.087, -626.192, 497.454, 99.987, 82.250, 51.536
31, 230.000, -4.608, 44.571, 10.382, -4.220, 58.241, 0.010, 10.082, 4.145
31, 325.000,-4.844, 47.414, 5928.678, -12.836, 142.195, 99.992, 88.620, 5.158
32, 230.000, 60.364, 78.464, 1.893, 20.140, 55.753, 0.010, 1.829, -19.861
32, 325.000,71.717, 94.104, 5853.720, 562.793, 763.359, 99.980, 80.797, -36.400
33, 230.000, 76.053, 63.129, 49.150, -27.453, 18.662, 0.010, 55.965, 55.793
33, 325.000,87.815, 74.120, 5872.363, 614.916, 554.908, 99.995, 81.972, -47.937
34, 230.000, 7.836, -73.921, 56.622, -2.172, 17.518, 0.010, 72.684, 7.067
34, 325.000,8.065, -76.178, 5927.617, 18.809, -180.543, 99.992, 88.246, -174.052
35, 230.000, 14.374, -65.192, 34.016, 0.883, 48.577, 0.010, 34.997, -1.041
35, 325.000,14.845, -65.670, 5929.484, 33.754, -98.415, 99.992, 88.995, -161.069
36, 230.000, 29.310, 89.078, 24.305, 34.711, -41.497, 0.010, 24.192, -140.088
36, 325.000,33.042, 95.937, 5911.611, 193.209, 430.619, 99.993, 85.435, -24.165
37, 230.000, -84.612, -13.091, 56.647, 16.485, -6.081, 0.010, 72.767, -110.248
37, 325.000,-88.942, -14.027, 5922.733, -296.542, -54.979, 99.992, 87.085, 100.503
38, 230.000, 31.002, 91.551, 40.827, 38.141, -19.901, 0.010, 43.502, -117.555
38, 325.000,35.888, 101.995, 5896.414, 246.158, 585.126, 99.995, 83.855, -22.816
39, 230.000, -69.554, 49.418, 23.927, -49.070, 23.180, 0.010, 23.792, 64.714
39, 325.000,-75.127, 53.014, 5918.361, -313.637, 210.506, 99.992, 86.348, 56.131
40, 230.000, 17.099, -97.461, 14.086, 57.574, 2.110, 0.010, 13.739, -87.902
40, 325.000,21.740, -114.086, 5865.562, 210.678, -845.873, 99.978, 81.547, -166.014
41, 230.000, 35.671, 19.190, 29.359, 14.692, 49.395, 0.010, 29.670, -16.565
41, 325.000,36.902, 21.174, 5929.198, 81.639, 86.941, 99.992, 88.848, -43.198
42, 230.000, -8.526, 44.869, 50.989, 17.419, -24.786, 0.010, 59.284, -144.900
42, 325.000,-8.162, 45.075, 5930.117, 2.256, 57.397, 99.992, 89.445, -2.251
43, 230.000, 35.313, 83.803, 5.300, -3.829, -58.948, 0.010, 5.127, 176.284
43, 325.000,37.810, 88.193, 5919.849, 156.021, 317.362, 99.992, 86.581, -26.180
44, 230.000, 66.219, 28.507, 46.672, -29.397, -21.799, 0.010, 51.899, 126.558
44, 325.000,67.640, 28.832, 5928.582, 137.889, 49.827, 99.992, 88.583, -70.132
45, 230.000, -45.616, 82.342, 20.216, -55.350, -6.735, 0.010, 19.929, 96.938
45, 325.000,-51.700, 90.074, 5904.935, -312.897, 451.061, 99.992, 84.689, 34.749
46, 230.000, 29.495, -56.509, 37.368, -18.957, -41.975, 0.010, 39.054, 155.695
46, 325.000,29.765, -59.496, 5927.831, 45.402, -168.321, 99.992, 88.315, -164.904
47, 230.000, -12.033, -58.089, 34.717, -16.307, -45.238, 0.010, 35.827, 160.177
47, 325.000,-12.874, -61.090, 5927.891, -41.831, -167.204, 99.992, 88.335, 165.954
48, 230.000, -96.399, -22.163, 12.031, 4.092, 57.932, 0.010, 11.704, -4.040
48, 325.000,-112.381, -24.143, 5872.142, -818.946, -127.058, 99.990, 81.967, 98.819
49, 230.000, -68.608, 43.254, 6.042, -41.313, 42.123, 0.010, 5.847, 44.444
49, 325.000,-73.262, 46.692, 5921.345, -269.244, 186.649, 99.992, 86.833, 55.269
50, 230.000, 32.670, 1.191, 13.134, -0.236, 57.837, 0.010, 12.794, 0.233
50, 325.000,33.361, 3.068, 5929.645, 70.401, 63.110, 99.992, 89.087, -48.126
51, 230.000, 15.946, 58.459, 44.456, -38.714, -6.515, 0.010, 48.553, 99.553
51, 325.000,15.159, 59.847, 5929.279, -6.942, 115.005, 99.992, 88.887, 3.454
52, 230.000, 72.245, 41.387, 52.091, -0.453, 28.354, 0.010, 61.437, 0.915
52, 325.000,76.012, 44.432, 5922.612, 249.723, 173.163, 99.992, 87.063, -55.262
53, 230.000, 4.485, 5.849, 28.414, -51.373, -8.433, 0.010, 28.625, 99.322
53, 630.000,3.217, 11.288, 4960.936, 6.660, 105.000, 70.003, 88.785, -3.629
54, 230.000, -24.573, 5.674, 17.290, -23.836, -51.483, 0.010, 16.949, 155.156
54, 325.000,-25.906, 4.153, 5929.429, -101.858, -37.716, 99.993, 88.951, 110.319
55, 230.000, -8.965, -9.546, 42.677, -13.557, 38.891, 0.010, 46.019, 19.218
55, 630.000,-20.420, -15.309, 4956.190, -202.758, -128.601, 70.002, 87.226, 122.385
56, 230.000, 45.373, 53.198, 49.177, 18.981, -27.184, 0.010, 56.012, -145.076
56, 325.000,47.497, 54.137, 5928.069, 130.951, 102.039, 99.992, 88.396, -52.074
57, 230.000, 35.838, 84.823, 37.975, 29.862, 34.406, 0.010, 39.813, -40.956
57, 325.000,39.754, 92.980, 5908.782, 210.675, 460.055, 99.992, 85.105, -24.605
58, 230.000, -86.684, 27.801, 18.283, -55.135, -11.977, 0.010, 17.955, 102.256
58, 325.000,-95.185, 29.615, 5910.538, -470.126, 119.264, 99.992, 85.309, 75.765
59, 230.000, 21.301, -32.567, 17.034, 53.182, 19.978, 0.010, 16.691, -69.411
59, 325.000,23.452, -32.622, 5929.479, 95.707, -41.147, 99.992, 88.993, -113.264
60, 230.000, 16.586, -52.326, 4.116, 10.950, 58.145, 0.010, 3.979, -10.665
60, 325.000,17.341, -51.760, 5930.094, 43.469, -41.109, 99.992, 89.422, -133.402
61, 230.000, 24.041, 25.262, 35.292, 36.660, -30.466, 0.010, 36.516, -129.728
61, 325.000,25.720, 24.828, 5929.719, 87.256, 19.756, 99.992, 89.136, -77.242
62, 230.000, 57.756, -21.092, 54.890, 20.147, -9.944, 0.010, 67.740, -116.269
62, 325.000,60.008, -21.996, 5928.399, 143.693, -55.159, 99.992, 88.513, -111.000
63, 230.000, -23.211, -94.642, 16.229, 47.715, -31.265, 0.010, 15.880, -123.235
63, 325.000,-24.902, -108.320, 5885.982, -116.276, -716.217, 99.996, 82.972, 170.779
64, 230.000, 86.187, -24.494, 58.490, -3.610, -9.141, 0.010, 80.462, 158.452
64, 325.000,92.137, -26.496, 5917.606, 371.748, -116.415, 99.992, 86.234, -107.388
65, 230.000, -39.712, -49.788, 33.799, 35.213, 33.695, 0.010, 34.741, -46.262
65, 325.000,-39.743, -50.157, 5929.741, -49.514, -72.929, 99.992, 89.148, 145.826
66, 230.000, 14.312, -84.622, 21.187, -30.025, -46.554, 0.010, 20.930, 147.180
66, 325.000,14.227, -91.080, 5918.662, 22.909, -372.032, 99.991, 86.396, -176.476
67, 230.000, 4.260, 73.786, 53.633, 9.711, 23.384, 0.010, 64.728, -22.553
67, 325.000,4.726, 77.322, 5926.146, 21.627, 223.341, 99.992, 87.832, -5.531
68, 230.000, -14.084, 8.415, 42.379, 17.140, -37.788, 0.010, 45.605, -155.601
68, 630.000,-27.333, 13.014, 4954.622, -253.589, 106.548, 70.009, 86.822, 67.210
69, 230.000, -61.275, -41.345, 22.709, 51.287, -19.277, 0.010, 22.513, -110.600
69, 325.000,-61.949, -43.493, 5927.974, -109.037, -129.840, 99.992, 88.362, 139.977
70, 230.000, 3.970, -77.539, 44.681, -19.835, 33.583, 0.010, 48.881, 30.568
70, 325.000,3.516, -79.730, 5927.353, -9.244, -189.818, 99.992, 88.164, 177.212
71, 230.000, -29.116, -75.595, 10.902, -53.254, -23.723, 0.010, 10.592, 114.011
71, 325.000,-32.194, -80.003, 5922.248, -151.007, -271.683, 99.992, 86.996, 150.934
72, 230.000, 98.867, 12.734, 30.401, -49.767, -10.801, 0.010, 30.836, 102.245
72, 325.000,120.126, 15.342, 5840.270, 1027.928, 127.670, 100.026, 79.943, -82.920
73, 230.000, 24.869, 47.050, 48.583, -22.444, 25.565, 0.010, 55.000, 41.280
73, 325.000,24.762, 48.998, 5929.197, 24.479, 116.746, 99.992, 88.847, -11.842
74, 230.000, 32.017, -93.370, 34.049, -48.508, 2.304, 0.010, 35.035, 87.281
74, 325.000,35.697, -108.231, 5876.819, 212.246, -768.309, 100.000, 82.276, -164.557
75, 230.000, -10.983, -43.273, 16.095, 24.642, 51.491, 0.010, 15.746, -25.574
75, 325.000,-10.438, -42.578, 5930.330, 5.082, -27.240, 99.992, 89.732, -169.433
76, 230.000, 13.237, -56.275, 8.102, -5.055, 58.536, 0.010, 7.851, 4.936
76, 325.000,13.416, -55.860, 5930.135, 21.168, -51.595, 99.992, 89.461, -157.693
77, 230.000, 93.097, 7.802, 0.320, -52.647, 27.310, 0.010, 0.310, 62.583
77, 325.000,99.653, 9.323, 5914.711, 425.403, 69.425, 99.992, 85.832, -80.731
78, 230.000, 83.186, 28.334, 57.253, -2.402, -15.294, 0.010, 74.869, 171.076
78, 325.000,88.435, 29.676, 5920.138, 334.302, 98.567, 99.991, 86.631, -73.572
79, 230.000, -92.251, 27.281, 50.721, -0.874, -30.729, 0.010, 58.781, 178.371
79, 325.000,-102.853, 29.484, 5899.435, -588.322, 140.862, 99.991, 84.145, 76.535
80, 230.000, 95.182, 10.113, 12.799, 54.986, 18.177, 0.010, 12.462, -71.707
80, 325.000,107.662, 11.813, 5892.891, 660.301, 83.353, 99.990, 83.556, -82.805
81, 230.000, -38.297, 75.351, 46.578, -12.947, 34.359, 0.010, 51.751, 20.647
81, 325.000,-40.833, 80.616, 5920.288, -153.031, 310.457, 99.992, 86.654, 26.240
82, 230.000, 68.319, 1.350, 7.912, 21.163, -54.838, 0.010, 7.666, -158.897
82, 325.000,71.220, -0.341, 5927.251, 185.513, -53.883, 99.992, 88.133, -106.196
83, 230.000, -4.437, -19.387, 31.310, -15.482, -47.933, 0.010, 31.864, 162.100
83, 325.000,-5.048, -21.424, 5928.361, -38.834, -147.490, 99.989, 88.526, 165.249
84, 230.000, -61.965, 29.069, 37.214, -18.750, -42.204, 0.010, 38.863, 156.046
84, 325.000,-64.570, 28.686, 5927.985, -167.272, 25.380, 99.992, 88.365, 81.372
85, 230.000, 98.430, 7.887, 5.588, -58.463, 8.278, 0.010, 5.406, 81.941
85, 325.000,112.075, 9.366, 5884.228, 735.911, 72.883, 99.996, 82.837, -84.344
86, 230.000, -57.505, -60.950, 42.722, 18.608, -36.690, 0.010, 46.082, -153.107
86, 325.000,-60.006, -65.352, 5922.137, -183.131, -253.498, 99.991, 86.977, 144.155
87, 230.000, 87.884, 23.327, 9.575, -23.373, 53.662, 0.010, 9.291, 23.536
87, 325.000,93.827, 26.749, 5915.825, 381.103, 164.710, 99.991, 85.986, -66.626
88, 230.000, -10.549, 44.182, 51.713, 12.179, -26.364, 0.010, 60.682, -155.206
88, 325.000,-10.396, 44.321, 5930.141, -6.925, 54.526, 99.992, 89.469, 7.238
89, 230.000, 15.630, -43.557, 19.831, 16.429, -53.427, 0.010, 19.534, -162.907
89, 325.000,16.503, -46.233, 5928.668, 45.814, -135.585, 99.992, 88.617, -161.330
90, 230.000, -95.784, -5.783, 10.589, -13.520, 56.769, 0.010, 10.284, 13.395
90, 325.000,-107.041, -4.718, 5897.902, -618.425, 24.262, 99.988, 84.010, 87.753
91, 230.000, 36.384, -38.056, 16.728, 26.058, -50.584, 0.010, 16.383, -152.745
91, 325.000,38.093, -40.586, 5928.281, 96.758, -125.365, 99.992, 88.470, -142.339
92, 230.000, -67.263, -6.254, 26.542, 41.192, 33.412, 0.010, 26.585, -50.953
92, 325.000,-68.077, -5.397, 5929.282, -113.127, 20.255, 99.992, 88.890, 79.849
93, 230.000, -6.655, 6.557, 44.464, -22.040, -32.479, 0.010, 48.563, 145.840
93, 630.000,-16.645, 9.853, 4958.459, -170.943, 79.526, 70.003, 87.822, 65.051
94, 230.000, 94.495, -31.057, 8.665, -6.056, 58.360, 0.010, 8.401, 5.925
94, 325.000,111.557, -35.000, 5863.855, 859.110, -221.799, 99.999, 81.396, -104.476
95, 230.000, -49.508, -68.265, 26.405, -50.080, -17.676, 0.010, 26.436, 109.441
95, 325.000,-53.812, -72.600, 5919.874, -232.284, -266.130, 99.992, 86.585, 138.885
96, 230.000, 25.585, -46.467, 13.389, -25.515, 51.840, 0.010, 13.047, 26.206
96, 325.000,25.385, -45.929, 5930.252, 22.342, -34.882, 99.992, 89.600, -147.360
97, 230.000, -75.056, 12.306, 47.508, 30.080, 18.863, 0.010, 53.228, -57.908
97, 325.000,-77.107, 13.386, 5927.461, -178.386, 54.126, 99.992, 88.199, 73.121
98, 230.000, 70.221, 57.474, 48.725, -33.677, -3.066, 0.010, 55.238, 95.202
98, 325.000,74.399, 61.644, 5918.038, 283.185, 257.754, 99.992, 86.298, -47.692
99, 230.000, 61.318, -16.654, 36.221, 45.772, 10.519, 0.010, 37.641, -77.058
99, 325.000,64.565, -16.811, 5927.520, 182.815, -25.809, 99.992, 88.216, -98.036
100, 230.000, 21.782, -24.127, 48.996, -33.059, 4.914, 0.010, 55.701, 81.546
100, 325.000,21.199, -24.490, 5930.180, 14.085, -48.841, 99.992, 89.509, -163.913
101, 230.000, 61.721, 17.209, 32.079, 42.719, -25.762, 0.010, 32.744, -121.092
101, 325.000,64.902, 16.906, 5927.607, 181.548, 11.472, 99.992, 88.242, -86.384
102, 230.000, 7.665, 7.880, 20.106, -47.149, -29.839, 0.010, 19.816, 122.328
102, 630.000,10.393, 12.940, 4960.248, 77.745, 110.543, 70.004, 88.439, -35.119
103, 230.000, -30.452, -34.315, 30.704, 31.057, 40.130, 0.010, 31.177, -37.736
103, 325.000,-30.138, -33.797, 5930.306, -24.366, -22.137, 99.992, 89.682, 132.256
104, 230.000, -17.906, 55.474, 58.778, 7.591, -2.284, 0.010, 82.319, -106.744
104, 325.000,-18.136, 56.855, 5929.310, -28.366, 109.888, 99.992, 88.903, 14.474
105, 230.000, -55.560, 75.903, 58.640, 4.896, -7.417, 0.010, 81.382, -146.570
105, 325.000,-60.652, 82.837, 5908.782, -298.785, 407.405, 99.990, 85.113, 36.256
106, 230.000, 1.874, 66.576, 8.491, 58.356, -6.336, 0.010, 8.231, -96.196
106, 325.000,3.779, 68.445, 5928.229, 65.022, 146.647, 99.992, 88.450, -23.912
107, 230.000, 36.246, -24.583, 3.530, 11.804, 58.016, 0.010, 3.412, -11.500
107, 325.000,37.412, -23.265, 5929.844, 79.510, 14.507, 99.992, 89.219, -79.660
108, 230.000, 7.333, -1.438, 57.005, -11.085, -12.047, 0.010, 73.977, 137.380
108, 630.000,14.088, -4.481, 4960.116, 130.701, -48.972, 70.004, 88.388, -110.540
109, 230.000, 73.009, 60.461, 29.989, -38.028, -34.237, 0.010, 30.373, 131.997
109, 325.000,78.998, 65.336, 5911.046, 370.369, 303.784, 99.993, 85.367, -50.641
110, 230.000, 88.405, -38.501, 21.605, 3.384, 55.131, 0.010, 21.363, -3.513
110, 325.000,98.805, -41.322, 5899.606, 573.558, -189.237, 99.993, 84.155, -108.260
111, 230.000, -48.790, -1.352, 39.081, 19.259, 40.242, 0.010, 41.218, -25.574
111, 325.000,-49.291, -0.107, 5929.844, -70.912, 39.143, 99.992, 89.217, 61.101
112, 230.000, 60.052, 2.616, 50.415, 31.201, 1.569, 0.010, 58.215, -87.121
112, 325.000,62.677, 2.737, 5928.296, 157.695, 7.086, 99.992, 88.475, -87.427
113, 230.000, -54.530, -44.101, 10.060, 41.290, 41.371, 0.010, 9.766, -44.944
113, 325.000,-55.043, -44.264, 5929.377, -89.368, -63.965, 99.992, 88.938, 125.593
114, 230.000, 90.565, 10.572, 11.449, 48.973, 31.436, 0.010, 11.130, -57.304
114, 325.000,99.261, 12.379, 5909.897, 485.731, 84.036, 99.993, 85.232, -80.184
115, 230.000, 26.610, -79.031, 38.130, -23.080, -39.128, 0.010, 40.009, 149.465
115, 325.000,27.302, -84.434, 5921.492, 68.781, -317.631, 99.992, 86.859, -167.782
116, 230.000, 70.350, -17.766, 1.149, -26.573, 53.011, 0.010, 1.110, 26.623
116, 325.000,72.030, -16.728, 5928.414, 153.005, 9.678, 99.992, 88.519, -86.381
117, 230.000, 32.618, -60.470, 8.927, -57.303, -12.424, 0.010, 8.657, 102.234
117, 325.000,31.870, -62.834, 5928.284, 18.204, -157.310, 99.992, 88.470, -173.399
118, 230.000, 25.394, -78.646, 15.172, -51.932, -24.301, 0.010, 14.821, 115.077
118, 325.000,25.066, -83.411, 5923.111, 31.470, -292.244, 99.992, 87.159, -173.854
119, 230.000, 88.931, -44.510, 36.637, 27.001, 38.030, 0.010, 38.150, -35.374
119, 325.000,106.228, -51.646, 5857.162, 853.787, -371.955, 100.003, 80.966, -113.540
120, 230.000, 28.538, -15.958, 26.923, -19.513, -49.113, 0.010, 26.996, 158.332
120, 325.000,28.524, -17.868, 5929.634, 41.013, -85.732, 99.992, 89.082, -154.434
121, 230.000, -17.537, -9.281, 5.030, -49.698, 31.975, 0.010, 4.865, 57.243
121, 325.000,-19.601, -8.491, 5928.536, -149.566, -12.663, 99.993, 88.550, 94.839
122, 230.000, 36.333, 82.829, 58.685, 5.322, 6.735, 0.010, 81.678, -38.319
122, 325.000,39.190, 89.177, 5915.557, 170.648, 383.309, 99.993, 85.943, -23.998
123, 230.000, 38.851, -31.427, 50.059, 28.181, 14.752, 0.010, 57.567, -62.369
123, 325.000,40.644, -31.689, 5929.359, 101.949, -43.603, 99.992, 88.929, -113.156
124, 230.000, -59.305, -68.423, 8.089, 14.591, 56.915, 0.010, 7.839, -14.379
124, 325.000,-63.152, -71.625, 5920.128, -248.841, -244.594, 99.992, 86.627, 134.507
125, 230.000, -50.023, -40.156, 26.743, 28.833, -44.397, 0.010, 26.802, -146.999
125, 325.000,-50.588, -42.743, 5928.313, -80.621, -134.895, 99.992, 88.482, 149.135
126, 230.000, 34.730, -93.444, 0.968, 30.525, -50.842, 0.010, 0.936, -149.020
126, 325.000,45.134, -120.496, 5787.943, 465.045, -1217.480, 100.075, 77.310, -159.094
127, 230.000, -16.823, -95.405, 36.273, 45.865, -9.912, 0.010, 37.705, -102.195
127, 325.000,-17.541, -107.593, 5893.284, -65.184, -658.726, 99.990, 83.591, 174.349
128, 230.000, -18.701, -28.960, 25.064, 41.753, 33.854, 0.010, 24.998, -50.964
128, 325.000,-17.768, -28.499, 5930.332, 3.443, -26.892, 99.992, 89.738, -172.705
129, 230.000, -2.186, -66.946, 55.988, -17.516, -8.727, 0.010, 70.734, 116.483
129, 325.000,-2.805, -69.327, 5928.060, -23.300, -164.707, 99.992, 88.393, 171.948
130, 230.000, 7.164, 10.537, 30.809, -30.341, 40.594, 0.010, 31.296, 36.775
130, 630.000,11.337, 26.966, 4953.431, 94.377, 278.340, 70.006, 86.604, -18.730
131, 230.000, -60.964, -31.550, 36.460, -43.646, -16.832, 0.010, 37.933, 111.089
131, 325.000,-64.360, -33.126, 5926.501, -193.201, -93.990, 99.992, 87.924, 115.942
132, 230.000, -85.654, 29.165, 24.696, 32.436, -43.077, 0.010, 24.607, -143.022
132, 325.000,-90.864, 29.953, 5919.611, -347.488, 84.360, 99.992, 86.543, 76.354
133, 230.000, 52.649, 3.833, 50.469, 22.454, 21.594, 0.010, 58.315, -46.119
133, 325.000,54.630, 4.608, 5929.024, 124.003, 29.692, 99.992, 88.768, -76.534
134, 230.000, -20.146, -56.982, 36.610, 13.381, 44.702, 0.010, 38.117, -16.664
134, 325.000,-20.267, -57.107, 5929.901, -27.759, -71.405, 99.992, 89.260, 158.756
135, 230.000, 63.456, -66.423, 19.384, 50.849, -23.587, 0.010, 19.076, -114.885
135, 325.000,70.283, -72.659, 5908.297, 368.597, -354.305, 99.991, 85.054, -133.867
136, 230.000, -84.827, -3.263, 20.441, -10.362, 54.703, 0.010, 20.160, 10.726
136, 325.000,-89.899, -1.744, 5921.536, -320.561, 45.764, 99.991, 86.870, 81.875
137, 230.000, 1.837, -96.003, 25.237, 44.240, -30.390, 0.010, 25.184, -124.487
137, 325.000,3.386, -107.989, 5894.729, 59.069, -646.237, 99.990, 83.718, -174.777
138, 230.000, 90.535, -0.312, 43.821, 20.144, -34.519, 0.010, 47.634, -149.734
138, 325.000,97.947, -1.395, 5914.216, 436.373, -38.053, 99.992, 85.764, -94.984
139, 230.000, -43.072, 26.844, 22.283, -39.460, -38.262, 0.010, 22.068, 134.117
139, 325.000,-45.335, 26.257, 5929.131, -121.940, 10.920, 99.992, 88.817, 84.883
140, 230.000, -48.683, -0.780, 55.297, -3.906, -21.087, 0.010, 68.803, 169.505
140, 325.000,-49.918, -1.464, 5929.595, -94.614, -23.275, 99.992, 89.059, 103.820
141, 230.000, 6.892, -95.490, 15.619, -37.383, 43.315, 0.010, 15.269, 40.796
141, 325.000,6.497, -104.390, 5906.731, 1.638, -529.726, 99.993, 84.875, -179.823
142, 230.000, 18.823, -21.553, 59.239, -0.122, -2.890, 0.010, 87.204, 177.580
142, 325.000,19.235, -22.121, 5929.928, 47.969, -58.132, 99.992, 89.272, -140.472
143, 230.000, -86.099, -4.652, 54.473, 1.635, -23.402, 0.010, 66.701, -176.004
143, 325.000,-91.146, -5.650, 5921.251, -326.508, -42.425, 99.992, 86.817, 97.403
144, 230.000, -10.364, 7.853, 46.111, 26.208, 26.543, 0.010, 51.029, -44.636
144, 630.000,-18.544, 19.646, 4955.083, -165.642, 201.419, 70.000, 86.987, 39.433
145, 230.000, -79.036, 56.429, 40.138, 36.486, 23.987, 0.010, 42.590, -56.677
145, 325.000,-87.960, 64.301, 5894.212, -505.077, 414.176, 99.988, 83.676, 50.647
146, 230.000, -59.405, 22.465, 33.938, -36.894, -31.697, 0.010, 34.905, 130.667
146, 325.000,-62.306, 22.122, 5927.971, -168.775, 16.408, 99.992, 88.361, 84.447
147, 230.000, 68.120, 56.898, 0.972, 22.912, 54.697, 0.010, 0.939, -22.729
147, 325.000,73.527, 62.517, 5914.196, 316.787, 302.286, 99.991, 85.766, -46.342
148, 230.000, -69.374, -29.842, 43.061, 15.085, 37.893, 0.010, 46.555, -21.707
148, 325.000,-71.619, -29.824, 5927.647, -175.495, -42.668, 99.992, 88.255, 103.665
149, 230.000, -6.537, -66.728, 4.140, 57.364, -14.486, 0.010, 4.002, -104.173
149, 325.000,-4.926, -69.292, 5927.778, 44.481, -170.430, 99.992, 88.298, -165.373
150, 230.000, -30.182, 34.380, 4.141, -53.760, 24.706, 0.010, 4.004, 65.318
150, 325.000,-32.571, 35.935, 5928.687, -111.225, 88.868, 99.992, 88.624, 51.376
151, 230.000, 87.204, -44.316, 0.606, -52.301, -27.963, 0.010, 0.586, 118.131
151, 325.000,97.630, -51.251, 5890.964, 583.843, -355.197, 99.994, 83.383, -121.315
152, 230.000, 83.649, -44.055, 14.656, -56.788, 8.831, 0.010, 14.306, 81.161
152, 325.000,89.912, -47.995, 5912.163, 401.671, -234.019, 99.992, 85.504, -120.226
153, 230.000, -32.264, -41.550, 18.595, 4.754, 56.118, 0.010, 18.271, -4.842
153, 325.000,-32.881, -40.755, 5930.092, -56.411, -20.872, 99.992, 89.419, 110.304
154, 230.000, 56.302, -63.775, 54.144, -17.779, -16.431, 0.010, 65.909, 132.744
154, 325.000,58.917, -67.868, 5922.115, 187.410, -250.822, 99.991, 86.974, -143.234
155, 230.000, -69.527, -19.651, 53.078, -23.502, -12.168, 0.010, 63.499, 117.373
155, 325.000,-72.784, -20.745, 5926.507, -205.157, -63.751, 99.992, 87.924, 107.262
156, 230.000, 29.064, 10.293, 47.917, -33.806, -8.872, 0.010, 53.893, 104.706
156, 325.000,28.623, 10.235, 5930.275, 34.663, 15.542, 99.992, 89.633, -65.849
157, 230.000, 51.849, -11.915, 7.155, -12.892, -57.448, 0.010, 6.929, 167.352
157, 325.000,52.692, -14.032, 5929.201, 86.024, -82.341, 99.992, 88.849, -133.747
158, 230.000, 64.138, -42.786, 41.998, 24.322, 34.091, 0.010, 45.082, -35.506
158, 325.000,67.568, -43.501, 5925.980, 211.077, -88.142, 99.992, 87.789, -112.664
159, 230.000, -26.457, -12.171, 41.204, 35.967, -22.941, 0.010, 44.005, -122.532
159, 325.000,-25.896, -13.173, 5930.056, -30.301, -55.749, 99.992, 89.387, 151.474
160, 230.000, -6.716, 11.774, 14.741, 53.050, 22.046, 0.010, 14.391, -67.433
160, 630.000,-7.644, 27.312, 4954.422, -48.066, 272.803, 70.006, 86.800, 9.993
161, 230.000, -81.270, -55.565, 24.950, 28.933, -45.366, 0.010, 24.877, -147.471
161, 325.000,-92.908, -65.462, 5877.423, -619.653, -493.579, 99.998, 82.323, 128.539
162, 230.000, -24.255, 67.777, 36.941, -17.726, -42.881, 0.010, 38.525, 157.541
162, 325.000,-25.668, 68.822, 5928.486, -80.097, 127.447, 99.992, 88.546, 32.148
163, 230.000, -3.916, -44.746, 49.713, -32.071, -4.209, 0.010, 56.950, 97.476
163, 325.000,-5.019, -45.865, 5929.618, -40.435, -86.919, 99.992, 89.074, 155.052
164, 230.000, 89.091, 27.475, 9.327, 56.908, -13.861, 0.010, 9.048, -103.689
164, 325.000,98.964, 29.557, 5904.695, 535.969, 131.804, 99.993, 84.660, -76.184
165, 230.000, -20.548, -24.820, 43.588, 20.105, -34.836, 0.010, 47.300, -150.009
165, 325.000,-20.347, -26.460, 5929.666, -23.583, -90.363, 99.992, 89.098, 165.373
166, 230.000, 56.938, -73.572, 45.077, -13.667, -36.040, 0.010, 49.467, 159.232
166, 325.000,61.559, -81.181, 5908.646, 281.996, -421.539, 99.991, 85.094, -146.219
167, 230.000, 9.394, 2.580, 31.621, -18.661, -46.578, 0.010, 32.219, 158.167
167, 630.000,17.486, -0.212, 4959.344, 159.748, -24.206, 70.001, 88.134, -98.616
168, 230.000, -89.952, -17.365, 14.553, -56.566, -10.302, 0.010, 14.204, 100.322
168, 325.000,-99.056, -19.103, 5908.371, -501.380, -96.132, 99.991, 85.062, 100.854
169, 230.000, -58.482, -7.641, 32.713, 19.455, -45.486, 0.010, 33.474, -156.843
169, 325.000,-59.415, -9.282, 5929.235, -99.051, -62.738, 99.992, 88.867, 122.350
170, 230.000, -53.081, 15.443, 31.612, -46.423, -19.058, 0.010, 32.209, 112.319
170, 325.000,-55.887, 15.228, 5928.427, -152.439, 10.613, 99.992, 88.524, 86.017
171, 230.000, 62.893, -67.395, 8.411, 32.081, 49.170, 0.010, 8.153, -33.122
171, 325.000,69.032, -71.407, 5913.926, 342.657, -278.344, 99.991, 85.731, -129.087
172, 230.000, -14.742, 84.264, 42.829, -39.249, -11.952, 0.010, 46.231, 106.936
172, 325.000,-16.802, 88.719, 5922.014, -96.147, 300.404, 99.992, 86.951, 17.748
173, 230.000, 73.022, 58.883, 41.548, 38.237, -18.148, 0.010, 44.469, -115.390
173, 325.000,81.035, 63.854, 5906.437, 438.628, 301.501, 99.991, 84.851, -55.496
174, 230.000, 7.515, 65.281, 2.416, -0.060, -59.260, 0.010, 2.335, 179.942
174, 325.000,7.739, 65.359, 5929.773, 16.743, 84.372, 99.992, 89.169, -11.224
175, 230.000, 73.851, 59.062, 32.954, -2.290, 49.259, 0.010, 33.753, 2.662
175, 325.000,81.193, 66.487, 5902.448, 421.637, 391.727, 99.993, 84.431, -47.106
176, 230.000, 67.748, 35.664, 39.732, -38.643, 21.111, 0.010, 42.060, 61.352
176, 325.000,69.285, 37.770, 5927.186, 151.481, 123.105, 99.992, 88.114, -50.900
177, 230.000, 8.174, -12.079, 43.206, -40.137, 6.320, 0.010, 46.759, 81.051
177, 630.000,12.265, -24.510, 4955.542, 98.566, -232.283, 70.001, 87.085, -157.007
178, 230.000, -31.424, -53.602, 26.264, 41.100, -33.744, 0.010, 26.284, -129.387
178, 325.000,-31.013, -56.186, 5928.452, -24.631, -149.828, 99.992, 88.533, 170.664
179, 230.000, -17.567, 85.965, 33.824, 47.799, 9.422, 0.010, 34.771, -78.849
179, 325.000,-17.211, 91.738, 5919.601, -20.415, 357.140, 99.992, 86.542, 3.272
180, 230.000, 36.938, 40.836, 24.861, -15.456, 51.582, 0.010, 24.782, 16.681
180, 325.000,37.371, 43.493, 5928.629, 56.311, 133.394, 99.992, 88.601, -22.886
181, 230.000, 63.749, -67.399, 16.251, 56.438, 8.262, 0.010, 15.902, -81.672
181, 325.000,71.056, -73.044, 5907.849, 389.268, -339.223, 99.991, 85.005, -131.070
182, 230.000, -15.093, -67.926, 19.825, 49.924, -25.143, 0.010, 19.528, -116.731
182, 325.000,-14.026, -71.004, 5927.252, 15.064, -192.519, 99.992, 88.134, -175.526
183, 230.000, -18.490, -38.646, 15.472, -36.529, 44.089, 0.010, 15.122, 39.643
183, 325.000,-20.056, -38.076, 5929.895, -72.347, -26.338, 99.992, 89.256, 110.004
184, 230.000, 19.144, 48.306, 54.765, 8.194, 21.244, 0.010, 67.424, -21.092
184, 325.000,19.860, 50.129, 5929.134, 44.867, 113.801, 99.992, 88.818, -21.517
185, 230.000, 56.149, 75.110, 26.237, -51.013, -15.065, 0.010, 26.255, 106.453
185, 325.000,59.675, 81.447, 5913.119, 243.127, 381.850, 99.993, 85.622, -32.485
186, 230.000, 85.845, -32.230, 7.157, 7.999, 58.330, 0.010, 6.931, -7.809
186, 325.000,92.906, -32.993, 5914.850, 419.383, -92.274, 99.992, 85.848, -102.409
187, 230.000, -72.519, 14.635, 21.156, 46.947, 29.428, 0.010, 20.898, -57.919
187, 325.000,-73.745, 16.106, 5928.261, -143.193, 69.522, 99.992, 88.462, 64.103
188, 230.000, -53.714, -83.460, 7.942, 43.753, 39.246, 0.010, 7.696, -48.108
188, 325.000,-61.704, -96.725, 5874.534, -424.735, -690.810, 99.987, 82.140, 148.415
189, 230.000, -65.111, -39.053, 10.717, -56.468, -14.635, 0.010, 10.411, 104.530
189, 325.000,-69.551, -41.111, 5923.966, -245.217, -126.943, 99.992, 87.331, 117.370
190, 230.000, -63.887, -76.570, 23.322, -7.487, -54.015, 0.010, 23.156, 172.109
190, 325.000,-81.720, -99.293, 5788.251, -808.960, -1018.126, 100.064, 77.338, 141.531
191, 230.000, 37.411, -68.069, 36.559, 27.422, 37.803, 0.010, 38.055, -35.957
191, 325.000,39.842, -69.750, 5926.666, 137.855, -159.007, 99.992, 87.966, -139.076
192, 230.000, -4.123, -82.547, 22.271, 16.599, 52.403, 0.010, 22.055, -17.576
192, 325.000,-3.810, -85.015, 5926.347, 3.753, -219.122, 99.992, 87.882, -179.019
193, 230.000, 15.273, 26.463, 38.726, 25.220, 37.174, 0.010, 40.764, -34.155
193, 325.000,16.405, 28.216, 5929.282, 60.457, 97.913, 99.992, 88.888, -31.694
194, 230.000, 69.245, -22.994, 18.008, 55.042, 12.794, 0.010, 17.676, -76.915
194, 325.000,73.561, -23.449, 5925.286, 241.518, -47.746, 99.992, 87.621, -101.183
195, 230.000, 19.399, 10.465, 12.037, -21.991, -53.751, 0.010, 11.709, 157.749
195, 325.000,19.198, 9.006, 5929.864, 79.115, -5.205, 99.992, 89.234, -93.764
196, 230.000, -91.762, -34.381, 42.742, 17.479, -37.218, 0.010, 46.109, -154.843
196, 325.000,-104.466, -40.447, 5883.369, -679.389, -301.480, 99.983, 82.800, 113.929
197, 230.000, 83.145, 38.452, 36.460, -18.144, 43.117, 0.010, 37.933, 22.822
197, 325.000,89.198, 42.829, 5913.814, 379.155, 230.058, 99.993, 85.711, -58.752
198, 230.000, 84.556, -2.855, 55.699, -18.374, -8.814, 0.010, 69.904, 115.626
198, 325.000,88.606, -3.283, 5923.602, 283.315, -19.500, 99.992, 87.255, -93.937
199, 230.000, 9.756, -38.860, 3.473, 23.096, 54.518, 0.010, 3.357, -22.959
199, 325.000,10.703, -37.947, 5930.215, 42.727, -17.961, 99.992, 89.552, -112.801
200, 230.000, -5.132, 62.948, 21.650, -11.822, -53.937, 0.010, 21.410, 167.637
200, 325.000,-5.652, 63.031, 5929.820, -23.299, 79.227, 99.992, 89.202, 16.388
201, 230.000, 9.291, -32.697, 46.775, 19.324, -30.924, 0.010, 52.060, -147.999
201, 325.000,10.102, -34.374, 5929.443, 39.072, -98.847, 99.992, 88.973, -158.432
202, 230.000, 32.336, 0.527, 41.367, -17.568, -38.701, 0.010, 44.224, 155.585
202, 325.000,32.472, -0.695, 5930.022, 53.758, -39.397, 99.992, 89.356, -126.237
203, 230.000, 56.962, -31.139, 16.591, -48.051, -30.552, 0.010, 16.244, 122.449
203, 325.000,57.135, -33.032, 5929.042, 76.669, -100.963, 99.992, 88.775, -142.788
204, 230.000, 17.492, 40.276, 0.139, 41.719, 42.156, 0.010, 0.135, -44.702
204, 325.000,19.209, 42.507, 5928.751, 75.343, 117.643, 99.992, 88.650, -32.637
205, 230.000, -21.651, 83.359, 14.171, -50.339, -27.978, 0.010, 13.823, 119.065
205, 325.000,-24.485, 87.376, 5921.959, -135.003, 285.681, 99.991, 86.946, 25.294
206, 230.000, -38.420, 18.720, 39.265, 7.118, -43.877, 0.010, 41.455, -170.785
206, 325.000,-39.025, 17.731, 5930.037, -64.314, -10.553, 99.992, 89.370, 99.318
207, 230.000, 35.363, -13.626, 29.200, -47.189, 20.934, 0.010, 29.493, 66.077
207, 325.000,34.612, -13.249, 5930.358, 21.139, -5.281, 99.992, 89.789, -104.026
208, 230.000, 81.399, -33.097, 11.821, 48.460, -32.086, 0.010, 11.497, -123.509
208, 325.000,88.267, -36.274, 5915.153, 388.867, -171.225, 99.992, 85.891, -113.765
209, 230.000, 72.494, 39.252, 44.290, -38.295, -9.464, 0.010, 48.310, 103.882
209, 325.000,74.899, 40.905, 5925.794, 200.245, 120.267, 99.992, 87.743, -59.011
210, 230.000, 87.274, 46.996, 57.930, -11.805, 4.728, 0.010, 77.619, 68.175
210, 325.000,102.141, 55.328, 5866.432, 758.081, 420.111, 99.982, 81.596, -61.006
211, 230.000, 29.617, -8.356, 13.431, 56.226, -13.262, 0.010, 13.088, -103.272
211, 325.000,32.050, -8.959, 5929.025, 123.547, -32.132, 99.992, 88.767, -104.578
212, 230.000, -61.402, -22.617, 45.713, -20.347, -31.843, 0.010, 50.421, 147.422
212, 325.000,-63.919, -24.311, 5927.617, -160.689, -84.500, 99.992, 88.246, 117.738
213, 230.000, -58.335, 56.412, 10.967, 58.099, -4.678, 0.010, 10.656, -94.603
213, 325.000,-59.263, 58.922, 5926.504, -124.777, 174.747, 99.992, 87.925, 35.529
214, 230.000, 4.278, 84.195, 13.107, -52.624, -24.013, 0.010, 12.767, 114.528
214, 325.000,2.868, 87.975, 5923.999, -40.307, 272.332, 99.992, 87.339, 8.419
215, 230.000, 16.493, -30.816, 17.290, -4.762, 56.533, 0.010, 16.949, 4.815
215, 325.000,16.694, -29.668, 5930.320, 30.067, -6.381, 99.992, 89.703, -101.981
216, 230.000, -74.357, -62.119, 9.161, 35.427, -46.676, 0.010, 8.885, -142.802
216, 325.000,-82.581, -71.291, 5892.870, -468.241, -472.887, 99.989, 83.557, 135.283
217, 230.000, 12.971, 88.522, 52.975, -21.372, -15.956, 0.010, 63.276, 126.745
217, 325.000,13.212, 94.157, 5919.137, 33.179, 363.954, 99.992, 86.467, -5.209
218, 230.000, 21.787, -57.007, 46.545, -36.653, 2.778, 0.010, 51.701, 85.666
218, 325.000,21.230, -58.487, 5929.242, 7.640, -116.598, 99.992, 88.871, -176.251
219, 230.000, -30.274, 82.887, 8.969, -43.155, 39.684, 0.010, 8.698, 47.399
219, 325.000,-33.641, 89.674, 5915.025, -172.912, 390.313, 99.992, 85.872, 23.894
220, 230.000, -23.843, 36.891, 46.639, 35.010, -10.804, 0.010, 51.848, -107.150
220, 325.000,-23.251, 37.352, 5930.112, -8.004, 57.317, 99.992, 89.441, 7.950
221, 230.000, -37.316, -32.510, 3.142, -51.201, -29.770, 0.010, 3.037, 120.175
221, 325.000,-39.816, -34.215, 5928.414, -122.854, -91.669, 99.992, 88.519, 126.729
222, 230.000, -50.045, 38.268, 14.450, 50.093, 28.277, 0.010, 14.101, -60.556
222, 325.000,-49.888, 40.257, 5929.076, -55.903, 111.889, 99.992, 88.791, 26.548
223, 230.000, 58.728, 77.593, 17.709, -54.187, 16.364, 0.010, 17.373, 73.196
223, 325.000,64.697, 88.121, 5893.331, 352.735, 560.273, 99.992, 83.590, -32.194
224, 230.000, 15.782, -88.949, 28.191, -50.579, -12.830, 0.010, 28.381, 104.233
224, 325.000,15.386, -95.887, 5915.847, 17.575, -415.027, 99.992, 85.983, -177.575
225, 230.000, -71.443, -51.360, 3.716, 12.390, -57.882, 0.010, 3.592, -167.917
225, 325.000,-75.724, -56.511, 5917.452, -280.921, -272.642, 99.991, 86.215, 134.143
226, 230.000, -50.707, 6.922, 43.512, 34.577, -20.707, 0.010, 47.192, -120.916
226, 325.000,-50.798, 6.428, 5930.089, -59.727, -8.398, 99.992, 89.417, 98.004
227, 230.000, 2.336, 68.136, 37.423, 21.275, -40.799, 0.010, 39.122, -152.459
227, 325.000,3.081, 69.027, 5929.165, 27.625, 117.578, 99.992, 88.833, -13.222
228, 230.000, 59.671, -66.248, 46.167, -34.797, 13.243, 0.010, 51.115, 69.164
228, 325.000,62.637, -70.321, 5920.493, 215.341, -265.942, 99.991, 86.692, -141.002
229, 230.000, -61.416, 24.623, 54.106, 11.410, -21.448, 0.010, 65.819, -151.987
229, 325.000,-62.939, 24.703, 5928.916, -127.907, 33.742, 99.992, 88.722, 75.222
230, 230.000, -34.520, -1.281, 19.358, -34.629, 44.087, 0.010, 19.050, 38.148
230, 325.000,-36.357, 0.100, 5929.299, -105.621, 43.363, 99.992, 88.897, 67.679
231, 230.000, 0.710, -86.604, 48.925, 12.888, 30.949, 0.010, 55.580, -22.608
231, 325.000,1.150, -90.798, 5922.869, 16.313, -298.454, 99.992, 87.111, -176.871
232, 230.000, -26.528, -17.936, 22.274, 34.074, -43.133, 0.010, 22.059, -141.692
232, 325.000,-26.008, -19.701, 5929.739, -23.242, -85.086, 99.992, 89.148, 164.722
233, 230.000, -9.512, -41.128, 33.135, 2.025, 49.149, 0.010, 33.964, -2.359
233, 325.000,-9.652, -40.451, 5930.315, -15.801, -26.421, 99.992, 89.703, 149.119
234, 230.000, 63.391, 13.382, 23.969, -13.427, -52.563, 0.010, 23.836, 165.671
234, 325.000,64.848, 12.118, 5928.991, 126.748, -24.916, 99.992, 88.752, -101.121
235, 230.000, 18.387, 62.606, 42.190, -16.675, -38.204, 0.010, 45.345, 156.420
235, 325.000,18.410, 63.270, 5929.508, 23.638, 99.783, 99.992, 89.009, -13.328
236, 230.000, 42.682, 37.568, 26.387, -52.346, 9.016, 0.010, 26.417, 80.227
236, 325.000,42.108, 38.809, 5929.728, 30.312, 83.767, 99.992, 89.139, -19.893
237, 230.000, -64.080, 21.109, 17.825, -49.092, -28.104, 0.010, 17.490, 119.790
237, 325.000,-67.691, 20.899, 5926.898, -202.595, 20.644, 99.992, 88.032, 84.182
238, 230.000, 40.461, -61.140, 2.045, -30.545, 50.798, 0.010, 1.976, 31.018
238, 325.000,40.967, -61.758, 5929.000, 73.187, -105.746, 99.992, 88.757, -145.313
239, 230.000, -56.433, -79.146, 38.577, 42.372, 15.299, 0.010, 40.575, -70.147
239, 325.000,-62.302, -88.700, 5896.858, -342.601, -527.729, 99.989, 83.910, 147.008
240, 230.000, 36.473, -38.062, 2.226, -47.715, -35.156, 0.010, 2.151, 126.382
240, 325.000,35.828, -40.095, 5929.360, 20.171, -109.037, 99.992, 88.929, -169.519
241, 230.000, 3.038, 93.288, 9.097, -55.920, -17.545, 0.010, 8.823, 107.419
241, 325.000,1.595, 101.019, 5911.775, -43.718, 467.657, 99.992, 85.457, 5.341
242, 230.000, 56.575, 27.546, 20.510, 8.691, -54.968, 0.010, 20.231, -171.016
242, 325.000,58.466, 26.594, 5928.947, 131.047, 2.335, 99.992, 88.734, -88.979
243, 230.000, 6.924, -45.902, 53.780, -0.164, -25.006, 0.010, 65.062, 179.624
243, 325.000,7.073, -47.719, 5929.351, 12.608, -110.599, 99.992, 88.924, -173.496
244, 230.000, -12.659, -79.524, 26.845, -14.674, 50.810, 0.010, 26.912, 16.109
244, 325.000,-13.699, -81.592, 5926.927, -54.957, -195.210, 99.992, 88.040, 164.277
245, 230.000, -70.999, 54.054, 13.313, 42.524, 39.142, 0.010, 12.971, -47.372
245, 325.000,-74.558, 58.974, 5918.479, -258.570, 272.614, 99.992, 86.367, 43.486
246, 230.000, -15.517, 26.076, 53.490, 18.029, -18.204, 0.010, 64.407, -135.276
246, 325.000,-15.282, 26.068, 5930.204, -18.855, 44.439, 99.992, 89.534, 22.990
247, 230.000, 47.356, 4.014, 1.423, 55.978, 19.547, 0.010, 1.375, -70.751
247, 325.000,50.218, 4.729, 5928.543, 145.646, 27.672, 99.992, 88.568, -79.242
248, 230.000, 68.999, 35.649, 36.319, -46.393, 6.805, 0.010, 37.760, 81.656
248, 325.000,70.430, 37.351, 5927.433, 151.538, 110.508, 99.992, 88.188, -53.899
249, 230.000, 98.651, 14.074, 5.209, -28.043, -52.001, 0.010, 5.039, 151.663
249, 325.000,120.140, 15.717, 5839.773, 1035.125, 96.008, 100.032, 79.906, -84.701
250, 230.000, 43.008, -58.040, 4.567, 50.580, -30.635, 0.010, 4.416, -121.202
250, 325.000,46.180, -61.133, 5925.229, 165.503, -184.059, 99.992, 87.608, -138.039
251, 230.000, -26.825, -77.286, 11.881, 11.148, 57.028, 0.010, 11.556, -11.061
251, 325.000,-27.764, -79.213, 5926.882, -75.003, -189.923, 99.992, 88.027, 158.450
252, 230.000, 64.863, -3.324, 25.920, 49.051, 20.972, 0.010, 25.914, -66.851
252, 325.000,68.383, -2.762, 5927.081, 197.781, 14.283, 99.992, 88.084, -85.870
253, 230.000, 18.397, 45.575, 9.452, 44.931, 37.544, 0.010, 9.170, -50.118
253, 325.000,20.253, 47.825, 5928.549, 80.865, 123.957, 99.992, 88.570, -33.119
254, 230.000, -6.411, -2.888, 25.572, -7.316, -53.011, 0.010, 25.542, 172.142
254, 630.000,-14.369, -12.496, 4957.813, -142.092, -145.741, 70.002, 87.649, 135.726
255, 230.000, 40.415, 63.691, 39.330, -38.240, -22.549, 0.010, 41.540, 120.526
255, 325.000,40.790, 65.463, 5928.045, 70.879, 151.114, 99.992, 88.387, -25.129
256, 230.000, -16.879, 30.331, 13.041, 48.187, 32.025, 0.010, 12.702, -56.392
256, 325.000,-15.696, 32.000, 5929.609, 15.751, 95.420, 99.992, 89.066, -9.373
257, 230.000, 96.050, 20.546, 4.254, 59.067, -3.254, 0.010, 4.113, -93.153
257, 325.000,112.644, 23.620, 5869.446, 833.689, 161.269, 99.997, 81.768, -79.052
258, 230.000, -19.994, 93.273, 5.026, 30.535, -50.596, 0.010, 4.862, -148.889
258, 325.000,-21.125, 101.340, 5909.325, -84.485, 492.193, 99.992, 85.169, 9.740
259, 230.000, 66.849, -67.574, 2.610, -17.865, -56.495, 0.010, 2.522, 162.452
259, 325.000,73.308, -76.374, 5900.311, 377.707, -461.476, 99.991, 84.229, -140.700
260, 230.000, 18.564, -20.491, 0.139, 33.129, -49.195, 0.010, 0.135, -146.043
260, 325.000,20.035, -22.521, 5928.953, 80.781, -102.501, 99.992, 88.739, -141.758
261, 230.000, 71.748, -58.151, 2.925, -37.125, -46.161, 0.010, 2.827, 141.192
261, 325.000,76.595, -64.423, 5912.224, 317.583, -338.525, 99.992, 85.511, -136.828
262, 230.000, 9.681, -51.952, 5.564, -54.581, -22.529, 0.010, 5.383, 112.429
262, 325.000,8.176, -53.922, 5929.002, -38.013, -122.723, 99.992, 88.759, 162.790
263, 230.000, -43.531, -20.431, 44.723, -37.599, 10.192, 0.010, 48.943, 74.833
263, 325.000,-45.713, -20.573, 5929.125, -119.700, -27.366, 99.992, 88.814, 102.878
264, 230.000, -69.819, 40.738, 56.274, 18.320, -3.904, 0.010, 71.590, -102.030
264, 325.000,-72.533, 42.533, 5925.590, -203.058, 125.601, 99.992, 87.693, 58.261
265, 230.000, -61.403, 33.453, 16.812, -15.415, 54.748, 0.010, 16.467, 15.725
265, 325.000,-63.990, 36.325, 5926.345, -168.535, 140.138, 99.992, 87.882, 50.256
266, 230.000, 62.191, -25.957, 48.924, 17.659, 28.501, 0.010, 55.577, -31.782
266, 325.000,64.720, -25.885, 5928.051, 163.910, -31.094, 99.992, 88.388, -100.742
267, 230.000, -36.539, 42.700, 21.261, 14.857, 53.337, 0.010, 21.006, -15.565
267, 325.000,-36.999, 45.480, 5928.470, -57.099, 139.994, 99.992, 88.539, 22.189
268, 230.000, 87.829, -23.456, 42.802, -32.643, -24.901, 0.010, 46.193, 127.338
268, 325.000,93.422, -25.981, 5917.455, 367.939, -133.924, 99.992, 86.214, -110.001
269, 230.000, -15.211, -97.478, 18.220, 17.064, 53.800, 0.010, 17.891, -17.598
269, 325.000,-17.038, -110.840, 5885.477, -103.384, -722.149, 99.996, 82.934, 171.853
270, 230.000, 56.487, -61.682, 19.574, 52.938, -18.224, 0.010, 19.270, -108.996
270, 325.000,61.187, -65.581, 5920.055, 256.370, -238.244, 99.992, 86.617, -132.901
271, 230.000, 62.371, -60.165, 56.455, 13.851, -11.773, 0.010, 72.152, -130.365
271, 325.000,66.599, -64.195, 5919.634, 257.870, -247.073, 99.992, 86.548, -133.775
272, 230.000, 9.571, -89.307, 50.795, -30.412, -3.547, 0.010, 58.919, 96.652
272, 325.000,9.319, -95.781, 5917.078, 9.923, -397.018, 99.992, 86.160, -178.568
273, 230.000, -73.671, 7.963, 21.965, 7.014, -54.644, 0.010, 21.737, -172.686
273, 325.000,-76.233, 6.546, 5927.234, -190.104, -35.742, 99.992, 88.131, 100.648
274, 230.000, 88.663, 20.805, 42.818, -35.048, 21.352, 0.010, 46.215, 58.650
274, 325.000,94.301, 23.035, 5917.513, 371.770, 118.615, 99.991, 86.227, -72.305
275, 230.000, -54.279, 53.919, 31.616, 28.451, 41.335, 0.010, 32.213, -34.539
275, 325.000,-55.611, 57.422, 5925.789, -125.362, 197.363, 99.992, 87.740, 32.423
276, 230.000, -80.249, -15.173, 8.104, 11.824, 57.551, 0.010, 7.853, -11.610
276, 325.000,-83.767, -14.107, 5925.161, -249.039, 11.043, 99.992, 87.591, 87.461
277, 230.000, 43.431, 19.582, 48.312, -14.178, -31.346, 0.010, 54.545, 155.662
277, 325.000,43.958, 19.029, 5930.028, 65.870, 3.866, 99.992, 89.362, -86.641
278, 230.000, -68.910, 59.710, 32.548, -31.530, 38.264, 0.010, 33.284, 39.489
278, 325.000,-75.334, 65.613, 5910.317, -362.900, 326.078, 99.993, 85.281, 48.059
279, 230.000, 69.024, -68.657, 22.553, -54.838, 1.341, 0.010, 22.350, 88.599
279, 325.000,76.245, -77.437, 5896.195, 421.538, -476.284, 99.992, 83.843, -138.489
280, 230.000, -97.188, 14.750, 57.467, 12.963, 6.865, 0.010, 75.681, -62.094
280, 325.000,-111.317, 17.157, 5881.951, -746.623, 122.786, 99.993, 82.670, 80.661
281, 230.000, -28.864, -57.171, 26.586, 52.643, 6.288, 0.010, 26.632, -83.188
281, 325.000,-28.042, -58.639, 5929.202, -8.518, -118.645, 99.992, 88.851, 175.893
282, 230.000, -68.323, 15.888, 10.038, 57.996, 7.300, 0.010, 9.745, -82.826
282, 325.000,-68.773, 16.648, 5929.274, -105.659, 46.224, 99.992, 88.886, 66.371
283, 230.000, -16.431, 80.323, 25.263, -36.145, 39.660, 0.010, 25.211, 42.345
283, 325.000,-18.387, 85.610, 5921.445, -93.328, 312.108, 99.992, 86.851, 16.648
284, 230.000, -61.227, -0.429, 44.947, -37.915, 7.735, 0.010, 49.274, 78.469
284, 325.000,-64.136, -0.197, 5927.972, -169.423, 7.117, 99.992, 88.361, 87.595
285, 230.000, -68.716, 21.748, 54.669, -17.437, 14.998, 0.010, 67.183, 49.300
285, 325.000,-71.738, 23.001, 5926.728, -195.796, 71.856, 99.992, 87.985, 69.847
286, 230.000, -14.179, -3.993, 7.571, 24.114, 53.655, 0.010, 7.334, -24.201
286, 630.000,-26.751, -1.866, 4955.915, -245.322, 7.727, 70.002, 87.165, 88.196
287, 230.000, -95.858, -6.028, 37.475, -16.957, 42.728, 0.010, 39.187, 21.646
287, 325.000,-107.340, -5.428, 5897.028, -627.529, 7.371, 99.989, 83.925, 89.327
288, 230.000, -14.061, 52.884, 16.670, 41.079, -39.399, 0.010, 16.324, -133.804
288, 325.000,-13.101, 52.929, 5930.058, 15.352, 61.491, 99.992, 89.388, -14.018
289, 230.000, -60.461, -50.275, 6.049, 56.784, 16.020, 0.010, 5.854, -74.245
289, 325.000,-61.272, -51.929, 5927.722, -119.500, -132.055, 99.992, 88.279, 137.857
290, 230.000, 2.715, -82.394, 31.366, -21.131, 45.687, 0.010, 31.928, 24.822
290, 325.000,2.191, -85.044, 5926.125, -13.226, -224.582, 99.992, 87.826, 176.630
291, 230.000, -70.357, -56.812, 21.592, 48.722, 26.031, 0.010, 21.349, -61.885
291, 325.000,-73.918, -60.097, 5920.442, -260.148, -224.174, 99.992, 86.680, 130.752
292, 230.000, -67.648, 22.428, 3.821, 57.132, 15.458, 0.010, 3.694, -74.860
292, 325.000,-68.173, 23.689, 5928.956, -108.985, 71.997, 99.992, 88.738, 56.551
293, 230.000, -17.717, -7.860, 26.562, 52.516, 7.359, 0.010, 26.606, -82.024
293, 630.000,-30.486, -15.440, 4952.606, -265.367, -143.664, 69.996, 86.513, 118.430
294, 230.000, 17.446, 60.689, 24.506, -14.807, -51.941, 0.010, 24.405, 164.089
294, 325.000,17.473, 60.772, 5929.862, 22.090, 76.397, 99.992, 89.232, -16.127
295, 230.000, 17.968, -15.772, 45.544, 3.301, -37.848, 0.010, 50.166, -175.015
295, 325.000,18.496, -17.354, 5929.333, 63.453, -93.478, 99.992, 88.908, -145.831
296, 230.000, -64.248, -58.470, 44.876, 35.900, 14.661, 0.010, 49.169, -67.785
296, 325.000,-67.000, -61.531, 5922.976, -209.731, -209.877, 99.992, 87.132, 135.020
297, 230.000, 2.750, 0.991, 22.832, -1.797, 54.709, 0.010, 22.641, 1.881
297, 630.000,5.576, 8.724, 4960.531, 53.047, 110.281, 70.003, 88.587, -25.688
298, 230.000, 50.633, 39.314, 7.805, -55.638, -19.004, 0.010, 7.562, 108.859
298, 325.000,50.337, 39.850, 5929.797, 52.498, 65.894, 99.992, 89.186, -38.544
299, 230.000, 72.005, 16.242, 8.482, 51.885, -27.453, 0.010, 8.222, -117.884
299, 325.000,76.390, 15.997, 5925.138, 249.186, 15.282, 99.992, 87.587, -86.490
300, 230.000, -50.012, -39.380, 29.922, -50.042, -10.870, 0.010, 30.298, 102.256
300, 325.000,-53.069, -40.885, 5927.347, -162.651, -98.426, 99.992, 88.163, 121.180
