ion,x0,y0,z0,vx0,vy0,vz0,ke0,elev0,azim0,x1,y1,z1,vx1,vy1,vz1,ke1,elev1,azim1
1, 230.000, -51.909, -26.977, 47.474, -10.002, -34.115, 0.010, 53.172, 163.660
1, 325.000,-53.599, -28.768, 5928.571, -116.112, -90.322, 99.992, 88.579, 127.879
2, 230.000, -15.153, 69.901, 35.137, 27.766, 38.886, 0.010, 36.329, -35.528
2, 325.000,-14.820, 73.613, 5926.319, -9.849, 219.616, 99.992, 87.876, 2.568
3, 230.000, -37.021, 79.282, 49.349, -32.832, 2.084, 0.010, 56.311, 86.369
3, 325.000,-40.381, 84.374, 5918.862, -183.613, 321.108, 99.992, 86.424, 29.761
4, 230.000, -47.449, 5.922, 54.716, -22.291, 5.188, 0.010, 67.301, 76.898
4, 325.000,-49.228, 6.220, 5929.336, -110.877, 16.328, 99.992, 88.917, 81.623
5, 230.000, -69.951, -28.404, 9.461, 22.093, 54.222, 0.010, 9.179, -22.168
5, 325.000,-71.982, -27.804, 5927.951, -168.921, -21.283, 99.992, 88.355, 97.181
6, 230.000, 6.461, 50.035, 13.391, -4.286, 57.619, 0.010, 13.049, 4.255
6, 325.000,6.477, 53.044, 5928.397, 7.715, 153.764, 99.992, 88.512, -2.872
7, 230.000, 0.322, 58.482, 44.247, 37.352, 12.834, 0.010, 48.247, -71.037
7, 325.000,1.511, 60.430, 5928.793, 39.376, 132.180, 99.992, 88.667, -16.589
8, 230.000, -47.910, 71.573, 44.272, -11.111, -37.871, 0.010, 48.284, 163.649
8, 325.000,-51.048, 74.576, 5922.816, -192.150, 229.602, 99.991, 87.106, 39.925
9, 230.000, -56.569, 9.219, 21.474, 40.949, -37.144, 0.010, 21.227, -132.211
9, 325.000,-56.714, 8.276, 5929.950, -69.876, -20.190, 99.992, 89.297, 106.116
10, 230.000, 34.752, -83.953, 37.716, 13.269, -43.807, 0.010, 39.488, -163.149
10, 325.000,37.854, -91.806, 5911.276, 177.480, -441.232, 99.991, 85.400, -158.088
11, 230.000, 31.366, 87.408, 44.704, -38.288, -7.292, 0.010, 48.916, 100.783
11, 325.000,32.885, 94.671, 5913.164, 118.514, 435.986, 99.992, 85.631, -15.207
12, 230.000, -17.387, 28.543, 33.100, 13.406, 47.353, 0.010, 33.924, -15.807
12, 325.000,-17.327, 30.657, 5929.370, -21.795, 108.149, 99.992, 88.934, 11.394
13, 230.000, -82.398, -48.417, 40.655, 42.607, 7.032, 0.010, 43.273, -80.628
13, 325.000,-89.796, -53.308, 5906.939, -446.062, -281.326, 99.993, 84.898, 122.239
14, 230.000, -53.811, 2.638, 10.084, -16.572, -56.048, 0.010, 9.789, 163.528
14, 325.000,-55.655, 0.920, 5928.923, -120.995, -52.966, 99.992, 88.724, 113.641
15, 230.000, 87.385, 1.307, 50.898, -15.819, 26.014, 0.010, 59.113, 31.304
15, 325.000,92.332, 2.191, 5921.162, 329.331, 32.653, 99.992, 86.801, -84.338
16, 230.000, -93.281, -5.938, 28.302, 5.385, 51.843, 0.010, 28.502, -5.930
16, 325.000,-101.506, -4.890, 5910.416, -486.223, 23.895, 99.993, 85.291, 87.187
17, 230.000, -74.928, -49.808, 41.642, -2.196, -42.176, 0.010, 44.596, 177.020
17, 325.000,-80.448, -54.729, 5914.703, -337.714, -267.662, 99.991, 85.833, 128.399
18, 230.000, -8.845, -22.822, 3.799, -48.263, -34.262, 0.010, 3.673, 125.372
18, 325.000,-10.600, -24.446, 5928.945, -78.283, -105.233, 99.992, 88.733, 143.354
19, 230.000, -69.541, -4.239, 2.657, 30.595, -50.740, 0.010, 2.568, -148.910
19, 325.000,-70.886, -5.985, 5928.486, -136.706, -63.138, 99.992, 88.545, 114.790
20, 230.000, -78.704, 31.888, 11.839, 11.215, -57.024, 0.010, 11.515, -168.873
20, 325.000,-82.691, 31.868, 5923.922, -271.628, 54.744, 99.992, 87.322, 78.605
21, 230.000, 3.038, -56.169, 38.802, 23.368, 38.288, 0.010, 40.861, -31.397
21, 325.000,3.853, -56.369, 5929.898, 30.174, -70.664, 99.992, 89.258, -156.877
22, 230.000, 62.901, -34.763, 48.496, 25.447, -22.764, 0.010, 54.853, -131.815
22, 325.000,65.960, -36.727, 5926.299, 188.894, -113.472, 99.992, 87.871, -120.994
23, 230.000, -13.840, -27.218, 38.936, -43.530, 10.334, 0.010, 41.032, 76.646
23, 325.000,-15.527, -27.475, 5929.665, -77.568, -51.757, 99.992, 89.099, 123.713
24, 230.000, -21.078, 29.395, 22.090, -18.467, -51.852, 0.010, 21.867, 160.397
24, 325.000,-22.115, 28.363, 5930.068, -61.851, 5.373, 99.992, 89.400, 85.035
25, 230.000, 41.280, 5.132, 49.170, -31.048, -11.660, 0.010, 56.000, 110.584
25, 325.000,41.181, 4.872, 5930.223, 45.277, -2.461, 99.992, 89.562, -93.111
26, 230.000, 64.838, -46.621, 33.752, 35.984, -32.918, 0.010, 34.686, -132.452
26, 325.000,68.981, -49.820, 5922.621, 242.898, -182.048, 99.992, 87.066, -126.851
27, 230.000, -28.916, -90.652, 45.579, 22.071, -30.872, 0.010, 50.218, -144.439
27, 325.000,-31.291, -101.128, 5900.775, -148.715, -573.076, 99.992, 84.270, 165.452
28, 230.000, 4.682, 99.277, 57.467, 4.835, -13.849, 0.010, 75.681, -160.754
28, 325.000,5.672, 116.846, 5863.353, 47.808, 888.863, 99.997, 81.368, -3.079
29, 230.000, 30.650, 29.805, 55.376, -20.297, 6.253, 0.010, 69.016, 72.877
29, 325.000,30.669, 30.647, 5929.969, 35.821, 61.765, 99.992, 89.310, -30.112
30, 230.000, -26.388, -74.319, 27.889, 50.275, -14.569, 0.010, 28.049, -106.161
30, 325.000,-25.979, -78.052, 5925.461, -27.182, -240.261, 99.992, 87.663, 173.545
31, 230.000, 18.639, 28.640, 33.424, 46.435, -15.628, 0.010, 34.302, -108.600
31, 325.000,20.514, 28.748, 5929.614, 86.690, 42.474, 99.992, 89.067, -63.897
32, 230.000, 45.424, 6.028, 39.349, 43.361, 9.441, 0.010, 41.563, -77.717
32, 325.000,47.810, 6.461, 5928.969, 128.384, 20.853, 99.992, 88.743, -80.774
33, 230.000, -2.497, -91.534, 27.886, 3.618, -52.220, 0.010, 28.045, -176.037
33, 325.000,-2.590, -100.585, 5909.074, -8.345, -502.350, 99.992, 85.140, 179.048
34, 230.000, 33.858, -63.144, 3.662, -40.259, -43.399, 0.010, 3.540, 137.149
34, 325.000,33.791, -66.763, 5926.615, 44.654, -206.916, 99.992, 87.954, -167.822
35, 230.000, 49.513, 42.333, 41.919, 21.762, 35.873, 0.010, 44.973, -31.243
35, 325.000,51.705, 44.751, 5927.371, 134.754, 133.161, 99.992, 88.169, -45.341
36, 230.000, -46.642, -39.531, 12.252, -55.670, -16.382, 0.010, 11.922, 106.398
36, 325.000,-49.716, -41.159, 5927.455, -157.023, -101.107, 99.992, 88.195, 122.778
37, 230.000, -69.810, -67.820, 6.554, 48.753, -33.134, 0.010, 6.345, -124.201
37, 325.000,-77.432, -77.647, 5891.967, -438.487, -512.264, 99.993, 83.471, 139.437
38, 230.000, -76.921, 48.474, 38.431, -5.987, -44.776, 0.010, 40.389, 172.383
38, 325.000,-82.903, 50.754, 5916.851, -360.018, 175.371, 99.991, 86.128, 64.028
39, 230.000, 0.662, 80.746, 42.746, -40.252, 8.381, 0.010, 46.114, 78.239
39, 325.000,-0.561, 84.831, 5924.226, -40.139, 267.396, 99.992, 87.387, 8.537
40, 230.000, 48.607, 32.023, 47.454, 20.769, -28.887, 0.010, 53.140, -144.285
40, 325.000,50.536, 31.950, 5929.084, 119.797, 34.802, 99.992, 88.795, -73.801
41, 230.000, -24.385, -44.338, 4.246, 55.181, -21.323, 0.010, 4.106, -111.127
41, 325.000,-23.194, -46.051, 5929.452, 11.381, -105.282, 99.992, 88.977, -173.830
42, 230.000, -4.420, 41.281, 39.844, -43.705, 4.461, 0.010, 42.206, 84.172
42, 325.000,-5.904, 42.309, 5929.598, -53.515, 81.313, 99.992, 89.059, 33.351
43, 230.000, 61.256, -1.833, 21.375, -54.220, -10.996, 0.010, 21.124, 101.465
43, 325.000,61.215, -2.231, 5929.943, 71.590, -15.234, 99.992, 89.293, -102.013
44, 230.000, 38.001, -85.340, 27.989, 48.005, -20.731, 0.010, 28.158, -113.358
44, 325.000,42.962, -93.821, 5905.468, 255.090, -480.068, 99.993, 84.740, -152.016
45, 230.000, 21.220, 17.587, 29.075, -20.032, -47.655, 0.010, 29.355, 157.200
45, 325.000,21.063, 16.462, 5930.255, 41.154, 0.886, 99.992, 89.602, -88.767
46, 230.000, 87.227, 34.768, 5.331, -27.779, -52.130, 0.010, 5.157, 151.948
46, 325.000,94.341, 36.348, 5912.964, 435.590, 129.872, 99.992, 85.604, -73.398
47, 230.000, -43.477, -59.901, 58.607, 5.359, -7.355, 0.010, 81.174, -143.923
47, 325.000,-44.955, -62.397, 5926.954, -111.145, -168.518, 99.992, 88.049, 146.594
48, 230.000, -51.150, -12.143, 26.756, -42.189, 31.967, 0.010, 26.816, 52.849
48, 325.000,-53.721, -11.420, 5928.702, -141.370, 9.911, 99.992, 88.631, 85.990
49, 230.000, -77.917, -54.822, 47.334, 19.619, -29.869, 0.010, 52.948, -146.702
49, 325.000,-85.512, -61.486, 5903.014, -442.718, -358.116, 99.992, 84.490, 128.969
50, 230.000, -68.714, 39.935, 44.337, -3.510, -39.237, 0.010, 48.379, 174.888
50, 325.000,-71.901, 40.499, 5925.974, -214.202, 81.213, 99.992, 87.786, 69.236
51, 230.000, -35.125, -1.156, 56.274, 12.221, -14.195, 0.010, 71.590, -139.275
51, 325.000,-35.481, -1.631, 5930.078, -58.943, -17.157, 99.992, 89.407, 106.229
52, 230.000, -9.287, -1.945, 32.204, -46.712, -17.277, 0.010, 32.887, 110.298
52, 630.000,-24.386, -5.986, 5297.986, -254.356, -65.286, 79.999, 87.162, 104.395
53, 230.000, -14.211, 21.433, 5.745, 43.032, 40.409, 0.010, 5.559, -46.800
53, 325.000,-13.152, 23.223, 5929.422, 3.752, 107.145, 99.992, 88.964, -2.005
54, 230.000, 25.216, 7.824, 44.704, 32.666, -21.262, 0.010, 48.916, -123.059
54, 325.000,26.825, 7.321, 5929.462, 104.658, -0.946, 99.991, 88.989, -90.518
55, 230.000, 81.440, -14.534, 56.026, 16.841, 9.751, 0.010, 70.846, -59.930
55, 325.000,86.135, -14.976, 5922.914, 295.138, -39.257, 99.992, 87.122, -97.577
56, 230.000, -5.891, -55.630, 29.889, -43.361, -27.279, 0.010, 30.262, 122.174
56, 325.000,-7.415, -57.905, 5928.516, -56.572, -138.208, 99.992, 88.557, 157.740
57, 230.000, 3.612, 55.206, 31.621, -33.233, 37.593, 0.010, 32.219, 41.477
57, 325.000,2.650, 57.784, 5928.503, -27.337, 147.341, 99.992, 88.552, 10.511
58, 230.000, 48.815, -44.829, 50.779, -16.148, 26.046, 0.010, 58.889, 31.798
58, 325.000,49.802, -45.382, 5929.173, 94.170, -74.821, 99.992, 88.838, -128.468
59, 230.000, -7.008, -24.301, 24.332, 9.561, 53.237, 0.010, 24.221, -10.182
59, 325.000,-6.870, -23.175, 5930.307, -15.134, -30.573, 99.992, 89.670, 153.664
60, 230.000, 50.410, -76.461, 24.711, -31.730, -43.592, 0.010, 24.623, 143.950
60, 325.000,53.473, -83.922, 5912.180, 209.290, -414.912, 99.992, 85.506, -153.233
61, 230.000, 66.559, -5.822, 39.942, -17.716, -40.105, 0.010, 42.334, 156.167
61, 325.000,68.073, -7.266, 5928.607, 134.899, -55.119, 99.992, 88.592, -112.225
62, 230.000, 18.750, 41.126, 48.402, 7.149, 33.522, 0.010, 54.696, -12.039
62, 325.000,19.390, 43.097, 5929.223, 41.849, 110.262, 99.992, 88.860, -20.784
63, 230.000, -12.361, -97.863, 52.658, -10.072, 25.364, 0.010, 62.604, 21.657
63, 325.000,-14.598, -112.457, 5879.540, -111.325, -768.619, 99.999, 82.475, 171.759
64, 230.000, -50.823, 10.846, 3.845, 59.161, -1.691, 0.010, 3.717, -91.637
64, 325.000,-50.132, 11.047, 5930.266, -34.703, 18.730, 99.992, 89.619, 61.642
65, 230.000, 22.660, 97.171, 52.142, -25.845, -11.442, 0.010, 61.540, 113.880
65, 325.000,27.958, 122.846, 5807.455, 250.822, 1182.641, 100.044, 78.241, -11.974
66, 230.000, -37.031, -73.311, 46.471, 29.692, -21.828, 0.010, 51.585, -126.322
66, 325.000,-37.955, -77.646, 5923.643, -92.291, -267.437, 99.992, 87.266, 160.961
67, 230.000, -72.590, -31.143, 23.829, 25.748, -47.821, 0.010, 23.689, -151.701
67, 325.000,-74.997, -34.018, 5925.466, -193.378, -144.682, 99.991, 87.666, 126.803
68, 230.000, 9.247, 96.975, 18.294, 42.959, 36.572, 0.010, 17.966, -49.591
68, 325.000,11.795, 111.262, 5882.601, 113.283, 744.152, 99.997, 82.708, -8.656
69, 230.000, -68.079, -55.950, 40.426, 43.254, 3.541, 0.010, 42.969, -85.320
69, 325.000,-71.099, -59.419, 5921.746, -229.695, -222.603, 99.991, 86.908, 134.102
70, 230.000, -34.914, -71.315, 39.864, 42.967, 9.071, 0.010, 42.232, -78.079
70, 325.000,-35.127, -74.205, 5926.435, -61.369, -207.847, 99.992, 87.906, 163.550
71, 230.000, -34.036, 49.036, 49.468, 15.605, -28.758, 0.010, 56.519, -151.514
71, 325.000,-34.452, 49.437, 5929.734, -53.542, 70.633, 99.992, 89.144, 37.163
72, 230.000, 63.763, -30.654, 27.203, 28.212, -44.517, 0.010, 27.301, -147.636
72, 325.000,66.884, -33.129, 5926.035, 190.620, -123.921, 99.992, 87.803, -123.028
73, 230.000, 71.569, 19.836, 9.316, -31.709, -49.248, 0.010, 9.037, 147.224
73, 325.000,73.256, 19.029, 5928.298, 157.596, 1.417, 99.992, 88.477, -89.485
74, 230.000, 20.766, 95.135, 31.688, -20.775, -45.627, 0.010, 32.296, 155.519
74, 325.000,22.802, 105.948, 5897.530, 121.878, 611.412, 99.992, 83.966, -11.273
75, 230.000, 49.382, -13.320, 17.735, 52.493, 21.157, 0.010, 17.399, -68.049
75, 325.000,52.220, -12.963, 5928.557, 147.649, -3.261, 99.992, 88.573, -91.265
76, 230.000, -53.737, -41.156, 38.715, -44.920, 0.978, 0.010, 40.750, 88.753
76, 325.000,-56.885, -42.453, 5927.050, -174.148, -96.551, 99.992, 88.076, 119.005
77, 230.000, -29.570, -74.842, 17.896, 45.527, -33.537, 0.010, 17.562, -126.377
77, 325.000,-29.535, -79.410, 5923.909, -46.355, -273.542, 99.992, 87.319, 170.382
78, 230.000, 26.371, 39.356, 55.512, -19.854, 6.469, 0.010, 69.386, 71.954
78, 325.000,26.335, 40.444, 5929.798, 28.193, 79.437, 99.992, 89.186, -19.540
79, 230.000, 52.872, 72.712, 30.749, 41.809, 28.709, 0.010, 31.228, -55.524
79, 325.000,58.035, 78.925, 5912.846, 282.363, 357.782, 99.991, 85.592, -38.281
80, 230.000, -19.084, -92.301, 13.593, 57.714, 1.384, 0.010, 13.250, -88.627
80, 325.000,-19.147, -101.077, 5908.381, -43.910, -508.590, 99.992, 85.062, 175.065
81, 230.000, 41.617, 63.841, 24.124, 54.014, 4.255, 0.010, 24.001, -85.495
81, 325.000,45.015, 66.587, 5924.859, 175.441, 186.858, 99.992, 87.523, -43.195
82, 230.000, -29.479, 56.122, 19.681, -43.738, -34.890, 0.010, 19.380, 128.580
82, 325.000,-31.714, 56.638, 5928.766, -109.502, 85.752, 99.992, 88.656, 51.935
83, 230.000, -33.875, -59.311, 11.655, -55.559, 17.175, 0.010, 11.333, 72.822
83, 325.000,-36.734, -60.699, 5927.489, -138.669, -123.611, 99.992, 88.205, 131.714
84, 230.000, -0.093, 12.621, 6.085, 58.830, 4.430, 0.010, 5.889, -85.693
84, 630.000,6.719, 26.167, 5297.814, 92.588, 250.038, 80.000, 87.119, -20.319
85, 230.000, -63.281, -53.052, 25.685, -12.993, 51.857, 0.010, 25.662, 14.066
85, 325.000,-66.860, -54.096, 5924.837, -225.485, -123.061, 99.992, 87.517, 118.624
86, 230.000, -38.425, -49.602, 26.112, 11.586, 51.977, 0.010, 26.120, -12.566
86, 325.000,-39.143, -49.358, 5929.755, -70.017, -51.954, 99.992, 89.158, 126.576
87, 230.000, -40.790, 40.925, 23.420, -9.648, -53.629, 0.010, 23.258, 169.802
87, 325.000,-42.148, 40.281, 5929.632, -91.576, 26.262, 99.992, 89.080, 73.998
88, 230.000, 48.028, -78.624, 8.234, 58.035, 9.042, 0.010, 7.980, -81.145
88, 325.000,53.808, -84.888, 5910.544, 300.228, -380.791, 99.992, 85.310, -141.747
89, 230.000, 67.023, -52.142, 22.935, 31.416, 44.774, 0.010, 22.749, -35.056
89, 325.000,71.739, -53.659, 5922.196, 277.005, -142.542, 99.991, 86.989, -117.229
90, 230.000, 5.385, 84.021, 36.671, -0.306, 46.613, 0.010, 38.192, 0.376
90, 325.000,5.672, 90.105, 5919.884, 19.124, 352.569, 99.992, 86.587, -3.105
91, 230.000, -63.660, 59.516, 53.825, -8.846, -23.286, 0.010, 65.166, 159.199
91, 325.000,-67.856, 62.466, 5920.996, -259.668, 209.443, 99.991, 86.775, 51.111
92, 230.000, 66.716, -59.845, 31.426, -49.729, -7.557, 0.010, 31.996, 98.641
92, 325.000,69.813, -64.229, 5919.789, 234.863, -265.918, 99.992, 86.570, -138.549
93, 230.000, -38.506, -62.029, 41.130, -9.884, 41.573, 0.010, 43.906, 13.374
93, 325.000,-40.216, -62.980, 5928.195, -110.425, -117.890, 99.992, 88.439, 136.873
94, 230.000, -24.433, -13.130, 14.033, -6.014, -57.311, 0.010, 13.687, 174.010
94, 325.000,-25.164, -15.256, 5929.273, -68.277, -93.895, 99.992, 88.878, 143.977
95, 230.000, 51.814, 83.734, 37.716, -45.192, 7.267, 0.010, 39.488, 80.865
95, 325.000,58.359, 96.698, 5880.997, 363.234, 673.144, 99.996, 82.590, -28.352
96, 230.000, -18.284, -54.320, 10.013, 48.178, 33.110, 0.010, 9.720, -55.502
96, 325.000,-17.220, -54.655, 5929.924, 13.634, -73.528, 99.992, 89.277, -169.495
97, 230.000, -80.078, 2.235, 34.056, 3.421, -48.437, 0.010, 35.044, -175.960
97, 325.000,-83.658, 0.826, 5925.074, -247.191, -43.824, 99.992, 87.574, 100.053
98, 230.000, -22.749, -14.692, 3.236, 33.698, -48.699, 0.010, 3.128, -145.318
98, 325.000,-22.177, -16.588, 5929.602, -27.412, -92.768, 99.992, 89.065, 163.538
99, 230.000, -30.205, -77.537, 57.172, -11.036, -11.278, 0.010, 74.570, 135.622
99, 325.000,-32.125, -81.936, 5922.651, -116.062, -279.992, 99.992, 87.070, 157.485
100, 230.000, -54.757, -48.206, 1.486, -55.865, -19.863, 0.010, 1.436, 109.573
100, 325.000,-58.567, -50.634, 5925.009, -204.116, -149.063, 99.992, 87.557, 126.140
101, 230.000, 91.545, 21.852, 24.888, 30.761, 44.181, 0.010, 24.811, -34.847
101, 325.000,101.385, 25.324, 5902.809, 545.796, 169.586, 99.992, 84.470, -72.739
102, 230.000, 24.737, -82.642, 35.303, 43.695, 19.029, 0.010, 36.529, -66.467
102, 325.000,27.555, -86.945, 5921.400, 140.387, -294.865, 99.992, 86.843, -154.541
103, 230.000, -82.613, -31.714, 7.883, -10.552, 57.829, 0.010, 7.638, 10.341
103, 325.000,-88.386, -32.013, 5919.452, -353.471, -70.198, 99.992, 86.516, 101.233
104, 230.000, 66.461, 60.286, 30.787, 46.225, 20.810, 0.010, 31.271, -65.763
104, 325.000,72.709, 65.303, 5913.101, 345.989, 291.445, 99.991, 85.625, -49.891
105, 230.000, 16.078, 13.154, 9.807, -26.112, -52.341, 0.010, 9.518, 153.486
105, 630.000,28.626, 19.851, 5296.771, 249.227, 155.430, 80.012, 86.826, -58.050
106, 230.000, -42.766, 21.945, 30.858, -10.084, 49.636, 0.010, 31.351, 11.484
106, 325.000,-44.059, 24.021, 5929.004, -89.667, 92.036, 99.992, 88.758, 44.253
107, 230.000, 74.793, 53.779, 36.568, -2.347, 46.636, 0.010, 38.066, 2.881
107, 325.000,80.946, 59.682, 5910.436, 368.950, 316.672, 99.992, 85.297, -49.360
108, 230.000, 65.172, -14.662, 53.235, -5.068, 25.651, 0.010, 63.842, 11.176
108, 325.000,67.044, -14.313, 5928.621, 144.941, -7.120, 99.992, 88.598, -92.812
109, 230.000, 36.201, -57.026, 39.558, -14.578, 41.716, 0.010, 41.835, 19.262
109, 325.000,36.879, -57.504, 5929.332, 68.746, -88.789, 99.992, 88.915, -142.251
110, 230.000, -60.484, -17.522, 0.304, 53.393, -25.820, 0.010, 0.294, -115.808
110, 325.000,-60.505, -18.839, 5929.582, -74.253, -64.385, 99.992, 89.050, 130.929
111, 230.000, -92.868, -10.326, 29.419, 11.464, 50.207, 0.010, 29.737, -12.863
111, 325.000,-100.817, -9.717, 5911.361, -475.079, -0.725, 99.993, 85.405, 90.087
112, 230.000, -21.938, 48.949, 36.080, -44.314, 15.880, 0.010, 37.469, 70.284
112, 325.000,-23.878, 50.650, 5928.702, -88.204, 110.859, 99.992, 88.631, 38.507
113, 230.000, 20.400, -78.447, 4.444, 46.146, -36.992, 0.010, 4.297, -128.717
113, 325.000,22.839, -83.425, 5921.897, 115.317, -295.792, 99.992, 86.931, -158.701
114, 230.000, 25.027, 62.140, 6.751, 47.023, 35.509, 0.010, 6.536, -52.942
114, 325.000,27.314, 65.245, 5926.595, 107.744, 182.942, 99.992, 87.948, -30.496
115, 230.000, 91.536, 6.841, 49.516, -1.122, -32.628, 0.010, 56.602, 178.031
115, 325.000,98.846, 6.392, 5914.006, 440.649, -1.636, 99.992, 85.739, -90.213
116, 230.000, 35.861, -43.751, 40.058, -42.480, -10.412, 0.010, 42.486, 103.772
116, 325.000,35.427, -45.189, 5929.539, 26.863, -97.254, 99.992, 89.025, -164.559
117, 230.000, 87.935, 46.744, 12.435, -21.536, 53.844, 0.010, 12.103, 21.800
117, 325.000,106.618, 58.612, 5836.584, 904.529, 551.090, 100.043, 79.714, -58.648
118, 230.000, -74.476, 10.924, 10.326, -19.668, -54.992, 0.010, 10.027, 160.320
118, 325.000,-78.032, 9.624, 5925.985, -227.159, -27.213, 99.992, 87.789, 96.831
119, 230.000, 49.056, -35.949, 3.206, -58.849, -6.646, 0.010, 3.098, 96.444
119, 325.000,48.521, -37.137, 5929.694, 40.854, -81.579, 99.992, 89.118, -153.399
120, 230.000, 50.435, -24.953, 4.388, -46.018, 37.159, 0.010, 4.242, 51.080
120, 325.000,50.232, -24.395, 5930.165, 51.112, -10.375, 99.992, 89.496, -101.475
121, 230.000, -49.623, -0.224, 55.543, -19.334, -7.670, 0.010, 69.470, 111.638
121, 325.000,-51.381, -0.471, 5929.319, -112.649, -8.355, 99.992, 88.909, 94.242
122, 230.000, -4.265, -72.302, 9.038, -58.481, -3.993, 0.010, 8.765, 93.906
122, 325.000,-6.264, -75.048, 5926.860, -72.110, -191.769, 99.992, 88.020, 159.393
123, 230.000, -2.984, -56.489, 18.211, -45.856, 32.912, 0.010, 17.881, 54.332
123, 325.000,-4.515, -56.873, 5929.650, -53.406, -77.365, 99.992, 89.092, 145.382
124, 230.000, -46.192, -49.604, 6.254, 23.940, -53.902, 0.010, 6.053, -156.052
124, 325.000,-46.924, -52.908, 5927.249, -84.475, -173.602, 99.992, 88.134, 154.052
125, 230.000, -26.533, -44.765, 32.063, 40.931, -28.535, 0.010, 32.725, -124.883
125, 325.000,-25.865, -46.735, 5929.285, -7.950, -114.456, 99.992, 88.891, 176.026
126, 230.000, -32.871, -45.821, 1.701, -47.074, 36.039, 0.010, 1.644, 52.563
126, 325.000,-35.203, -45.837, 5929.067, -113.783, -53.248, 99.992, 88.786, 115.079
127, 230.000, -64.715, 12.635, 50.690, -26.761, -15.232, 0.010, 58.723, 119.648
127, 325.000,-67.552, 12.545, 5927.771, -175.886, 13.071, 99.992, 88.296, 85.750
128, 230.000, 97.526, -11.062, 45.807, -5.680, -37.244, 0.010, 50.564, 171.329
128, 325.000,111.734, -13.802, 5881.444, 749.144, -125.604, 99.988, 82.641, -99.518
129, 230.000, 60.777, 48.549, 6.065, 58.780, -5.073, 0.010, 5.870, -94.933
129, 325.000,65.254, 50.490, 5923.766, 243.044, 139.607, 99.992, 87.291, -60.127
130, 230.000, -48.095, 74.603, 10.187, -38.167, 44.240, 0.010, 9.890, 40.785
130, 325.000,-52.601, 81.129, 5913.794, -247.368, 367.852, 99.991, 85.713, 33.920
131, 230.000, -97.772, -4.512, 26.104, -17.028, -50.460, 0.010, 26.113, 161.353
131, 325.000,-112.346, -6.672, 5880.599, -760.723, -88.399, 99.987, 82.580, 96.628
132, 230.000, 83.260, 9.185, 9.090, -4.595, 58.429, 0.010, 8.816, 4.496
132, 325.000,87.546, 11.497, 5922.696, 287.184, 93.754, 99.992, 87.080, -71.920
133, 230.000, -28.333, 15.155, 51.689, 28.429, -6.133, 0.010, 60.635, -102.173
133, 325.000,-28.039, 15.287, 5930.226, -34.278, 27.856, 99.992, 89.573, 50.901
134, 230.000, -48.554, -10.022, 42.353, -8.749, -40.587, 0.010, 45.570, 167.835
134, 325.000,-49.952, -11.539, 5929.247, -99.673, -60.713, 99.992, 88.872, 121.347
135, 230.000, 41.221, -30.073, 39.392, 42.712, -11.900, 0.010, 41.619, -105.568
135, 325.000,43.547, -31.160, 5928.740, 121.984, -69.057, 99.992, 88.646, -119.515
136, 230.000, 81.005, -41.774, 46.156, 32.878, -17.501, 0.010, 51.098, -118.027
136, 325.000,88.371, -45.589, 5911.577, 419.503, -216.916, 99.992, 85.432, -117.342
137, 230.000, -55.735, 49.831, 38.158, -30.229, -33.880, 0.010, 40.043, 138.259
137, 325.000,-58.837, 50.695, 5926.692, -183.782, 100.667, 99.992, 87.975, 61.288
138, 230.000, -17.075, -26.463, 54.962, 10.215, 19.811, 0.010, 67.925, -27.277
138, 325.000,-17.118, -26.405, 5930.192, -28.587, -40.127, 99.992, 89.524, 144.533
139, 230.000, -62.458, 27.308, 21.342, -4.698, 55.137, 0.010, 21.091, 4.870
139, 325.000,-64.641, 29.937, 5927.130, -154.025, 122.615, 99.992, 88.098, 51.478
140, 230.000, 32.960, 55.355, 0.186, -25.515, -53.540, 0.010, 0.180, 154.519
140, 325.000,33.111, 55.268, 5929.859, 45.570, 65.428, 99.992, 89.230, -34.857
141, 230.000, 51.108, 26.257, 7.874, -56.845, -14.977, 0.010, 7.629, 104.761
141, 325.000,50.606, 26.451, 5930.129, 42.562, 36.612, 99.992, 89.458, -49.298
142, 230.000, 68.926, -3.280, 35.251, 47.693, -0.622, 0.010, 36.466, -90.747
142, 325.000,72.734, -3.410, 5926.387, 217.896, -8.653, 99.992, 87.893, -92.274
143, 230.000, 3.129, -26.378, 57.395, -8.510, 12.291, 0.010, 75.401, 34.699
143, 325.000,2.929, -26.588, 5930.036, 0.152, -64.869, 99.992, 89.373, -179.866
144, 230.000, -18.443, -13.638, 22.857, 41.808, 35.317, 0.010, 22.668, -49.811
144, 325.000,-17.570, -12.850, 5930.180, -42.544, -26.497, 99.992, 89.516, 121.915
145, 230.000, 97.998, 6.436, 20.732, 39.830, 38.747, 0.010, 20.460, -45.790
145, 325.000,114.139, 8.576, 5872.546, 821.744, 92.758, 99.995, 81.984, -83.560
146, 230.000, 10.477, -91.622, 23.158, 41.241, 35.784, 0.010, 22.983, -49.053
146, 325.000,12.594, -97.987, 5915.479, 94.973, -409.198, 99.991, 85.938, -166.933
147, 230.000, -71.756, -25.451, 54.010, 17.906, -16.731, 0.010, 65.594, -133.057
147, 325.000,-74.079, -26.995, 5926.893, -183.140, -89.093, 99.992, 88.032, 115.942
148, 230.000, -50.648, -49.280, 3.454, -58.427, -9.591, 0.010, 3.338, 99.322
148, 325.000,-54.267, -51.308, 5925.857, -188.933, -134.533, 99.992, 87.759, 125.453
149, 230.000, -5.119, 90.622, 57.740, 6.163, -12.071, 0.010, 76.790, -152.954
149, 325.000,-5.313, 97.037, 5916.762, -16.878, 401.716, 99.992, 86.112, 2.406
150, 230.000, -29.430, 76.152, 14.958, 3.824, 57.265, 0.010, 14.608, -3.821
150, 325.000,-30.779, 81.740, 5921.302, -94.216, 314.416, 99.992, 86.827, 16.681
151, 230.000, -32.173, -13.042, 57.476, -11.105, -9.530, 0.010, 75.716, 130.634
151, 325.000,-33.206, -13.621, 5929.785, -76.727, -36.343, 99.992, 89.180, 115.345
152, 230.000, -5.974, 53.936, 6.303, 51.351, 29.000, 0.010, 6.100, -60.545
152, 325.000,-4.487, 56.188, 5928.723, 41.616, 134.617, 99.992, 88.639, -17.179
153, 230.000, -75.503, -37.364, 43.260, 5.536, 40.194, 0.010, 46.835, -7.842
153, 325.000,-79.386, -38.124, 5923.974, -260.817, -89.639, 99.992, 87.335, 108.967
154, 230.000, 57.838, 79.381, 44.797, 38.817, 2.034, 0.010, 49.052, -87.001
154, 325.000,67.726, 91.425, 5876.013, 497.785, 628.227, 99.993, 82.232, -38.392
155, 230.000, 9.131, -25.554, 38.894, -44.658, 3.247, 0.010, 40.979, 85.842
155, 325.000,7.911, -26.030, 5929.953, -21.483, -69.797, 99.992, 89.294, 162.892
156, 230.000, -36.352, 50.326, 55.769, 17.564, -9.946, 0.010, 70.103, -119.521
156, 325.000,-36.818, 51.425, 5929.310, -59.064, 96.682, 99.992, 88.905, 31.421
157, 230.000, -69.665, -5.052, 45.180, 18.027, 33.932, 0.010, 49.621, -27.980
157, 325.000,-71.431, -4.155, 5928.429, -151.044, 23.026, 99.992, 88.524, 81.332
158, 230.000, 3.826, 6.467, 29.013, 42.744, 29.134, 0.010, 29.287, -55.722
158, 630.000,12.819, 16.608, 5299.746, 142.823, 172.166, 79.998, 87.583, -39.678
159, 230.000, -41.101, -72.640, 35.050, 7.182, -47.303, 0.010, 36.225, -171.367
159, 325.000,-43.069, -77.984, 5920.960, -136.922, -305.164, 99.992, 86.767, 155.835
160, 230.000, -75.166, -43.338, 39.864, -7.219, 43.317, 0.010, 42.232, 9.462
160, 325.000,-79.925, -44.613, 5921.639, -298.372, -121.906, 99.992, 86.884, 112.223
161, 230.000, -77.659, -33.264, 0.603, 43.782, -40.006, 0.010, 0.582, -132.420
161, 325.000,-80.502, -36.317, 5923.761, -230.137, -160.493, 99.992, 87.288, 124.891
162, 230.000, -34.431, -88.185, 25.623, -28.845, 45.045, 0.010, 25.596, 32.633
162, 325.000,-38.676, -95.442, 5909.204, -224.553, -448.288, 99.993, 85.150, 153.393
163, 230.000, 85.043, 15.952, 52.030, 11.531, 26.030, 0.010, 61.313, -23.893
163, 325.000,90.543, 17.721, 5919.868, 341.913, 89.332, 99.992, 86.584, -75.358
164, 230.000, -4.866, -18.175, 29.057, -36.034, -37.080, 0.010, 29.335, 135.820
164, 325.000,-6.155, -19.851, 5928.164, -69.929, -148.459, 99.993, 88.414, 154.778
165, 230.000, -9.091, 49.876, 34.642, 40.241, 26.423, 0.010, 35.739, -56.710
165, 325.000,-8.028, 51.882, 5929.108, 24.570, 121.097, 99.992, 88.806, -11.469
166, 230.000, -26.820, -37.630, 19.310, 39.955, -39.349, 0.010, 19.000, -134.562
166, 325.000,-26.145, -39.721, 5929.370, -8.065, -110.108, 99.992, 88.933, 175.811
167, 230.000, -25.755, 22.369, 28.153, 52.187, 1.251, 0.010, 28.339, -88.627
167, 325.000,-24.639, 22.886, 5930.191, -0.541, 49.179, 99.992, 89.525, 0.631
168, 230.000, -29.553, -26.077, 1.949, 16.497, -56.936, 0.010, 1.884, -163.841
168, 325.000,-29.653, -28.454, 5929.285, -38.367, -108.051, 99.992, 88.892, 160.451
169, 230.000, -71.384, 64.614, 8.180, 27.421, 51.950, 0.010, 7.927, -27.826
169, 325.000,-78.916, 73.755, 5895.613, -432.780, 473.909, 99.993, 83.787, 42.403
170, 230.000, -31.881, -72.736, 2.983, 0.168, 59.234, 0.010, 2.883, -0.162
170, 325.000,-33.280, -74.082, 5927.515, -96.181, -157.734, 99.992, 88.215, 148.627
171, 230.000, 65.616, -8.617, 34.146, 9.632, 47.528, 0.010, 35.151, -11.456
171, 325.000,67.943, -7.385, 5928.160, 160.098, 29.711, 99.992, 88.427, -79.487
172, 230.000, -95.254, 18.824, 45.459, 33.187, 18.700, 0.010, 50.038, -60.600
172, 325.000,-106.218, 21.748, 5896.380, -615.363, 148.644, 99.987, 83.872, 76.420
173, 230.000, 26.591, -16.343, 14.587, -0.730, 57.483, 0.010, 14.238, 0.728
173, 325.000,27.144, -14.856, 5930.027, 61.767, 22.054, 99.992, 89.366, -70.351
174, 230.000, -6.626, 73.279, 0.022, -56.480, -18.102, 0.010, 0.021, 107.771
174, 325.000,-8.654, 75.431, 5927.323, -76.526, 175.003, 99.992, 88.154, 23.619
175, 230.000, 74.558, -41.580, 58.144, -7.863, -8.665, 0.010, 78.622, 137.776
175, 325.000,78.554, -44.211, 5922.152, 267.096, -162.710, 99.992, 86.977, -121.349
176, 230.000, 44.865, -74.825, 21.187, -43.491, 34.312, 0.010, 20.930, 51.728
176, 325.000,46.244, -78.309, 5923.525, 128.449, -254.589, 99.991, 87.244, -153.228
177, 230.000, -28.863, 49.800, 46.111, -20.839, 30.938, 0.010, 51.029, 33.963
177, 325.000,-30.274, 52.077, 5928.377, -79.811, 132.507, 99.992, 88.505, 31.061
178, 230.000, 39.751, -72.591, 27.198, -51.756, -9.960, 0.010, 27.295, 100.893
178, 325.000,40.153, -76.580, 5924.358, 79.748, -255.504, 99.992, 87.413, -162.666
179, 230.000, -2.862, 7.206, 27.922, 52.326, 0.171, 0.010, 28.085, -89.813
179, 630.000,0.306, 14.726, 5302.597, 28.555, 140.238, 80.000, 88.454, -11.509
180, 230.000, 12.825, -34.005, 2.844, -39.305, 44.324, 0.010, 2.748, 41.565
180, 325.000,11.838, -33.309, 5930.331, -14.746, -23.383, 99.992, 89.733, 147.764
181, 230.000, -3.813, -6.974, 16.106, -56.284, 9.505, 0.010, 15.757, 80.414
181, 630.000,-14.394, -13.107, 5300.597, -164.481, -119.996, 79.999, 87.800, 126.112
182, 230.000, 73.066, -48.762, 57.612, -1.064, -14.049, 0.010, 76.258, 175.669
182, 325.000,77.729, -52.329, 5919.169, 295.812, -213.018, 99.991, 86.476, -125.758
183, 230.000, -68.121, 67.074, 11.079, 35.074, 46.526, 0.010, 10.766, -37.011
183, 325.000,-74.479, 75.794, 5900.394, -379.404, 460.233, 99.994, 84.228, 39.501
184, 230.000, 42.454, 42.456, 1.933, -59.018, 5.545, 0.010, 1.868, 84.633
184, 325.000,41.717, 43.771, 5929.609, 26.092, 93.070, 99.992, 89.066, -15.661
185, 230.000, -67.378, -69.681, 18.522, 16.612, -53.839, 0.010, 18.198, -162.853
185, 325.000,-75.462, -80.181, 5888.691, -447.718, -539.119, 99.987, 83.213, 140.292
186, 230.000, 3.506, 32.536, 42.934, -27.218, -30.552, 0.010, 46.377, 138.303
186, 325.000,2.714, 32.262, 5930.223, -20.723, 40.445, 99.992, 89.561, 27.129
187, 230.000, -50.800, -30.086, 0.033, 48.976, 33.451, 0.010, 0.031, -55.667
187, 325.000,-50.574, -29.811, 5930.110, -51.989, -26.181, 99.992, 89.438, 116.730
188, 230.000, -13.738, 37.479, 49.302, 6.362, 32.349, 0.010, 56.229, -11.127
188, 325.000,-13.828, 39.304, 5929.462, -19.073, 103.582, 99.992, 88.982, 10.433
189, 230.000, -2.269, -10.870, 53.603, -2.339, -25.277, 0.010, 64.659, 174.713
189, 630.000,-4.889, -25.066, 5298.395, -47.509, -250.108, 79.999, 87.249, 169.244
190, 230.000, 35.260, -30.606, 54.269, -4.246, -23.548, 0.010, 66.207, 169.780
190, 325.000,35.913, -32.035, 5929.534, 60.631, -80.816, 99.992, 89.024, -143.122
191, 230.000, 4.279, -28.519, 52.886, 9.862, 24.969, 0.010, 63.086, -21.553
191, 325.000,4.689, -28.356, 5930.156, 21.626, -48.029, 99.992, 89.491, -155.759
192, 230.000, 5.807, -52.109, 39.454, 28.731, 33.699, 0.010, 41.699, -40.450
192, 325.000,6.855, -52.281, 5929.909, 40.766, -64.011, 99.992, 89.267, -147.508
193, 230.000, -65.987, 60.029, 50.106, 26.853, 16.911, 0.010, 57.652, -57.798
193, 325.000,-69.686, 64.665, 5918.616, -253.497, 274.370, 99.992, 86.389, 42.736
194, 230.000, -57.280, 38.521, 7.839, -28.656, -51.332, 0.010, 7.595, 150.828
194, 325.000,-60.074, 38.168, 5927.886, -167.804, 39.308, 99.992, 88.335, 76.816
195, 230.000, -9.044, 62.011, 19.105, 9.247, 55.382, 0.010, 18.791, -9.479
195, 325.000,-9.013, 65.558, 5927.257, -10.102, 192.653, 99.992, 88.136, 3.002
196, 230.000, 31.976, -9.707, 49.342, 31.911, 8.046, 0.010, 56.298, -75.849
196, 325.000,33.668, -9.656, 5929.545, 99.389, -11.668, 99.992, 89.033, -96.696
197, 230.000, 29.882, 29.316, 6.183, 27.495, 52.187, 0.010, 5.984, -27.783
197, 325.000,31.405, 31.615, 5928.828, 83.415, 107.960, 99.992, 88.682, -37.691
198, 230.000, 74.407, -41.458, 43.095, -37.500, 15.944, 0.010, 46.603, 66.966
198, 325.000,77.375, -43.265, 5924.422, 229.999, -133.366, 99.991, 87.430, -120.108
199, 230.000, 80.600, 17.193, 36.257, -43.579, -17.433, 0.010, 37.685, 111.803
199, 325.000,83.223, 17.499, 5926.163, 220.610, 38.508, 99.992, 87.836, -80.099
200, 230.000, -57.449, 16.487, 4.746, 52.466, 27.248, 0.010, 4.590, -62.555
200, 325.000,-57.313, 17.793, 5929.735, -63.186, 62.013, 99.992, 89.145, 45.537
201, 230.000, -71.214, -68.445, 11.620, 53.084, -23.763, 0.010, 11.299, -114.116
201, 325.000,-81.151, -80.221, 5876.217, -536.082, -595.548, 99.999, 82.235, 138.008
202, 230.000, -9.830, 94.553, 11.155, -46.804, 34.679, 0.010, 10.841, 53.464
202, 325.000,-12.292, 105.584, 5898.817, -108.691, 601.406, 99.992, 84.085, 10.244
203, 230.000, -0.144, -31.074, 18.453, -4.451, 56.190, 0.010, 18.128, 4.529
203, 325.000,-0.290, -29.956, 5930.369, -5.051, -16.849, 99.992, 89.830, 163.314
204, 230.000, 48.302, 61.169, 58.379, 7.587, -7.207, 0.010, 79.838, -133.529
204, 325.000,50.603, 63.558, 5925.943, 150.667, 173.194, 99.991, 87.782, -41.021
205, 230.000, 50.954, -57.141, 32.827, 43.697, 23.035, 0.010, 33.606, -62.204
205, 325.000,54.415, -58.765, 5925.659, 191.647, -139.524, 99.992, 87.709, -126.056
206, 230.000, 57.435, 58.349, 30.850, -49.942, 8.464, 0.010, 31.343, 80.381
206, 325.000,58.675, 61.453, 5925.490, 135.372, 199.720, 99.992, 87.668, -34.130
207, 230.000, 41.715, -4.214, 34.451, 10.874, 47.038, 0.010, 35.511, -13.016
207, 325.000,42.958, -2.808, 5929.588, 88.670, 40.937, 99.992, 89.056, -65.218
208, 230.000, -22.659, 96.958, 19.022, -23.279, -51.126, 0.010, 18.706, 155.519
208, 325.000,-27.772, 114.392, 5859.857, -243.674, 880.723, 100.001, 81.136, 15.465
209, 230.000, -12.233, 75.542, 53.708, 8.139, 23.809, 0.010, 64.897, -18.872
209, 325.000,-12.482, 79.394, 5925.412, -26.587, 241.680, 99.992, 87.650, 6.278
210, 230.000, 11.173, 13.430, 36.476, 2.042, 46.722, 0.010, 37.953, -2.502
210, 630.000,22.730, 32.478, 5289.832, 214.097, 327.668, 79.993, 85.768, -33.160
211, 230.000, -18.793, 64.376, 33.339, 1.352, 49.034, 0.010, 34.203, -1.579
211, 325.000,-19.350, 67.975, 5926.792, -42.749, 202.285, 99.992, 88.002, 11.933
212, 230.000, -38.685, -80.419, 26.182, -50.364, 17.192, 0.010, 26.196, 71.152
212, 325.000,-42.916, -85.453, 5917.252, -219.827, -327.863, 99.992, 86.183, 146.159
213, 230.000, 28.362, -53.558, 38.586, 35.756, -27.390, 0.010, 40.586, -127.454
213, 325.000,30.275, -55.904, 5927.925, 96.790, -141.138, 99.992, 88.346, -145.558
214, 230.000, 95.569, 21.596, 37.274, 40.192, 22.647, 0.010, 38.937, -60.600
214, 325.000,110.929, 25.473, 5874.811, 785.450, 192.048, 99.985, 82.163, -76.260
215, 230.000, -17.794, 21.570, 44.726, -2.815, 38.849, 0.010, 48.948, 4.145
215, 325.000,-18.275, 23.282, 5929.443, -47.655, 95.212, 99.992, 88.971, 26.589
216, 230.000, 2.839, -30.327, 38.539, 45.028, -2.195, 0.010, 40.527, -92.791
216, 325.000,4.337, -31.052, 5929.713, 53.912, -72.636, 99.992, 89.126, -143.416
217, 230.000, 37.273, 79.050, 13.767, 48.501, -31.238, 0.010, 13.422, -122.784
217, 325.000,41.105, 83.017, 5920.389, 199.341, 281.023, 99.992, 86.669, -35.350
218, 230.000, 0.618, -17.345, 21.058, -10.026, 54.531, 0.010, 20.797, 10.418
218, 630.000,0.078, -28.730, 5298.713, -4.212, -244.269, 79.994, 87.360, 179.012
219, 230.000, 55.980, 39.943, 23.031, -35.472, 41.581, 0.010, 22.850, 40.467
219, 325.000,56.694, 42.562, 5927.970, 97.210, 139.015, 99.992, 88.361, -34.964
220, 230.000, 5.770, -59.665, 34.116, 37.295, 31.030, 0.010, 35.115, -50.239
220, 325.000,7.104, -60.286, 5929.489, 50.550, -90.610, 99.992, 88.998, -150.843
221, 230.000, 24.175, -78.351, 30.456, 5.481, 50.597, 0.010, 30.898, -6.183
221, 325.000,25.520, -80.578, 5926.336, 84.632, -202.479, 99.992, 87.879, -157.316
222, 230.000, -15.932, -8.791, 35.763, 23.902, 40.833, 0.010, 37.084, -30.342
222, 630.000,-29.388, -12.992, 5296.909, -264.888, -102.114, 80.000, 86.932, 111.082
223, 230.000, 30.739, -91.006, 47.667, 34.724, -6.300, 0.010, 53.485, -100.284
223, 325.000,35.311, -101.632, 5896.690, 232.866, -586.241, 99.990, 83.894, -158.336
224, 230.000, 10.314, -31.184, 32.525, -15.162, -47.222, 0.010, 33.256, 162.199
224, 325.000,10.048, -33.351, 5929.294, 5.596, -114.079, 99.992, 88.896, -177.192
225, 230.000, 72.913, 38.437, 9.076, 0.436, 58.610, 0.010, 8.802, -0.426
225, 325.000,76.640, 42.226, 5922.115, 247.698, 192.004, 99.992, 86.971, -52.219
226, 230.000, -0.870, 77.896, 33.755, 3.408, 48.648, 0.010, 34.690, -4.007
226, 325.000,-0.801, 82.807, 5923.565, 0.963, 284.565, 99.992, 87.250, -0.194
227, 230.000, -1.041, 46.695, 48.734, 32.685, -8.622, 0.010, 55.253, -104.777
227, 325.000,-0.029, 47.463, 5929.808, 31.914, 77.306, 99.992, 89.192, -22.432
228, 230.000, 70.890, 7.724, 57.896, 9.881, -8.250, 0.010, 77.465, -129.860
228, 325.000,73.688, 7.737, 5927.351, 189.799, 10.958, 99.992, 88.163, -86.696
229, 230.000, -81.534, 14.575, 58.059, 6.988, -9.898, 0.010, 78.212, -144.780
229, 325.000,-85.471, 15.011, 5924.161, -269.060, 39.004, 99.992, 87.372, 81.752
230, 230.000, 74.700, 54.938, 12.692, -13.087, 56.438, 0.010, 12.357, 13.055
230, 325.000,80.781, 61.436, 5908.998, 369.259, 341.911, 99.992, 85.132, -47.202
231, 230.000, 32.826, -41.130, 7.175, 6.509, -58.513, 0.010, 6.948, -173.652
231, 325.000,33.827, -43.988, 5928.351, 69.568, -139.323, 99.992, 88.495, -153.466
232, 230.000, -2.907, -11.671, 42.494, 22.860, 34.486, 0.010, 45.765, -33.540
232, 630.000,-3.241, -19.718, 5301.727, -19.546, -170.291, 79.999, 88.148, 173.452
233, 230.000, -54.356, -48.711, 21.603, -51.915, -18.863, 0.010, 21.361, 109.968
233, 325.000,-58.020, -51.124, 5925.183, -198.838, -149.295, 99.992, 87.597, 126.901
234, 230.000, 47.454, 87.812, 37.772, -45.602, -3.377, 0.010, 39.558, 94.235
234, 325.000,59.296, 112.142, 5800.606, 552.081, 1108.924, 100.026, 77.945, -26.467
235, 230.000, 5.624, -87.493, 36.353, -45.575, -10.911, 0.010, 37.802, 103.464
235, 325.000,4.575, -93.411, 5919.105, -25.462, -364.975, 99.992, 86.463, 176.009
236, 230.000, -95.282, 28.178, 26.901, -51.363, 12.485, 0.010, 26.973, 76.338
236, 325.000,-114.756, 33.857, 5847.997, -948.281, 277.528, 100.008, 80.410, 73.687
237, 230.000, -75.447, 23.497, 35.716, -26.067, -39.529, 0.010, 37.027, 146.598
237, 325.000,-79.626, 23.310, 5924.706, -257.868, 30.351, 99.992, 87.491, 83.287
238, 230.000, -53.935, 80.641, 26.723, -28.287, -44.759, 0.010, 26.781, 147.707
238, 325.000,-61.524, 89.371, 5895.676, -397.433, 501.014, 99.987, 83.809, 38.423
239, 230.000, 85.283, -11.184, 48.402, 4.207, 34.017, 0.010, 54.696, -7.051
239, 325.000,90.415, -10.788, 5921.345, 327.148, -6.433, 99.991, 86.837, -91.127
240, 230.000, 11.082, 55.614, 4.315, -39.719, 43.834, 0.010, 4.172, 42.181
240, 325.000,10.103, 58.438, 5928.301, -19.062, 156.407, 99.992, 88.478, 6.948
241, 230.000, -44.554, 59.754, 16.643, -25.276, 51.008, 0.010, 16.297, 26.360
241, 325.000,-47.095, 63.699, 5924.486, -149.495, 218.387, 99.992, 87.442, 34.393
242, 230.000, -95.633, 22.509, 9.291, 36.549, 45.777, 0.010, 9.013, -38.604
242, 325.000,-108.624, 27.191, 5884.538, -700.956, 223.332, 99.990, 82.874, 72.328
243, 230.000, -48.275, -7.668, 13.735, 2.254, -57.653, 0.010, 13.390, -177.761
243, 325.000,-49.307, -9.679, 5929.288, -87.412, -73.946, 99.992, 88.894, 130.229
244, 230.000, -26.509, -0.369, 2.111, 30.811, 50.635, 0.010, 2.039, -31.320
244, 325.000,-26.128, 1.252, 5929.973, -48.620, 53.257, 99.992, 89.303, 42.394
245, 230.000, 2.149, 85.700, 38.997, -4.629, -44.446, 0.010, 41.111, 174.053
245, 325.000,2.128, 89.186, 5924.300, 3.040, 268.964, 99.992, 87.400, -0.647
246, 230.000, -54.031, 13.342, 30.865, 26.839, 42.949, 0.010, 31.359, -32.001
246, 325.000,-54.530, 15.036, 5929.466, -77.915, 70.597, 99.992, 88.984, 47.821
247, 230.000, -95.578, -16.727, 42.576, 33.940, 23.517, 0.010, 45.878, -55.282
247, 325.000,-106.404, -18.094, 5898.161, -610.221, -87.982, 99.988, 84.033, 98.204
248, 230.000, -25.205, 7.723, 44.764, 38.879, -1.484, 0.010, 49.004, -92.186
248, 325.000,-24.547, 7.854, 5930.223, -38.071, 22.887, 99.992, 89.571, 58.987
249, 230.000, -0.295, -10.375, 2.116, 17.345, 56.677, 0.010, 2.045, -17.016
249, 630.000,1.439, -14.484, 5303.370, 22.196, -109.962, 80.001, 88.788, -168.588
250, 230.000, -89.627, 9.236, 56.088, 9.638, -16.700, 0.010, 71.028, -150.009
250, 325.000,-95.787, 9.389, 5917.647, -387.622, 23.300, 99.991, 86.246, 86.560
251, 230.000, -56.483, 67.511, 51.355, -26.857, 12.612, 0.010, 59.982, 64.846
251, 325.000,-61.007, 72.319, 5917.449, -261.290, 291.696, 99.992, 86.214, 41.853
252, 230.000, 75.006, -3.065, 57.474, 14.554, -1.589, 0.010, 75.709, -96.229
252, 325.000,78.401, -3.235, 5926.217, 222.350, -10.125, 99.992, 87.849, -92.607
253, 230.000, -6.238, 54.044, 8.176, -20.048, 55.217, 0.010, 7.924, 19.955
253, 325.000,-7.031, 57.145, 5928.075, -32.933, 162.584, 99.992, 88.397, 11.451
254, 230.000, 72.516, 5.797, 50.415, -12.995, 28.409, 0.010, 58.215, 24.580
254, 325.000,74.743, 6.897, 5927.650, 174.907, 44.706, 99.992, 88.256, -75.662
255, 230.000, 8.373, -73.227, 22.175, -2.923, 54.931, 0.010, 21.955, 3.046
255, 325.000,8.589, -74.192, 5928.838, 18.899, -134.623, 99.992, 88.686, -172.009
256, 230.000, 86.352, -29.006, 7.030, -36.288, 46.383, 0.010, 6.807, 38.039
256, 325.000,91.714, -29.754, 5919.039, 356.971, -83.621, 99.991, 86.456, -103.184
257, 230.000, 22.534, 37.664, 28.572, 51.973, 0.279, 0.010, 28.799, -89.692
257, 325.000,24.679, 38.495, 5929.223, 95.258, 69.536, 99.992, 88.860, -53.871
258, 230.000, 60.412, -2.098, 2.355, 55.242, -21.456, 0.010, 2.276, -111.226
258, 325.000,63.839, -2.837, 5927.461, 184.609, -26.691, 99.992, 88.198, -98.227
259, 230.000, 74.113, -6.225, 25.073, -52.794, -10.087, 0.010, 25.008, 100.816
259, 325.000,75.237, -6.776, 5928.622, 142.382, -27.124, 99.992, 88.600, -100.786
260, 230.000, 44.866, 77.636, 42.670, -37.519, -17.007, 0.010, 46.009, 114.385
260, 325.000,46.830, 82.508, 5919.931, 153.893, 317.033, 99.992, 86.593, -25.893
261, 230.000, 41.872, -66.494, 44.771, 1.966, -38.850, 0.010, 49.014, -177.102
261, 325.000,43.787, -70.650, 5924.011, 129.313, -242.803, 99.992, 87.341, -151.961
262, 230.000, 81.056, -19.382, 5.023, -24.345, 53.849, 0.010, 4.858, 24.327
262, 325.000,84.465, -18.696, 5925.066, 251.086, -9.497, 99.992, 87.572, -92.166
263, 230.000, 34.033, -34.921, 2.997, 5.792, -58.950, 0.010, 2.897, -174.389
263, 325.000,34.999, -37.603, 5928.653, 69.279, -125.966, 99.992, 88.611, -151.190
264, 230.000, -50.377, -67.187, 43.839, -35.847, 17.628, 0.010, 47.660, 63.813
264, 325.000,-54.199, -70.253, 5922.398, -215.957, -219.114, 99.991, 87.026, 135.416
265, 230.000, 48.138, -44.139, 11.255, -24.537, -52.810, 0.010, 10.939, 155.080
265, 325.000,48.823, -47.151, 5927.796, 83.275, -154.662, 99.992, 88.303, -151.700
266, 230.000, 51.176, 85.129, 41.133, -42.387, 5.389, 0.010, 43.910, 82.754
266, 325.000,59.095, 100.541, 5864.904, 416.459, 774.251, 99.993, 81.475, -28.275
267, 230.000, 87.120, 15.272, 31.312, 20.534, 45.995, 0.010, 31.866, -24.058
267, 325.000,93.590, 17.716, 5916.664, 387.468, 112.800, 99.992, 86.098, -73.769
268, 230.000, -40.774, -70.291, 57.601, 2.546, 13.902, 0.010, 76.214, -10.380
268, 325.000,-42.646, -73.222, 5925.194, -128.913, -212.246, 99.992, 87.600, 148.727
269, 230.000, 7.855, 18.511, 55.688, -13.724, -15.105, 0.010, 69.873, 137.743
269, 325.000,7.628, 18.531, 5929.287, 40.219, 115.446, 99.997, 88.819, -19.207
270, 230.000, -27.008, -59.923, 5.246, 59.076, 0.374, 0.010, 5.074, -89.637
270, 325.000,-25.953, -61.725, 5928.870, 0.567, -134.635, 99.992, 88.699, -179.759
271, 230.000, 75.960, -41.468, 43.472, 17.890, -36.163, 0.010, 47.135, -153.679
271, 325.000,81.147, -45.117, 5918.622, 315.450, -200.090, 99.992, 86.389, -122.387
272, 230.000, 46.057, -34.297, 24.332, 28.945, -45.692, 0.010, 24.221, -147.647
272, 325.000,48.178, -36.641, 5927.974, 122.961, -116.588, 99.992, 88.363, -133.476
273, 230.000, 23.176, 12.440, 26.669, -34.234, 40.428, 0.010, 26.722, 40.258
273, 325.000,22.609, 14.020, 5929.766, 32.604, 80.482, 99.992, 89.161, -22.053
274, 230.000, -68.871, -30.474, 22.562, 39.985, 37.547, 0.010, 22.359, -46.800
274, 325.000,-70.274, -30.471, 5928.439, -145.834, -43.780, 99.992, 88.529, 106.710
275, 230.000, 83.386, 8.035, 31.196, -23.465, -44.652, 0.010, 31.735, 152.278
275, 325.000,87.037, 7.069, 5924.459, 264.763, -19.101, 99.992, 87.435, -94.126
276, 230.000, -70.208, -19.771, 37.204, 37.749, -26.619, 0.010, 38.850, -125.190
276, 325.000,-71.571, -21.324, 5928.147, -142.911, -79.111, 99.992, 88.422, 118.968
277, 230.000, -90.354, 34.765, 49.776, -22.572, -23.032, 0.010, 57.062, 135.578
277, 325.000,-102.275, 38.400, 5892.261, -637.194, 211.222, 99.991, 83.500, 71.660
278, 230.000, 90.214, -29.191, 55.992, 13.112, -14.513, 0.010, 70.745, -137.902
278, 325.000,99.807, -32.606, 5902.981, 538.268, -185.127, 99.991, 84.492, -108.980
279, 230.000, 72.160, -55.784, 7.410, 15.573, -56.747, 0.010, 7.177, -164.654
279, 325.000,78.362, -61.956, 5910.319, 361.836, -327.244, 99.993, 85.281, -132.126
280, 230.000, -89.366, 26.484, 8.560, 42.975, -39.969, 0.010, 8.298, -132.925
280, 325.000,-95.763, 27.546, 5915.413, -410.508, 92.673, 99.991, 85.931, 77.279
281, 230.000, 38.207, -60.212, 16.006, -24.212, 51.722, 0.010, 15.657, 25.085
281, 325.000,38.758, -60.653, 5929.208, 69.816, -95.886, 99.992, 88.854, -143.941
282, 230.000, 29.980, 66.366, 47.009, 13.768, 33.441, 0.010, 52.429, -22.377
282, 325.000,31.520, 69.867, 5925.938, 93.465, 209.993, 99.992, 87.779, -23.993
283, 230.000, -57.995, 49.594, 28.474, -48.269, 19.417, 0.010, 28.691, 68.087
283, 325.000,-61.903, 52.251, 5924.165, -217.469, 163.084, 99.992, 87.373, 53.133
284, 230.000, -2.214, 59.118, 48.019, 5.153, 34.428, 0.010, 54.059, -8.512
284, 325.000,-2.111, 61.791, 5928.308, 0.784, 157.406, 99.992, 88.479, -0.285
285, 230.000, -51.730, -66.618, 19.199, -46.649, -31.191, 0.010, 18.887, 123.768
285, 325.000,-56.065, -71.301, 5919.244, -237.460, -275.347, 99.992, 86.485, 139.225
286, 230.000, 84.101, -27.766, 56.522, 16.267, 7.633, 0.010, 72.364, -64.863
286, 325.000,90.227, -29.389, 5917.874, 369.838, -108.346, 99.992, 86.274, -106.328
287, 230.000, -19.783, -48.355, 38.500, 16.106, 42.143, 0.010, 40.476, -20.916
287, 325.000,-19.741, -48.163, 5930.165, -20.776, -47.907, 99.992, 89.495, 156.555
288, 230.000, -13.534, 2.054, 10.234, -58.372, 2.357, 0.010, 9.936, 87.687
288, 630.000,-34.264, 4.438, 5292.673, -352.179, 43.052, 80.001, 86.165, 83.031
289, 230.000, 21.887, 34.029, 22.407, 54.709, -4.743, 0.010, 22.197, -94.955
289, 325.000,24.099, 34.605, 5929.305, 97.494, 58.453, 99.992, 88.902, -59.055
290, 230.000, -73.515, 53.840, 49.872, -16.155, -27.739, 0.010, 57.233, 149.784
290, 325.000,-79.661, 57.129, 5915.256, -360.406, 221.956, 99.991, 85.907, 58.373
291, 230.000, -84.953, 6.439, 10.214, 51.614, 27.373, 0.010, 9.917, -62.061
291, 325.000,-88.048, 7.647, 5924.779, -252.544, 52.115, 99.991, 87.508, 78.340
292, 230.000, -37.957, -65.754, 50.931, -29.674, 6.565, 0.010, 59.174, 77.525
292, 325.000,-40.410, -68.192, 5926.104, -137.917, -178.291, 99.992, 87.822, 142.276
293, 230.000, -4.592, -89.199, 58.068, -11.610, -3.308, 0.010, 78.255, 105.903
293, 325.000,-5.267, -95.486, 5917.611, -32.091, -388.063, 99.992, 86.235, 175.273
294, 230.000, -6.891, 55.062, 37.694, -40.202, 21.922, 0.010, 39.461, 61.396
294, 325.000,-8.336, 57.141, 5928.694, -55.186, 130.896, 99.992, 88.627, 22.860
295, 230.000, 77.556, 53.694, 26.504, -17.935, -49.935, 0.010, 26.544, 160.243
295, 325.000,84.345, 57.253, 5911.555, 406.019, 241.112, 99.991, 85.433, -59.296
296, 230.000, -8.506, -1.649, 56.041, -3.420, 19.115, 0.010, 70.889, 10.143
296, 630.000,-17.746, -1.124, 5301.798, -170.446, -1.316, 80.000, 88.159, 90.442
297, 230.000, 63.800, -27.960, 13.011, 54.986, -18.025, 0.010, 12.672, -108.150
297, 325.000,67.716, -29.484, 5925.820, 215.579, -88.146, 99.992, 87.749, -112.239
298, 230.000, 97.410, 6.266, 38.844, 15.574, 42.027, 0.010, 40.914, -20.334
298, 325.000,111.316, 8.388, 5884.389, 732.944, 91.124, 99.997, 82.846, -82.913
299, 230.000, -62.250, -27.960, 6.114, -31.794, 49.693, 0.010, 5.917, 32.611
299, 325.000,-65.277, -27.295, 5927.608, -181.285, -14.808, 99.992, 88.242, 94.670
300, 230.000, 43.407, 12.778, 19.805, -53.474, -16.306, 0.010, 19.508, 106.958
300, 325.000,42.657, 12.539, 5930.338, 25.160, 6.822, 99.992, 89.748, -74.830
