ion,x0,y0,z0,vx0,vy0,vz0,ke0,elev0,azim0,x1,y1,z1,vx1,vy1,vz1,ke1,elev1,azim1
1, 230.000, -51.909, -26.977, 47.474, -10.002, -34.115, 0.010, 53.172, 163.660
1, 325.000,-53.604, -28.771, 5928.555, -116.681, -90.624, 99.992, 88.572, 127.836
2, 230.000, -15.153, 69.901, 35.137, 27.766, 38.886, 0.010, 36.329, -35.528
2, 325.000,-14.821, 73.618, 5926.304, -9.934, 220.027, 99.992, 87.872, 2.585
3, 230.000, -37.021, 79.282, 49.349, -32.832, 2.084, 0.010, 56.311, 86.369
3, 325.000,-40.383, 84.377, 5918.847, -183.718, 321.329, 99.992, 86.422, 29.758
4, 230.000, -47.449, 5.922, 54.716, -22.291, 5.188, 0.010, 67.301, 76.898
4, 325.000,-49.236, 6.221, 5929.319, -111.799, 16.444, 99.992, 88.908, 81.633
5, 230.000, -69.951, -28.404, 9.461, 22.093, 54.222, 0.010, 9.179, -22.168
5, 325.000,-71.986, -27.806, 5927.940, -169.290, -21.428, 99.992, 88.351, 97.214
6, 230.000, 6.461, 50.035, 13.391, -4.286, 57.619, 0.010, 13.049, 4.255
6, 325.000,6.478, 53.052, 5928.376, 7.816, 154.581, 99.992, 88.504, -2.895
7, 230.000, 0.322, 58.482, 44.247, 37.352, 12.834, 0.010, 48.247, -71.037
7, 325.000,1.511, 60.437, 5928.779, 39.388, 132.828, 99.992, 88.661, -16.517
8, 230.000, -47.910, 71.573, 44.272, -11.111, -37.871, 0.010, 48.284, 163.649
8, 325.000,-51.050, 74.579, 5922.803, -192.297, 229.819, 99.991, 87.104, 39.920
9, 230.000, -56.569, 9.219, 21.474, 40.949, -37.144, 0.010, 21.227, -132.211
9, 325.000,-56.721, 8.277, 5929.942, -70.572, -20.084, 99.992, 89.291, 105.886
10, 230.000, 34.752, -83.953, 37.716, 13.269, -43.807, 0.010, 39.488, -163.149
10, 325.000,37.855, -91.809, 5911.259, 177.561, -441.426, 99.991, 85.398, -158.088
11, 230.000, 31.366, 87.408, 44.704, -38.288, -7.292, 0.010, 48.916, 100.783
11, 325.000,32.886, 94.674, 5913.149, 118.582, 436.179, 99.992, 85.629, -15.209
12, 230.000, -17.387, 28.543, 33.100, 13.406, 47.353, 0.010, 33.924, -15.807
12, 325.000,-17.333, 30.667, 5929.338, -22.668, 109.668, 99.992, 88.918, 11.678
13, 230.000, -82.398, -48.417, 40.655, 42.607, 7.032, 0.010, 43.273, -80.628
13, 325.000,-89.798, -53.310, 5906.922, -446.225, -281.422, 99.993, 84.896, 122.239
14, 230.000, -53.811, 2.638, 10.084, -16.572, -56.048, 0.010, 9.789, 163.528
14, 325.000,-55.662, 0.920, 5928.908, -121.747, -52.946, 99.992, 88.717, 113.503
15, 230.000, 87.385, 1.307, 50.898, -15.819, 26.014, 0.010, 59.113, 31.304
15, 325.000,92.335, 2.191, 5921.148, 329.586, 32.658, 99.992, 86.798, -84.341
16, 230.000, -93.281, -5.938, 28.302, 5.385, 51.843, 0.010, 28.502, -5.930
16, 325.000,-101.509, -4.890, 5910.400, -486.422, 23.884, 99.993, 85.290, 87.189
17, 230.000, -74.928, -49.808, 41.642, -2.196, -42.176, 0.010, 44.596, 177.020
17, 325.000,-80.450, -54.730, 5914.687, -337.895, -267.783, 99.991, 85.831, 128.397
18, 230.000, -8.845, -22.822, 3.799, -48.263, -34.262, 0.010, 3.673, 125.372
18, 325.000,-10.606, -24.460, 5928.877, -79.500, -108.082, 99.992, 88.704, 143.663
19, 230.000, -69.541, -4.239, 2.657, 30.595, -50.740, 0.010, 2.568, -148.910
19, 325.000,-70.891, -5.985, 5928.475, -137.179, -63.174, 99.992, 88.541, 114.727
20, 230.000, -78.704, 31.888, 11.839, 11.215, -57.024, 0.010, 11.515, -168.873
20, 325.000,-82.694, 31.870, 5923.909, -271.888, 54.846, 99.992, 87.319, 78.595
21, 230.000, 3.038, -56.169, 38.802, 23.368, 38.288, 0.010, 40.861, -31.397
21, 325.000,3.854, -56.376, 5929.889, 30.221, -71.392, 99.992, 89.251, -157.057
22, 230.000, 62.901, -34.763, 48.496, 25.447, -22.764, 0.010, 54.853, -131.815
22, 325.000,65.964, -36.729, 5926.283, 189.255, -113.672, 99.992, 87.867, -120.990
23, 230.000, -13.840, -27.218, 38.936, -43.530, 10.334, 0.010, 41.032, 76.646
23, 325.000,-15.533, -27.486, 5929.635, -78.617, -53.649, 99.992, 89.080, 124.310
24, 230.000, -21.078, 29.395, 22.090, -18.467, -51.852, 0.010, 21.867, 160.397
24, 325.000,-22.122, 28.372, 5930.056, -62.867, 6.699, 99.992, 89.389, 83.918
25, 230.000, 41.280, 5.132, 49.170, -31.048, -11.660, 0.010, 56.000, 110.584
25, 325.000,41.191, 4.873, 5930.213, 46.549, -2.309, 99.992, 89.550, -92.840
26, 230.000, 64.838, -46.621, 33.752, 35.984, -32.918, 0.010, 34.686, -132.452
26, 325.000,68.984, -49.822, 5922.605, 243.152, -182.231, 99.992, 87.063, -126.850
27, 230.000, -28.916, -90.652, 45.579, 22.071, -30.872, 0.010, 50.218, -144.439
27, 325.000,-31.292, -101.130, 5900.757, -148.770, -573.249, 99.992, 84.269, 165.452
28, 230.000, 4.682, 99.277, 57.467, 4.835, -13.849, 0.010, 75.681, -160.754
28, 325.000,5.672, 116.848, 5863.328, 47.816, 889.027, 99.997, 81.366, -3.079
29, 230.000, 30.650, 29.805, 55.376, -20.297, 6.253, 0.010, 69.016, 72.877
29, 325.000,30.676, 30.654, 5929.955, 36.659, 62.597, 99.992, 89.299, -30.355
30, 230.000, -26.388, -74.319, 27.889, 50.275, -14.569, 0.010, 28.049, -106.161
30, 325.000,-25.980, -78.056, 5925.447, -27.292, -240.583, 99.992, 87.660, 173.528
31, 230.000, 18.639, 28.640, 33.424, 46.435, -15.628, 0.010, 34.302, -108.600
31, 325.000,20.521, 28.758, 5929.591, 87.686, 43.895, 99.992, 89.053, -63.408
32, 230.000, 45.424, 6.028, 39.349, 43.361, 9.441, 0.010, 41.563, -77.717
32, 325.000,47.819, 6.462, 5928.947, 129.359, 20.984, 99.992, 88.734, -80.786
33, 230.000, -2.497, -91.534, 27.886, 3.618, -52.220, 0.010, 28.045, -176.037
33, 325.000,-2.590, -100.587, 5909.057, -8.350, -502.550, 99.992, 85.138, 179.048
34, 230.000, 33.858, -63.144, 3.662, -40.259, -43.399, 0.010, 3.540, 137.149
34, 325.000,33.793, -66.767, 5926.601, 44.848, -207.290, 99.992, 87.951, -167.792
35, 230.000, 49.513, 42.333, 41.919, 21.762, 35.873, 0.010, 44.973, -31.243
35, 325.000,51.709, 44.754, 5927.354, 135.145, 133.497, 99.992, 88.164, -45.351
36, 230.000, -46.642, -39.531, 12.252, -55.670, -16.382, 0.010, 11.922, 106.398
36, 325.000,-49.720, -41.163, 5927.437, -157.467, -101.477, 99.992, 88.190, 122.799
37, 230.000, -69.810, -67.820, 6.554, 48.753, -33.134, 0.010, 6.345, -124.201
37, 325.000,-77.433, -77.648, 5891.948, -438.612, -512.385, 99.993, 83.470, 139.436
38, 230.000, -76.921, 48.474, 38.431, -5.987, -44.776, 0.010, 40.389, 172.383
38, 325.000,-82.905, 50.756, 5916.836, -360.206, 175.488, 99.991, 86.126, 64.025
39, 230.000, 0.662, 80.746, 42.746, -40.252, 8.381, 0.010, 46.114, 78.239
39, 325.000,-0.561, 84.834, 5924.212, -40.139, 267.712, 99.992, 87.384, 8.527
40, 230.000, 48.607, 32.023, 47.454, 20.769, -28.887, 0.010, 53.140, -144.285
40, 325.000,50.542, 31.954, 5929.071, 120.349, 35.155, 99.992, 88.789, -73.716
41, 230.000, -24.385, -44.338, 4.246, 55.181, -21.323, 0.010, 4.106, -111.127
41, 325.000,-23.198, -46.058, 5929.440, 10.986, -106.046, 99.992, 88.970, -174.086
42, 230.000, -4.420, 41.281, 39.844, -43.705, 4.461, 0.010, 42.206, 84.172
42, 325.000,-5.905, 42.319, 5929.580, -53.675, 82.523, 99.992, 89.049, 33.041
43, 230.000, 61.256, -1.833, 21.375, -54.220, -10.996, 0.010, 21.124, 101.465
43, 325.000,61.221, -2.231, 5929.936, 72.207, -15.255, 99.992, 89.287, -101.929
44, 230.000, 38.001, -85.340, 27.989, 48.005, -20.731, 0.010, 28.158, -113.358
44, 325.000,42.963, -93.823, 5905.451, 255.167, -480.240, 99.993, 84.739, -152.017
45, 230.000, 21.220, 17.587, 29.075, -20.032, -47.655, 0.010, 29.355, 157.200
45, 325.000,21.075, 16.471, 5930.231, 43.542, 2.769, 99.992, 89.578, -86.361
46, 230.000, 87.227, 34.768, 5.331, -27.779, -52.130, 0.010, 5.157, 151.948
46, 325.000,94.343, 36.349, 5912.948, 435.777, 129.946, 99.992, 85.602, -73.396
47, 230.000, -43.477, -59.901, 58.607, 5.359, -7.355, 0.010, 81.174, -143.923
47, 325.000,-44.958, -62.401, 5926.940, -111.374, -168.836, 99.992, 88.045, 146.589
48, 230.000, -51.150, -12.143, 26.756, -42.189, 31.967, 0.010, 26.816, 52.849
48, 325.000,-53.728, -11.422, 5928.684, -142.132, 9.744, 99.992, 88.623, 86.078
49, 230.000, -77.917, -54.822, 47.334, 19.619, -29.869, 0.010, 52.948, -146.702
49, 325.000,-85.514, -61.487, 5902.996, -442.868, -358.222, 99.992, 84.488, 128.968
50, 230.000, -68.714, 39.935, 44.337, -3.510, -39.237, 0.010, 48.379, 174.888
50, 325.000,-71.904, 40.501, 5925.961, -214.498, 81.382, 99.992, 87.783, 69.223
51, 230.000, -35.125, -1.156, 56.274, 12.221, -14.195, 0.010, 71.590, -139.275
51, 325.000,-35.493, -1.631, 5930.060, -60.654, -17.231, 99.992, 89.391, 105.859
52, 230.000, -9.287, -1.945, 32.204, -46.712, -17.277, 0.010, 32.887, 110.298
52, 630.000,-31.202, -7.667, 2631.930, -323.022, -81.608, 20.010, 82.785, 104.178
53, 230.000, -14.211, 21.433, 5.745, 43.032, 40.409, 0.010, 5.559, -46.800
53, 325.000,-13.159, 23.235, 5929.373, 2.210, 109.805, 99.992, 88.939, -1.153
54, 230.000, 25.216, 7.824, 44.704, 32.666, -21.262, 0.010, 48.916, -123.059
54, 325.000,26.838, 7.324, 5929.412, 107.372, -0.190, 99.991, 88.963, -90.102
55, 230.000, 81.440, -14.534, 56.026, 16.841, 9.751, 0.010, 70.846, -59.930
55, 325.000,86.139, -14.977, 5922.899, 295.426, -39.308, 99.992, 87.119, -97.579
56, 230.000, -5.891, -55.630, 29.889, -43.361, -27.279, 0.010, 30.262, 122.174
56, 325.000,-7.416, -57.912, 5928.499, -56.655, -138.895, 99.992, 88.551, 157.810
57, 230.000, 3.612, 55.206, 31.621, -33.233, 37.593, 0.010, 32.219, 41.477
57, 325.000,2.650, 57.791, 5928.485, -27.300, 148.048, 99.992, 88.545, 10.448
58, 230.000, 48.815, -44.829, 50.779, -16.148, 26.046, 0.010, 58.889, 31.798
58, 325.000,49.806, -45.386, 5929.162, 94.551, -75.169, 99.992, 88.833, -128.485
59, 230.000, -7.008, -24.301, 24.332, 9.561, 53.237, 0.010, 24.221, -10.182
59, 325.000,-6.874, -23.190, 5930.287, -16.216, -34.237, 99.992, 89.634, 154.655
60, 230.000, 50.410, -76.461, 24.711, -31.730, -43.592, 0.010, 24.623, 143.950
60, 325.000,53.475, -83.924, 5912.164, 209.402, -415.085, 99.992, 85.504, -153.230
61, 230.000, 66.559, -5.822, 39.942, -17.716, -40.105, 0.010, 42.334, 156.167
61, 325.000,68.079, -7.266, 5928.595, 135.402, -55.169, 99.992, 88.587, -112.168
62, 230.000, 18.750, 41.126, 48.402, 7.149, 33.522, 0.010, 54.696, -12.039
62, 325.000,19.394, 43.105, 5929.203, 42.269, 111.193, 99.992, 88.851, -20.814
63, 230.000, -12.361, -97.863, 52.658, -10.072, 25.364, 0.010, 62.604, 21.657
63, 325.000,-14.598, -112.460, 5879.517, -111.346, -768.786, 99.999, 82.474, 171.759
64, 230.000, -50.823, 10.846, 3.845, 59.161, -1.691, 0.010, 3.717, -91.637
64, 325.000,-50.140, 11.049, 5930.261, -35.550, 18.915, 99.992, 89.611, 61.983
65, 230.000, 22.660, 97.171, 52.142, -25.845, -11.442, 0.010, 61.540, 113.880
65, 325.000,27.958, 122.849, 5807.419, 250.861, 1182.811, 100.044, 78.239, -11.974
66, 230.000, -37.031, -73.311, 46.471, 29.692, -21.828, 0.010, 51.585, -126.322
66, 325.000,-37.956, -77.649, 5923.629, -92.422, -267.702, 99.992, 87.263, 160.953
67, 230.000, -72.590, -31.143, 23.829, 25.748, -47.821, 0.010, 23.689, -151.701
67, 325.000,-75.000, -34.019, 5925.453, -193.690, -144.820, 99.991, 87.663, 126.785
68, 230.000, 9.247, 96.975, 18.294, 42.959, 36.572, 0.010, 17.966, -49.591
68, 325.000,11.795, 111.264, 5882.580, 113.299, 744.314, 99.997, 82.707, -8.655
69, 230.000, -68.079, -55.950, 40.426, 43.254, 3.541, 0.010, 42.969, -85.320
69, 325.000,-71.101, -59.421, 5921.733, -229.884, -222.760, 99.991, 86.906, 134.098
70, 230.000, -34.914, -71.315, 39.864, 42.967, 9.071, 0.010, 42.232, -78.079
70, 325.000,-35.128, -74.209, 5926.423, -61.518, -208.157, 99.992, 87.902, 163.536
71, 230.000, -34.036, 49.036, 49.468, 15.605, -28.758, 0.010, 56.519, -151.514
71, 325.000,-34.456, 49.443, 5929.725, -53.917, 71.171, 99.992, 89.137, 37.146
72, 230.000, 63.763, -30.654, 27.203, 28.212, -44.517, 0.010, 27.301, -147.636
72, 325.000,66.888, -33.131, 5926.018, 191.007, -124.111, 99.992, 87.799, -123.015
73, 230.000, 71.569, 19.836, 9.316, -31.709, -49.248, 0.010, 9.037, 147.224
73, 325.000,73.261, 19.030, 5928.288, 157.986, 1.521, 99.992, 88.473, -89.448
74, 230.000, 20.766, 95.135, 31.688, -20.775, -45.627, 0.010, 32.296, 155.519
74, 325.000,22.803, 105.950, 5897.511, 121.916, 611.588, 99.992, 83.964, -11.274
75, 230.000, 49.382, -13.320, 17.735, 52.493, 21.157, 0.010, 17.399, -68.049
75, 325.000,52.228, -12.965, 5928.538, 148.434, -3.461, 99.992, 88.565, -91.336
76, 230.000, -53.737, -41.156, 38.715, -44.920, 0.978, 0.010, 40.750, 88.753
76, 325.000,-56.889, -42.456, 5927.034, -174.525, -96.835, 99.992, 88.071, 119.024
77, 230.000, -29.570, -74.842, 17.896, 45.527, -33.537, 0.010, 17.562, -126.377
77, 325.000,-29.537, -79.413, 5923.894, -46.467, -273.836, 99.992, 87.316, 170.369
78, 230.000, 26.371, 39.356, 55.512, -19.854, 6.469, 0.010, 69.386, 71.954
78, 325.000,26.340, 40.451, 5929.784, 28.731, 80.257, 99.992, 89.176, -19.697
79, 230.000, 52.872, 72.712, 30.749, 41.809, 28.709, 0.010, 31.228, -55.524
79, 325.000,58.036, 78.927, 5912.830, 282.489, 357.955, 99.991, 85.590, -38.280
80, 230.000, -19.084, -92.301, 13.593, 57.714, 1.384, 0.010, 13.250, -88.627
80, 325.000,-19.148, -101.079, 5908.365, -43.947, -508.777, 99.992, 85.060, 175.063
81, 230.000, 41.617, 63.841, 24.124, 54.014, 4.255, 0.010, 24.001, -85.495
81, 325.000,45.018, 66.590, 5924.844, 175.640, 187.156, 99.992, 87.519, -43.182
82, 230.000, -29.479, 56.122, 19.681, -43.738, -34.890, 0.010, 19.380, 128.580
82, 325.000,-31.717, 56.644, 5928.754, -109.776, 86.253, 99.992, 88.651, 51.843
83, 230.000, -33.875, -59.311, 11.655, -55.559, 17.175, 0.010, 11.333, 72.822
83, 325.000,-36.737, -60.703, 5927.475, -138.909, -124.015, 99.992, 88.201, 131.758
84, 230.000, -0.093, 12.621, 6.085, 58.830, 4.430, 0.010, 5.889, -85.693
84, 630.000,8.664, 33.393, 2630.486, 107.273, 327.700, 20.011, 82.532, -18.126
85, 230.000, -63.281, -53.052, 25.685, -12.993, 51.857, 0.010, 25.662, 14.066
85, 325.000,-66.862, -54.099, 5924.824, -225.713, -123.249, 99.992, 87.515, 118.636
86, 230.000, -38.425, -49.602, 26.112, 11.586, 51.977, 0.010, 26.120, -12.566
86, 325.000,-39.147, -49.363, 5929.747, -70.378, -52.413, 99.992, 89.152, 126.676
87, 230.000, -40.790, 40.925, 23.420, -9.648, -53.629, 0.010, 23.258, 169.802
87, 325.000,-42.153, 40.286, 5929.622, -92.076, 26.748, 99.992, 89.074, 73.801
88, 230.000, 48.028, -78.624, 8.234, 58.035, 9.042, 0.010, 7.980, -81.145
88, 325.000,53.809, -84.890, 5910.528, 300.334, -380.962, 99.992, 85.308, -141.749
89, 230.000, 67.023, -52.142, 22.935, 31.416, 44.774, 0.010, 22.749, -35.056
89, 325.000,71.741, -53.661, 5922.182, 277.224, -142.708, 99.991, 86.986, -117.238
90, 230.000, 5.385, 84.021, 36.671, -0.306, 46.613, 0.010, 38.192, 0.376
90, 325.000,5.672, 90.108, 5919.868, 19.141, 352.837, 99.992, 86.584, -3.105
91, 230.000, -63.660, 59.516, 53.825, -8.846, -23.286, 0.010, 65.166, 159.199
91, 325.000,-67.858, 62.468, 5920.982, -259.856, 209.617, 99.991, 86.773, 51.108
92, 230.000, 66.716, -59.845, 31.426, -49.729, -7.557, 0.010, 31.996, 98.641
92, 325.000,69.815, -64.231, 5919.775, 235.039, -266.078, 99.992, 86.568, -138.544
93, 230.000, -38.506, -62.029, 41.130, -9.884, 41.573, 0.010, 43.906, 13.374
93, 325.000,-40.219, -62.984, 5928.184, -110.648, -118.245, 99.992, 88.435, 136.901
94, 230.000, -24.433, -13.130, 14.033, -6.014, -57.311, 0.010, 13.687, 174.010
94, 325.000,-25.175, -15.263, 5929.228, -70.425, -95.173, 99.992, 88.856, 143.500
95, 230.000, 51.814, 83.734, 37.716, -45.192, 7.267, 0.010, 39.488, 80.865
95, 325.000,58.360, 96.700, 5880.975, 363.321, 673.287, 99.996, 82.588, -28.352
96, 230.000, -18.284, -54.320, 10.013, 48.178, 33.110, 0.010, 9.720, -55.502
96, 325.000,-17.222, -54.661, 5929.916, 13.418, -74.198, 99.992, 89.271, -169.749
97, 230.000, -80.078, 2.235, 34.056, 3.421, -48.437, 0.010, 35.044, -175.960
97, 325.000,-83.661, 0.826, 5925.061, -247.510, -43.819, 99.992, 87.571, 100.039
98, 230.000, -22.749, -14.692, 3.236, 33.698, -48.699, 0.010, 3.128, -145.318
98, 325.000,-22.188, -16.596, 5929.564, -29.698, -94.441, 99.992, 89.043, 162.544
99, 230.000, -30.205, -77.537, 57.172, -11.036, -11.278, 0.010, 74.570, 135.622
99, 325.000,-32.126, -81.939, 5922.636, -116.167, -280.261, 99.992, 87.068, 157.486
100, 230.000, -54.757, -48.206, 1.486, -55.865, -19.863, 0.010, 1.436, 109.573
100, 325.000,-58.570, -50.637, 5924.992, -204.415, -149.324, 99.992, 87.554, 126.148
101, 230.000, 91.545, 21.852, 24.888, 30.761, 44.181, 0.010, 24.811, -34.847
101, 325.000,101.387, 25.324, 5902.792, 545.974, 169.629, 99.992, 84.468, -72.740
102, 230.000, 24.737, -82.642, 35.303, 43.695, 19.029, 0.010, 36.529, -66.467
102, 325.000,27.556, -86.947, 5921.386, 140.462, -295.109, 99.992, 86.841, -154.547
103, 230.000, -82.613, -31.714, 7.883, -10.552, 57.829, 0.010, 7.638, 10.341
103, 325.000,-88.389, -32.014, 5919.437, -353.693, -70.281, 99.992, 86.514, 101.239
104, 230.000, 66.461, 60.286, 30.787, 46.225, 20.810, 0.010, 31.271, -65.763
104, 325.000,72.711, 65.305, 5913.084, 346.149, 291.589, 99.991, 85.623, -49.890
105, 230.000, 16.078, 13.154, 9.807, -26.112, -52.341, 0.010, 9.518, 153.486
105, 630.000,36.199, 25.030, 2621.607, 334.552, 217.570, 19.993, 81.345, -56.963
106, 230.000, -42.766, 21.945, 30.858, -10.084, 49.636, 0.010, 31.351, 11.484
106, 325.000,-44.066, 24.025, 5928.985, -90.472, 92.467, 99.992, 88.750, 44.375
107, 230.000, 74.793, 53.779, 36.568, -2.347, 46.636, 0.010, 38.066, 2.881
107, 325.000,80.948, 59.683, 5910.420, 369.112, 316.790, 99.992, 85.295, -49.362
108, 230.000, 65.172, -14.662, 53.235, -5.068, 25.651, 0.010, 63.842, 11.176
108, 325.000,67.049, -14.314, 5928.609, 145.434, -7.227, 99.992, 88.593, -92.845
109, 230.000, 36.201, -57.026, 39.558, -14.578, 41.716, 0.010, 41.835, 19.262
109, 325.000,36.882, -57.509, 5929.323, 69.021, -89.220, 99.992, 88.910, -142.274
110, 230.000, -60.484, -17.522, 0.304, 53.393, -25.820, 0.010, 0.294, -115.808
110, 325.000,-60.510, -18.840, 5929.573, -74.804, -64.552, 99.992, 89.045, 130.793
111, 230.000, -92.868, -10.326, 29.419, 11.464, 50.207, 0.010, 29.737, -12.863
111, 325.000,-100.819, -9.718, 5911.345, -475.279, -0.746, 99.993, 85.403, 90.090
112, 230.000, -21.938, 48.949, 36.080, -44.314, 15.880, 0.010, 37.469, 70.284
112, 325.000,-23.881, 50.656, 5928.685, -88.519, 111.538, 99.992, 88.624, 38.436
113, 230.000, 20.400, -78.447, 4.444, 46.146, -36.992, 0.010, 4.297, -128.717
113, 325.000,22.839, -83.428, 5921.881, 115.395, -296.085, 99.992, 86.928, -158.707
114, 230.000, 25.027, 62.140, 6.751, 47.023, 35.509, 0.010, 6.536, -52.942
114, 325.000,27.316, 65.250, 5926.578, 107.928, 183.388, 99.992, 87.944, -30.478
115, 230.000, 91.536, 6.841, 49.516, -1.122, -32.628, 0.010, 56.602, 178.031
115, 325.000,98.849, 6.392, 5913.990, 440.857, -1.622, 99.992, 85.737, -90.211
116, 230.000, 35.861, -43.751, 40.058, -42.480, -10.412, 0.010, 42.486, 103.772
116, 325.000,35.431, -45.195, 5929.528, 27.299, -97.803, 99.992, 89.019, -164.404
117, 230.000, 87.935, 46.744, 12.435, -21.536, 53.844, 0.010, 12.103, 21.800
117, 325.000,106.621, 58.613, 5836.555, 904.672, 551.166, 100.043, 79.713, -58.648
118, 230.000, -74.476, 10.924, 10.326, -19.668, -54.992, 0.010, 10.027, 160.320
118, 325.000,-78.036, 9.625, 5925.971, -227.537, -27.163, 99.992, 87.786, 96.808
119, 230.000, 49.056, -35.949, 3.206, -58.849, -6.646, 0.010, 3.098, 96.444
119, 325.000,48.526, -37.141, 5929.686, 41.348, -81.952, 99.992, 89.113, -153.227
120, 230.000, 50.435, -24.953, 4.388, -46.018, 37.159, 0.010, 4.242, 51.080
120, 325.000,50.239, -24.398, 5930.158, 51.785, -10.704, 99.992, 89.489, -101.679
121, 230.000, -49.623, -0.224, 55.543, -19.334, -7.670, 0.010, 69.470, 111.638
121, 325.000,-51.389, -0.471, 5929.303, -113.523, -8.362, 99.992, 88.900, 94.213
122, 230.000, -4.265, -72.302, 9.038, -58.481, -3.993, 0.010, 8.765, 93.906
122, 325.000,-6.264, -75.052, 5926.846, -72.140, -192.180, 99.992, 88.016, 159.425
123, 230.000, -2.984, -56.489, 18.211, -45.856, 32.912, 0.010, 17.881, 54.332
123, 325.000,-4.516, -56.880, 5929.641, -53.456, -78.072, 99.992, 89.086, 145.600
124, 230.000, -46.192, -49.604, 6.254, 23.940, -53.902, 0.010, 6.053, -156.052
124, 325.000,-46.927, -52.912, 5927.235, -84.793, -173.954, 99.992, 88.130, 154.013
125, 230.000, -26.533, -44.765, 32.063, 40.931, -28.535, 0.010, 32.725, -124.883
125, 325.000,-25.869, -46.742, 5929.271, -8.348, -115.160, 99.992, 88.884, 175.854
126, 230.000, -32.871, -45.821, 1.701, -47.074, 36.039, 0.010, 1.644, 52.563
126, 325.000,-35.207, -45.842, 5929.054, -114.202, -53.806, 99.992, 88.780, 115.227
127, 230.000, -64.715, 12.635, 50.690, -26.761, -15.232, 0.010, 58.723, 119.648
127, 325.000,-67.557, 12.546, 5927.756, -176.380, 13.164, 99.992, 88.291, 85.732
128, 230.000, 97.526, -11.062, 45.807, -5.680, -37.244, 0.010, 50.564, 171.329
128, 325.000,111.737, -13.802, 5881.422, 749.308, -125.623, 99.988, 82.639, -99.517
129, 230.000, 60.777, 48.549, 6.065, 58.780, -5.073, 0.010, 5.870, -94.933
129, 325.000,65.257, 50.492, 5923.750, 243.309, 139.814, 99.992, 87.288, -60.117
130, 230.000, -48.095, 74.603, 10.187, -38.167, 44.240, 0.010, 9.890, 40.785
130, 325.000,-52.602, 81.131, 5913.777, -247.491, 368.041, 99.991, 85.711, 33.919
131, 230.000, -97.772, -4.512, 26.104, -17.028, -50.460, 0.010, 26.113, 161.353
131, 325.000,-112.348, -6.672, 5880.577, -760.886, -88.407, 99.987, 82.578, 96.627
132, 230.000, 83.260, 9.185, 9.090, -4.595, 58.429, 0.010, 8.816, 4.496
132, 325.000,87.550, 11.498, 5922.682, 287.463, 93.788, 99.992, 87.077, -71.931
133, 230.000, -28.333, 15.155, 51.689, 28.429, -6.133, 0.010, 60.635, -102.173
133, 325.000,-28.049, 15.292, 5930.213, -36.126, 28.860, 99.992, 89.553, 51.380
134, 230.000, -48.554, -10.022, 42.353, -8.749, -40.587, 0.010, 45.570, 167.835
134, 325.000,-49.960, -11.541, 5929.231, -100.530, -60.905, 99.992, 88.864, 121.209
135, 230.000, 41.221, -30.073, 39.392, 42.712, -11.900, 0.010, 41.619, -105.568
135, 325.000,43.553, -31.164, 5928.721, 122.648, -69.534, 99.992, 88.638, -119.551
136, 230.000, 81.005, -41.774, 46.156, 32.878, -17.501, 0.010, 51.098, -118.027
136, 325.000,88.374, -45.590, 5911.560, 419.689, -217.012, 99.992, 85.430, -117.342
137, 230.000, -55.735, 49.831, 38.158, -30.229, -33.880, 0.010, 40.043, 138.259
137, 325.000,-58.841, 50.698, 5926.679, -184.075, 100.922, 99.992, 87.971, 61.265
138, 230.000, -17.075, -26.463, 54.962, 10.215, 19.811, 0.010, 67.925, -27.277
138, 325.000,-17.125, -26.415, 5930.174, -29.766, -41.946, 99.992, 89.503, 144.640
139, 230.000, -62.458, 27.308, 21.342, -4.698, 55.137, 0.010, 21.091, 4.870
139, 325.000,-64.646, 29.940, 5927.115, -154.451, 122.808, 99.992, 88.093, 51.511
140, 230.000, 32.960, 55.355, 0.186, -25.515, -53.540, 0.010, 0.180, 154.519
140, 325.000,33.114, 55.274, 5929.851, 45.862, 65.917, 99.992, 89.224, -34.828
141, 230.000, 51.108, 26.257, 7.874, -56.845, -14.977, 0.010, 7.629, 104.761
141, 325.000,50.612, 26.454, 5930.122, 43.189, 36.938, 99.992, 89.451, -49.461
142, 230.000, 68.926, -3.280, 35.251, 47.693, -0.622, 0.010, 36.466, -90.747
142, 325.000,72.739, -3.410, 5926.370, 218.350, -8.675, 99.992, 87.888, -92.275
143, 230.000, 3.129, -26.378, 57.395, -8.510, 12.291, 0.010, 75.401, 34.699
143, 325.000,2.931, -26.602, 5930.003, 0.489, -67.894, 99.992, 89.344, -179.588
144, 230.000, -18.443, -13.638, 22.857, 41.808, 35.317, 0.010, 22.668, -49.811
144, 325.000,-17.583, -12.860, 5930.137, -46.626, -29.485, 99.992, 89.467, 122.309
145, 230.000, 97.998, 6.436, 20.732, 39.830, 38.747, 0.010, 20.460, -45.790
145, 325.000,114.141, 8.576, 5872.524, 821.902, 92.768, 99.995, 81.983, -83.560
146, 230.000, 10.477, -91.622, 23.158, 41.241, 35.784, 0.010, 22.983, -49.053
146, 325.000,12.594, -97.989, 5915.464, 94.998, -409.405, 99.991, 85.936, -166.936
147, 230.000, -71.756, -25.451, 54.010, 17.906, -16.731, 0.010, 65.594, -133.057
147, 325.000,-74.083, -26.997, 5926.880, -183.487, -89.218, 99.992, 88.028, 115.931
148, 230.000, -50.648, -49.280, 3.454, -58.427, -9.591, 0.010, 3.338, 99.322
148, 325.000,-54.270, -51.311, 5925.840, -189.244, -134.830, 99.992, 87.754, 125.469
149, 230.000, -5.119, 90.622, 57.740, 6.163, -12.071, 0.010, 76.790, -152.954
149, 325.000,-5.313, 97.039, 5916.747, -16.891, 401.937, 99.992, 86.110, 2.406
150, 230.000, -29.430, 76.152, 14.958, 3.824, 57.265, 0.010, 14.608, -3.821
150, 325.000,-30.780, 81.744, 5921.286, -94.320, 314.690, 99.992, 86.824, 16.685
151, 230.000, -32.173, -13.042, 57.476, -11.105, -9.530, 0.010, 75.716, 130.634
151, 325.000,-33.216, -13.625, 5929.760, -78.287, -36.982, 99.992, 89.163, 115.285
152, 230.000, -5.974, 53.936, 6.303, 51.351, 29.000, 0.010, 6.100, -60.545
152, 325.000,-4.487, 56.196, 5928.707, 41.550, 135.352, 99.992, 88.632, -17.065
153, 230.000, -75.503, -37.364, 43.260, 5.536, 40.194, 0.010, 46.835, -7.842
153, 325.000,-79.389, -38.126, 5923.961, -261.068, -89.761, 99.992, 87.332, 108.974
154, 230.000, 57.838, 79.381, 44.797, 38.817, 2.034, 0.010, 49.052, -87.001
154, 325.000,67.727, 91.427, 5875.991, 497.880, 628.357, 99.993, 82.231, -38.392
155, 230.000, 9.131, -25.554, 38.894, -44.658, 3.247, 0.010, 40.979, 85.842
155, 325.000,7.915, -26.043, 5929.925, -20.607, -72.604, 99.992, 89.271, 164.154
156, 230.000, -36.352, 50.326, 55.769, 17.564, -9.946, 0.010, 70.103, -119.521
156, 325.000,-36.822, 51.430, 5929.299, -59.408, 97.160, 99.992, 88.900, 31.443
157, 230.000, -69.665, -5.052, 45.180, 18.027, 33.932, 0.010, 49.621, -27.980
157, 325.000,-71.436, -4.155, 5928.417, -151.505, 22.997, 99.992, 88.519, 81.369
158, 230.000, 3.826, 6.467, 29.013, 42.744, 29.134, 0.010, 29.287, -55.722
158, 630.000,16.431, 21.248, 2637.836, 177.309, 219.253, 20.009, 83.898, -38.962
159, 230.000, -41.101, -72.640, 35.050, 7.182, -47.303, 0.010, 36.225, -171.367
159, 325.000,-43.071, -77.987, 5920.944, -137.058, -305.406, 99.992, 86.764, 155.831
160, 230.000, -75.166, -43.338, 39.864, -7.219, 43.317, 0.010, 42.232, 9.462
160, 325.000,-79.927, -44.615, 5921.625, -298.596, -122.032, 99.992, 86.882, 112.229
161, 230.000, -77.659, -33.264, 0.603, 43.782, -40.006, 0.010, 0.582, -132.420
161, 325.000,-80.505, -36.318, 5923.748, -230.390, -160.604, 99.992, 87.286, 124.880
162, 230.000, -34.431, -88.185, 25.623, -28.845, 45.045, 0.010, 25.596, 32.633
162, 325.000,-38.677, -95.444, 5909.188, -224.623, -448.467, 99.993, 85.148, 153.395
163, 230.000, 85.043, 15.952, 52.030, 11.531, 26.030, 0.010, 61.313, -23.893
163, 325.000,90.546, 17.722, 5919.853, 342.161, 89.380, 99.992, 86.581, -75.360
164, 230.000, -4.866, -18.175, 29.057, -36.034, -37.080, 0.010, 29.335, 135.820
164, 325.000,-6.160, -19.868, 5927.990, -71.653, -154.085, 99.993, 88.358, 155.061
165, 230.000, -9.091, 49.876, 34.642, 40.241, 26.423, 0.010, 35.739, -56.710
165, 325.000,-8.029, 51.890, 5929.091, 24.434, 121.930, 99.992, 88.798, -11.332
166, 230.000, -26.820, -37.630, 19.310, 39.955, -39.349, 0.010, 19.000, -134.562
166, 325.000,-26.150, -39.728, 5929.354, -8.624, -110.938, 99.992, 88.925, 175.555
167, 230.000, -25.755, 22.369, 28.153, 52.187, 1.251, 0.010, 28.339, -88.627
167, 325.000,-24.648, 22.894, 5930.179, -1.940, 50.461, 99.992, 89.512, 2.202
168, 230.000, -29.553, -26.077, 1.949, 16.497, -56.936, 0.010, 1.884, -163.841
168, 325.000,-29.661, -28.461, 5929.262, -39.323, -108.951, 99.992, 88.881, 160.154
169, 230.000, -71.384, 64.614, 8.180, 27.421, 51.950, 0.010, 7.927, -27.826
169, 325.000,-78.917, 73.756, 5895.594, -432.908, 474.025, 99.993, 83.786, 42.404
170, 230.000, -31.881, -72.736, 2.983, 0.168, 59.234, 0.010, 2.883, -0.162
170, 325.000,-33.282, -74.086, 5927.504, -96.322, -158.051, 99.992, 88.211, 148.640
171, 230.000, 65.616, -8.617, 34.146, 9.632, 47.528, 0.010, 35.151, -11.456
171, 325.000,67.949, -7.385, 5928.147, 160.599, 29.653, 99.992, 88.422, -79.539
172, 230.000, -95.254, 18.824, 45.459, 33.187, 18.700, 0.010, 50.038, -60.600
172, 325.000,-106.220, 21.749, 5896.360, -615.537, 148.679, 99.987, 83.870, 76.421
173, 230.000, 26.591, -16.343, 14.587, -0.730, 57.483, 0.010, 14.238, 0.728
173, 325.000,27.155, -14.863, 5930.010, 63.721, 20.961, 99.992, 89.352, -71.791
174, 230.000, -6.626, 73.279, 0.022, -56.480, -18.102, 0.010, 0.021, 107.771
174, 325.000,-8.655, 75.435, 5927.311, -76.569, 175.413, 99.992, 88.151, 23.582
175, 230.000, 74.558, -41.580, 58.144, -7.863, -8.665, 0.010, 78.622, 137.776
175, 325.000,78.557, -44.213, 5922.138, 267.333, -162.842, 99.992, 86.974, -121.347
176, 230.000, 44.865, -74.825, 21.187, -43.491, 34.312, 0.010, 20.930, 51.728
176, 325.000,46.245, -78.312, 5923.513, 128.583, -254.815, 99.991, 87.241, -153.224
177, 230.000, -28.863, 49.800, 46.111, -20.839, 30.938, 0.010, 51.029, 33.963
177, 325.000,-30.277, 52.083, 5928.360, -80.139, 133.073, 99.992, 88.499, 31.057
178, 230.000, 39.751, -72.591, 27.198, -51.756, -9.960, 0.010, 27.295, 100.893
178, 325.000,40.155, -76.583, 5924.345, 79.888, -255.766, 99.992, 87.410, -162.654
179, 230.000, -2.862, 7.206, 27.922, 52.326, 0.171, 0.010, 28.085, -89.813
179, 630.000,0.467, 18.798, 2646.468, 24.664, 184.385, 20.011, 85.979, -7.619
180, 230.000, 12.825, -34.005, 2.844, -39.305, 44.324, 0.010, 2.748, 41.565
180, 325.000,11.842, -33.320, 5930.325, -14.164, -25.000, 99.992, 89.722, 150.466
181, 230.000, -3.813, -6.974, 16.106, -56.284, 9.505, 0.010, 15.757, 80.414
181, 630.000,-18.460, -16.721, 2640.370, -202.454, -160.155, 20.010, 84.416, 128.347
182, 230.000, 73.066, -48.762, 57.612, -1.064, -14.049, 0.010, 76.258, 175.669
182, 325.000,77.731, -52.330, 5919.155, 296.012, -213.151, 99.991, 86.474, -125.757
183, 230.000, -68.121, 67.074, 11.079, 35.074, 46.526, 0.010, 10.766, -37.011
183, 325.000,-74.480, 75.796, 5900.376, -379.531, 460.359, 99.994, 84.226, 39.503
184, 230.000, 42.454, 42.456, 1.933, -59.018, 5.545, 0.010, 1.868, 84.633
184, 325.000,41.722, 43.776, 5929.599, 26.542, 93.535, 99.992, 89.061, -15.842
185, 230.000, -67.378, -69.681, 18.522, 16.612, -53.839, 0.010, 18.198, -162.853
185, 325.000,-75.463, -80.183, 5888.671, -447.835, -539.241, 99.987, 83.212, 140.291
186, 230.000, 3.506, 32.536, 42.934, -27.218, -30.552, 0.010, 46.377, 138.303
186, 325.000,2.715, 32.274, 5930.211, -20.543, 42.479, 99.992, 89.544, 25.808
187, 230.000, -50.800, -30.086, 0.033, 48.976, 33.451, 0.010, 0.031, -55.667
187, 325.000,-50.580, -29.815, 5930.103, -52.563, -26.520, 99.992, 89.431, 116.773
188, 230.000, -13.738, 37.479, 49.302, 6.362, 32.349, 0.010, 56.229, -11.127
188, 325.000,-13.832, 39.313, 5929.439, -19.501, 104.785, 99.992, 88.970, 10.542
189, 230.000, -2.269, -10.870, 53.603, -2.339, -25.277, 0.010, 64.659, 174.713
189, 630.000,-6.243, -32.027, 2632.540, -61.901, -322.678, 20.011, 82.886, 169.141
190, 230.000, 35.260, -30.606, 54.269, -4.246, -23.548, 0.010, 66.207, 169.780
190, 325.000,35.920, -32.041, 5929.517, 61.368, -81.469, 99.992, 89.015, -143.010
191, 230.000, 4.279, -28.519, 52.886, 9.862, 24.969, 0.010, 63.086, -21.553
191, 325.000,4.691, -28.369, 5930.135, 22.046, -50.607, 99.992, 89.467, -156.461
192, 230.000, 5.807, -52.109, 39.454, 28.731, 33.699, 0.010, 41.699, -40.450
192, 325.000,6.856, -52.288, 5929.900, 40.868, -64.828, 99.992, 89.260, -147.772
193, 230.000, -65.987, 60.029, 50.106, 26.853, 16.911, 0.010, 57.652, -57.798
193, 325.000,-69.688, 64.667, 5918.601, -253.671, 274.530, 99.992, 86.386, 42.739
194, 230.000, -57.280, 38.521, 7.839, -28.656, -51.332, 0.010, 7.595, 150.828
194, 325.000,-60.078, 38.171, 5927.873, -168.200, 39.565, 99.992, 88.330, 76.763
195, 230.000, -9.044, 62.011, 19.105, 9.247, 55.382, 0.010, 18.791, -9.479
195, 325.000,-9.014, 65.564, 5927.239, -10.179, 193.201, 99.992, 88.130, 3.016
196, 230.000, 31.976, -9.707, 49.342, 31.911, 8.046, 0.010, 56.298, -75.849
196, 325.000,33.679, -9.660, 5929.517, 101.088, -12.161, 99.992, 89.016, -96.860
197, 230.000, 29.882, 29.316, 6.183, 27.495, 52.187, 0.010, 5.984, -27.783
197, 325.000,31.411, 31.622, 5928.802, 84.220, 108.765, 99.992, 88.671, -37.752
198, 230.000, 74.407, -41.458, 43.095, -37.500, 15.944, 0.010, 46.603, 66.966
198, 325.000,77.378, -43.267, 5924.410, 230.244, -133.503, 99.991, 87.428, -120.107
199, 230.000, 80.600, 17.193, 36.257, -43.579, -17.433, 0.010, 37.685, 111.803
199, 325.000,83.226, 17.500, 5926.152, 220.906, 38.571, 99.992, 87.833, -80.096
200, 230.000, -57.449, 16.487, 4.746, 52.466, 27.248, 0.010, 4.590, -62.555
200, 325.000,-57.320, 17.794, 5929.726, -63.816, 62.203, 99.992, 89.139, 45.733
201, 230.000, -71.214, -68.445, 11.620, 53.084, -23.763, 0.010, 11.299, -114.116
201, 325.000,-81.153, -80.222, 5876.194, -536.203, -595.665, 99.999, 82.233, 138.007
202, 230.000, -9.830, 94.553, 11.155, -46.804, 34.679, 0.010, 10.841, 53.464
202, 325.000,-12.292, 105.586, 5898.798, -108.710, 601.584, 99.992, 84.083, 10.243
203, 230.000, -0.144, -31.074, 18.453, -4.451, 56.190, 0.010, 18.128, 4.529
203, 325.000,-0.290, -29.969, 5930.365, -5.072, -19.228, 99.992, 89.808, 165.225
204, 230.000, 48.302, 61.169, 58.379, 7.587, -7.207, 0.010, 79.838, -133.529
204, 325.000,50.606, 63.562, 5925.930, 150.882, 173.464, 99.991, 87.778, -41.017
205, 230.000, 50.954, -57.141, 32.827, 43.697, 23.035, 0.010, 33.606, -62.204
205, 325.000,54.418, -58.768, 5925.645, 191.890, -139.792, 99.992, 87.706, -126.073
206, 230.000, 57.435, 58.349, 30.850, -49.942, 8.464, 0.010, 31.343, 80.381
206, 325.000,58.678, 61.456, 5925.477, 135.588, 199.944, 99.992, 87.665, -34.143
207, 230.000, 41.715, -4.214, 34.451, 10.874, 47.038, 0.010, 35.511, -13.016
207, 325.000,42.968, -2.809, 5929.570, 89.867, 40.848, 99.992, 89.046, -65.556
208, 230.000, -22.659, 96.958, 19.022, -23.279, -51.126, 0.010, 18.706, 155.519
208, 325.000,-27.773, 114.395, 5859.829, -243.715, 880.894, 100.001, 81.135, 15.465
209, 230.000, -12.233, 75.542, 53.708, 8.139, 23.809, 0.010, 64.897, -18.872
209, 325.000,-12.483, 79.398, 5925.397, -26.644, 242.036, 99.992, 87.647, 6.282
210, 230.000, 11.173, 13.430, 36.476, 2.042, 46.722, 0.010, 37.953, -2.502
210, 630.000,28.961, 41.460, 2603.932, 280.960, 419.295, 20.002, 79.030, -33.825
211, 230.000, -18.793, 64.376, 33.339, 1.352, 49.034, 0.010, 34.203, -1.579
211, 325.000,-19.351, 67.980, 5926.775, -42.883, 202.749, 99.992, 87.997, 11.942
212, 230.000, -38.685, -80.419, 26.182, -50.364, 17.192, 0.010, 26.196, 71.152
212, 325.000,-42.917, -85.456, 5917.237, -219.929, -328.072, 99.992, 86.181, 146.163
213, 230.000, 28.362, -53.558, 38.586, 35.756, -27.390, 0.010, 40.586, -127.454
213, 325.000,30.278, -55.910, 5927.908, 97.072, -141.663, 99.992, 88.341, -145.580
214, 230.000, 95.569, 21.596, 37.274, 40.192, 22.647, 0.010, 38.937, -60.600
214, 325.000,110.931, 25.473, 5874.789, 785.605, 192.083, 99.985, 82.162, -76.261
215, 230.000, -17.794, 21.570, 44.726, -2.815, 38.849, 0.010, 48.948, 4.145
215, 325.000,-18.283, 23.293, 5929.399, -49.187, 97.148, 99.992, 88.948, 26.853
216, 230.000, 2.839, -30.327, 38.539, 45.028, -2.195, 0.010, 40.527, -92.791
216, 325.000,4.339, -31.064, 5929.684, 54.197, -74.806, 99.992, 89.107, -144.077
217, 230.000, 37.273, 79.050, 13.767, 48.501, -31.238, 0.010, 13.422, -122.784
217, 325.000,41.106, 83.020, 5920.375, 199.451, 281.250, 99.992, 86.667, -35.343
218, 230.000, 0.618, -17.345, 21.058, -10.026, 54.531, 0.010, 20.797, 10.418
218, 630.000,0.084, -36.531, 2631.548, -3.070, -334.640, 20.007, 82.753, 179.474
219, 230.000, 55.980, 39.943, 23.031, -35.472, 41.581, 0.010, 22.850, 40.467
219, 325.000,56.698, 42.565, 5927.957, 97.591, 139.295, 99.992, 88.357, -35.015
220, 230.000, 5.770, -59.665, 34.116, 37.295, 31.030, 0.010, 35.115, -50.239
220, 325.000,7.105, -60.293, 5929.479, 50.621, -91.248, 99.992, 88.992, -150.980
221, 230.000, 24.175, -78.351, 30.456, 5.481, 50.597, 0.010, 30.898, -6.183
221, 325.000,25.521, -80.582, 5926.324, 84.726, -202.780, 99.992, 87.876, -157.324
222, 230.000, -15.932, -8.791, 35.763, 23.902, 40.833, 0.010, 37.084, -30.342
222, 630.000,-37.377, -16.471, 2625.585, -353.787, -144.121, 20.015, 81.722, 112.164
223, 230.000, 30.739, -91.006, 47.667, 34.724, -6.300, 0.010, 53.485, -100.284
223, 325.000,35.312, -101.634, 5896.671, 232.922, -586.405, 99.990, 83.892, -158.337
224, 230.000, 10.314, -31.184, 32.525, -15.162, -47.222, 0.010, 33.256, 162.199
224, 325.000,10.052, -33.362, 5929.260, 6.123, -115.793, 99.992, 88.880, -176.973
225, 230.000, 72.913, 38.437, 9.076, 0.436, 58.610, 0.010, 8.802, -0.426
225, 325.000,76.643, 42.228, 5922.100, 247.954, 192.143, 99.992, 86.968, -52.227
226, 230.000, -0.870, 77.896, 33.755, 3.408, 48.648, 0.010, 34.690, -4.007
226, 325.000,-0.801, 82.811, 5923.549, 0.959, 284.900, 99.992, 87.246, -0.193
227, 230.000, -1.041, 46.695, 48.734, 32.685, -8.622, 0.010, 55.253, -104.777
227, 325.000,-0.029, 47.472, 5929.795, 31.908, 78.307, 99.992, 89.183, -22.169
228, 230.000, 70.890, 7.724, 57.896, 9.881, -8.250, 0.010, 77.465, -129.860
228, 325.000,73.693, 7.738, 5927.337, 190.231, 11.004, 99.992, 88.159, -86.689
229, 230.000, -81.534, 14.575, 58.059, 6.988, -9.898, 0.010, 78.212, -144.780
229, 325.000,-85.475, 15.011, 5924.147, -269.352, 39.056, 99.992, 87.370, 81.750
230, 230.000, 74.700, 54.938, 12.692, -13.087, 56.438, 0.010, 12.357, 13.055
230, 325.000,80.783, 61.438, 5908.981, 369.419, 342.030, 99.992, 85.130, -47.205
231, 230.000, 32.826, -41.130, 7.175, 6.509, -58.513, 0.010, 6.948, -173.652
231, 325.000,33.832, -43.994, 5928.331, 70.040, -139.929, 99.992, 88.488, -153.410
232, 230.000, -2.907, -11.671, 42.494, 22.860, 34.486, 0.010, 45.765, -33.540
232, 630.000,-4.101, -25.106, 2642.503, -31.329, -232.407, 20.009, 84.929, 172.323
233, 230.000, -54.356, -48.711, 21.603, -51.915, -18.863, 0.010, 21.361, 109.968
233, 325.000,-58.023, -51.127, 5925.167, -199.135, -149.559, 99.992, 87.593, 126.908
234, 230.000, 47.454, 87.812, 37.772, -45.602, -3.377, 0.010, 39.558, 94.235
234, 325.000,59.298, 112.145, 5800.568, 552.166, 1109.080, 100.026, 77.943, -26.467
235, 230.000, 5.624, -87.493, 36.353, -45.575, -10.911, 0.010, 37.802, 103.464
235, 325.000,4.575, -93.414, 5919.090, -25.449, -365.218, 99.992, 86.461, 176.014
236, 230.000, -95.282, 28.178, 26.901, -51.363, 12.485, 0.010, 26.973, 76.338
236, 325.000,-114.758, 33.857, 5847.972, -948.426, 277.571, 100.008, 80.409, 73.687
237, 230.000, -75.447, 23.497, 35.716, -26.067, -39.529, 0.010, 37.027, 146.598
237, 325.000,-79.630, 23.311, 5924.691, -258.190, 30.448, 99.992, 87.487, 83.274
238, 230.000, -53.935, 80.641, 26.723, -28.287, -44.759, 0.010, 26.781, 147.707
238, 325.000,-61.526, 89.373, 5895.657, -397.532, 501.161, 99.987, 83.808, 38.422
239, 230.000, 85.283, -11.184, 48.402, 4.207, 34.017, 0.010, 54.696, -7.051
239, 325.000,90.418, -10.788, 5921.331, 327.404, -6.465, 99.991, 86.835, -91.131
240, 230.000, 11.082, 55.614, 4.315, -39.719, 43.834, 0.010, 4.172, 42.181
240, 325.000,10.105, 58.445, 5928.284, -18.940, 157.075, 99.992, 88.471, 6.876
241, 230.000, -44.554, 59.754, 16.643, -25.276, 51.008, 0.010, 16.297, 26.360
241, 325.000,-47.097, 63.703, 5924.470, -149.720, 218.690, 99.992, 87.439, 34.396
242, 230.000, -95.633, 22.509, 9.291, 36.549, 45.777, 0.010, 9.013, -38.604
242, 325.000,-108.627, 27.192, 5884.517, -701.121, 223.371, 99.990, 82.872, 72.329
243, 230.000, -48.275, -7.668, 13.735, 2.254, -57.653, 0.010, 13.390, -177.761
243, 325.000,-49.316, -9.681, 5929.273, -88.309, -74.112, 99.992, 88.886, 130.005
244, 230.000, -26.509, -0.369, 2.111, 30.811, 50.635, 0.010, 2.039, -31.320
244, 325.000,-26.143, 1.253, 5929.942, -51.827, 53.383, 99.992, 89.281, 44.153
245, 230.000, 2.149, 85.700, 38.997, -4.629, -44.446, 0.010, 41.111, 174.053
245, 325.000,2.128, 89.190, 5924.287, 3.046, 269.243, 99.992, 87.398, -0.648
246, 230.000, -54.031, 13.342, 30.865, 26.839, 42.949, 0.010, 31.359, -32.001
246, 325.000,-54.537, 15.038, 5929.454, -78.627, 70.787, 99.992, 88.978, 48.004
247, 230.000, -95.578, -16.727, 42.576, 33.940, 23.517, 0.010, 45.878, -55.282
247, 325.000,-106.406, -18.094, 5898.142, -610.399, -88.012, 99.988, 84.031, 98.205
248, 230.000, -25.205, 7.723, 44.764, 38.879, -1.484, 0.010, 49.004, -92.186
248, 325.000,-24.561, 7.859, 5930.194, -41.220, 23.889, 99.991, 89.540, 59.906
249, 230.000, -0.295, -10.375, 2.116, 17.345, 56.677, 0.010, 2.045, -17.016
249, 630.000,1.862, -18.400, 2648.141, 24.916, -158.557, 20.011, 86.532, -171.070
250, 230.000, -89.627, 9.236, 56.088, 9.638, -16.700, 0.010, 71.028, -150.009
250, 325.000,-95.789, 9.389, 5917.632, -387.843, 23.323, 99.991, 86.243, 86.559
251, 230.000, -56.483, 67.511, 51.355, -26.857, 12.612, 0.010, 59.982, 64.846
251, 325.000,-61.009, 72.321, 5917.433, -261.441, 291.875, 99.992, 86.211, 41.852
252, 230.000, 75.006, -3.065, 57.474, 14.554, -1.589, 0.010, 75.709, -96.229
252, 325.000,78.405, -3.235, 5926.203, 222.734, -10.141, 99.992, 87.845, -92.607
253, 230.000, -6.238, 54.044, 8.176, -20.048, 55.217, 0.010, 7.924, 19.955
253, 325.000,-7.031, 57.152, 5928.055, -33.019, 163.297, 99.992, 88.390, 11.431
254, 230.000, 72.516, 5.797, 50.415, -12.995, 28.409, 0.010, 58.215, 24.580
254, 325.000,74.747, 6.898, 5927.637, 175.321, 44.742, 99.992, 88.252, -75.684
255, 230.000, 8.373, -73.227, 22.175, -2.923, 54.931, 0.010, 21.955, 3.046
255, 325.000,8.590, -74.197, 5928.828, 18.948, -135.045, 99.992, 88.682, -172.013
256, 230.000, 86.352, -29.006, 7.030, -36.288, 46.383, 0.010, 6.807, 38.039
256, 325.000,91.717, -29.755, 5919.025, 357.186, -83.692, 99.991, 86.453, -103.187
257, 230.000, 22.534, 37.664, 28.572, 51.973, 0.279, 0.010, 28.799, -89.692
257, 325.000,24.684, 38.503, 5929.203, 95.833, 70.449, 99.992, 88.851, -53.680
258, 230.000, 60.412, -2.098, 2.355, 55.242, -21.456, 0.010, 2.276, -111.226
258, 325.000,63.845, -2.838, 5927.443, 185.200, -26.715, 99.992, 88.192, -98.208
259, 230.000, 74.113, -6.225, 25.073, -52.794, -10.087, 0.010, 25.008, 100.816
259, 325.000,75.241, -6.776, 5928.612, 142.785, -27.159, 99.992, 88.596, -100.770
260, 230.000, 44.866, 77.636, 42.670, -37.519, -17.007, 0.010, 46.009, 114.385
260, 325.000,46.832, 82.511, 5919.917, 154.011, 317.238, 99.992, 86.591, -25.895
261, 230.000, 41.872, -66.494, 44.771, 1.966, -38.850, 0.010, 49.014, -177.102
261, 325.000,43.789, -70.653, 5923.995, 129.490, -243.086, 99.992, 87.338, -151.956
262, 230.000, 81.056, -19.382, 5.023, -24.345, 53.849, 0.010, 4.858, 24.327
262, 325.000,84.469, -18.697, 5925.054, 251.379, -9.564, 99.992, 87.569, -92.179
263, 230.000, 34.033, -34.921, 2.997, 5.792, -58.950, 0.010, 2.897, -174.389
263, 325.000,35.005, -37.609, 5928.632, 69.884, -126.608, 99.992, 88.603, -151.103
264, 230.000, -50.377, -67.187, 43.839, -35.847, 17.628, 0.010, 47.660, 63.813
264, 325.000,-54.201, -70.256, 5922.383, -216.125, -219.334, 99.991, 87.024, 135.422
265, 230.000, 48.138, -44.139, 11.255, -24.537, -52.810, 0.010, 10.939, 155.080
265, 325.000,48.827, -47.155, 5927.782, 83.654, -155.021, 99.992, 88.298, -151.647
266, 230.000, 51.176, 85.129, 41.133, -42.387, 5.389, 0.010, 43.910, 82.754
266, 325.000,59.096, 100.543, 5864.880, 416.544, 774.393, 99.993, 81.473, -28.276
267, 230.000, 87.120, 15.272, 31.312, 20.534, 45.995, 0.010, 31.866, -24.058
267, 325.000,93.593, 17.716, 5916.648, 387.697, 112.841, 99.992, 86.096, -73.772
268, 230.000, -40.774, -70.291, 57.601, 2.546, 13.902, 0.010, 76.214, -10.380
268, 325.000,-42.648, -73.225, 5925.180, -129.073, -212.521, 99.992, 87.597, 148.728
269, 230.000, 7.855, 18.511, 55.688, -13.724, -15.105, 0.010, 69.873, 137.743
269, 325.000,7.635, 18.547, 5929.209, 42.761, 121.605, 99.999, 88.755, -19.374
270, 230.000, -27.008, -59.923, 5.246, 59.076, 0.374, 0.010, 5.074, -89.637
270, 325.000,-25.956, -61.730, 5928.858, 0.355, -135.127, 99.992, 88.694, -179.849
271, 230.000, 75.960, -41.468, 43.472, 17.890, -36.163, 0.010, 47.135, -153.679
271, 325.000,81.150, -45.118, 5918.607, 315.670, -200.211, 99.992, 86.386, -122.385
272, 230.000, 46.057, -34.297, 24.332, 28.945, -45.692, 0.010, 24.221, -147.647
272, 325.000,48.183, -36.645, 5927.956, 123.480, -116.980, 99.992, 88.356, -133.452
273, 230.000, 23.176, 12.440, 26.669, -34.234, 40.428, 0.010, 26.722, 40.258
273, 325.000,22.621, 14.027, 5929.728, 35.242, 82.085, 99.992, 89.137, -23.235
274, 230.000, -68.871, -30.474, 22.562, 39.985, 37.547, 0.010, 22.359, -46.800
274, 325.000,-70.278, -30.473, 5928.428, -146.197, -43.939, 99.992, 88.525, 106.728
275, 230.000, 83.386, 8.035, 31.196, -23.465, -44.652, 0.010, 31.735, 152.278
275, 325.000,87.041, 7.069, 5924.446, 265.053, -19.075, 99.992, 87.432, -94.116
276, 230.000, -70.208, -19.771, 37.204, 37.749, -26.619, 0.010, 38.850, -125.190
276, 325.000,-71.575, -21.325, 5928.136, -143.313, -79.228, 99.992, 88.418, 118.935
277, 230.000, -90.354, 34.765, 49.776, -22.572, -23.032, 0.010, 57.062, 135.578
277, 325.000,-102.277, 38.401, 5892.241, -637.354, 211.284, 99.991, 83.499, 71.660
278, 230.000, 90.214, -29.191, 55.992, 13.112, -14.513, 0.010, 70.745, -137.902
278, 325.000,99.809, -32.606, 5902.964, 538.443, -185.184, 99.991, 84.490, -108.979
279, 230.000, 72.160, -55.784, 7.410, 15.573, -56.747, 0.010, 7.177, -164.654
279, 325.000,78.364, -61.958, 5910.302, 361.998, -327.370, 99.993, 85.279, -132.124
280, 230.000, -89.366, 26.484, 8.560, 42.975, -39.969, 0.010, 8.298, -132.925
280, 325.000,-95.766, 27.547, 5915.398, -410.710, 92.732, 99.991, 85.929, 77.277
281, 230.000, 38.207, -60.212, 16.006, -24.212, 51.722, 0.010, 15.657, 25.085
281, 325.000,38.761, -60.657, 5929.199, 70.057, -96.264, 99.992, 88.850, -143.954
282, 230.000, 29.980, 66.366, 47.009, 13.768, 33.441, 0.010, 52.429, -22.377
282, 325.000,31.522, 69.871, 5925.922, 93.632, 210.363, 99.992, 87.775, -23.994
283, 230.000, -57.995, 49.594, 28.474, -48.269, 19.417, 0.010, 28.691, 68.087
283, 325.000,-61.906, 52.253, 5924.149, -217.740, 163.314, 99.992, 87.369, 53.129
284, 230.000, -2.214, 59.118, 48.019, 5.153, 34.428, 0.010, 54.059, -8.512
284, 325.000,-2.111, 61.798, 5928.291, 0.762, 158.032, 99.992, 88.473, -0.276
285, 230.000, -51.730, -66.618, 19.199, -46.649, -31.191, 0.010, 18.887, 123.768
285, 325.000,-56.067, -71.304, 5919.228, -237.624, -275.557, 99.992, 86.482, 139.227
286, 230.000, 84.101, -27.766, 56.522, 16.267, 7.633, 0.010, 72.364, -64.863
286, 325.000,90.230, -29.390, 5917.859, 370.062, -108.419, 99.992, 86.272, -106.329
287, 230.000, -19.783, -48.355, 38.500, 16.106, 42.143, 0.010, 40.476, -20.916
287, 325.000,-19.744, -48.170, 5930.157, -21.098, -48.693, 99.992, 89.487, 156.574
288, 230.000, -13.534, 2.054, 10.234, -58.372, 2.357, 0.010, 9.936, 87.687
288, 630.000,-43.814, 5.667, 2614.078, -448.802, 56.039, 20.010, 80.184, 82.883
289, 230.000, 21.887, 34.029, 22.407, 54.709, -4.743, 0.010, 22.197, -94.955
289, 325.000,24.104, 34.613, 5929.283, 98.201, 59.487, 99.992, 88.891, -58.794
290, 230.000, -73.515, 53.840, 49.872, -16.155, -27.739, 0.010, 57.233, 149.784
290, 325.000,-79.663, 57.131, 5915.241, -360.583, 222.084, 99.991, 85.905, 58.371
291, 230.000, -84.953, 6.439, 10.214, 51.614, 27.373, 0.010, 9.917, -62.061
291, 325.000,-88.051, 7.648, 5924.767, -252.825, 52.138, 99.991, 87.505, 78.348
292, 230.000, -37.957, -65.754, 50.931, -29.674, 6.565, 0.010, 59.174, 77.525
292, 325.000,-40.412, -68.195, 5926.090, -138.102, -178.607, 99.992, 87.818, 142.288
293, 230.000, -4.592, -89.199, 58.068, -11.610, -3.308, 0.010, 78.255, 105.903
293, 325.000,-5.267, -95.489, 5917.596, -32.103, -388.295, 99.992, 86.233, 175.274
294, 230.000, -6.891, 55.062, 37.694, -40.202, 21.922, 0.010, 39.461, 61.396
294, 325.000,-8.337, 57.148, 5928.678, -55.283, 131.597, 99.992, 88.621, 22.787
295, 230.000, 77.556, 53.694, 26.504, -17.935, -49.935, 0.010, 26.544, 160.243
295, 325.000,84.347, 57.254, 5911.540, 406.180, 241.222, 99.991, 85.431, -59.295
296, 230.000, -8.506, -1.649, 56.041, -3.420, 19.115, 0.010, 70.889, 10.143
296, 630.000,-22.658, -1.407, 2643.559, -223.317, -6.439, 20.011, 85.169, 91.652
297, 230.000, 63.800, -27.960, 13.011, 54.986, -18.025, 0.010, 12.672, -108.150
297, 325.000,67.720, -29.486, 5925.803, 215.979, -88.321, 99.992, 87.745, -112.241
298, 230.000, 97.410, 6.266, 38.844, 15.574, 42.027, 0.010, 40.914, -20.334
298, 325.000,111.318, 8.388, 5884.368, 733.108, 91.135, 99.997, 82.844, -82.914
299, 230.000, -62.250, -27.960, 6.114, -31.794, 49.693, 0.010, 5.917, 32.611
299, 325.000,-65.281, -27.297, 5927.594, -181.718, -14.993, 99.992, 88.238, 94.717
300, 230.000, 43.407, 12.778, 19.805, -53.474, -16.306, 0.010, 19.508, 106.958
300, 325.000,42.666, 12.542, 5930.333, 26.230, 7.136, 99.992, 89.737, -74.780
