ion,x0,y0,z0,vx0,vy0,vz0,ke0,elev0,azim0,x1,y1,z1,vx1,vy1,vz1,ke1,elev1,azim1
1, 230.000, -33.662, 48.937, 0.728, -56.832, -16.949, 0.010, 0.703, 106.606
1, 325.000,-36.374, 49.713, 5928.425, -128.305, 83.229, 99.992, 88.522, 57.029
2, 230.000, 93.353, -7.967, 31.082, -20.941, -45.968, 0.010, 31.605, 155.508
2, 325.000,101.226, -10.095, 5910.654, 475.200, -91.420, 99.993, 85.320, -100.890
3, 230.000, -38.363, 17.648, 18.415, -37.968, -41.676, 0.010, 18.089, 137.666
3, 325.000,-40.401, 16.700, 5929.363, -110.271, -10.568, 99.992, 88.930, 95.474
4, 230.000, 91.866, 3.066, 7.942, -55.905, -18.143, 0.010, 7.696, 107.980
4, 325.000,97.381, 2.750, 5918.387, 377.320, -4.696, 99.992, 86.352, -90.713
5, 230.000, 29.075, 48.787, 14.080, -13.455, 56.021, 0.010, 13.733, 13.505
5, 325.000,29.397, 51.824, 5928.189, 44.179, 155.606, 99.992, 88.437, -15.850
6, 230.000, -15.278, 39.849, 38.840, 42.890, -13.020, 0.010, 40.910, -106.887
6, 325.000,-14.245, 40.296, 5930.063, 16.004, 60.726, 99.992, 89.393, -14.764
7, 230.000, 75.422, 10.863, 48.384, -20.037, 27.841, 0.010, 54.666, 35.742
7, 325.000,77.826, 12.170, 5927.006, 191.278, 59.682, 99.992, 88.064, -72.671
8, 230.000, -5.958, 25.320, 2.301, 52.105, 28.238, 0.010, 2.223, -61.545
8, 325.000,-4.417, 26.803, 5929.376, 38.467, 103.285, 99.992, 88.935, -20.427
9, 230.000, -29.500, -55.361, 0.456, -48.321, -34.388, 0.010, 0.441, 125.437
9, 325.000,-31.889, -58.057, 5927.224, -114.555, -156.491, 99.992, 88.126, 143.795
10, 230.000, 62.535, 29.081, 48.837, 33.652, -0.419, 0.010, 55.429, -90.714
10, 325.000,65.671, 30.034, 5927.038, 186.820, 70.143, 99.992, 88.072, -69.421
11, 230.000, 41.635, -7.909, 43.074, 11.106, -39.230, 0.010, 46.573, -164.193
11, 325.000,42.886, -9.325, 5929.479, 88.413, -55.255, 99.992, 88.993, -122.004
12, 230.000, 13.905, -22.646, 4.829, -58.993, -3.766, 0.010, 4.670, 93.653
12, 325.000,12.328, -23.288, 5929.915, -21.026, -72.878, 99.992, 89.267, 163.907
13, 230.000, -73.434, -50.290, 42.844, -20.416, 35.570, 0.010, 46.251, 29.854
13, 325.000,-79.057, -52.615, 5918.377, -333.386, -175.862, 99.991, 86.356, 117.812
14, 230.000, 5.473, -47.377, 14.522, -42.283, -38.973, 0.010, 14.173, 132.667
14, 325.000,4.250, -49.692, 5928.918, -33.652, -127.985, 99.992, 88.721, 165.268
15, 230.000, -10.193, 30.109, 20.546, -54.208, -12.529, 0.010, 20.268, 103.014
15, 325.000,-12.145, 30.353, 5929.626, -79.320, 53.363, 99.992, 89.076, 56.069
16, 230.000, -34.034, -24.417, 47.695, -24.690, -25.165, 0.010, 53.529, 135.545
16, 325.000,-35.550, -25.742, 5929.311, -88.372, -71.121, 99.992, 88.904, 128.827
17, 230.000, 24.131, -80.113, 10.972, -54.474, -20.732, 0.010, 10.661, 110.836
17, 325.000,23.711, -85.009, 5922.637, 27.065, -302.145, 99.992, 87.068, -174.881
18, 230.000, 22.074, -46.838, 52.339, 17.862, -21.429, 0.010, 61.942, -140.187
18, 325.000,23.164, -48.629, 5929.049, 60.340, -110.983, 99.992, 88.779, -151.468
19, 230.000, 3.126, 85.880, 33.964, 42.788, -23.093, 0.010, 34.935, -118.357
19, 325.000,4.633, 90.138, 5922.663, 56.842, 297.305, 99.992, 87.074, -10.824
20, 230.000, -61.346, 3.574, 40.616, 42.946, 4.863, 0.010, 43.220, -83.540
20, 325.000,-61.679, 3.826, 5929.786, -84.034, 12.537, 99.992, 89.179, 81.515
21, 230.000, -74.565, 56.814, 58.035, -5.335, -11.003, 0.010, 78.102, 154.135
21, 325.000,-81.605, 61.720, 5909.153, -406.700, 293.836, 99.992, 85.147, 54.152
22, 230.000, -27.202, -58.342, 48.779, 21.632, 25.891, 0.010, 55.330, -39.879
22, 325.000,-27.319, -59.237, 5929.410, -37.334, -101.368, 99.992, 88.956, 159.781
23, 230.000, -34.539, 50.857, 15.898, 19.444, 53.729, 0.010, 15.548, -19.894
23, 325.000,-34.893, 53.988, 5927.885, -53.377, 164.094, 99.992, 88.333, 18.019
24, 230.000, -96.063, -22.066, 30.356, 13.898, 49.020, 0.010, 30.786, -15.829
24, 325.000,-110.460, -24.011, 5880.871, -756.002, -124.490, 99.998, 82.577, 99.351
25, 230.000, 44.181, -31.601, 49.818, -29.820, -12.108, 0.010, 57.136, 112.100
25, 325.000,44.320, -32.757, 5929.689, 54.431, -73.556, 99.992, 89.116, -143.499
26, 230.000, 30.227, -5.472, 38.500, -29.556, 34.086, 0.010, 40.476, 40.928
26, 325.000,29.944, -4.504, 5930.207, 41.946, 22.693, 99.992, 89.539, -61.587
27, 230.000, -73.539, -53.124, 37.814, -31.737, -32.872, 0.010, 39.610, 136.007
27, 325.000,-80.165, -58.216, 5911.610, -377.087, -282.963, 99.991, 85.440, 126.884
28, 230.000, 41.709, -3.568, 45.028, 4.577, -38.329, 0.010, 49.395, -173.191
28, 325.000,42.751, -4.861, 5929.642, 82.128, -46.344, 99.992, 89.089, -119.436
29, 230.000, -40.098, 76.481, 2.123, -30.728, -50.684, 0.010, 2.052, 148.773
29, 325.000,-43.412, 79.401, 5922.814, -184.391, 236.323, 99.992, 87.103, 37.963
30, 230.000, -77.612, -60.847, 48.630, 31.382, 12.957, 0.010, 55.079, -67.565
30, 325.000,-88.716, -69.898, 5881.668, -592.056, -476.659, 99.998, 82.636, 128.837
31, 230.000, -12.547, -6.469, 35.756, -29.755, -36.795, 0.010, 37.075, 141.039
31, 630.000,-28.905, -17.411, 5293.583, -287.560, -182.521, 80.000, 86.319, 122.404
32, 230.000, -82.224, 28.244, 57.022, -15.950, 3.426, 0.010, 74.034, 77.876
32, 325.000,-87.789, 30.092, 5919.476, -340.616, 114.833, 99.991, 86.525, 71.369
33, 230.000, -31.177, 62.077, 43.702, 23.119, 32.762, 0.010, 47.463, -35.210
33, 325.000,-31.497, 65.190, 5927.255, -52.130, 185.872, 99.992, 88.135, 15.667
34, 230.000, 64.621, -39.649, 2.384, -59.194, -2.834, 0.010, 2.304, 92.741
34, 325.000,65.291, -41.293, 5928.192, 116.372, -112.343, 99.992, 88.437, -133.991
35, 230.000, -80.213, -19.758, 10.527, 53.342, -23.695, 0.010, 10.224, -113.951
35, 325.000,-82.538, -21.482, 5925.964, -210.636, -90.611, 99.992, 87.784, 113.276
36, 230.000, 80.870, 1.303, 5.251, -39.009, 44.366, 0.010, 5.079, 41.324
36, 325.000,83.427, 2.754, 5926.281, 215.086, 50.706, 99.992, 87.865, -76.735
37, 230.000, -30.076, 86.436, 23.313, 53.254, 11.755, 0.010, 23.146, -77.552
37, 325.000,-30.807, 93.598, 5914.656, -86.420, 423.423, 99.993, 85.821, 11.536
38, 230.000, 6.696, -95.322, 37.868, 24.744, -38.358, 0.010, 39.678, -147.175
38, 325.000,8.185, -107.020, 5896.408, 67.890, -630.923, 99.994, 83.858, -173.858
39, 230.000, -85.379, -43.358, 49.930, -25.886, -18.829, 0.010, 57.336, 126.031
39, 325.000,-95.744, -48.793, 5896.439, -562.347, -291.651, 99.991, 83.868, 117.413
40, 230.000, -41.593, 66.093, 54.636, 22.434, -5.410, 0.010, 67.102, -103.558
40, 325.000,-42.670, 68.747, 5926.527, -99.303, 189.459, 99.991, 87.933, 27.661
41, 230.000, -85.675, -33.722, 6.456, -10.950, 57.931, 0.010, 6.250, 10.704
41, 325.000,-92.994, -34.689, 5913.842, -430.126, -103.115, 99.991, 85.723, 103.481
42, 230.000, -12.649, -30.816, 55.824, 6.338, 19.005, 0.010, 70.258, -18.444
42, 325.000,-12.718, -30.870, 5930.179, -20.656, -46.595, 99.992, 89.508, 156.092
43, 230.000, -17.668, -90.338, 54.442, -2.096, 23.436, 0.010, 66.626, 5.112
43, 325.000,-19.161, -96.926, 5915.256, -87.998, -413.654, 99.990, 85.911, 167.990
44, 230.000, 62.133, -63.266, 25.237, -20.903, 49.434, 0.010, 25.184, 22.921
44, 325.000,65.547, -65.873, 5922.160, 233.432, -207.914, 99.992, 86.978, -131.691
45, 230.000, -75.274, 55.997, 1.059, 55.768, -20.160, 0.010, 1.023, -109.875
45, 325.000,-80.345, 60.422, 5914.449, -337.724, 273.955, 99.992, 85.795, 50.952
46, 230.000, 16.644, 2.085, 38.429, 23.090, -38.829, 0.010, 40.386, -149.262
46, 630.000,36.306, -0.318, 5292.956, 353.022, -22.212, 80.007, 86.177, -93.600
47, 230.000, 43.155, 23.206, 56.028, 6.148, 18.458, 0.010, 70.851, -18.422
47, 325.000,44.338, 24.321, 5929.436, 86.622, 62.261, 99.992, 88.969, -54.293
48, 230.000, 44.331, -44.657, 7.604, 33.005, 48.688, 0.010, 7.366, -34.133
48, 325.000,46.645, -44.390, 5928.795, 129.925, -45.789, 99.992, 88.669, -109.414
49, 230.000, -2.733, 50.627, 39.025, -13.735, 42.498, 0.010, 41.146, 17.911
49, 325.000,-3.233, 53.164, 5928.728, -19.362, 139.285, 99.992, 88.641, 7.914
50, 230.000, 94.115, -0.180, 12.236, -0.003, 58.034, 0.010, 11.906, 0.003
50, 325.000,103.074, 1.574, 5907.330, 518.640, 60.897, 99.991, 84.948, -83.303
51, 230.000, 34.640, -9.665, 3.131, -56.588, 17.481, 0.010, 3.026, 72.833
51, 325.000,33.566, -9.311, 5930.383, 12.716, -1.782, 99.992, 89.876, -97.977
52, 230.000, -48.174, -30.462, 29.156, 50.741, 9.639, 0.010, 29.445, -79.244
52, 325.000,-47.790, -30.930, 5930.029, -42.711, -50.265, 99.992, 89.363, 139.645
53, 230.000, 50.446, -79.130, 20.546, 53.195, -16.304, 0.010, 20.268, -107.040
53, 325.000,56.879, -87.172, 5903.440, 335.095, -454.028, 99.990, 84.540, -143.571
54, 230.000, 80.171, -49.849, 11.090, -21.731, 54.059, 0.010, 10.777, 21.899
54, 325.000,87.119, -52.933, 5911.717, 417.582, -216.411, 99.992, 85.451, -117.395
55, 230.000, 65.939, -8.364, 20.157, 55.005, -9.262, 0.010, 19.868, -99.558
55, 325.000,69.756, -8.921, 5926.576, 210.818, -29.120, 99.992, 87.943, -97.864
56, 230.000, -59.980, 63.111, 17.101, -48.403, 29.705, 0.010, 16.759, 58.463
56, 325.000,-65.273, 68.022, 5916.364, -291.984, 284.780, 99.992, 86.056, 45.716
57, 230.000, 12.956, 91.729, 32.903, 48.701, -7.951, 0.010, 33.695, -99.273
57, 325.000,15.548, 99.292, 5911.784, 117.262, 454.971, 99.993, 85.456, -14.453
58, 230.000, 25.840, 89.247, 39.063, -32.577, 30.504, 0.010, 41.195, 46.883
58, 325.000,27.114, 98.012, 5908.881, 99.055, 494.342, 99.990, 85.123, -11.331
59, 230.000, 13.952, 77.599, 14.535, -4.925, -57.290, 0.010, 14.186, 175.086
59, 325.000,14.400, 79.152, 5927.830, 36.322, 170.688, 99.992, 88.314, -12.013
60, 230.000, 26.605, -85.643, 57.941, 6.378, -10.944, 0.010, 77.668, -149.767
60, 325.000,28.692, -92.068, 5916.398, 123.703, -388.053, 99.992, 86.062, -162.319
61, 230.000, 35.514, 3.285, 16.832, 56.267, 8.269, 0.010, 16.487, -81.639
61, 325.000,38.059, 3.618, 5929.007, 127.441, 14.975, 99.992, 88.760, -83.298
62, 230.000, -66.783, -64.113, 33.388, -45.537, 18.145, 0.010, 34.260, 68.274
62, 325.000,-73.898, -69.051, 5909.800, -387.682, -306.362, 99.993, 85.221, 128.317
63, 230.000, -23.769, 44.627, 54.839, 15.000, -16.892, 0.010, 67.611, -138.396
63, 325.000,-23.847, 45.130, 5929.955, -29.041, 66.190, 99.992, 89.302, 23.690
64, 230.000, 11.579, -32.821, 4.514, 59.071, 2.800, 0.010, 4.365, -87.286
64, 325.000,13.716, -33.425, 5929.447, 84.910, -63.233, 99.992, 88.977, -126.675
65, 230.000, -25.618, 12.036, 26.016, -52.435, 9.560, 0.010, 26.017, 79.667
65, 325.000,-27.851, 12.603, 5929.122, -116.828, 39.002, 99.992, 88.810, 71.539
66, 230.000, -36.946, 80.772, 5.325, 12.984, 57.625, 0.010, 5.151, -12.698
66, 325.000,-39.093, 88.129, 5914.555, -144.941, 408.024, 99.991, 85.813, 19.556
67, 230.000, -52.659, -64.889, 37.146, 3.205, -46.126, 0.010, 38.778, -176.026
67, 325.000,-55.375, -69.792, 5921.115, -182.135, -277.163, 99.992, 86.794, 146.689
68, 230.000, 23.171, -69.744, 32.052, 47.718, -14.605, 0.010, 32.712, -107.018
68, 325.000,25.541, -72.826, 5925.910, 111.795, -201.738, 99.992, 87.771, -151.007
69, 230.000, -42.334, 10.153, 12.084, -57.173, -10.141, 0.010, 11.756, 100.058
69, 325.000,-45.081, 10.051, 5928.810, -136.835, 8.112, 99.992, 88.676, 86.607
70, 230.000, 24.791, -1.127, 3.081, -18.377, 56.306, 0.010, 2.977, 18.076
70, 325.000,24.786, 0.659, 5929.742, 65.726, 57.218, 99.991, 89.158, -48.959
71, 230.000, -39.222, 73.674, 3.846, 9.970, 58.339, 0.010, 3.718, -9.698
71, 325.000,-41.011, 79.442, 5920.301, -127.872, 321.391, 99.992, 86.656, 21.696
72, 230.000, 27.938, -78.326, 7.997, 42.678, 40.401, 0.010, 7.749, -46.570
72, 325.000,30.705, -81.086, 5924.476, 140.152, -224.513, 99.991, 87.442, -148.026
73, 230.000, 79.226, -7.343, 24.779, -35.759, 40.310, 0.010, 24.696, 41.576
73, 325.000,81.637, -6.410, 5926.852, 204.100, 19.871, 99.992, 88.018, -84.439
74, 230.000, 43.422, 2.526, 15.441, -12.485, 55.887, 0.010, 15.091, 12.593
74, 325.000,43.967, 4.363, 5929.684, 67.343, 62.583, 99.992, 89.112, -47.098
75, 230.000, -12.266, 0.036, 47.258, -31.681, -16.751, 0.010, 52.826, 117.868
75, 630.000,-28.625, -1.885, 5296.838, -286.638, -26.093, 80.004, 86.890, 95.201
76, 230.000, -74.067, -28.433, 48.033, -34.538, -4.189, 0.010, 54.083, 96.916
76, 325.000,-78.510, -29.856, 5923.708, -266.001, -92.601, 99.992, 87.278, 109.194
77, 230.000, 70.438, -64.985, 56.274, 0.671, 18.719, 0.010, 71.590, -2.052
77, 325.000,78.225, -71.586, 5902.059, 435.822, -381.428, 99.992, 84.396, -131.192
78, 230.000, -64.305, -9.281, 53.313, 18.621, -18.128, 0.010, 64.013, -134.232
78, 325.000,-65.638, -10.128, 5928.967, -123.969, -39.517, 99.992, 88.743, 107.681
79, 230.000, -13.388, 20.705, 35.310, 14.773, -45.306, 0.010, 36.538, -161.941
79, 325.000,-13.238, 19.754, 5930.226, -34.657, 29.009, 99.992, 89.563, 50.070
80, 230.000, -36.239, -57.050, 4.540, 31.020, -50.346, 0.010, 4.390, -148.361
80, 325.000,-36.421, -60.476, 5927.202, -53.274, -187.127, 99.992, 88.120, 164.109
81, 230.000, 34.846, 62.210, 4.098, -38.418, -44.999, 0.010, 3.962, 139.511
81, 325.000,34.830, 62.927, 5929.232, 46.594, 107.773, 99.992, 88.866, -23.380
82, 230.000, -48.320, -37.229, 53.353, 25.485, 4.649, 0.010, 64.101, -79.662
82, 325.000,-48.842, -38.103, 5929.477, -74.572, -72.999, 99.992, 88.992, 134.389
83, 230.000, 6.496, 71.015, 48.971, -20.874, -26.149, 0.010, 55.657, 141.401
83, 325.000,6.067, 72.659, 5928.474, -5.469, 150.784, 99.992, 88.542, 2.077
84, 230.000, -38.569, -89.533, 22.631, -49.195, -24.193, 0.010, 22.431, 116.187
84, 325.000,-45.354, -102.580, 5881.574, -335.705, -682.764, 99.998, 82.629, 153.817
85, 230.000, 47.220, 47.222, 49.244, -20.453, 25.968, 0.010, 56.128, 38.225
85, 325.000,48.054, 49.515, 5928.179, 87.910, 136.192, 99.992, 88.434, -32.842
86, 230.000, -53.313, 59.406, 18.823, 52.134, 21.105, 0.010, 18.503, -67.961
86, 325.000,-54.097, 62.758, 5925.803, -110.149, 205.819, 99.992, 87.744, 28.155
87, 230.000, 72.667, -63.051, 48.611, 1.536, -33.946, 0.010, 55.045, -177.410
87, 325.000,81.197, -71.434, 5895.046, 470.861, -443.430, 99.993, 83.739, -133.282
88, 230.000, -16.821, 39.675, 28.593, 30.122, 42.340, 0.010, 28.823, -35.429
88, 325.000,-16.228, 41.883, 5929.244, 0.248, 116.873, 99.992, 88.871, -0.121
89, 230.000, -84.360, 51.705, 25.992, -24.409, -47.394, 0.010, 25.992, 152.750
89, 325.000,-99.395, 59.067, 5868.501, -755.172, 395.865, 99.982, 81.733, 62.336
90, 230.000, 55.876, 33.828, 41.837, 10.455, -40.718, 0.010, 44.862, -165.599
90, 325.000,57.887, 33.563, 5928.736, 136.237, 33.586, 99.992, 88.644, -76.151
91, 230.000, -59.308, 21.228, 14.873, 24.656, -51.851, 0.010, 14.523, -154.569
91, 325.000,-60.212, 20.189, 5929.519, -101.714, -8.268, 99.992, 89.014, 94.647
92, 230.000, -38.582, 11.579, 48.683, 31.588, 12.241, 0.010, 55.168, -68.818
92, 325.000,-38.403, 12.215, 5930.159, -40.343, 34.650, 99.992, 89.486, 49.341
93, 230.000, 12.437, 41.234, 37.258, -44.206, 13.239, 0.010, 38.917, 73.328
93, 325.000,11.302, 42.548, 5929.667, -22.811, 89.942, 99.992, 89.103, 14.231
94, 230.000, -21.823, 37.241, 29.049, -30.478, -41.772, 0.010, 29.327, 143.884
94, 325.000,-23.266, 36.719, 5929.902, -72.078, 25.806, 99.992, 89.260, 70.301
95, 230.000, -25.294, -29.262, 30.231, -27.120, -43.223, 0.010, 30.645, 147.894
95, 325.000,-26.694, -31.259, 5929.074, -75.568, -99.717, 99.992, 88.791, 142.844
96, 230.000, -43.610, 48.800, 53.440, 24.941, -6.309, 0.010, 64.294, -104.195
96, 325.000,-44.138, 50.071, 5929.067, -71.927, 102.933, 99.992, 88.787, 34.945
97, 230.000, -26.028, 72.863, 2.348, -7.088, 58.838, 0.010, 2.269, 6.869
97, 325.000,-27.368, 77.840, 5923.278, -84.653, 277.849, 99.992, 87.193, 16.945
98, 230.000, 39.136, 26.467, 20.441, 23.387, -50.526, 0.010, 20.160, -155.162
98, 325.000,40.758, 25.452, 5929.607, 96.550, -3.397, 99.992, 89.067, -92.015
99, 230.000, 31.065, -28.737, 4.666, -43.291, 40.271, 0.010, 4.513, 47.070
99, 325.000,30.350, -28.069, 5930.367, 13.533, -12.287, 99.992, 89.823, -132.236
100, 230.000, 21.551, -81.208, 39.233, 21.281, -39.058, 0.010, 41.414, -151.415
100, 325.000,23.390, -86.863, 5920.237, 99.712, -332.404, 99.992, 86.645, -163.302
101, 230.000, -18.669, 89.261, 35.070, -46.798, -9.884, 0.010, 36.249, 101.926
101, 325.000,-21.549, 95.861, 5914.732, -137.269, 408.273, 99.992, 85.835, 18.584
102, 230.000, 45.150, -35.615, 33.641, -27.667, 40.254, 0.010, 34.556, 34.501
102, 325.000,45.431, -35.252, 5930.009, 61.154, -29.140, 99.992, 89.346, -115.478
103, 230.000, -82.607, 43.638, 53.780, -24.880, 2.520, 0.010, 65.062, 84.216
103, 325.000,-90.894, 47.693, 5907.354, -466.813, 235.287, 99.993, 84.943, 63.251
104, 230.000, 64.460, 31.692, 50.509, 28.159, 13.173, 0.010, 58.388, -64.928
104, 325.000,67.656, 33.242, 5926.402, 195.502, 95.419, 99.992, 87.898, -63.984
105, 230.000, -38.083, -23.989, 50.790, -22.147, -21.155, 0.010, 58.909, 133.688
105, 325.000,-39.624, -25.188, 5929.301, -92.895, -65.974, 99.992, 88.899, 125.383
106, 230.000, 57.047, -29.669, 26.854, -7.351, 52.369, 0.010, 26.922, 7.990
106, 325.000,58.486, -28.883, 5929.215, 117.695, -10.781, 99.992, 88.858, -95.234
107, 230.000, -76.089, 23.873, 46.545, 36.758, -0.183, 0.010, 51.701, -90.286
107, 325.000,-78.359, 24.939, 5926.746, -194.923, 73.056, 99.992, 87.988, 69.454
108, 230.000, -18.196, 87.754, 24.097, -33.915, -42.270, 0.010, 23.972, 141.258
108, 325.000,-20.502, 92.530, 5919.951, -114.256, 333.007, 99.992, 86.597, 18.937
109, 230.000, -23.560, -55.186, 25.925, 53.335, -0.961, 0.010, 25.920, -91.033
109, 325.000,-22.506, -56.702, 5929.279, 6.718, -114.834, 99.992, 88.889, -176.652
110, 230.000, 16.578, 29.162, 39.714, 2.581, -43.975, 0.010, 42.037, -176.641
110, 325.000,17.015, 28.384, 5930.246, 38.768, 17.413, 99.992, 89.589, -65.812
111, 230.000, 8.546, 71.343, 42.726, -32.387, -25.361, 0.010, 46.087, 128.063
111, 325.000,7.831, 73.059, 5928.375, -12.101, 154.438, 99.992, 88.503, 4.480
112, 230.000, -42.584, 61.628, 48.692, 12.446, 31.493, 0.010, 55.183, -21.564
112, 325.000,-43.859, 65.022, 5926.008, -104.315, 202.708, 99.992, 87.797, 27.231
113, 230.000, 47.091, 82.800, 20.186, -28.912, 47.689, 0.010, 19.898, 31.227
113, 325.000,51.230, 93.068, 5899.591, 252.298, 548.894, 99.993, 84.153, -24.686
114, 230.000, -64.777, -10.302, 37.604, 10.733, 44.592, 0.010, 39.347, -13.533
114, 325.000,-66.397, -9.208, 5928.824, -134.683, 23.152, 99.992, 88.680, 80.246
115, 230.000, 16.389, 89.571, 18.569, 2.901, -56.253, 0.010, 18.246, -177.047
115, 325.000,17.702, 94.529, 5919.605, 77.841, 348.933, 99.992, 86.544, -12.576
116, 230.000, 33.361, 58.816, 31.236, 26.447, 42.924, 0.010, 31.780, -31.639
116, 325.000,35.274, 62.073, 5926.562, 106.834, 184.495, 99.992, 87.940, -30.073
117, 230.000, 12.953, -10.572, 20.875, -31.365, -45.805, 0.010, 20.608, 145.598
117, 630.000,22.492, -26.701, 5293.642, 196.101, -273.907, 79.995, 86.359, -144.400
118, 230.000, 54.848, -23.326, 52.518, -22.889, 15.348, 0.010, 62.312, 56.156
118, 325.000,55.589, -23.464, 5929.650, 88.595, -31.857, 99.992, 89.090, -109.778
119, 230.000, 24.894, 84.882, 7.656, 22.192, -54.466, 0.010, 7.417, -157.832
119, 325.000,27.194, 88.691, 5922.026, 125.139, 289.026, 99.992, 86.956, -23.411
120, 230.000, 2.176, -67.615, 15.711, 53.086, -21.277, 0.010, 15.361, -111.841
120, 325.000,3.923, -70.460, 5927.297, 60.402, -181.873, 99.992, 88.148, -161.628
121, 230.000, 27.354, 18.899, 24.452, -48.493, 23.836, 0.010, 24.348, 63.824
121, 325.000,26.389, 20.065, 5930.024, 8.678, 66.022, 99.992, 89.357, -7.488
122, 230.000, -69.767, -2.911, 27.366, -40.837, -33.183, 0.010, 27.478, 129.096
122, 325.000,-73.436, -4.056, 5926.332, -215.485, -41.802, 99.992, 87.879, 100.978
123, 230.000, -27.030, 16.918, 4.538, 35.869, 47.015, 0.010, 4.388, -37.341
123, 325.000,-26.460, 18.789, 5929.720, -22.534, 86.951, 99.992, 89.132, 14.529
124, 230.000, -37.472, 55.864, 27.447, 50.860, -13.322, 0.010, 27.567, -104.678
124, 325.000,-37.039, 57.189, 5929.182, -33.603, 115.106, 99.992, 88.841, 16.274
125, 230.000, -59.772, -12.816, 58.768, -1.486, -7.855, 0.010, 82.254, 169.285
125, 325.000,-61.472, -13.418, 5928.924, -127.333, -35.120, 99.992, 88.724, 105.419
126, 230.000, -54.142, -60.868, 16.149, -14.886, -55.093, 0.010, 15.800, 164.880
126, 325.000,-57.288, -65.604, 5921.474, -195.349, -259.948, 99.992, 86.857, 143.075
127, 230.000, -50.633, -63.131, 46.270, -9.926, 35.752, 0.010, 51.274, 15.516
127, 325.000,-53.328, -64.993, 5925.644, -171.831, -163.730, 99.992, 87.706, 133.617
128, 230.000, -92.752, -14.241, 36.058, 25.473, -39.605, 0.010, 37.442, -147.252
128, 325.000,-100.525, -16.759, 5910.460, -471.271, -118.712, 99.992, 85.299, 104.139
129, 230.000, -59.600, -36.876, 27.375, -19.727, 48.776, 0.010, 27.488, 22.020
129, 325.000,-62.237, -36.587, 5927.905, -167.033, -39.806, 99.992, 88.341, 103.404
130, 230.000, 51.412, 56.270, 28.271, -26.816, 44.714, 0.010, 28.468, 30.952
130, 325.000,52.662, 59.960, 5925.620, 118.059, 206.713, 99.992, 87.699, -29.732
131, 230.000, -22.376, 16.659, 56.738, 16.133, 6.181, 0.010, 73.064, -69.037
131, 325.000,-22.362, 17.228, 5930.027, -43.112, 51.415, 99.992, 89.352, 39.980
132, 230.000, -39.083, 44.934, 36.985, -46.267, -3.025, 0.010, 38.578, 93.741
132, 325.000,-41.601, 46.052, 5928.316, -128.814, 89.793, 99.992, 88.483, 55.121
133, 230.000, -38.472, 26.228, 28.325, 20.950, -47.712, 0.010, 28.528, -156.294
133, 325.000,-38.660, 25.294, 5930.191, -49.529, -0.855, 99.992, 89.521, 90.989
134, 230.000, -39.769, 51.521, 50.779, 30.621, -1.222, 0.010, 58.889, -92.285
134, 325.000,-39.994, 53.021, 5929.030, -56.911, 113.671, 99.992, 88.772, 26.595
135, 230.000, 63.137, -0.097, 46.819, -21.719, -29.222, 0.010, 52.129, 143.379
135, 325.000,64.261, -1.020, 5929.222, 113.806, -30.545, 99.992, 88.861, -105.024
136, 230.000, -52.228, -11.587, 14.437, -26.113, 51.257, 0.010, 14.088, 26.997
136, 325.000,-54.329, -10.239, 5928.947, -127.451, 30.814, 99.992, 88.733, 76.408
137, 230.000, 9.695, 0.788, 20.540, 21.418, -51.352, 0.010, 20.263, -157.359
137, 630.000,22.264, -4.424, 5299.498, 221.958, -67.223, 80.001, 87.494, -106.850
138, 230.000, -30.453, 62.782, 11.287, 26.077, 52.060, 0.010, 10.971, -26.607
138, 325.000,-30.666, 66.563, 5926.499, -48.093, 209.454, 99.992, 87.923, 12.932
139, 230.000, -17.221, -79.591, 18.014, 15.809, -54.251, 0.010, 17.681, -163.753
139, 325.000,-17.578, -85.221, 5921.573, -40.455, -320.836, 99.992, 86.874, 172.813
140, 230.000, -65.911, 27.606, 22.939, 17.294, 51.888, 0.010, 22.753, -18.433
140, 325.000,-67.688, 30.212, 5927.221, -149.227, 124.176, 99.992, 88.124, 50.235
141, 230.000, -77.461, 24.108, 23.999, 53.199, -10.561, 0.010, 23.869, -101.228
141, 325.000,-79.429, 24.908, 5926.993, -189.888, 65.392, 99.992, 88.059, 70.998
142, 230.000, 50.493, -73.996, 37.479, -45.962, 0.683, 0.010, 39.192, 89.149
142, 325.000,52.581, -79.108, 5919.454, 168.991, -318.258, 99.992, 86.516, -152.032
143, 230.000, 57.105, -48.333, 43.986, 29.205, -27.017, 0.010, 47.870, -132.771
143, 325.000,60.262, -51.077, 5925.185, 188.488, -161.936, 99.992, 87.598, -130.667
144, 230.000, -42.798, 85.378, 31.636, -7.050, -49.670, 0.010, 32.236, 171.922
144, 325.000,-47.495, 92.821, 5907.238, -261.624, 453.877, 99.993, 84.932, 29.960
145, 230.000, 75.642, -57.852, 23.339, 28.325, 46.590, 0.010, 23.173, -31.298
145, 325.000,84.396, -62.477, 5903.852, 477.975, -292.676, 99.992, 84.577, -121.480
146, 230.000, -50.380, -71.378, 4.838, 24.046, -54.000, 0.010, 4.679, -155.997
146, 325.000,-52.830, -77.585, 5917.742, -177.354, -344.427, 99.992, 86.254, 152.755
147, 230.000, 19.828, 7.069, 55.572, 19.061, 8.128, 0.010, 69.550, -66.906
147, 325.000,20.939, 7.508, 5929.231, 112.633, 41.647, 99.993, 88.840, -69.708
148, 230.000, -19.841, 9.602, 5.855, -22.986, 54.360, 0.010, 5.666, 22.921
148, 325.000,-21.060, 11.585, 5928.739, -99.600, 95.513, 99.990, 88.667, 46.200
149, 230.000, 5.124, -27.765, 49.425, -24.863, -21.369, 0.010, 56.443, 130.678
149, 325.000,4.444, -29.057, 5929.662, -13.305, -92.941, 99.992, 89.093, 171.853
150, 230.000, -86.324, -5.910, 33.403, -31.419, 37.613, 0.010, 34.277, 39.873
150, 325.000,-92.551, -5.105, 5918.854, -369.540, 16.697, 99.992, 86.424, 87.413
151, 230.000, 87.376, 44.953, 40.943, -35.066, 24.732, 0.010, 43.656, 54.804
151, 325.000,99.261, 52.341, 5883.617, 641.201, 375.754, 99.991, 82.801, -59.629
152, 230.000, 75.736, 45.101, 47.963, -8.920, 33.729, 0.010, 53.967, 14.813
152, 325.000,80.411, 49.088, 5918.542, 302.412, 221.374, 99.992, 86.377, -53.795
153, 230.000, 73.517, -40.686, 23.648, 54.390, -0.417, 0.010, 23.498, -90.439
153, 325.000,79.242, -42.930, 5919.863, 321.521, -146.653, 99.992, 86.584, -114.519
154, 230.000, -53.364, 68.154, 35.497, 28.332, -38.143, 0.010, 36.762, -143.395
154, 325.000,-55.630, 70.988, 5923.866, -172.573, 218.337, 99.992, 87.310, 38.323
155, 230.000, -4.905, 82.888, 8.549, 58.177, -7.743, 0.010, 8.287, -97.581
155, 325.000,-3.339, 86.902, 5923.856, 44.492, 274.533, 99.991, 87.312, -9.206
156, 230.000, 59.677, -72.239, 4.429, 56.180, 18.488, 0.010, 4.283, -71.784
156, 325.000,66.961, -78.410, 5906.275, 383.572, -372.082, 99.992, 84.830, -134.129
157, 230.000, -23.147, -30.225, 17.418, -48.149, -29.932, 0.010, 17.078, 121.867
157, 325.000,-25.174, -31.820, 5929.006, -93.599, -88.028, 99.992, 88.759, 133.243
158, 230.000, -84.799, 52.242, 34.541, -32.959, -35.189, 0.010, 35.618, 136.875
158, 325.000,-104.717, 62.870, 5833.726, -941.488, 520.326, 100.048, 79.552, 61.072
159, 230.000, -84.805, 7.459, 9.351, 57.657, 10.290, 0.010, 9.071, -79.881
159, 325.000,-87.674, 8.190, 5925.244, -244.172, 37.663, 99.992, 87.612, 81.231
160, 230.000, -40.129, -72.110, 21.874, 28.249, 47.340, 0.010, 21.643, -30.826
160, 325.000,-41.230, -74.197, 5926.498, -102.995, -188.679, 99.992, 87.923, 151.371
161, 230.000, 40.448, -21.751, 37.153, -30.172, 35.028, 0.010, 38.787, 40.741
161, 325.000,40.383, -21.118, 5930.234, 43.598, -3.970, 99.992, 89.577, -95.204
162, 230.000, -32.627, 67.726, 9.356, 11.479, -57.431, 0.010, 9.076, -168.697
162, 325.000,-33.518, 68.518, 5928.613, -76.468, 123.611, 99.992, 88.596, 31.742
163, 230.000, -29.363, 51.138, 40.444, 40.423, 15.745, 0.010, 42.993, -68.719
163, 325.000,-28.864, 52.990, 5929.140, -17.956, 120.581, 99.992, 88.822, 8.470
164, 230.000, 70.022, -44.625, 35.502, -47.389, -3.400, 0.010, 36.769, 94.104
164, 325.000,72.103, -46.996, 5925.444, 186.747, -154.346, 99.992, 87.659, -129.574
165, 230.000, -87.663, 17.289, 46.527, 23.153, 28.580, 0.010, 51.672, -39.011
165, 325.000,-92.984, 19.358, 5919.082, -351.064, 104.330, 99.992, 86.459, 73.449
166, 230.000, -2.106, 20.718, 35.028, -2.791, 47.780, 0.010, 36.199, 3.343
166, 325.000,-2.248, 22.766, 5928.659, -12.083, 141.420, 99.990, 88.629, 4.883
167, 230.000, 14.786, 45.319, 7.986, 58.382, -6.735, 0.010, 7.738, -96.581
167, 325.000,16.982, 46.127, 5929.246, 87.805, 76.865, 99.992, 88.872, -48.801
168, 230.000, -39.561, -22.117, 28.595, -42.462, 29.949, 0.010, 28.825, 54.804
168, 325.000,-41.785, -21.653, 5929.239, -116.719, -9.664, 99.992, 88.868, 94.733
169, 230.000, 56.588, -43.194, 48.024, -9.554, -33.467, 0.010, 54.068, 164.067
169, 325.000,58.272, -45.758, 5927.152, 133.129, -144.113, 99.992, 88.104, -137.269
170, 230.000, 27.809, 18.775, 8.592, 58.511, 4.508, 0.010, 8.330, -85.594
170, 325.000,30.269, 19.316, 5929.079, 117.356, 42.744, 99.992, 88.793, -69.987
171, 230.000, -20.383, 9.038, 45.997, 4.496, 37.171, 0.010, 50.854, -6.897
171, 325.000,-20.741, 10.450, 5929.413, -78.111, 77.839, 99.993, 88.935, 45.100
172, 230.000, -83.120, 51.384, 54.748, -6.488, -21.867, 0.010, 67.383, 163.473
172, 325.000,-94.783, 57.822, 5887.535, -618.331, 354.521, 99.996, 83.097, 60.172
173, 230.000, 22.140, -46.561, 45.861, 33.514, -17.064, 0.010, 50.646, -116.983
173, 325.000,23.726, -48.206, 5928.957, 76.605, -105.807, 99.992, 88.738, -144.095
174, 230.000, -41.660, 14.668, 27.147, 41.119, 33.014, 0.010, 27.240, -51.239
174, 325.000,-41.260, 16.039, 5929.979, -34.542, 61.370, 99.992, 89.320, 29.373
175, 230.000, -36.359, 10.942, 4.800, 46.053, -37.063, 0.010, 4.642, -128.827
175, 325.000,-35.658, 9.989, 5930.325, -24.076, -16.911, 99.992, 89.716, 125.084
176, 230.000, 83.986, -8.614, 22.874, 53.469, -11.642, 0.010, 22.685, -102.283
176, 325.000,90.350, -9.458, 5919.114, 363.027, -43.726, 99.992, 86.465, -96.868
177, 230.000, 97.926, -3.400, 8.927, 43.285, -39.552, 0.010, 8.657, -132.420
177, 325.000,113.763, -5.091, 5874.457, 808.338, -68.922, 99.986, 82.137, -94.873
178, 230.000, 19.449, -19.125, 54.218, 14.987, -18.800, 0.010, 66.086, -141.440
178, 325.000,20.359, -20.148, 5929.603, 67.183, -70.370, 99.992, 89.060, -136.327
179, 230.000, 23.300, -22.999, 7.066, 27.188, -52.235, 0.010, 6.843, -152.503
179, 325.000,24.663, -25.158, 5929.030, 76.334, -101.856, 99.992, 88.770, -143.151
180, 230.000, 59.992, -75.346, 15.992, -55.040, -15.249, 0.010, 15.642, 105.486
180, 325.000,65.229, -84.473, 5900.627, 324.059, -497.248, 99.992, 84.256, -146.908
181, 230.000, -21.074, 9.970, 11.639, 58.149, -0.914, 0.010, 11.317, -90.901
181, 325.000,-19.733, 10.192, 5930.177, -31.342, 44.587, 99.993, 89.473, 35.105
182, 230.000, 71.672, -8.283, 1.325, 55.297, -21.404, 0.010, 1.280, -111.160
182, 325.000,76.039, -9.262, 5925.161, 245.243, -44.019, 99.992, 87.592, -100.176
183, 230.000, -41.726, -50.381, 54.868, 6.259, -21.633, 0.010, 67.685, -163.863
183, 325.000,-42.796, -52.591, 5928.180, -87.821, -136.375, 99.992, 88.433, 147.220
184, 230.000, -19.759, -55.480, 16.918, -9.700, -56.012, 0.010, 16.574, 170.175
184, 325.000,-20.597, -58.747, 5927.673, -50.765, -172.390, 99.992, 88.263, 163.591
185, 230.000, -46.254, -6.739, 18.949, 31.767, 46.362, 0.010, 18.633, -34.418
185, 325.000,-46.272, -5.413, 5930.055, -52.706, 35.544, 99.992, 89.386, 56.005
186, 230.000, -94.506, -14.714, 46.766, -35.607, -7.921, 0.010, 52.046, 102.541
186, 325.000,-106.098, -16.591, 5896.451, -625.930, -99.996, 99.993, 83.864, 99.077
187, 230.000, 22.844, 24.687, 51.932, -24.733, -14.457, 0.010, 61.117, 120.307
187, 325.000,22.545, 24.755, 5930.230, 23.246, 37.957, 99.992, 89.570, -31.485
188, 230.000, -62.284, 50.392, 49.134, 19.309, -27.031, 0.010, 55.937, -144.461
188, 325.000,-64.520, 51.846, 5926.478, -173.103, 128.088, 99.992, 87.919, 53.500
189, 230.000, 40.959, 88.578, 27.196, 23.669, -47.094, 0.010, 27.293, -153.316
189, 325.000,47.099, 98.914, 5893.370, 317.549, 581.442, 99.995, 83.586, -28.641
190, 230.000, -87.263, -33.633, 5.448, -53.748, 24.476, 0.010, 5.271, 65.516
190, 325.000,-97.016, -36.009, 5904.697, -529.330, -155.827, 99.993, 84.661, 106.404
191, 230.000, -19.950, 52.186, 3.810, 40.132, 43.504, 0.010, 3.683, -42.691
191, 325.000,-19.178, 54.892, 5928.545, 2.220, 148.076, 99.992, 88.569, -0.859
192, 230.000, 6.506, 16.877, 21.083, -52.328, 18.301, 0.010, 20.823, 70.724
192, 630.000,7.004, 36.143, 5293.039, 39.797, 348.408, 80.003, 86.210, -6.516
193, 230.000, 43.226, -15.523, 27.047, 19.212, 49.163, 0.010, 27.132, -21.344
193, 325.000,44.795, -14.304, 5929.515, 99.576, 22.292, 99.992, 89.014, -77.382
194, 230.000, -88.576, -30.730, 3.542, 28.277, 52.015, 0.010, 3.424, -28.530
194, 325.000,-95.704, -31.912, 5913.251, -438.073, -107.019, 99.993, 85.639, 103.728
195, 230.000, 44.758, -86.112, 40.120, -25.882, -35.188, 0.010, 42.566, 143.664
195, 325.000,49.731, -98.232, 5889.213, 283.566, -636.585, 99.989, 83.251, -155.989
196, 230.000, 40.197, -86.711, 44.980, -22.329, 31.558, 0.010, 49.322, 35.281
196, 325.000,43.766, -94.913, 5906.675, 216.267, -484.254, 99.993, 84.869, -155.934
197, 230.000, 12.772, 11.422, 25.733, -8.765, 52.713, 0.010, 25.714, 9.440
197, 630.000,24.720, 29.168, 5291.597, 227.713, 299.970, 80.014, 85.929, -37.203
198, 230.000, -93.845, -11.164, 26.240, 28.953, 44.619, 0.010, 26.259, -32.979
198, 325.000,-102.004, -10.883, 5910.042, -491.024, -14.514, 99.993, 85.249, 91.693
199, 230.000, 28.885, 47.779, 21.612, -0.056, -55.232, 0.010, 21.370, 179.942
199, 325.000,29.603, 47.216, 5930.018, 56.346, 36.079, 99.992, 89.354, -57.368
200, 230.000, -55.206, -41.464, 43.866, 16.322, -36.428, 0.010, 47.699, -155.865
200, 325.000,-56.520, -43.982, 5927.641, -116.451, -138.163, 99.992, 88.254, 139.874
201, 230.000, 28.027, -26.298, 9.982, 53.579, 23.395, 0.010, 9.690, -66.412
201, 325.000,30.333, -26.108, 5929.339, 108.814, -25.602, 99.992, 88.920, -103.240
202, 230.000, 67.225, 73.606, 58.618, 2.593, -8.650, 0.010, 81.243, -163.314
202, 325.000,83.632, 91.230, 5823.400, 769.396, 830.065, 100.058, 79.001, -42.828
203, 230.000, -2.841, -86.488, 36.894, -41.761, -20.309, 0.010, 38.467, 115.934
203, 325.000,-4.306, -92.366, 5919.352, -55.146, -357.663, 99.992, 86.501, 171.235
204, 230.000, -47.489, -33.713, 11.101, -26.805, -51.729, 0.010, 10.788, 152.608
204, 325.000,-49.600, -36.250, 5927.821, -124.696, -122.436, 99.992, 88.311, 134.476
205, 230.000, -72.673, 32.876, 27.569, -35.603, -38.601, 0.010, 27.699, 137.314
205, 325.000,-77.118, 33.177, 5924.171, -264.329, 62.172, 99.992, 87.376, 76.764
206, 230.000, 63.922, -76.477, 48.569, -26.885, -20.878, 0.010, 54.975, 127.833
206, 325.000,78.556, -95.557, 5823.742, 696.353, -890.209, 100.059, 79.017, -141.966
207, 230.000, 43.021, 19.417, 9.503, 48.261, -33.139, 0.010, 9.220, -124.476
207, 325.000,45.529, 18.798, 5928.984, 129.390, 1.536, 99.992, 88.750, -89.320
208, 230.000, -8.609, -39.860, 32.602, -43.507, 23.703, 0.010, 33.346, 61.418
208, 325.000,-10.177, -39.958, 5929.868, -61.312, -50.312, 99.992, 89.234, 129.372
209, 230.000, 57.406, 43.662, 31.625, -3.012, 50.084, 0.010, 32.223, 3.442
209, 325.000,59.388, 46.815, 5926.301, 145.660, 165.442, 99.992, 87.870, -41.362
210, 230.000, 21.966, 13.588, 47.658, -20.628, 28.650, 0.010, 53.471, 35.753
210, 325.000,21.812, 14.815, 5929.801, 44.748, 72.088, 99.992, 89.180, -31.830
211, 230.000, 45.459, -87.419, 16.698, -21.074, 52.865, 0.010, 16.352, 21.734
211, 325.000,51.650, -98.958, 5887.397, 334.579, -630.173, 99.994, 83.090, -152.035
212, 230.000, 30.571, -45.153, 12.529, -38.545, 43.300, 0.010, 12.196, 41.675
212, 325.000,30.090, -44.877, 5930.215, 18.970, -42.139, 99.992, 89.554, -155.764
213, 230.000, -63.299, 6.584, 21.507, -49.477, -24.639, 0.010, 21.261, 116.472
213, 325.000,-66.731, 5.999, 5927.296, -191.378, -11.044, 99.992, 88.148, 93.303
214, 230.000, 4.239, 61.011, 55.445, 10.960, 17.981, 0.010, 69.203, -31.364
214, 325.000,4.702, 63.273, 5928.528, 20.324, 147.513, 99.992, 88.561, -7.845
215, 230.000, 34.042, 8.299, 15.141, -1.784, 57.317, 0.010, 14.791, 1.783
215, 325.000,34.705, 10.307, 5929.529, 66.641, 76.429, 99.992, 89.020, -41.086
216, 230.000, 60.165, -9.161, 51.398, -0.064, -29.595, 0.010, 60.066, 179.876
216, 325.000,61.819, -10.346, 5928.843, 126.100, -49.911, 99.992, 88.690, -111.594
217, 230.000, -30.402, -9.315, 5.718, -31.691, -49.806, 0.010, 5.532, 147.532
217, 325.000,-32.064, -11.110, 5929.148, -97.880, -71.924, 99.992, 88.826, 126.309
218, 230.000, 68.205, -47.123, 41.716, -19.440, -37.410, 0.010, 44.697, 152.542
218, 325.000,71.107, -50.708, 5923.194, 212.448, -200.261, 99.991, 87.178, -133.309
219, 230.000, 28.471, 49.485, 41.083, 5.991, 42.355, 0.010, 43.843, -8.050
219, 325.000,29.398, 52.106, 5928.331, 63.313, 143.148, 99.992, 88.488, -23.859
220, 230.000, -47.018, 85.220, 53.132, 17.937, -19.310, 0.010, 63.617, -137.111
220, 325.000,-52.552, 95.644, 5894.403, -309.205, 574.562, 99.992, 83.683, 28.287
221, 230.000, 9.226, -49.043, 24.157, 19.095, 50.690, 0.010, 24.035, -20.641
221, 325.000,10.045, -48.558, 5930.152, 36.996, -39.082, 99.992, 89.480, -136.571
222, 230.000, 11.761, -2.693, 28.036, 36.038, 37.854, 0.010, 28.210, -43.592
222, 630.000,28.120, -1.037, 5296.838, 284.024, 8.806, 79.998, 86.929, -88.224
223, 230.000, 0.300, 60.850, 54.667, 15.611, -16.896, 0.010, 67.179, -137.265
223, 325.000,0.800, 61.984, 5929.361, 16.819, 109.554, 99.992, 88.929, -8.728
224, 230.000, -37.021, 4.282, 43.879, 11.662, 38.161, 0.010, 47.717, -16.994
224, 325.000,-37.434, 5.586, 5929.893, -60.174, 48.046, 99.992, 89.256, 51.395
225, 230.000, -29.852, 92.485, 51.736, -27.001, -10.580, 0.010, 60.728, 111.397
225, 325.000,-34.504, 104.076, 5891.704, -236.937, 633.164, 99.991, 83.454, 20.516
226, 230.000, -9.535, -46.523, 50.683, -30.567, -3.815, 0.010, 58.710, 97.114
226, 325.000,-10.718, -47.692, 5929.510, -49.262, -89.941, 99.992, 89.009, 151.290
227, 230.000, 89.564, 10.576, 21.478, 45.996, 30.671, 0.010, 21.231, -56.304
227, 325.000,97.659, 12.310, 5912.197, 457.425, 80.803, 99.992, 85.508, -79.982
228, 230.000, -47.648, 5.178, 16.299, -55.588, -12.724, 0.010, 15.951, 102.893
228, 325.000,-50.503, 4.891, 5928.603, -145.779, -3.584, 99.992, 88.591, 91.408
229, 230.000, 60.038, -4.973, 20.620, 55.369, -5.175, 0.010, 20.345, -95.340
229, 325.000,63.447, -5.274, 5927.534, 183.534, -15.814, 99.992, 88.220, -94.925
230, 230.000, 82.205, 1.750, 4.954, -15.919, -56.918, 0.010, 4.791, 164.374
230, 325.000,85.785, 0.056, 5924.612, 256.109, -54.040, 99.992, 87.470, -101.915
231, 230.000, 76.295, 15.207, 53.409, 5.098, 25.281, 0.010, 64.225, -11.401
231, 325.000,79.712, 16.645, 5925.472, 230.694, 71.392, 99.992, 87.666, -72.805
232, 230.000, 54.945, -3.608, 11.132, 50.144, 29.653, 0.010, 10.818, -59.402
232, 325.000,57.918, -2.756, 5928.198, 159.731, 23.647, 99.992, 88.440, -81.579
233, 230.000, -49.056, -38.036, 20.403, -30.453, -46.626, 0.010, 20.121, 146.850
233, 325.000,-51.422, -40.599, 5927.366, -137.499, -130.511, 99.992, 88.168, 133.506
234, 230.000, -41.719, 81.195, 23.283, -52.484, -14.867, 0.010, 23.114, 105.815
234, 325.000,-46.595, 87.088, 5913.538, -253.189, 368.479, 99.992, 85.676, 34.494
235, 230.000, 21.119, -81.793, 15.727, 49.363, 28.872, 0.010, 15.377, -59.677
235, 325.000,23.806, -85.344, 5923.271, 127.356, -261.397, 99.992, 87.190, -154.024
236, 230.000, -70.423, 60.880, 20.812, -39.552, -38.989, 0.010, 20.542, 134.589
236, 325.000,-77.843, 65.056, 5909.953, -407.849, 274.659, 99.991, 85.244, 56.042
237, 230.000, 42.400, -20.665, 23.797, 32.919, -43.217, 0.010, 23.655, -142.703
237, 325.000,44.404, -22.506, 5928.753, 112.328, -82.874, 99.992, 88.651, -126.419
238, 230.000, 94.160, -11.907, 22.971, 54.648, 1.876, 0.010, 22.787, -88.033
238, 325.000,105.704, -13.100, 5897.650, 618.093, -68.775, 99.990, 83.980, -96.349
239, 230.000, 59.580, -62.750, 23.806, 22.183, 49.587, 0.010, 23.664, -24.102
239, 325.000,63.815, -64.948, 5922.099, 251.414, -187.784, 99.992, 86.967, -126.756
240, 230.000, 58.679, -36.267, 11.702, -45.384, -36.346, 0.010, 11.379, 128.690
240, 325.000,59.168, -38.604, 5928.346, 93.394, -124.785, 99.992, 88.494, -143.187
241, 230.000, 13.162, -15.153, 27.489, 48.748, 19.637, 0.010, 27.612, -68.060
241, 325.000,15.074, -14.917, 5928.788, 126.546, -59.092, 99.993, 88.651, -115.031
242, 230.000, 28.973, 59.950, 25.009, -19.483, 50.126, 0.010, 24.940, 21.240
242, 325.000,29.269, 63.417, 5927.118, 47.036, 191.419, 99.992, 88.095, -13.805
243, 230.000, 73.522, 21.888, 50.174, 6.293, -30.993, 0.010, 57.776, -168.522
243, 325.000,76.735, 21.818, 5926.352, 216.943, 30.200, 99.992, 87.883, -82.075
244, 230.000, 12.024, -58.866, 5.664, -17.379, 56.423, 0.010, 5.480, 17.120
244, 325.000,11.793, -58.646, 5930.066, 6.620, -62.141, 99.992, 89.396, -173.919
245, 230.000, -66.727, -37.355, 15.081, 44.933, 35.654, 0.010, 14.731, -51.569
245, 325.000,-67.981, -37.727, 5928.367, -139.710, -67.231, 99.992, 88.502, 115.698
246, 230.000, 5.106, 9.782, 57.682, 13.332, 3.552, 0.010, 76.548, -75.080
246, 630.000,11.951, 20.324, 5299.680, 119.951, 194.601, 80.002, 87.530, -31.650
247, 230.000, -4.771, 2.996, 6.094, 56.309, 17.602, 0.010, 5.898, -72.641
247, 630.000,-3.115, 8.194, 5303.855, -2.126, 86.699, 80.001, 89.063, 1.404
248, 230.000, -9.226, 20.523, 42.969, 31.104, -26.531, 0.010, 46.426, -130.464
248, 325.000,-8.464, 20.195, 5929.972, -9.258, 68.578, 99.991, 89.331, 7.688
249, 230.000, -60.232, -66.652, 38.634, -8.587, 44.174, 0.010, 40.646, 11.000
249, 325.000,-64.737, -69.986, 5919.157, -271.727, -243.829, 99.992, 86.471, 131.903
250, 230.000, -65.419, 58.466, 0.883, -12.552, 57.959, 0.010, 0.853, 12.220
250, 325.000,-70.075, 64.080, 5915.970, -282.296, 301.769, 99.991, 86.004, 43.090
251, 230.000, -52.950, -2.413, 1.026, 26.924, 52.836, 0.010, 0.991, -27.002
251, 325.000,-53.361, -0.787, 5929.735, -73.077, 50.124, 99.992, 89.144, 55.553
252, 230.000, 91.402, 40.245, 26.618, -36.879, -38.066, 0.010, 26.667, 135.908
252, 325.000,116.780, 50.766, 5796.149, 1156.062, 485.478, 99.986, 77.793, -67.220
253, 230.000, 60.779, 34.463, 3.667, -57.320, 14.785, 0.010, 3.545, 75.536
253, 325.000,60.988, 36.076, 5928.925, 87.605, 98.937, 99.992, 88.723, -41.524
254, 230.000, -33.654, -4.161, 23.527, -4.549, -54.253, 0.010, 23.371, 175.207
254, 325.000,-34.513, -5.982, 5929.565, -74.295, -65.222, 99.992, 89.045, 131.279
255, 230.000, -87.806, 28.514, 9.012, -58.586, -2.029, 0.010, 8.740, 91.983
255, 325.000,-97.131, 30.896, 5906.852, -508.617, 142.753, 99.993, 84.889, 74.322
256, 230.000, 40.790, -19.026, 41.144, 40.549, -13.439, 0.010, 43.925, -108.337
256, 325.000,42.977, -19.872, 5929.044, 116.858, -48.839, 99.992, 88.776, -112.682
257, 230.000, -65.383, -66.104, 47.275, 3.393, 35.654, 0.010, 52.852, -5.436
257, 325.000,-70.901, -70.702, 5913.690, -329.313, -298.676, 99.991, 85.701, 132.207
258, 230.000, -15.092, -53.406, 12.690, 32.269, -48.117, 0.010, 12.355, -146.153
258, 325.000,-14.447, -56.281, 5928.369, 3.735, -154.975, 99.992, 88.502, -178.620
259, 230.000, 90.821, 30.082, 9.537, -31.850, -49.115, 0.010, 9.253, 147.037
259, 325.000,99.498, 31.786, 5907.017, 510.769, 127.977, 99.993, 84.906, -75.934
260, 230.000, -23.588, 88.648, 18.967, -47.352, -30.260, 0.010, 18.651, 122.581
260, 325.000,-26.915, 94.757, 5915.181, -163.224, 392.199, 99.992, 85.892, 22.596
261, 230.000, -8.882, -49.428, 26.553, 51.822, 11.273, 0.010, 26.597, -77.728
261, 325.000,-7.442, -50.214, 5929.727, 37.028, -80.829, 99.992, 89.141, -155.387
262, 230.000, -23.726, -19.737, 11.021, 50.978, -28.238, 0.010, 10.709, -118.983
262, 325.000,-22.607, -21.070, 5929.900, -2.280, -76.252, 99.992, 89.263, 178.287
263, 230.000, 23.157, -8.502, 9.776, -33.540, -47.928, 0.010, 9.487, 145.016
263, 325.000,22.626, -10.245, 5929.663, 43.407, -81.298, 99.991, 89.110, -151.901
264, 230.000, 63.284, 69.827, 59.212, -0.600, -3.350, 0.010, 86.710, 169.846
264, 325.000,69.331, 76.418, 5907.638, 350.008, 383.330, 99.992, 84.979, -42.398
265, 230.000, -19.568, -79.657, 15.344, 0.547, 57.288, 0.010, 14.993, -0.547
265, 325.000,-20.499, -81.725, 5926.717, -63.126, -199.114, 99.992, 87.982, 162.410
266, 230.000, -53.056, -23.040, 1.743, -7.689, 58.783, 0.010, 1.684, 7.452
266, 325.000,-54.675, -21.767, 5929.274, -114.435, 14.712, 99.992, 88.885, 82.674
267, 230.000, -23.231, -91.825, 7.521, 57.560, 12.163, 0.010, 7.285, -78.068
267, 325.000,-23.768, -100.509, 5908.304, -70.144, -507.060, 99.993, 85.048, 172.124
268, 230.000, 42.647, 74.719, 34.762, 43.539, 20.338, 0.010, 35.881, -64.961
268, 325.000,46.543, 79.812, 5918.658, 209.754, 308.435, 99.992, 86.394, -34.218
269, 230.000, 65.402, -22.360, 29.915, -31.927, 40.043, 0.010, 30.290, 38.566
269, 325.000,66.531, -21.829, 5929.109, 122.986, -11.724, 99.992, 88.806, -95.446
270, 230.000, -27.003, -73.974, 49.516, -14.725, 29.138, 0.010, 56.602, 26.810
270, 325.000,-28.638, -76.290, 5926.531, -96.399, -191.299, 99.992, 87.930, 153.256
271, 230.000, 82.136, 2.174, 13.416, 57.735, -2.071, 0.010, 13.074, -92.055
271, 325.000,88.131, 2.220, 5920.654, 339.850, 5.208, 99.992, 86.714, -89.122
272, 230.000, 89.224, -22.005, 29.681, 49.571, 13.392, 0.010, 30.029, -74.882
272, 325.000,98.135, -23.417, 5908.978, 494.326, -94.671, 99.991, 85.131, -100.842
273, 230.000, 85.246, -49.685, 51.199, 28.356, 9.604, 0.010, 59.683, -71.290
273, 325.000,99.981, -57.497, 5869.794, 744.230, -405.719, 100.001, 81.783, -118.597
274, 230.000, 92.629, 22.224, 26.121, 0.590, -53.245, 0.010, 26.130, -179.366
274, 325.000,102.306, 22.927, 5904.503, 548.515, 74.596, 99.992, 84.644, -82.256
275, 230.000, -42.904, -85.386, 13.899, -57.611, -2.338, 0.010, 13.553, 92.324
275, 325.000,-49.365, -94.835, 5897.892, -325.811, -528.319, 99.994, 83.992, 148.338
276, 230.000, 52.776, 20.755, 5.586, 35.905, -46.875, 0.010, 5.404, -142.549
276, 325.000,55.269, 19.795, 5928.685, 142.217, -7.295, 99.992, 88.624, -92.936
277, 230.000, -14.143, 16.375, 47.041, -23.511, 27.422, 0.010, 52.480, 40.609
277, 325.000,-15.243, 17.654, 5929.053, -83.056, 96.381, 99.992, 88.771, 40.753
278, 230.000, -16.733, -33.190, 47.885, -29.240, -19.228, 0.010, 53.839, 123.328
278, 325.000,-18.016, -34.502, 5929.473, -62.537, -83.763, 99.992, 88.990, 143.255
279, 230.000, 12.007, -8.884, 52.754, -25.220, 9.932, 0.010, 62.806, 68.505
279, 630.000,21.412, -16.862, 5298.865, 190.105, -154.601, 80.000, 87.352, -129.119
280, 230.000, 59.191, 49.036, 1.826, -34.203, -48.420, 0.010, 1.765, 144.763
280, 325.000,60.507, 49.495, 5928.291, 131.397, 87.839, 99.992, 88.473, -56.237
281, 230.000, -78.082, 42.385, 53.751, 5.064, -24.552, 0.010, 64.996, -168.346
281, 325.000,-83.159, 44.470, 5919.687, -322.291, 151.879, 99.992, 86.556, 64.768
282, 230.000, 57.349, -73.258, 23.427, -39.987, 37.012, 0.010, 23.266, 47.212
282, 325.000,61.011, -78.367, 5915.987, 247.270, -330.829, 99.991, 86.006, -143.225
283, 230.000, -25.620, 93.043, 16.095, -20.394, -53.317, 0.010, 15.746, 159.068
283, 325.000,-29.197, 102.190, 5902.925, -186.012, 539.298, 99.993, 84.480, 19.030
284, 230.000, 99.555, -6.442, 39.101, -28.544, -34.264, 0.010, 41.244, 140.204
284, 325.000,124.785, -9.148, 5813.705, 1173.428, -114.826, 100.048, 78.536, -95.589
285, 230.000, -4.558, -34.746, 20.405, -43.173, 35.177, 0.010, 20.123, 50.827
285, 325.000,-6.035, -34.361, 5930.038, -54.506, -35.262, 99.992, 89.373, 122.901
286, 230.000, 70.166, 62.190, 31.775, -6.542, 49.650, 0.010, 32.395, 7.507
286, 325.000,76.560, 69.548, 5905.436, 375.883, 392.262, 99.991, 84.744, -43.778
287, 230.000, 80.029, 26.609, 10.487, -20.646, 54.602, 0.010, 10.185, 20.713
287, 325.000,83.738, 29.759, 5922.570, 263.795, 152.480, 99.992, 87.055, -59.971
288, 230.000, 58.881, -28.335, 23.073, 16.619, 52.049, 0.010, 22.894, -17.708
288, 325.000,61.182, -27.545, 5928.502, 149.602, -9.575, 99.992, 88.552, -93.662
289, 230.000, -59.885, -25.597, 9.028, 58.278, -6.305, 0.010, 8.756, -96.175
289, 325.000,-59.815, -26.556, 5929.618, -72.209, -63.303, 99.992, 89.072, 131.240
290, 230.000, -76.507, 49.410, 48.039, 18.794, 29.270, 0.010, 54.092, -32.705
290, 325.000,-81.806, 54.101, 5915.011, -336.986, 261.578, 99.991, 85.875, 52.180
291, 230.000, 41.310, 17.410, 29.321, -39.899, -32.650, 0.010, 29.628, 129.294
291, 325.000,40.945, 16.752, 5930.292, 35.321, -1.522, 99.992, 89.658, -92.467
292, 230.000, -64.237, -73.427, 3.864, 58.295, 10.219, 0.010, 3.736, -80.057
292, 325.000,-70.894, -82.730, 5895.740, -391.150, -507.563, 99.994, 83.797, 142.381
293, 230.000, 37.628, -9.318, 38.900, 16.838, 41.484, 0.010, 40.986, -22.091
293, 325.000,38.963, -8.197, 5929.671, 89.065, 25.346, 99.992, 89.105, -74.115
294, 230.000, 11.272, 91.712, 24.977, 20.651, -49.672, 0.010, 24.906, -157.425
294, 325.000,12.826, 97.689, 5916.644, 77.127, 396.169, 99.992, 86.098, -11.017
295, 230.000, 76.717, 20.788, 34.360, -20.277, 43.885, 0.010, 35.404, 24.800
295, 325.000,79.532, 23.093, 5925.502, 214.501, 109.906, 99.992, 87.671, -62.870
296, 230.000, -58.336, 30.659, 20.365, 2.453, 55.650, 0.010, 20.082, -2.524
296, 325.000,-60.057, 33.363, 5927.568, -130.886, 128.008, 99.992, 88.231, 45.637
297, 230.000, 36.718, -57.305, 49.481, -26.101, -19.698, 0.010, 56.541, 127.042
297, 325.000,37.082, -59.771, 5928.035, 59.778, -156.184, 99.992, 88.384, -159.056
298, 230.000, -2.312, -44.732, 33.851, 48.643, -2.371, 0.010, 34.803, -92.791
298, 325.000,-0.816, -45.789, 5929.608, 46.116, -84.891, 99.992, 89.067, -151.487
299, 230.000, -30.435, -39.996, 37.292, -18.489, -42.250, 0.010, 38.960, 156.365
299, 325.000,-31.733, -42.271, 5928.716, -76.255, -118.793, 99.992, 88.636, 147.303
300, 230.000, -19.800, 35.198, 3.837, -58.357, -9.867, 0.010, 3.710, 99.597
300, 325.000,-22.089, 35.634, 5929.335, -97.482, 55.444, 99.992, 88.916, 60.370
