ion,x0,y0,z0,vx0,vy0,vz0,ke0,elev0,azim0,x1,y1,z1,vx1,vy1,vz1,ke1,elev1,azim1
1, 230.000, 40.434, 41.792, 9.041, -48.254, -33.278, 0.010, 8.768, 124.592
1, 325.000,39.950, 41.819, 5930.103, 31.443, 49.709, 99.992, 89.432, -32.315
2, 230.000, -53.552, 56.478, 28.870, 20.274, -47.677, 0.010, 29.129, -156.964
2, 325.000,-55.162, 57.352, 5927.771, -134.495, 114.311, 99.992, 88.294, 49.638
3, 230.000, 32.453, 2.475, 38.373, -41.481, 18.013, 0.010, 40.315, 66.527
3, 325.000,31.843, 3.104, 5930.253, 32.179, 24.715, 99.992, 89.608, -52.474
4, 230.000, 12.324, -71.613, 40.914, 5.336, -42.605, 0.010, 43.617, -172.861
4, 325.000,12.947, -75.597, 5925.669, 38.114, -233.589, 99.992, 87.713, -170.733
5, 230.000, -12.141, -0.563, 26.700, 1.287, -52.944, 0.010, 26.755, -178.607
5, 630.000,-33.817, -10.282, 1845.328, -321.678, -116.831, 10.015, 79.493, 109.961
6, 230.000, 62.576, -76.134, 0.749, -59.042, 5.581, 0.010, 0.724, 84.600
6, 325.000,70.312, -87.521, 5884.418, 432.790, -597.670, 99.995, 82.852, -144.091
7, 230.000, -22.604, 13.919, 24.182, -50.095, 20.576, 0.010, 24.062, 67.670
7, 325.000,-24.722, 14.895, 5928.973, -114.876, 59.822, 99.991, 88.749, 62.492
8, 230.000, 25.557, -41.605, 29.732, -2.530, 51.257, 0.010, 30.086, 2.826
8, 325.000,26.062, -40.929, 5930.168, 45.506, -25.249, 99.992, 89.497, -119.024
9, 230.000, -25.871, 91.148, 32.402, -48.126, -12.316, 0.010, 33.114, 104.354
9, 325.000,-29.932, 99.934, 5904.989, -200.069, 510.815, 99.992, 84.692, 21.389
10, 230.000, -17.269, -47.280, 21.664, -55.207, -0.683, 0.010, 21.425, 90.709
10, 325.000,-19.430, -48.413, 5929.027, -89.902, -90.301, 99.992, 88.769, 135.127
11, 230.000, 94.731, 5.146, 37.500, 44.216, -12.502, 0.010, 39.219, -105.788
11, 325.000,105.924, 5.302, 5899.222, 606.413, 17.025, 99.990, 84.129, -88.392
12, 230.000, -3.055, 72.960, 13.262, -57.541, 5.550, 0.010, 12.921, 84.490
12, 325.000,-4.981, 75.829, 5926.691, -68.144, 198.128, 99.992, 87.975, 18.980
13, 230.000, -11.878, 17.606, 6.236, 8.092, 58.423, 0.010, 6.035, -7.886
13, 325.000,-11.920, 19.939, 5928.609, -42.364, 141.023, 99.993, 88.577, 16.720
14, 230.000, -73.102, 50.186, 43.059, 14.962, 37.943, 0.010, 46.553, -21.520
14, 325.000,-77.555, 54.729, 5917.878, -291.882, 251.413, 99.992, 86.276, 49.260
15, 230.000, 13.738, -50.591, 22.912, -53.568, 11.099, 0.010, 22.725, 78.294
15, 325.000,12.365, -51.451, 5929.707, -29.153, -85.491, 99.992, 89.127, 161.170
16, 230.000, -29.676, 21.490, 32.552, -17.659, 46.327, 0.010, 33.288, 20.866
16, 325.000,-30.875, 23.427, 5929.206, -76.884, 90.567, 99.992, 88.852, 40.328
17, 230.000, -68.240, 27.359, 33.359, -40.927, 27.014, 0.010, 34.226, 56.573
17, 325.000,-72.115, 29.245, 5925.179, -226.768, 101.997, 99.992, 87.597, 65.782
18, 230.000, -57.021, 79.712, 45.457, -21.572, 31.399, 0.010, 50.035, 34.490
18, 325.000,-66.111, 92.456, 5875.700, -466.086, 652.895, 99.985, 82.226, 35.522
19, 230.000, 67.900, -4.381, 26.358, -47.017, -24.745, 0.010, 26.386, 117.758
19, 325.000,68.580, -5.301, 5929.259, 110.416, -36.032, 99.992, 88.878, -108.073
20, 230.000, 10.486, -60.933, 35.401, 32.232, -35.007, 0.010, 36.647, -137.364
20, 325.000,11.802, -63.772, 5927.761, 56.059, -167.629, 99.992, 88.292, -161.509
21, 230.000, 65.867, -42.889, 0.027, -46.864, -36.351, 0.010, 0.026, 127.800
21, 325.000,67.257, -45.896, 5926.211, 148.130, -166.554, 99.992, 87.846, -138.351
22, 230.000, -32.346, 49.380, 31.042, 32.336, -38.838, 0.010, 31.560, -140.220
22, 325.000,-32.176, 49.454, 5929.999, -32.430, 60.423, 99.992, 89.337, 28.223
23, 230.000, -24.713, -61.993, 9.798, -36.685, -45.561, 0.010, 9.509, 141.159
23, 325.000,-26.661, -65.408, 5926.470, -96.254, -193.083, 99.992, 87.915, 153.503
24, 230.000, -31.115, -51.524, 46.869, 7.921, 35.471, 0.010, 52.209, -12.588
24, 325.000,-31.707, -51.798, 5929.713, -56.343, -70.112, 99.992, 89.131, 141.214
25, 230.000, -2.350, 88.639, 1.359, 50.852, -30.494, 0.010, 1.313, -120.949
25, 325.000,-0.929, 93.538, 5920.775, 44.086, 335.014, 99.992, 86.734, -7.497
26, 230.000, -16.551, 89.535, 16.249, -32.570, 46.828, 0.010, 15.900, 34.819
26, 325.000,-18.856, 98.026, 5910.191, -113.394, 475.958, 99.992, 85.268, 13.401
27, 230.000, -19.796, 4.241, 21.726, -43.923, 33.413, 0.010, 21.488, 52.739
27, 325.000,-21.727, 5.427, 5928.421, -144.361, 57.926, 99.994, 88.497, 68.136
28, 230.000, -2.287, -16.709, 43.255, 36.723, -17.266, 0.010, 46.828, -115.181
28, 630.000,-0.351, -49.317, 1816.584, 9.879, -472.816, 10.018, 75.408, -178.803
29, 230.000, 18.147, -96.059, 37.367, -34.318, -30.718, 0.010, 39.052, 131.832
29, 325.000,19.692, -110.589, 5881.472, 99.419, -753.992, 99.993, 82.632, -172.489
30, 230.000, 4.656, -84.298, 24.343, 4.297, -53.913, 0.010, 24.233, -175.443
30, 325.000,5.050, -90.695, 5919.121, 21.546, -364.903, 99.992, 86.466, -176.621
31, 230.000, 17.760, 0.678, 11.818, -51.561, -26.822, 0.010, 11.493, 117.483
31, 630.000,40.965, -2.511, 1839.842, 370.177, -33.463, 10.017, 78.579, -95.165
32, 230.000, -31.338, -48.043, 3.977, 1.393, -59.160, 0.010, 3.845, -178.651
32, 325.000,-32.116, -51.184, 5927.942, -62.151, -158.851, 99.992, 88.352, 158.632
33, 230.000, 18.349, 72.617, 5.542, 20.975, -55.199, 0.010, 5.362, -159.194
33, 325.000,19.712, 73.655, 5928.340, 71.582, 138.845, 99.992, 88.491, -27.274
34, 230.000, -22.646, -90.314, 18.705, 54.757, 13.016, 0.010, 18.384, -76.629
34, 325.000,-22.941, -97.769, 5912.959, -58.055, -450.106, 99.990, 85.611, 172.650
35, 230.000, -6.405, -53.168, 1.463, -56.985, -16.378, 0.010, 1.413, 106.035
35, 325.000,-8.378, -54.995, 5928.746, -71.487, -120.209, 99.992, 88.649, 149.261
36, 230.000, 11.326, -56.445, 22.794, 13.689, 53.016, 0.010, 22.602, -14.478
36, 325.000,12.052, -56.218, 5929.996, 36.897, -58.195, 99.992, 89.334, -147.624
37, 230.000, -36.125, 74.656, 49.313, 32.559, 5.079, 0.010, 56.248, -81.134
37, 325.000,-36.964, 78.637, 5924.039, -88.775, 259.570, 99.991, 87.349, 18.881
38, 230.000, 90.940, 11.571, 14.028, -19.583, -54.197, 0.010, 13.681, 160.133
38, 325.000,97.496, 10.816, 5916.111, 411.689, -2.546, 99.992, 86.019, -90.354
39, 230.000, -83.871, 43.099, 17.027, 49.079, -28.618, 0.010, 16.684, -120.246
39, 325.000,-90.232, 46.265, 5913.070, -404.105, 204.039, 99.991, 85.622, 63.210
40, 230.000, -19.800, -55.495, 3.828, 7.434, 58.717, 0.010, 3.701, -7.215
40, 325.000,-20.085, -55.089, 5930.079, -32.565, -51.983, 99.992, 89.407, 147.934
41, 230.000, -41.095, -16.778, 16.821, 38.145, -42.186, 0.010, 16.476, -137.880
41, 325.000,-40.787, -18.494, 5929.798, -37.638, -75.251, 99.992, 89.187, 153.427
42, 230.000, 57.793, 80.906, 9.602, -58.104, 7.025, 0.010, 9.317, 83.106
42, 325.000,66.531, 95.749, 5865.422, 463.481, 743.773, 99.996, 81.502, -31.929
43, 230.000, 31.632, -39.884, 23.132, 22.464, 49.778, 0.010, 22.956, -24.289
43, 325.000,33.089, -39.240, 5929.763, 83.332, -24.173, 99.992, 89.162, -106.177
44, 230.000, 18.306, -15.338, 10.028, 10.686, -57.471, 0.010, 9.734, -169.467
44, 325.000,19.087, -17.553, 5928.855, 72.426, -113.129, 99.991, 88.702, -147.372
45, 230.000, -40.296, -82.912, 46.625, -25.992, -25.849, 0.010, 51.825, 134.842
45, 325.000,-44.474, -90.663, 5909.461, -229.217, -442.246, 99.992, 85.182, 152.602
46, 230.000, 11.702, -76.485, 41.207, 42.499, -3.668, 0.010, 44.010, -94.933
46, 325.000,13.524, -79.825, 5925.505, 78.751, -227.696, 99.992, 87.672, -160.922
47, 230.000, -44.478, 28.677, 33.866, -25.569, 41.436, 0.010, 34.820, 31.677
47, 325.000,-46.374, 30.691, 5928.513, -112.519, 98.391, 99.992, 88.556, 48.832
48, 230.000, -54.172, 58.509, 18.495, -55.945, 6.764, 0.010, 18.170, 83.106
48, 325.000,-58.434, 61.432, 5922.852, -229.509, 191.550, 99.992, 87.111, 50.151
49, 230.000, -35.913, 55.125, 26.488, 43.221, -30.789, 0.010, 26.526, -125.465
49, 325.000,-35.633, 55.817, 5929.572, -35.957, 92.151, 99.992, 89.044, 21.316
50, 230.000, -9.202, 7.745, 55.074, -3.135, 21.786, 0.010, 68.216, 8.188
50, 630.000,-26.302, 25.277, 1842.883, -251.577, 248.469, 10.011, 79.139, 45.356
51, 230.000, -20.669, -61.680, 46.055, -37.364, -0.734, 0.010, 50.942, 91.126
51, 325.000,-22.471, -63.568, 5928.129, -85.463, -139.904, 99.992, 88.416, 148.580
52, 230.000, -20.108, 91.488, 31.705, 2.784, 50.047, 0.010, 32.314, -3.183
52, 325.000,-21.920, 101.648, 5903.445, -107.138, 554.324, 99.991, 84.537, 10.939
53, 230.000, 13.857, -92.952, 1.139, 3.214, 59.212, 0.010, 1.100, -3.106
53, 325.000,15.219, -99.621, 5914.109, 77.288, -432.388, 99.992, 85.752, -169.866
54, 230.000, 82.948, -27.086, 19.098, -56.145, 0.824, 0.010, 18.784, 89.160
54, 325.000,86.252, -28.708, 5923.614, 263.341, -104.485, 99.991, 87.262, -111.642
55, 230.000, 26.288, 89.635, 31.853, -47.518, -15.653, 0.010, 32.484, 108.232
55, 325.000,27.171, 97.107, 5912.605, 86.560, 450.952, 99.992, 85.559, -10.866
56, 230.000, -53.515, -18.348, 10.775, 41.192, -41.289, 0.010, 10.467, -135.067
56, 325.000,-53.569, -20.127, 5929.523, -63.766, -79.304, 99.992, 89.017, 141.198
57, 230.000, -43.074, 47.720, 46.234, 0.540, -37.145, 0.010, 51.218, -179.168
57, 325.000,-44.323, 47.953, 5929.264, -94.527, 66.758, 99.992, 88.882, 54.769
58, 230.000, -81.852, 3.856, 34.049, -47.104, -11.814, 0.010, 35.035, 104.079
58, 325.000,-87.444, 3.682, 5921.484, -325.012, 0.554, 99.992, 86.858, 89.902
59, 230.000, 62.896, -50.459, 49.945, -3.966, -31.740, 0.010, 57.362, 172.878
59, 325.000,65.751, -53.837, 5923.898, 197.443, -195.065, 99.992, 87.318, -134.653
60, 230.000, -60.546, 6.591, 45.990, -4.786, -37.144, 0.010, 50.843, 172.658
60, 325.000,-62.371, 5.602, 5928.858, -132.637, -24.643, 99.992, 88.697, 100.525
61, 230.000, -31.521, 73.248, 23.703, -6.213, -54.011, 0.010, 23.556, 173.438
61, 325.000,-33.125, 74.836, 5927.136, -103.009, 167.596, 99.992, 88.099, 31.576
62, 230.000, 0.409, -9.169, 29.589, -37.278, -35.391, 0.010, 29.926, 133.513
62, 630.000,-4.985, -31.581, 1849.283, -60.820, -313.873, 10.014, 80.191, 169.033
63, 230.000, 45.380, -73.149, 0.896, -15.984, 57.108, 0.010, 0.866, 15.637
63, 325.000,47.489, -75.572, 5924.662, 151.944, -211.852, 99.992, 87.480, -144.351
64, 230.000, -53.627, 37.932, 52.824, -10.164, 24.979, 0.010, 62.955, 22.141
64, 325.000,-55.596, 39.884, 5927.827, -133.173, 112.693, 99.992, 88.314, 49.762
65, 230.000, 8.562, 82.581, 48.819, -8.729, 32.530, 0.010, 55.398, 15.022
65, 325.000,8.738, 87.906, 5921.716, 20.453, 320.113, 99.992, 86.899, -3.656
66, 230.000, 30.015, -70.889, 53.434, 23.773, -9.863, 0.010, 64.281, -112.534
66, 325.000,32.011, -74.157, 5925.390, 112.067, -216.232, 99.992, 87.646, -152.603
67, 230.000, 28.717, -36.785, 34.905, 35.181, 32.582, 0.010, 36.052, -47.196
67, 325.000,30.481, -36.579, 5929.608, 90.172, -35.072, 99.992, 89.065, -111.253
68, 230.000, -2.797, 14.630, 1.783, 50.018, -31.823, 0.010, 1.723, -122.466
68, 630.000,0.408, 35.665, 1847.073, 21.773, 328.037, 10.007, 79.908, -3.797
69, 230.000, 14.584, -58.376, 8.304, 58.418, -6.003, 0.010, 8.049, -95.867
69, 325.000,16.839, -60.166, 5928.303, 91.186, -128.534, 99.992, 88.477, -144.647
70, 230.000, -36.711, -88.951, 26.675, -9.559, 52.103, 0.010, 26.728, 10.396
70, 325.000,-41.136, -97.402, 5904.054, -240.869, -503.170, 99.990, 84.602, 154.419
71, 230.000, 44.649, 40.845, 10.601, -30.367, 49.830, 0.010, 10.297, 31.359
71, 325.000,44.915, 43.551, 5928.474, 62.323, 137.567, 99.992, 88.541, -24.372
72, 230.000, -57.944, 75.634, 29.598, 9.037, 50.596, 0.010, 29.936, -10.127
72, 325.000,-63.882, 85.276, 5898.552, -340.601, 511.248, 99.994, 84.054, 33.672
73, 230.000, -19.915, 42.247, 27.395, -46.630, 24.348, 0.010, 27.510, 62.429
73, 325.000,-21.849, 43.978, 5928.866, -85.455, 104.047, 99.992, 88.699, 39.397
74, 230.000, 56.047, -5.520, 32.937, -27.389, -41.019, 0.010, 33.735, 146.268
74, 325.000,56.602, -6.959, 5929.574, 82.845, -53.466, 99.992, 89.047, -122.837
75, 230.000, 20.369, -87.654, 21.424, 53.167, -15.231, 0.010, 21.175, -105.986
75, 325.000,23.495, -94.519, 5914.389, 147.782, -409.416, 99.991, 85.791, -160.153
76, 230.000, 1.118, -47.112, 16.647, 56.400, -7.715, 0.010, 16.301, -97.790
76, 325.000,2.940, -48.425, 5929.309, 60.517, -96.111, 99.992, 88.903, -147.803
77, 230.000, -82.947, 18.452, 47.257, 30.998, -17.988, 0.010, 52.823, -120.125
77, 325.000,-86.566, 18.913, 5924.205, -266.683, 47.639, 99.992, 87.382, 79.872
78, 230.000, -8.012, -0.717, 14.397, 51.456, -25.741, 0.010, 14.049, -116.577
78, 630.000,-14.057, -6.257, 1871.564, -116.239, -69.034, 10.011, 85.868, 120.706
79, 230.000, -53.636, -58.942, 32.342, -49.455, 5.087, 0.010, 33.045, 84.128
79, 325.000,-57.649, -61.495, 5923.592, -220.022, -179.418, 99.992, 87.256, 129.196
80, 230.000, 53.906, 54.995, 54.024, -22.272, -10.147, 0.010, 65.628, 114.495
80, 325.000,55.432, 56.943, 5927.107, 131.442, 147.253, 99.992, 88.093, -41.753
81, 230.000, 13.522, -58.750, 54.810, 19.712, 11.177, 0.010, 67.538, -60.446
81, 325.000,14.512, -60.001, 5929.156, 48.679, -111.067, 99.992, 88.828, -156.333
82, 230.000, 46.885, -26.632, 1.620, -51.179, 29.928, 0.010, 1.565, 59.682
82, 325.000,46.394, -26.326, 5930.243, 37.640, -20.494, 99.992, 89.586, -118.566
83, 230.000, -36.709, -61.773, 50.379, -29.252, -11.133, 0.010, 58.149, 110.836
83, 325.000,-38.945, -64.340, 5926.602, -125.254, -171.036, 99.992, 87.951, 143.784
84, 230.000, -4.056, 51.581, 20.949, -28.848, -47.398, 0.010, 20.684, 148.674
84, 325.000,-5.069, 51.296, 5930.073, -37.615, 49.240, 99.992, 89.401, 37.377
85, 230.000, -69.335, 54.941, 16.013, -56.661, 7.127, 0.010, 15.664, 82.831
85, 325.000,-75.788, 58.884, 5914.953, -353.845, 240.377, 99.992, 85.864, 55.811
86, 230.000, -20.336, 77.927, 46.837, -34.728, -10.859, 0.010, 52.157, 107.364
86, 325.000,-22.370, 81.239, 5924.837, -101.057, 236.174, 99.992, 87.517, 23.166
87, 230.000, 1.367, -91.687, 57.880, -11.834, -5.247, 0.010, 77.393, 113.912
87, 325.000,1.115, -99.192, 5913.481, -5.975, -447.722, 99.992, 85.670, 179.235
88, 230.000, -9.426, -47.804, 51.838, 15.964, -23.992, 0.010, 60.929, -146.362
88, 325.000,-9.138, -49.665, 5929.286, -1.183, -114.671, 99.992, 88.892, 179.409
89, 230.000, -85.123, -41.275, 46.371, 3.736, 36.788, 0.010, 51.431, -5.798
89, 325.000,-93.344, -44.201, 5908.177, -475.613, -193.326, 99.993, 85.034, 112.121
90, 230.000, 33.439, -86.796, 38.590, -44.080, 9.239, 0.010, 40.591, 78.162
90, 325.000,34.984, -94.015, 5913.160, 124.072, -433.940, 99.990, 85.635, -164.044
91, 230.000, -0.827, 91.305, 5.103, -9.110, 58.383, 0.010, 4.935, 8.869
91, 325.000,-1.174, 100.438, 5908.993, -13.687, 503.472, 99.993, 85.128, 1.557
92, 230.000, -56.796, 19.973, 54.408, 4.022, 23.264, 0.010, 66.543, -9.808
92, 325.000,-58.220, 21.251, 5928.925, -114.496, 65.864, 99.992, 88.724, 60.090
93, 230.000, -10.610, 7.227, 47.664, -19.527, -29.402, 0.010, 53.479, 146.411
93, 630.000,-32.915, 15.416, 1843.698, -320.334, 136.268, 10.009, 79.308, 66.955
94, 230.000, -23.741, 31.764, 50.191, -16.604, -26.885, 0.010, 57.806, 148.301
94, 325.000,-24.781, 31.596, 5929.965, -63.237, 33.597, 99.992, 89.308, 62.019
95, 230.000, -56.887, -59.949, 40.051, -41.585, 13.575, 0.010, 42.476, 71.921
95, 325.000,-61.094, -62.597, 5922.590, -237.563, -189.972, 99.992, 87.060, 128.648
96, 230.000, -59.955, 37.143, 58.122, 10.599, 5.206, 0.010, 78.516, -63.841
96, 325.000,-61.680, 38.580, 5927.983, -138.138, 97.846, 99.992, 88.364, 54.689
97, 230.000, -80.296, 58.640, 56.394, 13.077, -12.899, 0.010, 71.959, -134.606
97, 325.000,-94.510, 68.922, 5863.605, -719.423, 521.800, 99.998, 81.381, 54.046
98, 230.000, 36.793, 40.378, 35.748, -39.512, -26.048, 0.010, 37.066, 123.394
98, 325.000,36.447, 40.547, 5930.092, 30.723, 51.656, 99.992, 89.419, -30.743
99, 230.000, 69.113, 43.230, 26.562, -52.825, 4.646, 0.010, 26.606, 84.974
99, 325.000,70.770, 45.443, 5926.274, 167.474, 144.337, 99.992, 87.863, -49.244
100, 230.000, 11.840, 77.585, 28.852, -49.076, 16.637, 0.010, 29.109, 71.273
100, 325.000,10.822, 81.501, 5925.059, -15.771, 251.179, 99.992, 87.568, 3.593
101, 230.000, 41.933, 35.658, 58.441, -9.782, 2.571, 0.010, 80.181, 75.272
101, 325.000,42.671, 36.628, 5929.509, 72.156, 72.638, 99.992, 89.011, -44.809
102, 230.000, -34.346, 79.104, 0.695, -23.693, 54.367, 0.010, 0.671, 23.547
102, 325.000,-37.177, 85.616, 5916.951, -159.087, 366.184, 99.992, 86.140, 23.482
103, 230.000, 17.291, 48.713, 11.392, 57.207, 10.731, 0.010, 11.074, -79.376
103, 325.000,19.526, 50.221, 5928.758, 92.343, 104.316, 99.992, 88.654, -41.516
104, 230.000, 10.068, -96.214, 39.385, 16.772, -41.051, 0.010, 41.610, -157.777
104, 325.000,11.839, -109.543, 5888.057, 86.801, -701.800, 99.991, 83.152, -172.949
105, 230.000, 6.687, -47.147, 40.958, 41.728, 9.944, 0.010, 43.675, -76.596
105, 325.000,8.162, -47.903, 5929.623, 55.746, -78.032, 99.992, 89.073, -144.458
106, 230.000, -52.573, -69.170, 53.670, 19.810, 15.645, 0.010, 64.810, -51.700
106, 325.000,-55.141, -72.871, 5922.240, -182.834, -251.554, 99.992, 86.994, 143.990
107, 230.000, -56.359, -0.232, 38.863, -35.673, -27.105, 0.010, 40.940, 127.228
107, 325.000,-58.936, -1.096, 5928.437, -149.740, -28.559, 99.992, 88.527, 100.798
108, 230.000, 6.998, -19.776, 24.778, -28.832, -45.524, 0.010, 24.694, 147.653
108, 325.000,6.252, -21.753, 5928.692, 0.131, -142.588, 99.992, 88.622, -179.947
109, 230.000, 81.025, -52.053, 44.272, 35.866, -16.470, 0.010, 48.284, -114.665
109, 325.000,91.746, -58.743, 5892.165, 569.423, -358.788, 99.995, 83.484, -122.215
110, 230.000, 64.047, 33.920, 43.255, 34.539, 21.301, 0.010, 46.828, -58.336
110, 325.000,67.483, 35.834, 5925.827, 204.348, 111.366, 99.992, 87.751, -61.410
111, 230.000, 16.318, 28.074, 24.830, 5.842, 53.544, 0.010, 24.750, -6.227
111, 325.000,16.856, 30.391, 5929.115, 41.116, 116.224, 99.992, 88.809, -19.482
112, 230.000, -10.293, -10.494, 12.178, 34.800, 46.458, 0.010, 11.849, -36.836
112, 630.000,-23.066, -21.715, 1855.285, -207.331, -190.288, 10.011, 81.375, 132.546
113, 230.000, 76.355, -12.211, 35.844, 8.032, -46.565, 0.010, 37.183, -170.214
113, 325.000,79.828, -14.183, 5925.260, 231.981, -84.518, 99.992, 87.614, -110.018
114, 230.000, -42.397, 35.391, 25.033, 32.433, -42.885, 0.010, 24.965, -142.901
114, 325.000,-42.420, 34.909, 5930.137, -49.365, 24.826, 99.992, 89.466, 63.302
115, 230.000, -59.872, -38.683, 45.818, 34.137, 15.907, 0.010, 50.580, -65.016
115, 325.000,-60.876, -39.525, 5928.742, -114.496, -80.386, 99.992, 88.648, 125.072
116, 230.000, -38.629, -64.777, 54.102, -5.739, -23.615, 0.010, 65.811, 166.341
116, 325.000,-40.347, -68.095, 5925.723, -114.107, -205.974, 99.992, 87.724, 151.014
117, 230.000, 74.973, -13.930, 21.480, 32.709, 44.569, 0.010, 21.233, -36.275
117, 325.000,79.067, -13.101, 5925.187, 248.525, 6.836, 99.992, 87.597, -88.424
118, 230.000, 30.078, -65.973, 16.949, 47.942, 30.528, 0.010, 16.605, -57.512
118, 325.000,32.676, -67.399, 5927.380, 128.070, -139.293, 99.992, 88.172, -137.404
119, 230.000, 33.185, 7.626, 35.057, 47.551, 5.246, 0.010, 36.234, -83.705
119, 325.000,35.413, 7.957, 5929.183, 118.128, 21.219, 99.992, 88.840, -79.817
120, 230.000, 26.910, 23.999, 43.094, -12.829, -38.678, 0.010, 46.601, 161.650
120, 325.000,27.083, 23.286, 5930.232, 42.791, 9.735, 99.992, 89.576, -77.183
121, 230.000, 63.352, 30.906, 37.913, 17.598, 42.078, 0.010, 39.735, -22.696
121, 325.000,66.106, 33.302, 5926.488, 177.622, 121.573, 99.992, 87.920, -55.610
122, 230.000, -40.858, -87.108, 51.188, 7.651, 28.964, 0.010, 59.662, -14.796
122, 325.000,-45.264, -96.119, 5902.287, -249.916, -519.285, 99.990, 84.423, 154.300
123, 230.000, 1.200, 59.758, 12.308, -36.395, 45.183, 0.010, 11.977, 38.852
123, 325.000,0.078, 62.827, 5927.797, -35.259, 171.963, 99.992, 88.304, 11.587
124, 230.000, -12.312, -5.958, 0.854, 59.127, -4.567, 0.010, 0.825, -94.417
124, 630.000,-24.736, -17.431, 1856.746, -214.707, -167.819, 10.013, 81.650, 128.012
125, 230.000, -1.262, 60.243, 26.771, 10.213, 51.929, 0.010, 26.832, -11.127
125, 325.000,-0.974, 63.553, 5927.628, 7.937, 181.006, 99.992, 88.249, -2.511
126, 230.000, 82.139, -1.528, 48.149, 33.751, -7.756, 0.010, 54.274, -102.942
126, 325.000,87.338, -1.846, 5922.150, 312.467, -13.308, 99.992, 86.977, -92.439
127, 230.000, 68.798, 38.714, 17.148, -39.763, 40.527, 0.010, 16.806, 44.455
127, 325.000,70.584, 41.690, 5925.900, 166.596, 159.698, 99.992, 87.770, -46.211
128, 230.000, -46.874, -56.819, 11.528, -43.550, -38.577, 0.010, 11.208, 131.535
128, 325.000,-50.039, -60.208, 5924.689, -172.697, -194.481, 99.992, 87.486, 138.395
129, 230.000, 72.403, -44.768, 5.095, -45.268, 37.980, 0.010, 4.928, 50.003
129, 325.000,74.973, -46.046, 5925.345, 212.652, -120.959, 99.992, 87.636, -119.632
130, 230.000, 51.527, 48.423, 46.277, 32.346, 18.161, 0.010, 51.285, -60.688
130, 325.000,54.343, 50.686, 5926.444, 163.909, 141.278, 99.992, 87.909, -49.241
131, 230.000, 41.591, 46.875, 42.232, 41.091, -6.757, 0.010, 45.403, -99.339
131, 325.000,44.085, 48.012, 5928.141, 133.105, 94.906, 99.992, 88.420, -54.511
132, 230.000, -32.197, -15.696, 36.349, -38.334, 26.960, 0.010, 37.798, 54.881
132, 325.000,-34.109, -15.174, 5929.467, -105.000, -3.630, 99.992, 88.985, 91.980
133, 230.000, -88.057, 3.049, 57.929, -2.308, 12.513, 0.010, 77.611, 10.451
133, 325.000,-93.857, 3.632, 5919.163, -363.792, 25.742, 99.991, 86.474, 85.952
134, 230.000, -55.508, 70.781, 16.712, 42.083, -38.306, 0.010, 16.366, -132.310
134, 325.000,-58.091, 74.548, 5921.174, -196.080, 266.298, 99.992, 86.803, 36.365
135, 230.000, -38.411, 45.857, 25.887, -23.132, 48.087, 0.010, 25.879, 25.690
135, 325.000,-40.197, 48.638, 5927.675, -104.552, 146.064, 99.992, 88.264, 35.595
136, 230.000, 50.470, -43.843, 24.852, -47.573, -25.236, 0.010, 24.773, 117.945
136, 325.000,50.544, -46.008, 5928.644, 67.170, -127.592, 99.992, 88.607, -152.236
137, 230.000, 50.431, 48.386, 34.340, -47.086, -11.016, 0.010, 35.380, 103.168
137, 325.000,50.632, 49.655, 5928.987, 73.681, 106.277, 99.992, 88.750, -34.733
138, 230.000, -76.012, -48.926, 33.806, 41.040, -26.277, 0.010, 34.750, -122.630
138, 325.000,-80.299, -53.305, 5917.777, -297.426, -247.310, 99.992, 86.260, 129.744
139, 230.000, -21.635, -70.816, 22.629, -52.563, 15.577, 0.010, 22.429, 73.493
139, 325.000,-24.108, -73.013, 5926.746, -113.165, -174.383, 99.992, 87.991, 147.019
140, 230.000, 73.315, -3.137, 26.079, -43.630, 30.560, 0.010, 26.085, 54.991
140, 325.000,74.630, -2.291, 5928.540, 146.347, 23.689, 99.992, 88.568, -80.805
141, 230.000, 19.744, 83.225, 14.506, -57.505, 0.667, 0.010, 14.157, 89.335
141, 325.000,19.083, 87.998, 5922.328, 12.529, 309.204, 99.992, 87.009, -2.320
142, 230.000, 71.076, -40.681, 30.472, -48.404, -15.688, 0.010, 30.916, 107.958
142, 325.000,73.027, -43.150, 5925.730, 181.646, -149.555, 99.992, 87.726, -129.466
143, 230.000, -15.495, -65.792, 17.816, 48.354, -29.362, 0.010, 17.481, -121.268
143, 325.000,-14.465, -68.832, 5927.459, 13.701, -186.131, 99.992, 88.197, -175.790
144, 230.000, 42.225, -87.115, 3.235, 17.580, -56.552, 0.010, 3.126, -162.732
144, 325.000,48.167, -99.986, 5884.624, 311.805, -665.030, 99.988, 82.885, -154.880
145, 230.000, 48.513, 40.806, 5.734, 23.381, -54.204, 0.010, 5.548, -156.667
145, 325.000,50.659, 40.268, 5928.879, 130.111, 32.695, 99.992, 88.704, -75.895
146, 230.000, -3.021, 75.623, 28.007, -27.275, -44.602, 0.010, 28.178, 148.553
146, 325.000,-3.995, 77.190, 5928.066, -36.856, 162.169, 99.992, 88.393, 12.804
147, 230.000, 16.902, 36.810, 38.858, -29.825, 33.439, 0.010, 40.933, 41.730
147, 325.000,16.319, 38.671, 5929.470, 1.187, 104.700, 99.992, 88.988, -0.649
148, 230.000, -83.643, 31.101, 4.203, 57.852, -12.375, 0.010, 4.064, -102.074
148, 325.000,-87.469, 32.807, 5922.114, -290.164, 117.565, 99.991, 86.974, 67.944
149, 230.000, -18.912, -71.405, 53.682, 22.324, 11.725, 0.010, 64.839, -62.292
149, 325.000,-18.923, -73.716, 5927.657, -27.129, -178.189, 99.992, 88.258, 171.343
150, 230.000, 94.896, -8.851, 10.062, 17.404, 55.799, 0.010, 9.768, -17.323
150, 325.000,105.499, -8.095, 5901.226, 587.864, 6.534, 99.993, 84.311, -89.363
151, 230.000, 3.676, -67.980, 29.180, 5.807, 51.308, 0.010, 29.471, -6.457
151, 325.000,3.976, -68.527, 5929.430, 14.664, -106.025, 99.992, 88.966, -172.126
152, 230.000, -3.834, -10.963, 35.513, 47.137, 5.878, 0.010, 36.782, -82.892
152, 630.000,-3.008, -29.781, 1855.071, -11.891, -281.997, 10.011, 81.349, 177.585
153, 230.000, 62.763, 30.129, 57.000, -15.225, 6.070, 0.010, 73.958, 68.263
153, 325.000,64.386, 31.327, 5928.273, 137.274, 79.830, 99.992, 88.466, -59.820
154, 230.000, -56.359, -22.596, 33.846, 26.754, -40.698, 0.010, 34.797, -146.680
154, 325.000,-57.063, -24.503, 5929.028, -90.563, -89.669, 99.992, 88.769, 134.716
155, 230.000, -86.562, -48.699, 18.738, -20.104, 52.558, 0.010, 18.417, 20.932
155, 325.000,-102.738, -55.911, 5862.858, -805.745, -384.691, 99.994, 81.341, 115.521
156, 230.000, 22.840, -55.057, 54.924, -17.894, -13.446, 0.010, 67.828, 126.921
156, 325.000,22.893, -56.968, 5928.944, 28.787, -128.073, 99.992, 88.732, -167.332
157, 230.000, 89.448, 37.575, 56.477, 0.326, 18.108, 0.010, 72.220, -1.030
157, 325.000,100.827, 42.894, 5891.435, 617.463, 278.621, 99.987, 83.441, -65.713
158, 230.000, 17.022, 21.908, 44.782, -30.681, -23.893, 0.010, 49.030, 127.909
158, 325.000,16.438, 21.654, 5930.239, 18.121, 40.017, 99.992, 89.576, -24.362
159, 230.000, 46.028, -33.961, 57.299, -11.962, 9.561, 0.010, 75.037, 51.365
159, 325.000,46.837, -34.534, 5929.570, 79.900, -58.190, 99.992, 89.045, -126.065
160, 230.000, 73.853, 19.239, 23.322, -54.194, -6.058, 0.010, 23.156, 96.378
160, 325.000,75.096, 19.816, 5928.311, 149.784, 47.449, 99.992, 88.482, -72.423
161, 230.000, 39.803, -6.695, 49.693, -17.626, -27.158, 0.010, 56.914, 147.015
161, 325.000,40.105, -7.702, 5929.966, 58.261, -41.079, 99.992, 89.311, -125.187
162, 230.000, 10.669, 83.757, 47.023, -35.901, 4.194, 0.010, 52.452, 83.337
162, 325.000,10.140, 88.468, 5922.574, 0.433, 304.673, 99.992, 87.055, -0.081
163, 230.000, -13.837, -38.570, 29.093, 43.823, -27.400, 0.010, 29.375, -122.015
163, 325.000,-12.741, -40.279, 5929.493, 19.215, -101.643, 99.992, 89.001, -169.295
164, 230.000, -10.453, 75.099, 15.934, -33.965, 45.937, 0.010, 15.584, 36.478
164, 325.000,-11.946, 79.602, 5924.238, -65.349, 262.153, 99.992, 87.389, 13.997
165, 230.000, 14.014, 16.734, 42.914, -5.535, 40.563, 0.010, 46.349, 7.770
165, 325.000,14.192, 18.459, 5929.057, 53.883, 116.652, 99.994, 88.758, -24.793
166, 230.000, -6.383, 79.609, 36.731, 43.488, 16.651, 0.010, 38.266, -69.048
166, 325.000,-5.319, 83.792, 5924.324, 25.634, 266.886, 99.991, 87.409, -5.486
167, 230.000, -25.873, 58.028, 1.262, -57.368, -14.998, 0.010, 1.219, 104.651
167, 325.000,-28.450, 59.249, 5928.194, -116.516, 112.025, 99.992, 88.438, 46.126
168, 230.000, -34.055, -58.372, 36.967, 37.914, 26.714, 0.010, 38.556, -54.832
168, 325.000,-33.935, -59.372, 5929.276, -39.861, -108.140, 99.992, 88.886, 159.766
169, 230.000, -46.747, -22.424, 43.685, -0.102, -40.115, 0.010, 47.440, 179.854
169, 325.000,-47.869, -24.231, 5929.117, -89.566, -84.456, 99.992, 88.811, 133.318
170, 230.000, -1.836, 13.931, 53.970, 15.290, 19.264, 0.010, 65.501, -38.440
170, 630.000,-2.626, 42.104, 1831.435, -19.479, 406.839, 10.008, 77.462, 2.741
171, 230.000, 42.604, 29.303, 38.516, 23.193, -38.681, 0.010, 40.497, -149.053
171, 325.000,44.354, 28.775, 5929.439, 105.370, 15.892, 99.992, 88.970, -81.423
172, 230.000, -12.786, 83.949, 12.209, 12.432, -56.692, 0.010, 11.879, -167.632
172, 325.000,-13.096, 86.758, 5925.450, -32.559, 240.031, 99.992, 87.659, 7.725
173, 230.000, -55.470, -30.414, 53.409, -24.240, 8.807, 0.010, 64.225, 70.032
173, 325.000,-57.847, -31.022, 5928.303, -146.763, -57.519, 99.992, 88.477, 111.401
174, 230.000, -97.543, 8.297, 56.674, -13.471, 11.145, 0.010, 72.856, 50.399
174, 325.000,-111.955, 9.821, 5881.565, -754.521, 74.895, 99.986, 82.654, 84.331
175, 230.000, 66.709, -9.935, 17.787, 34.146, -45.114, 0.010, 17.452, -142.879
175, 325.000,69.937, -11.680, 5926.810, 193.756, -70.533, 99.992, 88.007, -110.003
176, 230.000, -30.157, -51.418, 18.855, 46.129, 32.159, 0.010, 18.537, -55.117
176, 325.000,-29.499, -51.770, 5929.940, -14.081, -72.232, 99.992, 89.289, 168.969
177, 230.000, -16.273, 12.019, 0.623, 58.683, 8.579, 0.010, 0.602, -81.683
177, 630.000,-35.071, 34.363, 1820.546, -308.245, 326.115, 9.996, 76.153, 43.386
178, 230.000, 76.893, -13.616, 31.853, 44.248, -23.347, 0.010, 32.484, -117.818
178, 325.000,81.647, -14.943, 5923.498, 278.420, -65.564, 99.992, 87.235, -103.251
179, 230.000, 32.244, 38.203, 35.989, 7.514, -46.540, 0.010, 37.358, -170.829
179, 325.000,33.231, 37.615, 5929.950, 68.711, 23.990, 99.992, 89.297, -70.754
180, 230.000, -93.013, -31.750, 40.842, 42.991, 1.171, 0.010, 43.521, -88.440
180, 325.000,-105.362, -36.368, 5887.200, -671.272, -243.621, 99.990, 83.084, 109.947
181, 230.000, 36.077, -90.023, 30.143, 42.884, 27.749, 0.010, 30.546, -57.095
181, 325.000,41.891, -100.478, 5894.101, 292.214, -584.863, 99.987, 83.670, -153.452
182, 230.000, 1.711, 55.841, 47.488, 34.485, -8.561, 0.010, 53.195, -103.942
182, 325.000,2.844, 56.981, 5929.395, 39.117, 101.623, 99.992, 88.948, -21.053
183, 230.000, -57.570, -56.360, 46.739, -35.464, -8.685, 0.010, 52.004, 103.761
183, 325.000,-61.409, -59.308, 5923.172, -222.286, -190.280, 99.992, 87.172, 130.564
184, 230.000, -81.431, 49.033, 20.756, -41.383, 37.071, 0.010, 20.485, 48.146
184, 325.000,-91.347, 55.373, 5896.932, -533.252, 334.079, 99.992, 83.909, 57.933
185, 230.000, 4.832, -34.884, 21.156, 23.592, -50.135, 0.010, 20.898, -154.799
185, 325.000,5.689, -37.233, 5929.038, 34.279, -122.286, 99.992, 88.773, -164.341
186, 230.000, 69.132, -48.157, 7.879, -55.455, 19.502, 0.010, 7.634, 70.625
186, 325.000,71.067, -50.101, 5925.717, 183.225, -147.774, 99.992, 87.725, -128.887
187, 230.000, 67.448, -17.861, 30.878, -48.493, 14.584, 0.010, 31.374, 73.262
187, 325.000,68.160, -17.995, 5929.256, 112.882, -28.078, 99.992, 88.876, -103.968
188, 230.000, 44.921, 43.133, 30.342, -31.132, -40.346, 0.010, 30.769, 142.346
188, 325.000,45.196, 43.067, 5929.846, 63.365, 49.992, 99.992, 89.220, -51.728
189, 230.000, 12.534, 3.038, 54.303, -21.650, -10.005, 0.010, 66.289, 114.802
189, 630.000,31.561, 6.869, 1852.542, 293.095, 61.904, 10.013, 80.815, -78.074
190, 230.000, 0.715, 93.760, 2.091, -30.554, -50.791, 0.010, 2.020, 148.971
190, 325.000,-0.156, 100.640, 5913.980, -28.779, 440.324, 99.993, 85.733, 3.739
191, 230.000, 15.856, -73.179, 48.368, 17.561, -29.492, 0.010, 54.638, -149.229
191, 325.000,17.028, -76.977, 5925.466, 62.279, -233.539, 99.992, 87.664, -165.068
192, 230.000, -72.805, -32.048, 25.856, -33.460, 41.588, 0.010, 25.846, 38.819
192, 325.000,-77.165, -32.206, 5924.379, -261.254, -55.914, 99.992, 87.418, 102.080
193, 230.000, 17.639, -73.350, 48.391, -34.185, -2.703, 0.010, 54.678, 94.521
193, 325.000,17.266, -76.328, 5926.791, 13.233, -206.453, 99.992, 88.001, -176.333
194, 230.000, 57.886, -34.320, 59.301, 0.714, -0.750, 0.010, 88.999, -136.408
194, 325.000,59.744, -35.432, 5928.278, 136.231, -81.112, 99.992, 88.468, -120.769
195, 230.000, -85.793, 14.050, 52.942, -18.881, -18.929, 0.010, 63.206, 135.073
195, 325.000,-91.672, 14.333, 5919.460, -357.965, 35.362, 99.991, 86.523, 84.358
196, 230.000, -17.543, 96.984, 18.576, 39.266, -40.383, 0.010, 18.253, -135.803
196, 325.000,-19.033, 110.473, 5885.268, -96.791, 724.641, 99.995, 82.919, 7.608
197, 230.000, 0.400, 61.854, 49.539, -3.055, 32.468, 0.010, 56.643, 5.375
197, 325.000,0.315, 64.634, 5928.048, -2.310, 166.803, 99.992, 88.388, 0.793
198, 230.000, -86.140, 5.964, 22.756, 48.124, -26.152, 0.010, 22.562, -118.521
198, 325.000,-89.672, 5.501, 5924.071, -273.625, -5.132, 99.991, 87.355, 91.075
199, 230.000, 4.201, -41.060, 3.314, 58.931, 5.816, 0.010, 3.203, -84.364
199, 325.000,6.177, -41.765, 5929.557, 69.151, -71.954, 99.992, 89.036, -136.138
200, 230.000, 92.304, 35.892, 8.078, 55.893, -18.121, 0.010, 7.828, -107.963
200, 325.000,110.402, 41.743, 5855.511, 887.572, 302.272, 99.982, 80.903, -71.193
201, 230.000, -40.866, 81.642, 45.827, -37.636, -1.036, 0.010, 50.594, 91.577
201, 325.000,-45.226, 88.017, 5913.188, -233.937, 386.418, 99.992, 85.632, 31.191
202, 230.000, 60.102, 71.907, 16.857, 42.928, -37.291, 0.010, 16.512, -130.980
202, 325.000,66.956, 77.400, 5908.753, 368.970, 346.962, 99.993, 85.101, -46.761
203, 230.000, -36.391, 32.876, 33.703, 43.220, 22.667, 0.010, 34.629, -62.325
203, 325.000,-35.857, 34.353, 5929.733, -23.743, 85.366, 99.992, 89.144, 15.543
204, 230.000, -63.082, -45.772, 34.141, -35.968, 32.532, 0.010, 35.144, 47.872
204, 325.000,-66.919, -46.723, 5925.239, -225.081, -101.894, 99.991, 87.612, 114.356
205, 230.000, 10.326, 43.378, 19.194, -45.666, -32.617, 0.010, 18.882, 125.536
205, 325.000,9.099, 43.297, 5930.139, -27.890, 47.939, 99.992, 89.464, 30.190
206, 230.000, 6.935, 94.817, 24.557, -20.988, -49.740, 0.010, 24.459, 157.123
206, 325.000,6.994, 102.828, 5909.932, 17.437, 491.498, 99.991, 85.243, -2.032
207, 230.000, -50.235, -78.285, 31.230, -36.924, 34.335, 0.010, 31.774, 47.081
207, 325.000,-55.740, -84.058, 5911.515, -297.828, -366.347, 99.990, 85.434, 140.890
208, 230.000, 41.418, 34.662, 50.699, -22.075, -21.446, 0.010, 58.740, 134.172
208, 325.000,41.734, 34.832, 5929.948, 57.460, 45.009, 99.992, 89.295, -51.928
209, 230.000, 85.553, 22.094, 56.653, 2.175, 17.418, 0.010, 72.785, -7.117
209, 325.000,91.266, 24.088, 5918.611, 357.331, 110.110, 99.992, 86.385, -72.873
210, 230.000, 96.316, -6.288, 57.889, -3.100, -12.527, 0.010, 77.433, 166.099
210, 325.000,107.667, -7.412, 5896.950, 627.429, -54.576, 99.995, 83.904, -94.971
211, 230.000, 36.999, 62.794, 43.694, -28.142, -28.573, 0.010, 47.452, 135.435
211, 325.000,37.456, 64.171, 5928.533, 66.570, 133.002, 99.992, 88.563, -26.589
212, 230.000, 28.694, -10.410, 37.059, -38.105, 26.311, 0.010, 38.670, 55.376
212, 325.000,28.122, -9.804, 5930.298, 33.419, 1.088, 99.992, 89.677, -88.135
213, 230.000, -17.726, 2.306, 46.312, 36.740, 4.796, 0.010, 51.338, -82.562
213, 630.000,-43.274, 7.193, 1832.768, -396.875, 69.892, 10.012, 77.599, 80.012
214, 230.000, 47.707, 15.822, 31.924, -47.186, 16.492, 0.010, 32.565, 70.735
214, 325.000,47.320, 16.714, 5930.065, 41.396, 47.019, 99.992, 89.395, -41.361
215, 230.000, -33.088, 57.343, 34.907, -4.226, 47.763, 0.010, 36.054, 5.057
215, 325.000,-34.257, 60.645, 5927.028, -81.136, 182.684, 99.992, 88.068, 23.948
216, 230.000, 16.408, 88.810, 49.792, -21.919, 23.620, 0.010, 57.091, 42.862
216, 325.000,16.950, 96.106, 5914.739, 51.177, 427.864, 99.992, 85.833, -6.821
217, 230.000, -59.202, 57.449, 25.833, 29.677, 44.380, 0.010, 25.821, -33.770
217, 325.000,-61.280, 61.747, 5923.100, -168.947, 240.916, 99.992, 87.156, 35.041
218, 230.000, 36.289, 57.702, 53.914, 20.183, 14.267, 0.010, 65.371, -54.744
218, 325.000,38.106, 60.031, 5927.446, 107.835, 152.908, 99.992, 88.192, -35.193
219, 230.000, 68.828, 38.783, 55.215, 15.591, 15.028, 0.010, 68.586, -46.053
219, 325.000,72.392, 40.986, 5924.504, 227.349, 134.651, 99.992, 87.446, -59.363
220, 230.000, -34.713, 10.679, 37.392, -15.770, -43.253, 0.010, 39.083, 159.969
220, 325.000,-35.961, 9.531, 5929.717, -86.742, -23.434, 99.992, 89.132, 105.118
221, 230.000, -67.432, 63.261, 56.392, 18.317, 1.440, 0.010, 71.953, -85.506
221, 325.000,-72.503, 68.586, 5913.518, -316.260, 316.492, 99.993, 85.673, 44.979
222, 230.000, 5.798, -77.044, 0.704, 11.958, 58.088, 0.010, 0.680, -11.632
222, 325.000,6.412, -78.377, 5928.178, 29.095, -159.455, 99.992, 88.434, -169.659
223, 230.000, -27.773, 10.974, 56.151, 18.759, 3.578, 0.010, 71.217, -79.200
223, 325.000,-27.797, 11.334, 5930.083, -50.905, 31.735, 99.991, 89.420, 58.060
224, 230.000, 40.785, 73.672, 10.788, -13.141, -56.821, 0.010, 10.480, 166.978
224, 325.000,42.534, 75.800, 5925.713, 128.534, 197.342, 99.992, 87.724, -33.077
225, 230.000, -42.785, -16.086, 37.338, 8.528, -45.286, 0.010, 39.016, -169.335
225, 325.000,-43.470, -17.884, 5929.469, -71.086, -76.963, 99.992, 88.988, 137.274
226, 230.000, -33.623, -34.986, 45.114, -18.197, 33.930, 0.010, 49.521, 28.206
226, 325.000,-34.970, -34.713, 5929.751, -82.027, -30.605, 99.992, 89.154, 110.461
227, 230.000, 43.823, 85.431, 1.642, -55.730, 20.225, 0.010, 1.586, 70.054
227, 325.000,47.075, 95.678, 5899.964, 215.835, 558.622, 99.988, 84.204, -21.125
228, 230.000, -55.461, -16.032, 35.937, -45.322, -13.120, 0.010, 37.295, 106.145
228, 325.000,-58.357, -16.870, 5928.056, -160.009, -46.273, 99.992, 88.391, 106.129
229, 230.000, 21.318, 3.703, 54.634, 19.708, 12.014, 0.010, 67.098, -58.633
229, 325.000,22.496, 4.183, 5929.102, 117.660, 30.017, 99.990, 88.827, -75.688
230, 230.000, -80.249, 6.206, 55.413, -20.182, -6.307, 0.010, 69.114, 107.353
230, 325.000,-84.661, 6.303, 5923.888, -277.544, 13.206, 99.992, 87.315, 87.276
231, 230.000, -55.489, 34.009, 38.532, 40.250, 20.319, 0.010, 40.517, -63.215
231, 325.000,-55.882, 35.668, 5929.023, -82.401, 97.258, 99.992, 88.768, 40.273
232, 230.000, 18.542, 2.172, 48.471, -7.893, -33.255, 0.010, 54.811, 166.648
232, 630.000,50.087, 0.589, 1817.765, 470.186, -6.435, 10.023, 75.496, -90.784
233, 230.000, -58.064, -33.329, 17.592, -39.020, -41.056, 0.010, 17.254, 136.457
233, 325.000,-61.154, -35.692, 5926.498, -177.517, -121.321, 99.992, 87.922, 124.350
234, 230.000, -56.412, -76.819, 3.092, 12.453, 57.905, 0.010, 2.988, -12.138
234, 325.000,-61.807, -82.921, 5909.380, -315.548, -385.977, 99.991, 85.178, 140.733
235, 230.000, -5.290, 48.015, 14.674, -57.436, -1.845, 0.010, 14.325, 91.840
235, 325.000,-7.241, 49.057, 5929.335, -69.425, 88.217, 99.992, 88.915, 38.202
236, 230.000, 40.981, -21.273, 24.222, 9.079, -53.371, 0.010, 24.104, -170.345
236, 325.000,42.193, -23.450, 5929.015, 85.837, -94.960, 99.992, 88.763, -137.889
237, 230.000, -24.927, 57.530, 7.313, 14.211, -57.116, 0.010, 7.082, -166.028
237, 325.000,-25.180, 57.343, 5929.928, -38.595, 63.826, 99.992, 89.279, 31.161
238, 230.000, -10.612, -10.754, 14.745, -57.107, -6.250, 0.010, 14.395, 96.246
238, 630.000,-38.986, -31.020, 1811.107, -389.476, -295.850, 10.006, 74.887, 127.221
239, 230.000, -65.666, 14.885, 5.320, 26.567, -52.759, 0.010, 5.146, -153.272
239, 325.000,-66.886, 13.682, 5929.046, -124.770, -20.352, 99.992, 88.779, 99.264
240, 230.000, 66.918, 56.047, 31.115, 48.352, -14.546, 0.010, 31.642, -106.744
240, 325.000,72.640, 59.136, 5918.091, 319.535, 209.434, 99.992, 86.306, -56.758
241, 230.000, 6.564, 93.948, 32.032, -4.476, 49.715, 0.010, 32.689, 5.145
241, 325.000,7.072, 104.686, 5901.563, 32.291, 583.588, 99.993, 84.344, -3.167
242, 230.000, 1.755, -23.142, 8.808, 45.945, 36.457, 0.010, 8.540, -51.569
242, 325.000,3.282, -22.562, 5929.735, 59.176, -63.398, 99.991, 89.162, -136.973
243, 230.000, 85.842, -19.156, 9.152, 1.368, 58.583, 0.010, 8.876, -1.338
243, 325.000,91.394, -18.569, 5920.028, 349.902, -15.792, 99.991, 86.614, -92.584
244, 230.000, -39.438, -19.536, 43.821, -1.741, -39.929, 0.010, 47.634, 177.503
244, 325.000,-40.364, -21.234, 5929.405, -75.492, -77.877, 99.992, 88.952, 135.891
245, 230.000, 25.450, -14.360, 19.711, -19.644, -52.376, 0.010, 19.411, 159.441
245, 325.000,25.389, -16.359, 5929.531, 43.653, -91.725, 99.992, 89.019, -154.550
246, 230.000, 30.592, -38.986, 43.993, -3.567, -39.617, 0.010, 47.881, 174.855
246, 325.000,31.192, -41.150, 5929.042, 54.035, -114.591, 99.992, 88.776, -154.754
247, 230.000, -64.802, -42.063, 0.174, -4.559, -59.134, 0.010, 0.168, 175.592
247, 325.000,-67.696, -45.709, 5924.266, -195.471, -185.747, 99.992, 87.394, 133.539
248, 230.000, 78.912, 37.788, 54.971, -21.002, -7.399, 0.010, 67.949, 109.408
248, 325.000,83.183, 39.915, 5921.560, 290.937, 142.125, 99.992, 86.870, -63.964
249, 230.000, 54.524, 34.999, 47.863, -5.778, 34.545, 0.010, 53.804, 9.495
249, 325.000,55.982, 37.139, 5928.143, 116.487, 114.530, 99.992, 88.422, -45.485
250, 230.000, 8.740, -37.577, 15.331, 40.760, -40.265, 0.010, 14.981, -134.650
250, 325.000,10.229, -39.670, 5929.007, 59.090, -113.850, 99.992, 88.761, -152.570
251, 230.000, -23.103, -33.243, 38.927, -28.090, -34.832, 0.010, 41.021, 141.115
251, 325.000,-24.496, -35.070, 5929.125, -72.750, -98.886, 99.992, 88.814, 143.658
252, 230.000, 3.852, -77.572, 8.419, -27.500, 51.870, 0.010, 8.160, 27.931
252, 325.000,3.148, -79.171, 5927.933, -17.655, -170.008, 99.992, 88.348, 174.071
253, 230.000, -22.756, 81.845, 39.575, -36.704, 24.582, 0.010, 41.856, 56.189
253, 325.000,-25.186, 87.253, 5920.037, -122.723, 328.111, 99.992, 86.614, 20.507
254, 230.000, 56.139, 65.642, 2.623, -33.336, 48.984, 0.010, 2.535, 34.237
254, 325.000,58.477, 71.113, 5919.774, 181.467, 305.111, 99.992, 86.568, -30.742
255, 230.000, -74.441, -35.253, 27.826, -17.563, 49.345, 0.010, 27.980, 19.592
255, 325.000,-78.722, -35.483, 5923.978, -267.892, -66.234, 99.992, 87.333, 103.887
256, 230.000, 30.488, -85.683, 29.086, 26.631, 44.300, 0.010, 29.367, -31.013
256, 325.000,33.593, -90.750, 5917.941, 167.910, -345.495, 99.992, 86.286, -154.080
257, 230.000, -58.742, 5.314, 52.670, -6.398, 26.505, 0.010, 62.630, 13.571
257, 325.000,-60.513, 6.292, 5928.899, -127.459, 38.415, 99.992, 88.714, 73.228
258, 230.000, 33.596, -68.077, 25.775, 48.530, -22.319, 0.010, 25.759, -114.698
258, 325.000,36.487, -71.550, 5924.602, 146.512, -217.325, 99.992, 87.467, -146.014
259, 230.000, -65.721, 0.195, 0.306, -19.254, -56.097, 0.010, 0.296, 161.056
259, 325.000,-68.353, -1.577, 5927.665, -170.310, -57.911, 99.992, 88.262, 108.780
260, 230.000, 81.308, 12.348, 0.362, 55.895, -19.831, 0.010, 0.350, -109.534
260, 325.000,87.215, 12.359, 5920.858, 335.631, 21.163, 99.992, 86.749, -86.392
261, 230.000, -24.358, -49.657, 35.032, -43.754, -19.391, 0.010, 36.204, 113.901
261, 325.000,-26.359, -51.526, 5928.478, -93.526, -118.326, 99.992, 88.543, 141.677
262, 230.000, -21.887, -90.137, 37.395, 45.717, 5.399, 0.010, 39.088, -83.265
262, 325.000,-22.355, -97.650, 5912.991, -62.039, -450.011, 99.992, 85.607, 172.151
263, 230.000, 93.152, -24.725, 54.091, 23.358, 6.793, 0.010, 65.785, -73.784
263, 325.000,104.898, -27.452, 5894.488, 633.898, -154.355, 99.995, 83.684, -103.685
264, 230.000, -79.645, 1.184, 31.178, 49.189, -11.225, 0.010, 31.714, -102.854
264, 325.000,-81.658, 0.886, 5927.299, -191.502, -8.156, 99.992, 88.148, 92.439
265, 230.000, -58.326, -19.561, 54.437, 22.470, -7.024, 0.010, 66.613, -107.359
265, 325.000,-59.242, -20.327, 5929.349, -100.271, -48.736, 99.992, 88.923, 115.922
266, 230.000, -1.930, 79.069, 33.987, 11.573, 47.208, 0.010, 34.963, -13.775
266, 325.000,-1.656, 84.130, 5923.075, 6.160, 294.612, 99.992, 87.152, -1.198
267, 230.000, -10.232, 3.172, 47.229, -34.031, 11.355, 0.010, 52.780, 71.548
267, 630.000,-34.293, 10.762, 1842.381, -338.806, 106.567, 10.009, 79.088, 72.540
268, 230.000, 23.493, 70.624, 33.422, -47.138, -13.362, 0.010, 34.300, 105.826
268, 325.000,22.907, 72.888, 5927.759, 14.044, 176.288, 99.992, 88.291, -4.555
269, 230.000, 42.150, 26.647, 53.907, 13.633, -20.636, 0.010, 65.354, -146.548
269, 325.000,43.563, 26.615, 5929.582, 93.739, 28.970, 99.992, 89.052, -72.826
270, 230.000, 72.863, 54.781, 48.553, 33.036, -8.302, 0.010, 54.948, -104.107
270, 325.000,79.558, 58.800, 5912.976, 379.347, 250.024, 99.992, 85.606, -56.612
271, 230.000, 81.883, 56.088, 5.857, -58.863, -4.302, 0.010, 5.668, 94.180
271, 325.000,94.347, 65.692, 5873.274, 657.976, 489.388, 99.987, 82.052, -53.359
272, 230.000, -64.870, -60.067, 11.072, -28.927, -50.579, 0.010, 10.759, 150.234
272, 325.000,-70.163, -65.705, 5914.497, -305.632, -308.209, 99.992, 85.803, 135.241
273, 230.000, 25.459, 74.851, 22.216, 52.651, -15.873, 0.010, 21.999, -106.777
273, 325.000,28.241, 77.688, 5925.113, 132.950, 211.904, 99.992, 87.582, -32.104
274, 230.000, -3.298, -70.080, 24.544, 20.823, 49.816, 0.010, 24.446, -22.685
274, 325.000,-2.753, -70.859, 5929.182, 13.642, -119.170, 99.992, 88.841, -173.469
275, 230.000, 4.918, 86.038, 57.471, 14.277, -3.304, 0.010, 75.695, -103.030
275, 325.000,5.649, 91.017, 5921.441, 33.779, 323.978, 99.992, 86.851, -5.952
276, 230.000, -41.274, 33.590, 52.792, -21.857, -15.904, 0.010, 62.886, 126.042
276, 325.000,-42.969, 33.905, 5929.315, -102.391, 48.436, 99.992, 88.906, 64.684
277, 230.000, -29.248, 53.011, 45.798, 34.697, -14.709, 0.010, 50.550, -112.973
277, 325.000,-28.950, 53.992, 5929.576, -25.040, 95.363, 99.992, 89.047, 14.712
278, 230.000, 68.127, 58.519, 45.698, 31.539, -20.848, 0.010, 50.399, -123.465
278, 325.000,73.975, 62.070, 5916.202, 334.658, 236.658, 99.991, 86.037, -54.733
279, 230.000, 75.818, 56.165, 8.335, -13.659, 57.110, 0.010, 8.079, 13.450
279, 325.000,82.849, 63.425, 5903.895, 413.711, 378.226, 99.993, 84.576, -47.566
280, 230.000, 76.128, -43.495, 27.949, -52.036, -5.362, 0.010, 28.115, 95.883
280, 325.000,79.265, -46.372, 5922.579, 247.004, -178.201, 99.992, 87.056, -125.809
281, 230.000, 58.366, 51.651, 4.764, 59.030, 3.218, 0.010, 4.607, -86.880
281, 325.000,62.765, 54.004, 5923.525, 237.303, 158.603, 99.992, 87.241, -56.243
282, 230.000, 5.487, 52.439, 32.069, 31.406, -38.768, 0.010, 32.731, -140.989
282, 325.000,6.615, 52.469, 5929.930, 43.067, 60.528, 99.992, 89.282, -35.432
283, 230.000, -66.783, 65.255, 47.810, -19.062, 29.469, 0.010, 53.718, 32.897
283, 325.000,-73.466, 72.114, 5906.237, -376.996, 379.916, 99.993, 84.822, 44.779
284, 230.000, 90.265, -5.094, 53.706, 17.995, 17.593, 0.010, 64.893, -45.647
284, 325.000,97.526, -4.934, 5914.813, 429.930, -4.529, 99.993, 85.842, -90.604
285, 230.000, 93.216, -11.643, 39.997, -38.664, -20.567, 0.010, 42.405, 118.010
285, 325.000,100.624, -13.340, 5911.964, 459.487, -84.438, 99.992, 85.482, -100.413
286, 230.000, 43.380, -80.865, 29.163, 36.706, 36.329, 0.010, 29.453, -45.295
286, 325.000,47.962, -86.197, 5914.919, 247.330, -349.770, 99.992, 85.858, -144.735
287, 230.000, 22.079, -21.265, 29.192, 51.452, -4.262, 0.010, 29.485, -94.735
287, 325.000,24.205, -21.866, 5929.236, 104.674, -53.250, 99.992, 88.865, -116.964
288, 230.000, -4.300, 2.238, 13.101, -12.991, 56.367, 0.010, 12.761, 12.978
288, 630.000,-14.250, 15.597, 1863.482, -140.913, 169.211, 10.011, 83.261, 39.786
289, 230.000, 8.118, -49.501, 11.914, 38.394, -43.607, 0.010, 11.588, -138.638
289, 325.000,9.532, -52.056, 5928.511, 55.153, -138.979, 99.992, 88.555, -158.355
290, 230.000, 95.131, -29.337, 22.604, 2.877, -54.758, 0.010, 22.403, -176.992
290, 325.000,115.386, -37.179, 5839.217, 979.544, -360.027, 100.037, 79.867, -110.181
291, 230.000, 13.090, 18.534, 55.420, -5.044, -20.514, 0.010, 69.134, 166.187
291, 325.000,13.266, 18.356, 5929.823, 54.366, 62.034, 99.992, 89.203, -41.231
292, 230.000, -6.174, -11.105, 22.135, -31.349, -45.221, 0.010, 21.914, 145.268
292, 630.000,-22.441, -38.525, 1823.379, -224.271, -381.945, 10.010, 76.347, 149.579
293, 230.000, -53.285, 37.628, 26.874, -51.888, -10.151, 0.010, 26.943, 101.069
293, 325.000,-56.552, 38.458, 5927.332, -175.233, 75.085, 99.992, 88.158, 66.806
294, 230.000, -71.035, -62.778, 49.327, -27.847, 17.579, 0.010, 56.273, 57.738
294, 325.000,-79.079, -68.610, 5903.931, -440.829, -344.577, 99.991, 84.586, 128.013
295, 230.000, 52.343, 42.175, 56.479, -0.650, 18.093, 0.010, 72.226, 2.057
295, 325.000,53.985, 44.082, 5927.976, 121.972, 117.645, 99.992, 88.363, -46.034
296, 230.000, -84.710, 27.868, 7.171, -11.887, 57.662, 0.010, 6.945, 11.649
296, 325.000,-90.988, 31.597, 5915.447, -379.675, 181.881, 99.992, 85.929, 64.404
297, 230.000, -86.026, 38.718, 14.571, -17.985, 54.606, 0.010, 14.222, 18.230
297, 325.000,-95.088, 44.215, 5902.100, -507.965, 278.266, 99.994, 84.395, 61.286
298, 230.000, -61.481, 40.937, 12.240, 55.262, -17.718, 0.010, 11.909, -107.776
298, 325.000,-62.015, 41.894, 5928.803, -104.404, 89.440, 99.992, 88.672, 49.414
299, 230.000, -37.111, -45.037, 19.235, 4.961, 55.884, 0.010, 18.924, -5.073
299, 325.000,-37.923, -44.441, 5929.890, -69.959, -33.197, 99.992, 89.252, 115.385
300, 230.000, -57.984, 55.602, 53.400, -2.033, 25.729, 0.010, 64.205, 4.518
300, 325.000,-60.766, 59.009, 5923.963, -186.527, 203.820, 99.992, 87.330, 42.463
