ion,x0,y0,z0,vx0,vy0,vz0,ke0,elev0,azim0,x1,y1,z1,vx1,vy1,vz1,ke1,elev1,azim1
1, 230.000, -33.662, 48.937, 0.728, -56.832, -16.949, 0.010, 0.703, 106.606
1, 325.000,-36.374, 49.714, 5928.422, -128.366, 83.315, 99.992, 88.521, 57.015
2, 230.000, 93.353, -7.967, 31.082, -20.941, -45.968, 0.010, 31.605, 155.508
2, 325.000,101.227, -10.095, 5910.651, 475.233, -91.423, 99.993, 85.319, -100.889
3, 230.000, -38.363, 17.648, 18.415, -37.968, -41.676, 0.010, 18.089, 137.666
3, 325.000,-40.403, 16.700, 5929.359, -110.450, -10.492, 99.992, 88.928, 95.426
4, 230.000, 91.866, 3.066, 7.942, -55.905, -18.143, 0.010, 7.696, 107.980
4, 325.000,97.381, 2.750, 5918.385, 377.357, -4.695, 99.992, 86.351, -90.713
5, 230.000, 29.075, 48.787, 14.080, -13.455, 56.021, 0.010, 13.733, 13.505
5, 325.000,29.397, 51.825, 5928.186, 44.235, 155.703, 99.992, 88.436, -15.860
6, 230.000, -15.278, 39.849, 38.840, 42.890, -13.020, 0.010, 40.910, -106.887
6, 325.000,-14.245, 40.297, 5930.061, 15.936, 60.915, 99.992, 89.392, -14.660
7, 230.000, 75.422, 10.863, 48.384, -20.037, 27.841, 0.010, 54.666, 35.742
7, 325.000,77.827, 12.170, 5927.004, 191.338, 59.691, 99.992, 88.063, -72.674
8, 230.000, -5.958, 25.320, 2.301, 52.105, 28.238, 0.010, 2.223, -61.545
8, 325.000,-4.418, 26.805, 5929.369, 38.382, 103.772, 99.992, 88.931, -20.298
9, 230.000, -29.500, -55.361, 0.456, -48.321, -34.388, 0.010, 0.441, 125.437
9, 325.000,-31.890, -58.058, 5927.221, -114.599, -156.572, 99.992, 88.125, 143.799
10, 230.000, 62.535, 29.081, 48.837, 33.652, -0.419, 0.010, 55.429, -90.714
10, 325.000,65.672, 30.035, 5927.035, 186.890, 70.175, 99.992, 88.071, -69.419
11, 230.000, 41.635, -7.909, 43.074, 11.106, -39.230, 0.010, 46.573, -164.193
11, 325.000,42.888, -9.326, 5929.476, 88.603, -55.295, 99.992, 88.991, -121.967
12, 230.000, 13.905, -22.646, 4.829, -58.993, -3.766, 0.010, 4.670, 93.653
12, 325.000,12.329, -23.290, 5929.911, -20.776, -73.339, 99.992, 89.264, 164.183
13, 230.000, -73.434, -50.290, 42.844, -20.416, 35.570, 0.010, 46.251, 29.854
13, 325.000,-79.058, -52.616, 5918.375, -333.419, -175.884, 99.991, 86.356, 117.812
14, 230.000, 5.473, -47.377, 14.522, -42.283, -38.973, 0.010, 14.173, 132.667
14, 325.000,4.250, -49.693, 5928.915, -33.637, -128.138, 99.992, 88.720, 165.291
15, 230.000, -10.193, 30.109, 20.546, -54.208, -12.529, 0.010, 20.268, 103.014
15, 325.000,-12.146, 30.355, 5929.621, -79.442, 53.677, 99.992, 89.074, 55.954
16, 230.000, -34.034, -24.417, 47.695, -24.690, -25.165, 0.010, 53.529, 135.545
16, 325.000,-35.551, -25.743, 5929.307, -88.529, -71.235, 99.992, 88.902, 128.822
17, 230.000, 24.131, -80.113, 10.972, -54.474, -20.732, 0.010, 10.661, 110.836
17, 325.000,23.711, -85.009, 5922.634, 27.078, -302.191, 99.992, 87.067, -174.880
18, 230.000, 22.074, -46.838, 52.339, 17.862, -21.429, 0.010, 61.942, -140.187
18, 325.000,23.164, -48.631, 5929.046, 60.397, -111.103, 99.992, 88.778, -151.471
19, 230.000, 3.126, 85.880, 33.964, 42.788, -23.093, 0.010, 34.935, -118.357
19, 325.000,4.633, 90.138, 5922.660, 56.844, 297.349, 99.992, 87.074, -10.823
20, 230.000, -61.346, 3.574, 40.616, 42.946, 4.863, 0.010, 43.220, -83.540
20, 325.000,-61.680, 3.826, 5929.785, -84.136, 12.543, 99.992, 89.178, 81.521
21, 230.000, -74.565, 56.814, 58.035, -5.335, -11.003, 0.010, 78.102, 154.135
21, 325.000,-81.605, 61.721, 5909.150, -406.726, 293.855, 99.992, 85.146, 54.152
22, 230.000, -27.202, -58.342, 48.779, 21.632, 25.891, 0.010, 55.330, -39.879
22, 325.000,-27.319, -59.238, 5929.408, -37.373, -101.451, 99.992, 88.955, 159.777
23, 230.000, -34.539, 50.857, 15.898, 19.444, 53.729, 0.010, 15.548, -19.894
23, 325.000,-34.894, 53.989, 5927.882, -53.430, 164.174, 99.992, 88.332, 18.027
24, 230.000, -96.063, -22.066, 30.356, 13.898, 49.020, 0.010, 30.786, -15.829
24, 325.000,-110.460, -24.011, 5880.868, -756.029, -124.496, 99.998, 82.577, 99.351
25, 230.000, 44.181, -31.601, 49.818, -29.820, -12.108, 0.010, 57.136, 112.100
25, 325.000,44.321, -32.758, 5929.687, 54.534, -73.631, 99.992, 89.115, -143.475
26, 230.000, 30.227, -5.472, 38.500, -29.556, 34.086, 0.010, 40.476, 40.928
26, 325.000,29.946, -4.504, 5930.204, 42.331, 22.633, 99.992, 89.536, -61.869
27, 230.000, -73.539, -53.124, 37.814, -31.737, -32.872, 0.010, 39.610, 136.007
27, 325.000,-80.165, -58.216, 5911.607, -377.116, -282.983, 99.991, 85.440, 126.884
28, 230.000, 41.709, -3.568, 45.028, 4.577, -38.329, 0.010, 49.395, -173.191
28, 325.000,42.753, -4.862, 5929.639, 82.327, -46.366, 99.992, 89.087, -119.388
29, 230.000, -40.098, 76.481, 2.123, -30.728, -50.684, 0.010, 2.052, 148.773
29, 325.000,-43.412, 79.402, 5922.812, -184.411, 236.361, 99.992, 87.102, 37.962
30, 230.000, -77.612, -60.847, 48.630, 31.382, 12.957, 0.010, 55.079, -67.565
30, 325.000,-88.716, -69.898, 5881.664, -592.078, -476.677, 99.998, 82.636, 128.837
31, 230.000, -12.547, -6.469, 35.756, -29.755, -36.795, 0.010, 37.075, 141.039
31, 630.000,-29.793, -17.947, 4949.364, -299.517, -189.454, 70.003, 85.904, 122.315
32, 230.000, -82.224, 28.244, 57.022, -15.950, 3.426, 0.010, 74.034, 77.876
32, 325.000,-87.790, 30.092, 5919.473, -340.656, 114.847, 99.991, 86.525, 71.369
33, 230.000, -31.177, 62.077, 43.702, 23.119, 32.762, 0.010, 47.463, -35.210
33, 325.000,-31.498, 65.191, 5927.253, -52.164, 185.941, 99.992, 88.134, 15.671
34, 230.000, 64.621, -39.649, 2.384, -59.194, -2.834, 0.010, 2.304, 92.741
34, 325.000,65.292, -41.294, 5928.190, 116.428, -112.378, 99.992, 88.436, -133.986
35, 230.000, -80.213, -19.758, 10.527, 53.342, -23.695, 0.010, 10.224, -113.951
35, 325.000,-82.538, -21.482, 5925.962, -210.684, -90.623, 99.992, 87.784, 113.274
36, 230.000, 80.870, 1.303, 5.251, -39.009, 44.366, 0.010, 5.079, 41.324
36, 325.000,83.427, 2.754, 5926.279, 215.139, 50.708, 99.992, 87.864, -76.738
37, 230.000, -30.076, 86.436, 23.313, 53.254, 11.755, 0.010, 23.146, -77.552
37, 325.000,-30.807, 93.599, 5914.654, -86.432, 423.457, 99.993, 85.821, 11.536
38, 230.000, 6.696, -95.322, 37.868, 24.744, -38.358, 0.010, 39.678, -147.175
38, 325.000,8.185, -107.020, 5896.405, 67.892, -630.952, 99.994, 83.857, -173.858
39, 230.000, -85.379, -43.358, 49.930, -25.886, -18.829, 0.010, 57.336, 126.031
39, 325.000,-95.745, -48.793, 5896.435, -562.373, -291.664, 99.991, 83.868, 117.413
40, 230.000, -41.593, 66.093, 54.636, 22.434, -5.410, 0.010, 67.102, -103.558
40, 325.000,-42.671, 68.748, 5926.525, -99.334, 189.508, 99.991, 87.932, 27.662
41, 230.000, -85.675, -33.722, 6.456, -10.950, 57.931, 0.010, 6.250, 10.704
41, 325.000,-92.994, -34.689, 5913.840, -430.158, -103.128, 99.991, 85.722, 103.482
42, 230.000, -12.649, -30.816, 55.824, 6.338, 19.005, 0.010, 70.258, -18.444
42, 325.000,-12.719, -30.872, 5930.176, -20.778, -46.892, 99.992, 89.504, 156.102
43, 230.000, -17.668, -90.338, 54.442, -2.096, 23.436, 0.010, 66.626, 5.112
43, 325.000,-19.161, -96.927, 5915.253, -88.005, -413.688, 99.990, 85.910, 167.990
44, 230.000, 62.133, -63.266, 25.237, -20.903, 49.434, 0.010, 25.184, 22.921
44, 325.000,65.548, -65.874, 5922.158, 233.460, -207.943, 99.992, 86.978, -131.691
45, 230.000, -75.274, 55.997, 1.059, 55.768, -20.160, 0.010, 1.023, -109.875
45, 325.000,-80.346, 60.422, 5914.446, -337.752, 273.976, 99.992, 85.794, 50.952
46, 230.000, 16.644, 2.085, 38.429, 23.090, -38.829, 0.010, 40.386, -149.262
46, 630.000,37.416, -0.329, 4948.562, 368.187, -21.796, 70.010, 85.737, -93.388
47, 230.000, 43.155, 23.206, 56.028, 6.148, 18.458, 0.010, 70.851, -18.422
47, 325.000,44.339, 24.322, 5929.434, 86.755, 62.333, 99.992, 88.968, -54.303
48, 230.000, 44.331, -44.657, 7.604, 33.005, 48.688, 0.010, 7.366, -34.133
48, 325.000,46.646, -44.391, 5928.792, 129.994, -45.855, 99.992, 88.668, -109.430
49, 230.000, -2.733, 50.627, 39.025, -13.735, 42.498, 0.010, 41.146, 17.911
49, 325.000,-3.233, 53.165, 5928.725, -19.370, 139.423, 99.992, 88.640, 7.910
50, 230.000, 94.115, -0.180, 12.236, -0.003, 58.034, 0.010, 11.906, 0.003
50, 325.000,103.075, 1.573, 5907.328, 518.671, 60.897, 99.991, 84.948, -83.304
51, 230.000, 34.640, -9.665, 3.131, -56.588, 17.481, 0.010, 3.026, 72.833
51, 325.000,33.568, -9.312, 5930.381, 12.999, -1.861, 99.992, 89.873, -98.145
52, 230.000, -48.174, -30.462, 29.156, 50.741, 9.639, 0.010, 29.445, -79.244
52, 325.000,-47.790, -30.930, 5930.027, -42.811, -50.329, 99.992, 89.362, 139.615
53, 230.000, 50.446, -79.130, 20.546, 53.195, -16.304, 0.010, 20.268, -107.040
53, 325.000,56.880, -87.173, 5903.438, 335.111, -454.054, 99.990, 84.540, -143.571
54, 230.000, 80.171, -49.849, 11.090, -21.731, 54.059, 0.010, 10.777, 21.899
54, 325.000,87.120, -52.933, 5911.714, 417.609, -216.428, 99.992, 85.451, -117.396
55, 230.000, 65.939, -8.364, 20.157, 55.005, -9.262, 0.010, 19.868, -99.558
55, 325.000,69.757, -8.921, 5926.573, 210.899, -29.130, 99.992, 87.943, -97.864
56, 230.000, -59.980, 63.111, 17.101, -48.403, 29.705, 0.010, 16.759, 58.463
56, 325.000,-65.273, 68.022, 5916.361, -292.011, 284.809, 99.992, 86.056, 45.715
57, 230.000, 12.956, 91.729, 32.903, 48.701, -7.951, 0.010, 33.695, -99.273
57, 325.000,15.548, 99.292, 5911.781, 117.266, 455.004, 99.993, 85.456, -14.452
58, 230.000, 25.840, 89.247, 39.063, -32.577, 30.504, 0.010, 41.195, 46.883
58, 325.000,27.114, 98.012, 5908.878, 99.064, 494.374, 99.990, 85.123, -11.331
59, 230.000, 13.952, 77.599, 14.535, -4.925, -57.290, 0.010, 14.186, 175.086
59, 325.000,14.400, 79.153, 5927.828, 36.332, 170.744, 99.992, 88.313, -12.013
60, 230.000, 26.605, -85.643, 57.941, 6.378, -10.944, 0.010, 77.668, -149.767
60, 325.000,28.692, -92.068, 5916.396, 123.714, -388.088, 99.992, 86.062, -162.319
61, 230.000, 35.514, 3.285, 16.832, 56.267, 8.269, 0.010, 16.487, -81.639
61, 325.000,38.061, 3.618, 5929.001, 127.691, 14.999, 99.992, 88.758, -83.301
62, 230.000, -66.783, -64.113, 33.388, -45.537, 18.145, 0.010, 34.260, 68.274
62, 325.000,-73.898, -69.052, 5909.797, -387.706, -306.384, 99.993, 85.220, 128.318
63, 230.000, -23.769, 44.627, 54.839, 15.000, -16.892, 0.010, 67.611, -138.396
63, 325.000,-23.848, 45.131, 5929.953, -29.109, 66.318, 99.992, 89.300, 23.698
64, 230.000, 11.579, -32.821, 4.514, 59.071, 2.800, 0.010, 4.365, -87.286
64, 325.000,13.717, -33.427, 5929.443, 85.013, -63.491, 99.992, 88.975, -126.754
65, 230.000, -25.618, 12.036, 26.016, -52.435, 9.560, 0.010, 26.017, 79.667
65, 325.000,-27.853, 12.604, 5929.114, -117.180, 39.162, 99.992, 88.806, 71.520
66, 230.000, -36.946, 80.772, 5.325, 12.984, 57.625, 0.010, 5.151, -12.698
66, 325.000,-39.093, 88.130, 5914.552, -144.956, 408.059, 99.991, 85.812, 19.557
67, 230.000, -52.659, -64.889, 37.146, 3.205, -46.126, 0.010, 38.778, -176.026
67, 325.000,-55.375, -69.792, 5921.112, -182.164, -277.199, 99.992, 86.794, 146.689
68, 230.000, 23.171, -69.744, 32.052, 47.718, -14.605, 0.010, 32.712, -107.018
68, 325.000,25.541, -72.827, 5925.907, 111.816, -201.801, 99.992, 87.770, -151.009
69, 230.000, -42.334, 10.153, 12.084, -57.173, -10.141, 0.010, 11.756, 100.058
69, 325.000,-45.083, 10.051, 5928.806, -137.008, 8.151, 99.992, 88.674, 86.595
70, 230.000, 24.791, -1.127, 3.081, -18.377, 56.306, 0.010, 2.977, 18.076
70, 325.000,24.789, 0.659, 5929.737, 66.339, 57.229, 99.991, 89.154, -49.217
71, 230.000, -39.222, 73.674, 3.846, 9.970, 58.339, 0.010, 3.718, -9.698
71, 325.000,-41.011, 79.443, 5920.298, -127.893, 321.432, 99.992, 86.656, 21.697
72, 230.000, 27.938, -78.326, 7.997, 42.678, 40.401, 0.010, 7.749, -46.570
72, 325.000,30.705, -81.086, 5924.474, 140.170, -224.560, 99.991, 87.442, -148.028
73, 230.000, 79.226, -7.343, 24.779, -35.759, 40.310, 0.010, 24.696, 41.576
73, 325.000,81.638, -6.410, 5926.850, 204.157, 19.866, 99.992, 88.018, -84.442
74, 230.000, 43.422, 2.526, 15.441, -12.485, 55.887, 0.010, 15.091, 12.593
74, 325.000,43.968, 4.363, 5929.682, 67.534, 62.600, 99.992, 89.110, -47.171
75, 230.000, -12.266, 0.036, 47.258, -31.681, -16.751, 0.010, 52.826, 117.868
75, 630.000,-29.507, -1.944, 4953.128, -298.490, -26.663, 70.007, 86.538, 95.104
76, 230.000, -74.067, -28.433, 48.033, -34.538, -4.189, 0.010, 54.083, 96.916
76, 325.000,-78.510, -29.856, 5923.706, -266.051, -92.620, 99.992, 87.277, 109.195
77, 230.000, 70.438, -64.985, 56.274, 0.671, 18.719, 0.010, 71.590, -2.052
77, 325.000,78.225, -71.587, 5902.056, 435.844, -381.449, 99.992, 84.395, -131.192
78, 230.000, -64.305, -9.281, 53.313, 18.621, -18.128, 0.010, 64.013, -134.232
78, 325.000,-65.639, -10.128, 5928.965, -124.057, -39.531, 99.992, 88.742, 107.674
79, 230.000, -13.388, 20.705, 35.310, 14.773, -45.306, 0.010, 36.538, -161.941
79, 325.000,-13.240, 19.757, 5930.195, -35.025, 29.560, 99.991, 89.557, 49.836
80, 230.000, -36.239, -57.050, 4.540, 31.020, -50.346, 0.010, 4.390, -148.361
80, 325.000,-36.421, -60.477, 5927.200, -53.315, -187.194, 99.992, 88.119, 164.102
81, 230.000, 34.846, 62.210, 4.098, -38.418, -44.999, 0.010, 3.962, 139.511
81, 325.000,34.831, 62.928, 5929.230, 46.630, 107.838, 99.992, 88.865, -23.384
82, 230.000, -48.320, -37.229, 53.353, 25.485, 4.649, 0.010, 64.101, -79.662
82, 325.000,-48.843, -38.104, 5929.476, -74.653, -73.061, 99.992, 88.991, 134.383
83, 230.000, 6.496, 71.015, 48.971, -20.874, -26.149, 0.010, 55.657, 141.401
83, 325.000,6.067, 72.660, 5928.472, -5.462, 150.858, 99.992, 88.541, 2.074
84, 230.000, -38.569, -89.533, 22.631, -49.195, -24.193, 0.010, 22.431, 116.187
84, 325.000,-45.354, -102.581, 5881.571, -335.715, -682.789, 99.998, 82.629, 153.817
85, 230.000, 47.220, 47.222, 49.244, -20.453, 25.968, 0.010, 56.128, 38.225
85, 325.000,48.054, 49.516, 5928.176, 87.968, 136.252, 99.992, 88.433, -32.848
86, 230.000, -53.313, 59.406, 18.823, 52.134, 21.105, 0.010, 18.503, -67.961
86, 325.000,-54.097, 62.759, 5925.801, -110.186, 205.861, 99.992, 87.744, 28.158
87, 230.000, 72.667, -63.051, 48.611, 1.536, -33.946, 0.010, 55.045, -177.410
87, 325.000,81.197, -71.435, 5895.043, 470.882, -443.449, 99.993, 83.738, -133.281
88, 230.000, -16.821, 39.675, 28.593, 30.122, 42.340, 0.010, 28.823, -35.429
88, 325.000,-16.228, 41.885, 5929.241, 0.179, 117.046, 99.992, 88.869, -0.088
89, 230.000, -84.360, 51.705, 25.992, -24.409, -47.394, 0.010, 25.992, 152.750
89, 325.000,-99.395, 59.068, 5868.497, -755.196, 395.880, 99.982, 81.733, 62.336
90, 230.000, 55.876, 33.828, 41.837, 10.455, -40.718, 0.010, 44.862, -165.599
90, 325.000,57.888, 33.564, 5928.734, 136.314, 33.632, 99.992, 88.643, -76.141
91, 230.000, -59.308, 21.228, 14.873, 24.656, -51.851, 0.010, 14.523, -154.569
91, 325.000,-60.213, 20.189, 5929.517, -101.804, -8.237, 99.992, 89.013, 94.626
92, 230.000, -38.582, 11.579, 48.683, 31.588, 12.241, 0.010, 55.168, -68.818
92, 325.000,-38.404, 12.215, 5930.157, -40.558, 34.717, 99.992, 89.484, 49.437
93, 230.000, 12.437, 41.234, 37.258, -44.206, 13.239, 0.010, 38.917, 73.328
93, 325.000,11.302, 42.549, 5929.664, -22.760, 90.128, 99.992, 89.102, 14.173
94, 230.000, -21.823, 37.241, 29.049, -30.478, -41.772, 0.010, 29.327, 143.884
94, 325.000,-23.266, 36.720, 5929.900, -72.182, 25.973, 99.992, 89.259, 70.210
95, 230.000, -25.294, -29.262, 30.231, -27.120, -43.223, 0.010, 30.645, 147.894
95, 325.000,-26.695, -31.260, 5929.069, -75.711, -99.884, 99.992, 88.789, 142.838
96, 230.000, -43.610, 48.800, 53.440, 24.941, -6.309, 0.010, 64.294, -104.195
96, 325.000,-44.139, 50.071, 5929.065, -71.987, 103.001, 99.992, 88.786, 34.950
97, 230.000, -26.028, 72.863, 2.348, -7.088, 58.838, 0.010, 2.269, 6.869
97, 325.000,-27.368, 77.841, 5923.276, -84.672, 277.902, 99.992, 87.192, 16.945
98, 230.000, 39.136, 26.467, 20.441, 23.387, -50.526, 0.010, 20.160, -155.162
98, 325.000,40.759, 25.453, 5929.605, 96.689, -3.308, 99.992, 89.065, -91.960
99, 230.000, 31.065, -28.737, 4.666, -43.291, 40.271, 0.010, 4.513, 47.070
99, 325.000,30.351, -28.070, 5930.367, 13.690, -12.432, 99.992, 89.821, -132.243
100, 230.000, 21.551, -81.208, 39.233, 21.281, -39.058, 0.010, 41.414, -151.415
100, 325.000,23.390, -86.864, 5920.235, 99.724, -332.447, 99.992, 86.645, -163.302
101, 230.000, -18.669, 89.261, 35.070, -46.798, -9.884, 0.010, 36.249, 101.926
101, 325.000,-21.549, 95.862, 5914.730, -137.277, 408.309, 99.992, 85.835, 18.583
102, 230.000, 45.150, -35.615, 33.641, -27.667, 40.254, 0.010, 34.556, 34.501
102, 325.000,45.431, -35.253, 5930.008, 61.246, -29.212, 99.992, 89.344, -115.499
103, 230.000, -82.607, 43.638, 53.780, -24.880, 2.520, 0.010, 65.062, 84.216
103, 325.000,-90.895, 47.693, 5907.351, -466.841, 235.302, 99.993, 84.943, 63.251
104, 230.000, 64.460, 31.692, 50.509, 28.159, 13.173, 0.010, 58.388, -64.928
104, 325.000,67.657, 33.243, 5926.399, 195.564, 95.450, 99.992, 87.897, -63.984
105, 230.000, -38.083, -23.989, 50.790, -22.147, -21.155, 0.010, 58.909, 133.688
105, 325.000,-39.625, -25.189, 5929.298, -93.040, -66.067, 99.992, 88.897, 125.378
106, 230.000, 57.047, -29.669, 26.854, -7.351, 52.369, 0.010, 26.922, 7.990
106, 325.000,58.487, -28.884, 5929.214, 117.777, -10.822, 99.992, 88.857, -95.250
107, 230.000, -76.089, 23.873, 46.545, 36.758, -0.183, 0.010, 51.701, -90.286
107, 325.000,-78.359, 24.939, 5926.744, -194.977, 73.073, 99.992, 87.988, 69.455
108, 230.000, -18.196, 87.754, 24.097, -33.915, -42.270, 0.010, 23.972, 141.258
108, 325.000,-20.502, 92.530, 5919.948, -114.264, 333.046, 99.992, 86.596, 18.936
109, 230.000, -23.560, -55.186, 25.925, 53.335, -0.961, 0.010, 25.920, -91.033
109, 325.000,-22.506, -56.703, 5929.277, 6.679, -114.932, 99.992, 88.888, -176.674
110, 230.000, 16.578, 29.162, 39.714, 2.581, -43.975, 0.010, 42.037, -176.641
110, 325.000,17.016, 28.386, 5930.244, 38.934, 17.695, 99.992, 89.587, -65.559
111, 230.000, 8.546, 71.343, 42.726, -32.387, -25.361, 0.010, 46.087, 128.063
111, 325.000,7.831, 73.059, 5928.373, -12.093, 154.511, 99.992, 88.502, 4.475
112, 230.000, -42.584, 61.628, 48.692, 12.446, 31.493, 0.010, 55.183, -21.564
112, 325.000,-43.859, 65.023, 5926.005, -104.351, 202.761, 99.992, 87.796, 27.233
113, 230.000, 47.091, 82.800, 20.186, -28.912, 47.689, 0.010, 19.898, 31.227
113, 325.000,51.230, 93.068, 5899.588, 252.312, 548.920, 99.993, 84.153, -24.686
114, 230.000, -64.777, -10.302, 37.604, 10.733, 44.592, 0.010, 39.347, -13.533
114, 325.000,-66.398, -9.208, 5928.822, -134.771, 23.140, 99.992, 88.679, 80.258
115, 230.000, 16.389, 89.571, 18.569, 2.901, -56.253, 0.010, 18.246, -177.047
115, 325.000,17.702, 94.530, 5919.603, 77.848, 348.970, 99.992, 86.544, -12.576
116, 230.000, 33.361, 58.816, 31.236, 26.447, 42.924, 0.010, 31.780, -31.639
116, 325.000,35.275, 62.073, 5926.559, 106.873, 184.563, 99.992, 87.939, -30.073
117, 230.000, 12.953, -10.572, 20.875, -31.365, -45.805, 0.010, 20.608, 145.598
117, 630.000,23.179, -27.520, 4949.507, 206.186, -284.691, 70.001, 85.938, -144.086
118, 230.000, 54.848, -23.326, 52.518, -22.889, 15.348, 0.010, 62.312, 56.156
118, 325.000,55.590, -23.464, 5929.648, 88.695, -31.900, 99.992, 89.089, -109.781
119, 230.000, 24.894, 84.882, 7.656, 22.192, -54.466, 0.010, 7.417, -157.832
119, 325.000,27.194, 88.691, 5922.024, 125.150, 289.065, 99.992, 86.955, -23.410
120, 230.000, 2.176, -67.615, 15.711, 53.086, -21.277, 0.010, 15.361, -111.841
120, 325.000,3.923, -70.461, 5927.294, 60.405, -181.952, 99.992, 88.147, -161.635
121, 230.000, 27.354, 18.899, 24.452, -48.493, 23.836, 0.010, 24.348, 63.824
121, 325.000,26.391, 20.066, 5930.022, 8.940, 66.218, 99.992, 89.354, -7.689
122, 230.000, -69.767, -2.911, 27.366, -40.837, -33.183, 0.010, 27.478, 129.096
122, 325.000,-73.437, -4.056, 5926.329, -215.558, -41.806, 99.992, 87.878, 100.976
123, 230.000, -27.030, 16.918, 4.538, 35.869, 47.015, 0.010, 4.388, -37.341
123, 325.000,-26.462, 18.790, 5929.715, -22.813, 87.145, 99.992, 89.130, 14.670
124, 230.000, -37.472, 55.864, 27.447, 50.860, -13.322, 0.010, 27.567, -104.678
124, 325.000,-37.039, 57.190, 5929.180, -33.650, 115.177, 99.992, 88.841, 16.286
125, 230.000, -59.772, -12.816, 58.768, -1.486, -7.855, 0.010, 82.254, 169.285
125, 325.000,-61.473, -13.418, 5928.922, -127.432, -35.141, 99.992, 88.723, 105.417
126, 230.000, -54.142, -60.868, 16.149, -14.886, -55.093, 0.010, 15.800, 164.880
126, 325.000,-57.289, -65.605, 5921.472, -195.381, -259.985, 99.992, 86.856, 143.075
127, 230.000, -50.633, -63.131, 46.270, -9.926, 35.752, 0.010, 51.274, 15.516
127, 325.000,-53.328, -64.993, 5925.641, -171.864, -163.772, 99.992, 87.706, 133.619
128, 230.000, -92.752, -14.241, 36.058, 25.473, -39.605, 0.010, 37.442, -147.252
128, 325.000,-100.525, -16.759, 5910.457, -471.303, -118.717, 99.992, 85.299, 104.138
129, 230.000, -59.600, -36.876, 27.375, -19.727, 48.776, 0.010, 27.488, 22.020
129, 325.000,-62.238, -36.587, 5927.903, -167.097, -39.845, 99.992, 88.340, 103.412
130, 230.000, 51.412, 56.270, 28.271, -26.816, 44.714, 0.010, 28.468, 30.952
130, 325.000,52.662, 59.961, 5925.618, 118.099, 206.758, 99.992, 87.699, -29.735
131, 230.000, -22.376, 16.659, 56.738, 16.133, 6.181, 0.010, 73.064, -69.037
131, 325.000,-22.364, 17.229, 5930.024, -43.470, 51.689, 99.992, 89.347, 40.064
132, 230.000, -39.083, 44.934, 36.985, -46.267, -3.025, 0.010, 38.578, 93.741
132, 325.000,-41.601, 46.053, 5928.313, -128.883, 89.870, 99.992, 88.482, 55.112
133, 230.000, -38.472, 26.228, 28.325, 20.950, -47.712, 0.010, 28.528, -156.294
133, 325.000,-38.662, 25.294, 5930.189, -49.675, -0.759, 99.992, 89.520, 90.875
134, 230.000, -39.769, 51.521, 50.779, 30.621, -1.222, 0.010, 58.889, -92.285
134, 325.000,-39.995, 53.022, 5929.028, -56.965, 113.743, 99.992, 88.771, 26.603
135, 230.000, 63.137, -0.097, 46.819, -21.719, -29.222, 0.010, 52.129, 143.379
135, 325.000,64.262, -1.020, 5929.220, 113.901, -30.546, 99.992, 88.861, -105.013
136, 230.000, -52.228, -11.587, 14.437, -26.113, 51.257, 0.010, 14.088, 26.997
136, 325.000,-54.330, -10.239, 5928.944, -127.576, 30.789, 99.992, 88.732, 76.432
137, 230.000, 9.695, 0.788, 20.540, 21.418, -51.352, 0.010, 20.263, -157.359
137, 630.000,22.952, -4.562, 4956.231, 231.252, -68.391, 70.005, 87.214, -106.475
138, 230.000, -30.453, 62.782, 11.287, 26.077, 52.060, 0.010, 10.971, -26.607
138, 325.000,-30.666, 66.563, 5926.496, -48.124, 209.521, 99.992, 87.923, 12.936
139, 230.000, -17.221, -79.591, 18.014, 15.809, -54.251, 0.010, 17.681, -163.753
139, 325.000,-17.579, -85.222, 5921.571, -40.466, -320.884, 99.992, 86.874, 172.813
140, 230.000, -65.911, 27.606, 22.939, 17.294, 51.888, 0.010, 22.753, -18.433
140, 325.000,-67.688, 30.213, 5927.219, -149.293, 124.204, 99.992, 88.123, 50.241
141, 230.000, -77.461, 24.108, 23.999, 53.199, -10.561, 0.010, 23.869, -101.228
141, 325.000,-79.430, 24.908, 5926.991, -189.939, 65.408, 99.992, 88.059, 70.998
142, 230.000, 50.493, -73.996, 37.479, -45.962, 0.683, 0.010, 39.192, 89.149
142, 325.000,52.582, -79.109, 5919.451, 169.013, -318.291, 99.992, 86.516, -152.032
143, 230.000, 57.105, -48.333, 43.986, 29.205, -27.017, 0.010, 47.870, -132.771
143, 325.000,60.262, -51.077, 5925.183, 188.536, -161.977, 99.992, 87.598, -130.667
144, 230.000, -42.798, 85.378, 31.636, -7.050, -49.670, 0.010, 32.236, 171.922
144, 325.000,-47.496, 92.821, 5907.235, -261.639, 453.906, 99.993, 84.932, 29.960
145, 230.000, 75.642, -57.852, 23.339, 28.325, 46.590, 0.010, 23.173, -31.298
145, 325.000,84.396, -62.478, 5903.849, 477.999, -292.695, 99.992, 84.577, -121.481
146, 230.000, -50.380, -71.378, 4.838, 24.046, -54.000, 0.010, 4.679, -155.997
146, 325.000,-52.830, -77.586, 5917.740, -177.377, -344.461, 99.992, 86.254, 152.754
147, 230.000, 19.828, 7.069, 55.572, 19.061, 8.128, 0.010, 69.550, -66.906
147, 325.000,20.942, 7.509, 5929.215, 113.384, 41.916, 99.993, 88.832, -69.712
148, 230.000, -19.841, 9.602, 5.855, -22.986, 54.360, 0.010, 5.666, 22.921
148, 325.000,-21.063, 11.586, 5928.725, -100.177, 95.825, 99.990, 88.661, 46.272
149, 230.000, 5.124, -27.765, 49.425, -24.863, -21.369, 0.010, 56.443, 130.678
149, 325.000,4.445, -29.059, 5929.656, -13.240, -93.353, 99.992, 89.089, 171.928
150, 230.000, -86.324, -5.910, 33.403, -31.419, 37.613, 0.010, 34.277, 39.873
150, 325.000,-92.552, -5.105, 5918.851, -369.582, 16.695, 99.992, 86.423, 87.414
151, 230.000, 87.376, 44.953, 40.943, -35.066, 24.732, 0.010, 43.656, 54.804
151, 325.000,99.261, 52.341, 5883.614, 641.226, 375.767, 99.991, 82.801, -59.629
152, 230.000, 75.736, 45.101, 47.963, -8.920, 33.729, 0.010, 53.967, 14.813
152, 325.000,80.412, 49.088, 5918.540, 302.445, 221.394, 99.992, 86.376, -53.795
153, 230.000, 73.517, -40.686, 23.648, 54.390, -0.417, 0.010, 23.498, -90.439
153, 325.000,79.242, -42.930, 5919.860, 321.560, -146.674, 99.992, 86.583, -114.519
154, 230.000, -53.364, 68.154, 35.497, 28.332, -38.143, 0.010, 36.762, -143.395
154, 325.000,-55.631, 70.988, 5923.864, -172.600, 218.371, 99.992, 87.310, 38.323
155, 230.000, -4.905, 82.888, 8.549, 58.177, -7.743, 0.010, 8.287, -97.581
155, 325.000,-3.340, 86.903, 5923.854, 44.490, 274.582, 99.991, 87.312, -9.204
156, 230.000, 59.677, -72.239, 4.429, 56.180, 18.488, 0.010, 4.283, -71.784
156, 325.000,66.961, -78.410, 5906.272, 383.592, -372.107, 99.992, 84.830, -134.129
157, 230.000, -23.147, -30.225, 17.418, -48.149, -29.932, 0.010, 17.078, 121.867
157, 325.000,-25.175, -31.821, 5929.001, -93.738, -88.205, 99.992, 88.756, 133.258
158, 230.000, -84.799, 52.242, 34.541, -32.959, -35.189, 0.010, 35.618, 136.875
158, 325.000,-104.717, 62.871, 5833.721, -941.511, 520.340, 100.048, 79.552, 61.072
159, 230.000, -84.805, 7.459, 9.351, 57.657, 10.290, 0.010, 9.071, -79.881
159, 325.000,-87.675, 8.190, 5925.243, -244.218, 37.667, 99.992, 87.612, 81.232
160, 230.000, -40.129, -72.110, 21.874, 28.249, 47.340, 0.010, 21.643, -30.826
160, 325.000,-41.231, -74.197, 5926.496, -103.020, -188.723, 99.992, 87.922, 151.371
161, 230.000, 40.448, -21.751, 37.153, -30.172, 35.028, 0.010, 38.787, 40.741
161, 325.000,40.384, -21.119, 5930.233, 43.757, -4.054, 99.992, 89.575, -95.294
162, 230.000, -32.627, 67.726, 9.356, 11.479, -57.431, 0.010, 9.076, -168.697
162, 325.000,-33.519, 68.519, 5928.612, -76.497, 123.670, 99.992, 88.595, 31.739
163, 230.000, -29.363, 51.138, 40.444, 40.423, 15.745, 0.010, 42.993, -68.719
163, 325.000,-28.865, 52.991, 5929.138, -18.009, 120.676, 99.992, 88.821, 8.488
164, 230.000, 70.022, -44.625, 35.502, -47.389, -3.400, 0.010, 36.769, 94.104
164, 325.000,72.103, -46.997, 5925.441, 186.789, -154.373, 99.992, 87.658, -129.572
165, 230.000, -87.663, 17.289, 46.527, 23.153, 28.580, 0.010, 51.672, -39.011
165, 325.000,-92.984, 19.358, 5919.080, -351.103, 104.338, 99.992, 86.459, 73.450
166, 230.000, -2.106, 20.718, 35.028, -2.791, 47.780, 0.010, 36.199, 3.343
166, 325.000,-2.248, 22.769, 5928.640, -12.156, 142.161, 99.990, 88.621, 4.888
167, 230.000, 14.786, 45.319, 7.986, 58.382, -6.735, 0.010, 7.738, -96.581
167, 325.000,16.982, 46.128, 5929.244, 87.858, 77.013, 99.992, 88.871, -48.763
168, 230.000, -39.561, -22.117, 28.595, -42.462, 29.949, 0.010, 28.825, 54.804
168, 325.000,-41.786, -21.654, 5929.236, -116.871, -9.744, 99.992, 88.867, 94.766
169, 230.000, 56.588, -43.194, 48.024, -9.554, -33.467, 0.010, 54.068, 164.067
169, 325.000,58.272, -45.758, 5927.149, 133.186, -144.158, 99.992, 88.103, -137.265
170, 230.000, 27.809, 18.775, 8.592, 58.511, 4.508, 0.010, 8.330, -85.594
170, 325.000,30.270, 19.317, 5929.073, 117.593, 42.897, 99.992, 88.791, -69.958
171, 230.000, -20.383, 9.038, 45.997, 4.496, 37.171, 0.010, 50.854, -6.897
171, 325.000,-20.743, 10.451, 5929.401, -78.750, 78.157, 99.993, 88.928, 45.217
172, 230.000, -83.120, 51.384, 54.748, -6.488, -21.867, 0.010, 67.383, 163.473
172, 325.000,-94.783, 57.822, 5887.532, -618.355, 354.536, 99.996, 83.097, 60.172
173, 230.000, 22.140, -46.561, 45.861, 33.514, -17.064, 0.010, 50.646, -116.983
173, 325.000,23.727, -48.207, 5928.954, 76.664, -105.928, 99.992, 88.737, -144.105
174, 230.000, -41.660, 14.668, 27.147, 41.119, 33.014, 0.010, 27.240, -51.239
174, 325.000,-41.261, 16.039, 5929.977, -34.719, 61.438, 99.992, 89.318, 29.471
175, 230.000, -36.359, 10.942, 4.800, 46.053, -37.063, 0.010, 4.642, -128.827
175, 325.000,-35.660, 9.989, 5930.324, -24.328, -16.839, 99.992, 89.714, 124.690
176, 230.000, 83.986, -8.614, 22.874, 53.469, -11.642, 0.010, 22.685, -102.283
176, 325.000,90.350, -9.458, 5919.111, 363.071, -43.730, 99.992, 86.465, -96.868
177, 230.000, 97.926, -3.400, 8.927, 43.285, -39.552, 0.010, 8.657, -132.420
177, 325.000,113.764, -5.091, 5874.453, 808.364, -68.923, 99.986, 82.137, -94.873
178, 230.000, 19.449, -19.125, 54.218, 14.987, -18.800, 0.010, 66.086, -141.440
178, 325.000,20.360, -20.150, 5929.595, 67.496, -70.680, 99.992, 89.056, -136.320
179, 230.000, 23.300, -22.999, 7.066, 27.188, -52.235, 0.010, 6.843, -152.503
179, 325.000,24.664, -25.159, 5929.023, 76.540, -102.065, 99.992, 88.767, -143.133
180, 230.000, 59.992, -75.346, 15.992, -55.040, -15.249, 0.010, 15.642, 105.486
180, 325.000,65.229, -84.473, 5900.624, 324.078, -497.272, 99.992, 84.256, -146.907
181, 230.000, -21.074, 9.970, 11.639, 58.149, -0.914, 0.010, 11.317, -90.901
181, 325.000,-19.735, 10.194, 5930.215, -32.049, 44.949, 99.994, 89.467, 35.489
182, 230.000, 71.672, -8.283, 1.325, 55.297, -21.404, 0.010, 1.280, -111.160
182, 325.000,76.040, -9.262, 5925.158, 245.310, -44.027, 99.992, 87.591, -100.175
183, 230.000, -41.726, -50.381, 54.868, 6.259, -21.633, 0.010, 67.685, -163.863
183, 325.000,-42.797, -52.592, 5928.177, -87.876, -136.442, 99.992, 88.432, 147.216
184, 230.000, -19.759, -55.480, 16.918, -9.700, -56.012, 0.010, 16.574, 170.175
184, 325.000,-20.598, -58.748, 5927.670, -50.800, -172.488, 99.992, 88.262, 163.590
185, 230.000, -46.254, -6.739, 18.949, 31.767, 46.362, 0.010, 18.633, -34.418
185, 325.000,-46.273, -5.413, 5930.054, -52.877, 35.523, 99.992, 89.385, 56.107
186, 230.000, -94.506, -14.714, 46.766, -35.607, -7.921, 0.010, 52.046, 102.541
186, 325.000,-106.098, -16.591, 5896.448, -625.959, -100.001, 99.993, 83.864, 99.077
187, 230.000, 22.844, 24.687, 51.932, -24.733, -14.457, 0.010, 61.117, 120.307
187, 325.000,22.547, 24.756, 5930.227, 23.462, 38.192, 99.992, 89.567, -31.563
188, 230.000, -62.284, 50.392, 49.134, 19.309, -27.031, 0.010, 55.937, -144.461
188, 325.000,-64.521, 51.846, 5926.476, -173.146, 128.122, 99.992, 87.919, 53.500
189, 230.000, 40.959, 88.578, 27.196, 23.669, -47.094, 0.010, 27.293, -153.316
189, 325.000,47.099, 98.915, 5893.367, 317.562, 581.469, 99.995, 83.586, -28.641
190, 230.000, -87.263, -33.633, 5.448, -53.748, 24.476, 0.010, 5.271, 65.516
190, 325.000,-97.017, -36.009, 5904.694, -529.360, -155.838, 99.993, 84.661, 106.404
191, 230.000, -19.950, 52.186, 3.810, 40.132, 43.504, 0.010, 3.683, -42.691
191, 325.000,-19.179, 54.893, 5928.543, 2.181, 148.185, 99.992, 88.568, -0.843
192, 230.000, 6.506, 16.877, 21.083, -52.328, 18.301, 0.010, 20.823, 70.724
192, 630.000,7.215, 37.243, 4948.680, 43.513, 363.513, 70.008, 85.769, -6.826
193, 230.000, 43.226, -15.523, 27.047, 19.212, 49.163, 0.010, 27.132, -21.344
193, 325.000,44.797, -14.304, 5929.512, 99.738, 22.238, 99.992, 89.013, -77.431
194, 230.000, -88.576, -30.730, 3.542, 28.277, 52.015, 0.010, 3.424, -28.530
194, 325.000,-95.704, -31.912, 5913.248, -438.105, -107.030, 99.993, 85.639, 103.729
195, 230.000, 44.758, -86.112, 40.120, -25.882, -35.188, 0.010, 42.566, 143.664
195, 325.000,49.732, -98.232, 5889.209, 283.579, -636.610, 99.989, 83.251, -155.989
196, 230.000, 40.197, -86.711, 44.980, -22.329, 31.558, 0.010, 49.322, 35.281
196, 325.000,43.767, -94.913, 5906.672, 216.281, -484.282, 99.993, 84.869, -155.934
197, 230.000, 12.772, 11.422, 25.733, -8.765, 52.713, 0.010, 25.714, 9.440
197, 630.000,25.470, 30.057, 4946.982, 238.311, 311.589, 70.016, 85.466, -37.410
198, 230.000, -93.845, -11.164, 26.240, 28.953, 44.619, 0.010, 26.259, -32.979
198, 325.000,-102.004, -10.883, 5910.039, -491.055, -14.518, 99.993, 85.248, 91.693
199, 230.000, 28.885, 47.779, 21.612, -0.056, -55.232, 0.010, 21.370, 179.942
199, 325.000,29.603, 47.217, 5930.017, 56.412, 36.185, 99.992, 89.352, -57.322
200, 230.000, -55.206, -41.464, 43.866, 16.322, -36.428, 0.010, 47.699, -155.865
200, 325.000,-56.521, -43.982, 5927.639, -116.513, -138.210, 99.992, 88.253, 139.869
201, 230.000, 28.027, -26.298, 9.982, 53.579, 23.395, 0.010, 9.690, -66.412
201, 325.000,30.335, -26.109, 5929.335, 108.986, -25.753, 99.992, 88.918, -103.295
202, 230.000, 67.225, 73.606, 58.618, 2.593, -8.650, 0.010, 81.243, -163.314
202, 325.000,83.632, 91.231, 5823.395, 769.415, 830.086, 100.058, 79.001, -42.828
203, 230.000, -2.841, -86.488, 36.894, -41.761, -20.309, 0.010, 38.467, 115.934
203, 325.000,-4.306, -92.366, 5919.350, -55.148, -357.705, 99.992, 86.501, 171.236
204, 230.000, -47.489, -33.713, 11.101, -26.805, -51.729, 0.010, 10.788, 152.608
204, 325.000,-49.601, -36.251, 5927.818, -124.782, -122.498, 99.992, 88.310, 134.471
205, 230.000, -72.673, 32.876, 27.569, -35.603, -38.601, 0.010, 27.699, 137.314
205, 325.000,-77.119, 33.177, 5924.169, -264.378, 62.193, 99.992, 87.375, 76.762
206, 230.000, 63.922, -76.477, 48.569, -26.885, -20.878, 0.010, 54.975, 127.833
206, 325.000,78.556, -95.557, 5823.737, 696.371, -890.230, 100.059, 79.017, -141.966
207, 230.000, 43.021, 19.417, 9.503, 48.261, -33.139, 0.010, 9.220, -124.476
207, 325.000,45.530, 18.798, 5928.981, 129.536, 1.597, 99.992, 88.748, -89.294
208, 230.000, -8.609, -39.860, 32.602, -43.507, 23.703, 0.010, 33.346, 61.418
208, 325.000,-10.178, -39.960, 5929.865, -61.363, -50.522, 99.992, 89.232, 129.465
209, 230.000, 57.406, 43.662, 31.625, -3.012, 50.084, 0.010, 32.223, 3.442
209, 325.000,59.388, 46.816, 5926.298, 145.714, 165.484, 99.992, 87.869, -41.365
210, 230.000, 21.966, 13.588, 47.658, -20.628, 28.650, 0.010, 53.471, 35.753
210, 325.000,21.814, 14.816, 5929.790, 45.183, 72.380, 99.992, 89.176, -31.975
211, 230.000, 45.459, -87.419, 16.698, -21.074, 52.865, 0.010, 16.352, 21.734
211, 325.000,51.650, -98.958, 5887.393, 334.592, -630.199, 99.994, 83.090, -152.035
212, 230.000, 30.571, -45.153, 12.529, -38.545, 43.300, 0.010, 12.196, 41.675
212, 325.000,30.091, -44.878, 5930.214, 19.044, -42.248, 99.992, 89.552, -155.736
213, 230.000, -63.299, 6.584, 21.507, -49.477, -24.639, 0.010, 21.261, 116.472
213, 325.000,-66.732, 5.999, 5927.293, -191.466, -11.035, 99.992, 88.147, 93.299
214, 230.000, 4.239, 61.011, 55.445, 10.960, 17.981, 0.010, 69.203, -31.364
214, 325.000,4.702, 63.274, 5928.525, 20.331, 147.612, 99.992, 88.560, -7.842
215, 230.000, 34.042, 8.299, 15.141, -1.784, 57.317, 0.010, 14.791, 1.783
215, 325.000,34.707, 10.308, 5929.525, 66.908, 76.505, 99.992, 89.018, -41.171
216, 230.000, 60.165, -9.161, 51.398, -0.064, -29.595, 0.010, 60.066, 179.876
216, 325.000,61.820, -10.346, 5928.840, 126.200, -49.927, 99.992, 88.689, -111.585
217, 230.000, -30.402, -9.315, 5.718, -31.691, -49.806, 0.010, 5.532, 147.532
217, 325.000,-32.066, -11.110, 5929.142, -98.178, -72.025, 99.992, 88.824, 126.264
218, 230.000, 68.205, -47.123, 41.716, -19.440, -37.410, 0.010, 44.697, 152.542
218, 325.000,71.107, -50.709, 5923.191, 212.489, -200.289, 99.991, 87.178, -133.307
219, 230.000, 28.471, 49.485, 41.083, 5.991, 42.355, 0.010, 43.843, -8.050
219, 325.000,29.398, 52.107, 5928.328, 63.368, 143.245, 99.992, 88.487, -23.863
220, 230.000, -47.018, 85.220, 53.132, 17.937, -19.310, 0.010, 63.617, -137.111
220, 325.000,-52.552, 95.645, 5894.400, -309.219, 574.588, 99.992, 83.683, 28.287
221, 230.000, 9.226, -49.043, 24.157, 19.095, 50.690, 0.010, 24.035, -20.641
221, 325.000,10.045, -48.559, 5930.151, 37.026, -39.233, 99.992, 89.479, -136.658
222, 230.000, 11.761, -2.693, 28.036, 36.038, 37.854, 0.010, 28.210, -43.592
222, 630.000,28.986, -1.068, 4953.152, 295.595, 7.816, 70.001, 86.584, -88.485
223, 230.000, 0.300, 60.850, 54.667, 15.611, -16.896, 0.010, 67.179, -137.265
223, 325.000,0.800, 61.985, 5929.359, 16.820, 109.656, 99.992, 88.928, -8.720
224, 230.000, -37.021, 4.282, 43.879, 11.662, 38.161, 0.010, 47.717, -16.994
224, 325.000,-37.436, 5.586, 5929.891, -60.425, 48.081, 99.992, 89.254, 51.490
225, 230.000, -29.852, 92.485, 51.736, -27.001, -10.580, 0.010, 60.728, 111.397
225, 325.000,-34.504, 104.076, 5891.701, -236.946, 633.191, 99.991, 83.454, 20.516
226, 230.000, -9.535, -46.523, 50.683, -30.567, -3.815, 0.010, 58.710, 97.114
226, 325.000,-10.718, -47.693, 5929.507, -49.296, -90.097, 99.992, 89.008, 151.315
227, 230.000, 89.564, 10.576, 21.478, 45.996, 30.671, 0.010, 21.231, -56.304
227, 325.000,97.659, 12.310, 5912.194, 457.460, 80.807, 99.992, 85.507, -79.982
228, 230.000, -47.648, 5.178, 16.299, -55.588, -12.724, 0.010, 15.951, 102.893
228, 325.000,-50.504, 4.891, 5928.600, -145.928, -3.569, 99.992, 88.590, 91.401
229, 230.000, 60.038, -4.973, 20.620, 55.369, -5.175, 0.010, 20.345, -95.340
229, 325.000,63.448, -5.274, 5927.531, 183.633, -15.822, 99.992, 88.219, -94.924
230, 230.000, 82.205, 1.750, 4.954, -15.919, -56.918, 0.010, 4.791, 164.374
230, 325.000,85.786, 0.056, 5924.610, 256.159, -54.040, 99.992, 87.470, -101.913
231, 230.000, 76.295, 15.207, 53.409, 5.098, 25.281, 0.010, 64.225, -11.401
231, 325.000,79.713, 16.645, 5925.470, 230.751, 71.403, 99.992, 87.666, -72.806
232, 230.000, 54.945, -3.608, 11.132, 50.144, 29.653, 0.010, 10.818, -59.402
232, 325.000,57.919, -2.756, 5928.195, 159.849, 23.641, 99.992, 88.439, -81.587
233, 230.000, -49.056, -38.036, 20.403, -30.453, -46.626, 0.010, 20.121, 146.850
233, 325.000,-51.423, -40.600, 5927.363, -137.573, -130.569, 99.992, 88.167, 133.504
234, 230.000, -41.719, 81.195, 23.283, -52.484, -14.867, 0.010, 23.114, 105.815
234, 325.000,-46.595, 87.089, 5913.535, -253.205, 368.511, 99.992, 85.676, 34.493
235, 230.000, 21.119, -81.793, 15.727, 49.363, 28.872, 0.010, 15.377, -59.677
235, 325.000,23.806, -85.344, 5923.269, 127.368, -261.442, 99.992, 87.189, -154.026
236, 230.000, -70.423, 60.880, 20.812, -39.552, -38.989, 0.010, 20.542, 134.589
236, 325.000,-77.843, 65.056, 5909.950, -407.875, 274.681, 99.991, 85.244, 56.042
237, 230.000, 42.400, -20.665, 23.797, 32.919, -43.217, 0.010, 23.655, -142.703
237, 325.000,44.405, -22.506, 5928.750, 112.467, -82.944, 99.992, 88.650, -126.409
238, 230.000, 94.160, -11.907, 22.971, 54.648, 1.876, 0.010, 22.787, -88.033
238, 325.000,105.704, -13.100, 5897.647, 618.122, -68.778, 99.990, 83.980, -96.349
239, 230.000, 59.580, -62.750, 23.806, 22.183, 49.587, 0.010, 23.664, -24.102
239, 325.000,63.815, -64.948, 5922.096, 251.444, -187.814, 99.992, 86.966, -126.758
240, 230.000, 58.679, -36.267, 11.702, -45.384, -36.346, 0.010, 11.379, 128.690
240, 325.000,59.168, -38.604, 5928.344, 93.461, -124.828, 99.992, 88.493, -143.177
241, 230.000, 13.162, -15.153, 27.489, 48.748, 19.637, 0.010, 27.612, -68.060
241, 325.000,15.076, -14.919, 5928.783, 127.208, -59.756, 99.994, 88.642, -115.162
242, 230.000, 28.973, 59.950, 25.009, -19.483, 50.126, 0.010, 24.940, 21.240
242, 325.000,29.269, 63.418, 5927.115, 47.071, 191.493, 99.992, 88.094, -13.810
243, 230.000, 73.522, 21.888, 50.174, 6.293, -30.993, 0.010, 57.776, -168.522
243, 325.000,76.736, 21.819, 5926.350, 217.001, 30.217, 99.992, 87.883, -82.073
244, 230.000, 12.024, -58.866, 5.664, -17.379, 56.423, 0.010, 5.480, 17.120
244, 325.000,11.793, -58.647, 5930.065, 6.642, -62.249, 99.992, 89.395, -173.910
245, 230.000, -66.727, -37.355, 15.081, 44.933, 35.654, 0.010, 14.731, -51.569
245, 325.000,-67.982, -37.728, 5928.365, -139.765, -67.262, 99.992, 88.501, 115.699
246, 230.000, 5.106, 9.782, 57.682, 13.332, 3.552, 0.010, 76.548, -75.080
246, 630.000,12.319, 20.951, 4956.396, 124.908, 203.307, 70.006, 87.244, -31.566
247, 230.000, -4.771, 2.996, 6.094, 56.309, 17.602, 0.010, 5.898, -72.641
247, 630.000,-3.210, 8.448, 4961.270, -4.291, 89.991, 70.004, 88.960, 2.730
248, 230.000, -9.226, 20.523, 42.969, 31.104, -26.531, 0.010, 46.426, -130.464
248, 325.000,-8.465, 20.198, 5929.959, -9.555, 69.281, 99.991, 89.324, 7.853
249, 230.000, -60.232, -66.652, 38.634, -8.587, 44.174, 0.010, 40.646, 11.000
249, 325.000,-64.737, -69.986, 5919.154, -271.753, -243.857, 99.992, 86.470, 131.903
250, 230.000, -65.419, 58.466, 0.883, -12.552, 57.959, 0.010, 0.853, 12.220
250, 325.000,-70.076, 64.080, 5915.968, -282.324, 301.795, 99.991, 86.004, 43.091
251, 230.000, -52.950, -2.413, 1.026, 26.924, 52.836, 0.010, 0.991, -27.002
251, 325.000,-53.362, -0.787, 5929.733, -73.211, 50.121, 99.992, 89.143, 55.604
252, 230.000, 91.402, 40.245, 26.618, -36.879, -38.066, 0.010, 26.667, 135.908
252, 325.000,116.781, 50.766, 5796.143, 1156.090, 485.491, 99.986, 77.793, -67.220
253, 230.000, 60.779, 34.463, 3.667, -57.320, 14.785, 0.010, 3.545, 75.536
253, 325.000,60.989, 36.077, 5928.923, 87.674, 98.978, 99.992, 88.722, -41.534
254, 230.000, -33.654, -4.161, 23.527, -4.549, -54.253, 0.010, 23.371, 175.207
254, 325.000,-34.515, -5.982, 5929.561, -74.585, -65.269, 99.991, 89.042, 131.189
255, 230.000, -87.806, 28.514, 9.012, -58.586, -2.029, 0.010, 8.740, 91.983
255, 325.000,-97.132, 30.896, 5906.849, -508.648, 142.763, 99.993, 84.889, 74.322
256, 230.000, 40.790, -19.026, 41.144, 40.549, -13.439, 0.010, 43.925, -108.337
256, 325.000,42.978, -19.873, 5929.040, 117.012, -48.910, 99.992, 88.775, -112.685
257, 230.000, -65.383, -66.104, 47.275, 3.393, 35.654, 0.010, 52.852, -5.436
257, 325.000,-70.901, -70.702, 5913.687, -329.337, -298.701, 99.991, 85.700, 132.207
258, 230.000, -15.092, -53.406, 12.690, 32.269, -48.117, 0.010, 12.355, -146.153
258, 325.000,-14.447, -56.283, 5928.366, 3.705, -155.088, 99.992, 88.501, -178.632
259, 230.000, 90.821, 30.082, 9.537, -31.850, -49.115, 0.010, 9.253, 147.037
259, 325.000,99.499, 31.786, 5907.014, 510.799, 127.987, 99.993, 84.906, -75.933
260, 230.000, -23.588, 88.648, 18.967, -47.352, -30.260, 0.010, 18.651, 122.581
260, 325.000,-26.915, 94.758, 5915.179, -163.233, 392.233, 99.992, 85.892, 22.595
261, 230.000, -8.882, -49.428, 26.553, 51.822, 11.273, 0.010, 26.597, -77.728
261, 325.000,-7.442, -50.216, 5929.726, 37.005, -80.975, 99.992, 89.140, -155.440
262, 230.000, -23.726, -19.737, 11.021, 50.978, -28.238, 0.010, 10.709, -118.983
262, 325.000,-22.609, -21.072, 5929.897, -2.557, -76.504, 99.992, 89.260, 178.086
263, 230.000, 23.157, -8.502, 9.776, -33.540, -47.928, 0.010, 9.487, 145.016
263, 325.000,22.629, -10.246, 5929.658, 43.968, -81.546, 99.991, 89.105, -151.667
264, 230.000, 63.284, 69.827, 59.212, -0.600, -3.350, 0.010, 86.710, 169.846
264, 325.000,69.332, 76.418, 5907.635, 350.029, 383.353, 99.992, 84.978, -42.398
265, 230.000, -19.568, -79.657, 15.344, 0.547, 57.288, 0.010, 14.993, -0.547
265, 325.000,-20.499, -81.726, 5926.716, -63.139, -199.166, 99.992, 87.981, 162.411
266, 230.000, -53.056, -23.040, 1.743, -7.689, 58.783, 0.010, 1.684, 7.452
266, 325.000,-54.677, -21.767, 5929.272, -114.540, 14.669, 99.992, 88.884, 82.702
267, 230.000, -23.231, -91.825, 7.521, 57.560, 12.163, 0.010, 7.285, -78.068
267, 325.000,-23.769, -100.510, 5908.301, -70.152, -507.091, 99.993, 85.048, 172.124
268, 230.000, 42.647, 74.719, 34.762, 43.539, 20.338, 0.010, 35.881, -64.961
268, 325.000,46.544, 79.812, 5918.655, 209.775, 308.471, 99.992, 86.394, -34.218
269, 230.000, 65.402, -22.360, 29.915, -31.927, 40.043, 0.010, 30.290, 38.566
269, 325.000,66.532, -21.829, 5929.107, 123.061, -11.749, 99.992, 88.806, -95.454
270, 230.000, -27.003, -73.974, 49.516, -14.725, 29.138, 0.010, 56.602, 26.810
270, 325.000,-28.639, -76.290, 5926.529, -96.419, -191.352, 99.992, 87.929, 153.257
271, 230.000, 82.136, 2.174, 13.416, 57.735, -2.071, 0.010, 13.074, -92.055
271, 325.000,88.131, 2.220, 5920.651, 339.898, 5.209, 99.992, 86.714, -89.122
272, 230.000, 89.224, -22.005, 29.681, 49.571, 13.392, 0.010, 30.029, -74.882
272, 325.000,98.135, -23.417, 5908.975, 494.358, -94.679, 99.991, 85.131, -100.842
273, 230.000, 85.246, -49.685, 51.199, 28.356, 9.604, 0.010, 59.683, -71.290
273, 325.000,99.981, -57.498, 5869.790, 744.253, -405.733, 100.001, 81.783, -118.597
274, 230.000, 92.629, 22.224, 26.121, 0.590, -53.245, 0.010, 26.130, -179.366
274, 325.000,102.307, 22.927, 5904.500, 548.546, 74.603, 99.992, 84.644, -82.255
275, 230.000, -42.904, -85.386, 13.899, -57.611, -2.338, 0.010, 13.553, 92.324
275, 325.000,-49.365, -94.836, 5897.889, -325.824, -528.345, 99.994, 83.992, 148.338
276, 230.000, 52.776, 20.755, 5.586, 35.905, -46.875, 0.010, 5.404, -142.549
276, 325.000,55.270, 19.796, 5928.682, 142.324, -7.255, 99.992, 88.623, -92.918
277, 230.000, -14.143, 16.375, 47.041, -23.511, 27.422, 0.010, 52.480, 40.609
277, 325.000,-15.245, 17.656, 5929.038, -83.516, 96.915, 99.992, 88.764, 40.753
278, 230.000, -16.733, -33.190, 47.885, -29.240, -19.228, 0.010, 53.839, 123.328
278, 325.000,-18.016, -34.504, 5929.469, -62.648, -83.978, 99.992, 88.988, 143.277
279, 230.000, 12.007, -8.884, 52.754, -25.220, 9.932, 0.010, 62.806, 68.505
279, 630.000,22.067, -17.378, 4955.348, 199.641, -161.968, 70.002, 87.030, -129.052
280, 230.000, 59.191, 49.036, 1.826, -34.203, -48.420, 0.010, 1.765, 144.763
280, 325.000,60.508, 49.495, 5928.289, 131.444, 87.878, 99.992, 88.472, -56.235
281, 230.000, -78.082, 42.385, 53.751, 5.064, -24.552, 0.010, 64.996, -168.346
281, 325.000,-83.159, 44.470, 5919.684, -322.327, 151.898, 99.992, 86.555, 64.768
282, 230.000, 57.349, -73.258, 23.427, -39.987, 37.012, 0.010, 23.266, 47.212
282, 325.000,61.012, -78.367, 5915.984, 247.292, -330.856, 99.991, 86.006, -143.224
283, 230.000, -25.620, 93.043, 16.095, -20.394, -53.317, 0.010, 15.746, 159.068
283, 325.000,-29.197, 102.190, 5902.922, -186.020, 539.327, 99.993, 84.480, 19.030
284, 230.000, 99.555, -6.442, 39.101, -28.544, -34.264, 0.010, 41.244, 140.204
284, 325.000,124.785, -9.148, 5813.699, 1173.457, -114.828, 100.048, 78.535, -95.589
285, 230.000, -4.558, -34.746, 20.405, -43.173, 35.177, 0.010, 20.123, 50.827
285, 325.000,-6.035, -34.363, 5930.036, -54.554, -35.553, 99.992, 89.371, 123.092
286, 230.000, 70.166, 62.190, 31.775, -6.542, 49.650, 0.010, 32.395, 7.507
286, 325.000,76.560, 69.548, 5905.434, 375.906, 392.283, 99.991, 84.743, -43.779
287, 230.000, 80.029, 26.609, 10.487, -20.646, 54.602, 0.010, 10.185, 20.713
287, 325.000,83.739, 29.759, 5922.568, 263.838, 152.495, 99.992, 87.055, -59.973
288, 230.000, 58.881, -28.335, 23.073, 16.619, 52.049, 0.010, 22.894, -17.708
288, 325.000,61.183, -27.545, 5928.500, 149.683, -9.612, 99.992, 88.551, -93.674
289, 230.000, -59.885, -25.597, 9.028, 58.278, -6.305, 0.010, 8.756, -96.175
289, 325.000,-59.816, -26.556, 5929.617, -72.291, -63.339, 99.992, 89.071, 131.224
290, 230.000, -76.507, 49.410, 48.039, 18.794, 29.270, 0.010, 54.092, -32.705
290, 325.000,-81.806, 54.101, 5915.009, -337.017, 261.598, 99.991, 85.875, 52.181
291, 230.000, 41.310, 17.410, 29.321, -39.899, -32.650, 0.010, 29.628, 129.294
291, 325.000,40.947, 16.753, 5930.291, 35.495, -1.450, 99.992, 89.657, -92.339
292, 230.000, -64.237, -73.427, 3.864, 58.295, 10.219, 0.010, 3.736, -80.057
292, 325.000,-70.894, -82.731, 5895.737, -391.169, -507.586, 99.994, 83.797, 142.380
293, 230.000, 37.628, -9.318, 38.900, 16.838, 41.484, 0.010, 40.986, -22.091
293, 325.000,38.964, -8.197, 5929.668, 89.291, 25.296, 99.992, 89.103, -74.183
294, 230.000, 11.272, 91.712, 24.977, 20.651, -49.672, 0.010, 24.906, -157.425
294, 325.000,12.826, 97.689, 5916.642, 77.131, 396.204, 99.992, 86.097, -11.016
295, 230.000, 76.717, 20.788, 34.360, -20.277, 43.885, 0.010, 35.404, 24.800
295, 325.000,79.532, 23.094, 5925.500, 214.555, 109.921, 99.992, 87.670, -62.873
296, 230.000, -58.336, 30.659, 20.365, 2.453, 55.650, 0.010, 20.082, -2.524
296, 325.000,-60.058, 33.364, 5927.565, -130.960, 128.048, 99.992, 88.230, 45.644
297, 230.000, 36.718, -57.305, 49.481, -26.101, -19.698, 0.010, 56.541, 127.042
297, 325.000,37.082, -59.772, 5928.033, 59.820, -156.251, 99.992, 88.383, -159.051
298, 230.000, -2.312, -44.732, 33.851, 48.643, -2.371, 0.010, 34.803, -92.791
298, 325.000,-0.816, -45.791, 5929.606, 46.112, -85.070, 99.992, 89.065, -151.541
299, 230.000, -30.435, -39.996, 37.292, -18.489, -42.250, 0.010, 38.960, 156.365
299, 325.000,-31.734, -42.272, 5928.713, -76.339, -118.904, 99.992, 88.635, 147.299
300, 230.000, -19.800, 35.198, 3.837, -58.357, -9.867, 0.010, 3.710, 99.597
300, 325.000,-22.090, 35.635, 5929.331, -97.591, 55.624, 99.992, 88.915, 60.318
