ion,x0,y0,z0,vx0,vy0,vz0,ke0,elev0,azim0,x1,y1,z1,vx1,vy1,vz1,ke1,elev1,azim1
1, 230.000, -51.909, -26.977, 47.474, -10.002, -34.115, 0.010, 53.172, 163.660
1, 325.000,-53.598, -28.768, 5928.574, -116.017, -90.271, 99.992, 88.580, 127.886
2, 230.000, -15.153, 69.901, 35.137, 27.766, 38.886, 0.010, 36.329, -35.528
2, 325.000,-14.820, 73.612, 5926.322, -9.835, 219.547, 99.992, 87.876, 2.565
3, 230.000, -37.021, 79.282, 49.349, -32.832, 2.084, 0.010, 56.311, 86.369
3, 325.000,-40.381, 84.373, 5918.865, -183.596, 321.072, 99.992, 86.424, 29.762
4, 230.000, -47.449, 5.922, 54.716, -22.291, 5.188, 0.010, 67.301, 76.898
4, 325.000,-49.227, 6.220, 5929.339, -110.723, 16.308, 99.992, 88.919, 81.621
5, 230.000, -69.951, -28.404, 9.461, 22.093, 54.222, 0.010, 9.179, -22.168
5, 325.000,-71.981, -27.804, 5927.953, -168.860, -21.259, 99.992, 88.355, 97.176
6, 230.000, 6.461, 50.035, 13.391, -4.286, 57.619, 0.010, 13.049, 4.255
6, 325.000,6.477, 53.043, 5928.400, 7.698, 153.628, 99.992, 88.514, -2.869
7, 230.000, 0.322, 58.482, 44.247, 37.352, 12.834, 0.010, 48.247, -71.037
7, 325.000,1.511, 60.429, 5928.796, 39.374, 132.072, 99.992, 88.668, -16.601
8, 230.000, -47.910, 71.573, 44.272, -11.111, -37.871, 0.010, 48.284, 163.649
8, 325.000,-51.048, 74.576, 5922.818, -192.126, 229.566, 99.991, 87.107, 39.926
9, 230.000, -56.569, 9.219, 21.474, 40.949, -37.144, 0.010, 21.227, -132.211
9, 325.000,-56.713, 8.276, 5929.951, -69.760, -20.207, 99.992, 89.298, 106.154
10, 230.000, 34.752, -83.953, 37.716, 13.269, -43.807, 0.010, 39.488, -163.149
10, 325.000,37.853, -91.806, 5911.279, 177.467, -441.199, 99.991, 85.401, -158.088
11, 230.000, 31.366, 87.408, 44.704, -38.288, -7.292, 0.010, 48.916, 100.783
11, 325.000,32.884, 94.671, 5913.167, 118.502, 435.953, 99.992, 85.631, -15.207
12, 230.000, -17.387, 28.543, 33.100, 13.406, 47.353, 0.010, 33.924, -15.807
12, 325.000,-17.326, 30.655, 5929.375, -21.650, 107.895, 99.992, 88.937, 11.346
13, 230.000, -82.398, -48.417, 40.655, 42.607, 7.032, 0.010, 43.273, -80.628
13, 325.000,-89.796, -53.308, 5906.942, -446.034, -281.310, 99.993, 84.899, 122.239
14, 230.000, -53.811, 2.638, 10.084, -16.572, -56.048, 0.010, 9.789, 163.528
14, 325.000,-55.654, 0.920, 5928.926, -120.870, -52.969, 99.992, 88.725, 113.665
15, 230.000, 87.385, 1.307, 50.898, -15.819, 26.014, 0.010, 59.113, 31.304
15, 325.000,92.331, 2.191, 5921.165, 329.288, 32.652, 99.992, 86.801, -84.337
16, 230.000, -93.281, -5.938, 28.302, 5.385, 51.843, 0.010, 28.502, -5.930
16, 325.000,-101.506, -4.890, 5910.419, -486.190, 23.897, 99.993, 85.292, 87.186
17, 230.000, -74.928, -49.808, 41.642, -2.196, -42.176, 0.010, 44.596, 177.020
17, 325.000,-80.448, -54.729, 5914.706, -337.684, -267.641, 99.991, 85.833, 128.400
18, 230.000, -8.845, -22.822, 3.799, -48.263, -34.262, 0.010, 3.673, 125.372
18, 325.000,-10.599, -24.444, 5928.957, -78.080, -104.758, 99.992, 88.738, 143.301
19, 230.000, -69.541, -4.239, 2.657, 30.595, -50.740, 0.010, 2.568, -148.910
19, 325.000,-70.885, -5.985, 5928.488, -136.627, -63.132, 99.992, 88.546, 114.801
20, 230.000, -78.704, 31.888, 11.839, 11.215, -57.024, 0.010, 11.515, -168.873
20, 325.000,-82.690, 31.868, 5923.924, -271.585, 54.727, 99.992, 87.322, 78.607
21, 230.000, 3.038, -56.169, 38.802, 23.368, 38.288, 0.010, 40.861, -31.397
21, 325.000,3.853, -56.367, 5929.899, 30.167, -70.543, 99.992, 89.259, -156.847
22, 230.000, 62.901, -34.763, 48.496, 25.447, -22.764, 0.010, 54.853, -131.815
22, 325.000,65.960, -36.726, 5926.301, 188.834, -113.438, 99.992, 87.871, -120.995
23, 230.000, -13.840, -27.218, 38.936, -43.530, 10.334, 0.010, 41.032, 76.646
23, 325.000,-15.526, -27.473, 5929.670, -77.393, -51.441, 99.992, 89.102, 123.611
24, 230.000, -21.078, 29.395, 22.090, -18.467, -51.852, 0.010, 21.867, 160.397
24, 325.000,-22.114, 28.361, 5930.070, -61.682, 5.152, 99.992, 89.402, 85.225
25, 230.000, 41.280, 5.132, 49.170, -31.048, -11.660, 0.010, 56.000, 110.584
25, 325.000,41.179, 4.872, 5930.225, 45.065, -2.487, 99.992, 89.564, -93.158
26, 230.000, 64.838, -46.621, 33.752, 35.984, -32.918, 0.010, 34.686, -132.452
26, 325.000,68.981, -49.820, 5922.624, 242.856, -182.018, 99.992, 87.067, -126.851
27, 230.000, -28.916, -90.652, 45.579, 22.071, -30.872, 0.010, 50.218, -144.439
27, 325.000,-31.291, -101.128, 5900.778, -148.706, -573.047, 99.992, 84.271, 165.453
28, 230.000, 4.682, 99.277, 57.467, 4.835, -13.849, 0.010, 75.681, -160.754
28, 325.000,5.672, 116.846, 5863.357, 47.807, 888.835, 99.997, 81.368, -3.079
29, 230.000, 30.650, 29.805, 55.376, -20.297, 6.253, 0.010, 69.016, 72.877
29, 325.000,30.668, 30.646, 5929.971, 35.682, 61.627, 99.992, 89.312, -30.071
30, 230.000, -26.388, -74.319, 27.889, 50.275, -14.569, 0.010, 28.049, -106.161
30, 325.000,-25.978, -78.051, 5925.463, -27.163, -240.207, 99.992, 87.664, 173.548
31, 230.000, 18.639, 28.640, 33.424, 46.435, -15.628, 0.010, 34.302, -108.600
31, 325.000,20.513, 28.747, 5929.618, 86.525, 42.237, 99.992, 89.070, -63.980
32, 230.000, 45.424, 6.028, 39.349, 43.361, 9.441, 0.010, 41.563, -77.717
32, 325.000,47.809, 6.461, 5928.973, 128.222, 20.831, 99.992, 88.745, -80.772
33, 230.000, -2.497, -91.534, 27.886, 3.618, -52.220, 0.010, 28.045, -176.037
33, 325.000,-2.590, -100.584, 5909.077, -8.344, -502.316, 99.992, 85.140, 179.048
34, 230.000, 33.858, -63.144, 3.662, -40.259, -43.399, 0.010, 3.540, 137.149
34, 325.000,33.791, -66.762, 5926.618, 44.622, -206.853, 99.992, 87.955, -167.827
35, 230.000, 49.513, 42.333, 41.919, 21.762, 35.873, 0.010, 44.973, -31.243
35, 325.000,51.704, 44.750, 5927.374, 134.689, 133.105, 99.992, 88.170, -45.339
36, 230.000, -46.642, -39.531, 12.252, -55.670, -16.382, 0.010, 11.922, 106.398
36, 325.000,-49.715, -41.159, 5927.458, -156.949, -101.045, 99.992, 88.196, 122.774
37, 230.000, -69.810, -67.820, 6.554, 48.753, -33.134, 0.010, 6.345, -124.201
37, 325.000,-77.431, -77.646, 5891.971, -438.467, -512.243, 99.993, 83.471, 139.437
38, 230.000, -76.921, 48.474, 38.431, -5.987, -44.776, 0.010, 40.389, 172.383
38, 325.000,-82.903, 50.754, 5916.854, -359.986, 175.352, 99.991, 86.128, 64.029
39, 230.000, 0.662, 80.746, 42.746, -40.252, 8.381, 0.010, 46.114, 78.239
39, 325.000,-0.561, 84.830, 5924.229, -40.139, 267.343, 99.992, 87.387, 8.539
40, 230.000, 48.607, 32.023, 47.454, 20.769, -28.887, 0.010, 53.140, -144.285
40, 325.000,50.535, 31.949, 5929.086, 119.705, 34.743, 99.992, 88.796, -73.815
41, 230.000, -24.385, -44.338, 4.246, 55.181, -21.323, 0.010, 4.106, -111.127
41, 325.000,-23.193, -46.050, 5929.454, 11.447, -105.154, 99.992, 88.978, -173.787
42, 230.000, -4.420, 41.281, 39.844, -43.705, 4.461, 0.010, 42.206, 84.172
42, 325.000,-5.904, 42.308, 5929.601, -53.489, 81.111, 99.992, 89.061, 33.403
43, 230.000, 61.256, -1.833, 21.375, -54.220, -10.996, 0.010, 21.124, 101.465
43, 325.000,61.214, -2.231, 5929.945, 71.488, -15.231, 99.992, 89.294, -102.027
44, 230.000, 38.001, -85.340, 27.989, 48.005, -20.731, 0.010, 28.158, -113.358
44, 325.000,42.962, -93.821, 5905.471, 255.077, -480.039, 99.993, 84.741, -152.015
45, 230.000, 21.220, 17.587, 29.075, -20.032, -47.655, 0.010, 29.355, 157.200
45, 325.000,21.062, 16.461, 5930.254, 40.755, 0.571, 99.992, 89.606, -89.197
46, 230.000, 87.227, 34.768, 5.331, -27.779, -52.130, 0.010, 5.157, 151.948
46, 325.000,94.341, 36.348, 5912.966, 435.558, 129.860, 99.992, 85.605, -73.398
47, 230.000, -43.477, -59.901, 58.607, 5.359, -7.355, 0.010, 81.174, -143.923
47, 325.000,-44.955, -62.397, 5926.956, -111.106, -168.465, 99.992, 88.050, 146.594
48, 230.000, -51.150, -12.143, 26.756, -42.189, 31.967, 0.010, 26.816, 52.849
48, 325.000,-53.720, -11.420, 5928.705, -141.243, 9.939, 99.992, 88.632, 85.975
49, 230.000, -77.917, -54.822, 47.334, 19.619, -29.869, 0.010, 52.948, -146.702
49, 325.000,-85.511, -61.485, 5903.017, -442.693, -358.098, 99.992, 84.490, 128.970
50, 230.000, -68.714, 39.935, 44.337, -3.510, -39.237, 0.010, 48.379, 174.888
50, 325.000,-71.900, 40.499, 5925.977, -214.153, 81.185, 99.992, 87.787, 69.238
51, 230.000, -35.125, -1.156, 56.274, 12.221, -14.195, 0.010, 71.590, -139.275
51, 325.000,-35.480, -1.631, 5930.081, -58.658, -17.145, 99.992, 89.410, 106.293
52, 230.000, -9.287, -1.945, 32.204, -46.712, -17.277, 0.010, 32.887, 110.298
52, 630.000,-23.705, -5.819, 5620.456, -244.927, -63.054, 89.995, 87.424, 104.437
53, 230.000, -14.211, 21.433, 5.745, 43.032, 40.409, 0.010, 5.559, -46.800
53, 325.000,-13.151, 23.221, 5929.430, 4.009, 106.701, 99.992, 88.968, -2.152
54, 230.000, 25.216, 7.824, 44.704, 32.666, -21.262, 0.010, 48.916, -123.059
54, 325.000,26.823, 7.320, 5929.470, 104.206, -1.072, 99.991, 88.993, -90.589
55, 230.000, 81.440, -14.534, 56.026, 16.841, 9.751, 0.010, 70.846, -59.930
55, 325.000,86.135, -14.976, 5922.916, 295.090, -39.249, 99.992, 87.123, -97.576
56, 230.000, -5.891, -55.630, 29.889, -43.361, -27.279, 0.010, 30.262, 122.174
56, 325.000,-7.415, -57.904, 5928.518, -56.558, -138.093, 99.992, 88.558, 157.728
57, 230.000, 3.612, 55.206, 31.621, -33.233, 37.593, 0.010, 32.219, 41.477
57, 325.000,2.650, 57.782, 5928.506, -27.343, 147.223, 99.992, 88.553, 10.521
58, 230.000, 48.815, -44.829, 50.779, -16.148, 26.046, 0.010, 58.889, 31.798
58, 325.000,49.801, -45.381, 5929.175, 94.107, -74.763, 99.992, 88.839, -128.465
59, 230.000, -7.008, -24.301, 24.332, 9.561, 53.237, 0.010, 24.221, -10.182
59, 325.000,-6.869, -23.173, 5930.306, -14.951, -29.953, 99.992, 89.677, 153.474
60, 230.000, 50.410, -76.461, 24.711, -31.730, -43.592, 0.010, 24.623, 143.950
60, 325.000,53.473, -83.922, 5912.183, 209.271, -414.883, 99.992, 85.506, -153.233
61, 230.000, 66.559, -5.822, 39.942, -17.716, -40.105, 0.010, 42.334, 156.167
61, 325.000,68.072, -7.266, 5928.609, 134.815, -55.110, 99.992, 88.593, -112.234
62, 230.000, 18.750, 41.126, 48.402, 7.149, 33.522, 0.010, 54.696, -12.039
62, 325.000,19.390, 43.095, 5929.227, 41.779, 110.107, 99.992, 88.862, -20.779
63, 230.000, -12.361, -97.863, 52.658, -10.072, 25.364, 0.010, 62.604, 21.657
63, 325.000,-14.598, -112.457, 5879.543, -111.321, -768.591, 99.999, 82.476, 171.759
64, 230.000, -50.823, 10.846, 3.845, 59.161, -1.691, 0.010, 3.717, -91.637
64, 325.000,-50.131, 11.047, 5930.267, -34.561, 18.700, 99.992, 89.620, 61.584
65, 230.000, 22.660, 97.171, 52.142, -25.845, -11.442, 0.010, 61.540, 113.880
65, 325.000,27.958, 122.845, 5807.461, 250.815, 1182.613, 100.044, 78.241, -11.974
66, 230.000, -37.031, -73.311, 46.471, 29.692, -21.828, 0.010, 51.585, -126.322
66, 325.000,-37.954, -77.646, 5923.645, -92.269, -267.393, 99.992, 87.266, 160.962
67, 230.000, -72.590, -31.143, 23.829, 25.748, -47.821, 0.010, 23.689, -151.701
67, 325.000,-74.996, -34.017, 5925.469, -193.327, -144.659, 99.991, 87.667, 126.806
68, 230.000, 9.247, 96.975, 18.294, 42.959, 36.572, 0.010, 17.966, -49.591
68, 325.000,11.795, 111.261, 5882.604, 113.281, 744.125, 99.997, 82.708, -8.656
69, 230.000, -68.079, -55.950, 40.426, 43.254, 3.541, 0.010, 42.969, -85.320
69, 325.000,-71.098, -59.419, 5921.748, -229.664, -222.577, 99.991, 86.909, 134.102
70, 230.000, -34.914, -71.315, 39.864, 42.967, 9.071, 0.010, 42.232, -78.079
70, 325.000,-35.126, -74.205, 5926.437, -61.345, -207.795, 99.992, 87.906, 163.552
71, 230.000, -34.036, 49.036, 49.468, 15.605, -28.758, 0.010, 56.519, -151.514
71, 325.000,-34.451, 49.436, 5929.736, -53.480, 70.543, 99.992, 89.145, 37.166
72, 230.000, 63.763, -30.654, 27.203, 28.212, -44.517, 0.010, 27.301, -147.636
72, 325.000,66.883, -33.128, 5926.038, 190.555, -123.890, 99.992, 87.804, -123.030
73, 230.000, 71.569, 19.836, 9.316, -31.709, -49.248, 0.010, 9.037, 147.224
73, 325.000,73.255, 19.029, 5928.300, 157.531, 1.400, 99.992, 88.478, -89.491
74, 230.000, 20.766, 95.135, 31.688, -20.775, -45.627, 0.010, 32.296, 155.519
74, 325.000,22.802, 105.947, 5897.533, 121.871, 611.382, 99.992, 83.966, -11.273
75, 230.000, 49.382, -13.320, 17.735, 52.493, 21.157, 0.010, 17.399, -68.049
75, 325.000,52.219, -12.962, 5928.561, 147.518, -3.228, 99.992, 88.574, -91.253
76, 230.000, -53.737, -41.156, 38.715, -44.920, 0.978, 0.010, 40.750, 88.753
76, 325.000,-56.884, -42.453, 5927.053, -174.085, -96.503, 99.992, 88.077, 119.002
77, 230.000, -29.570, -74.842, 17.896, 45.527, -33.537, 0.010, 17.562, -126.377
77, 325.000,-29.535, -79.409, 5923.911, -46.336, -273.493, 99.992, 87.319, 170.384
78, 230.000, 26.371, 39.356, 55.512, -19.854, 6.469, 0.010, 69.386, 71.954
78, 325.000,26.334, 40.443, 5929.800, 28.103, 79.300, 99.992, 89.187, -19.514
79, 230.000, 52.872, 72.712, 30.749, 41.809, 28.709, 0.010, 31.228, -55.524
79, 325.000,58.034, 78.925, 5912.849, 282.342, 357.753, 99.991, 85.593, -38.281
80, 230.000, -19.084, -92.301, 13.593, 57.714, 1.384, 0.010, 13.250, -88.627
80, 325.000,-19.147, -101.077, 5908.384, -43.904, -508.559, 99.992, 85.062, 175.066
81, 230.000, 41.617, 63.841, 24.124, 54.014, 4.255, 0.010, 24.001, -85.495
81, 325.000,45.015, 66.586, 5924.861, 175.408, 186.808, 99.992, 87.523, -43.197
82, 230.000, -29.479, 56.122, 19.681, -43.738, -34.890, 0.010, 19.380, 128.580
82, 325.000,-31.713, 56.638, 5928.768, -109.456, 85.669, 99.992, 88.657, 51.951
83, 230.000, -33.875, -59.311, 11.655, -55.559, 17.175, 0.010, 11.333, 72.822
83, 325.000,-36.734, -60.698, 5927.491, -138.629, -123.543, 99.992, 88.206, 131.707
84, 230.000, -0.093, 12.621, 6.085, 58.830, 4.430, 0.010, 5.889, -85.693
84, 630.000,6.532, 25.438, 5620.349, 90.644, 239.301, 89.996, 87.393, -20.746
85, 230.000, -63.281, -53.052, 25.685, -12.993, 51.857, 0.010, 25.662, 14.066
85, 325.000,-66.859, -54.096, 5924.839, -225.447, -123.029, 99.992, 87.518, 118.622
86, 230.000, -38.425, -49.602, 26.112, 11.586, 51.977, 0.010, 26.120, -12.566
86, 325.000,-39.143, -49.357, 5929.757, -69.957, -51.878, 99.992, 89.159, 126.559
87, 230.000, -40.790, 40.925, 23.420, -9.648, -53.629, 0.010, 23.258, 169.802
87, 325.000,-42.147, 40.280, 5929.634, -91.493, 26.182, 99.992, 89.081, 74.031
88, 230.000, 48.028, -78.624, 8.234, 58.035, 9.042, 0.010, 7.980, -81.145
88, 325.000,53.808, -84.888, 5910.547, 300.211, -380.763, 99.992, 85.310, -141.746
89, 230.000, 67.023, -52.142, 22.935, 31.416, 44.774, 0.010, 22.749, -35.056
89, 325.000,71.738, -53.659, 5922.199, 276.969, -142.514, 99.991, 86.989, -117.228
90, 230.000, 5.385, 84.021, 36.671, -0.306, 46.613, 0.010, 38.192, 0.376
90, 325.000,5.672, 90.105, 5919.887, 19.121, 352.524, 99.992, 86.587, -3.105
91, 230.000, -63.660, 59.516, 53.825, -8.846, -23.286, 0.010, 65.166, 159.199
91, 325.000,-67.856, 62.466, 5920.999, -259.637, 209.414, 99.991, 86.776, 51.112
92, 230.000, 66.716, -59.845, 31.426, -49.729, -7.557, 0.010, 31.996, 98.641
92, 325.000,69.812, -64.228, 5919.791, 234.834, -265.892, 99.992, 86.571, -138.549
93, 230.000, -38.506, -62.029, 41.130, -9.884, 41.573, 0.010, 43.906, 13.374
93, 325.000,-40.216, -62.980, 5928.197, -110.387, -117.831, 99.992, 88.440, 136.868
94, 230.000, -24.433, -13.130, 14.033, -6.014, -57.311, 0.010, 13.687, 174.010
94, 325.000,-25.162, -15.255, 5929.280, -67.919, -93.682, 99.992, 88.882, 144.058
95, 230.000, 51.814, 83.734, 37.716, -45.192, 7.267, 0.010, 39.488, 80.865
95, 325.000,58.359, 96.698, 5881.000, 363.219, 673.121, 99.996, 82.590, -28.352
96, 230.000, -18.284, -54.320, 10.013, 48.178, 33.110, 0.010, 9.720, -55.502
96, 325.000,-17.220, -54.653, 5929.925, 13.670, -73.416, 99.992, 89.278, -169.453
97, 230.000, -80.078, 2.235, 34.056, 3.421, -48.437, 0.010, 35.044, -175.960
97, 325.000,-83.657, 0.826, 5925.076, -247.138, -43.825, 99.992, 87.574, 100.056
98, 230.000, -22.749, -14.692, 3.236, 33.698, -48.699, 0.010, 3.128, -145.318
98, 325.000,-22.175, -16.587, 5929.607, -27.026, -92.486, 99.992, 89.069, 163.710
99, 230.000, -30.205, -77.537, 57.172, -11.036, -11.278, 0.010, 74.570, 135.622
99, 325.000,-32.125, -81.935, 5922.654, -116.044, -279.947, 99.992, 87.071, 157.485
100, 230.000, -54.757, -48.206, 1.486, -55.865, -19.863, 0.010, 1.436, 109.573
100, 325.000,-58.567, -50.634, 5925.012, -204.066, -149.020, 99.992, 87.558, 126.139
101, 230.000, 91.545, 21.852, 24.888, 30.761, 44.181, 0.010, 24.811, -34.847
101, 325.000,101.384, 25.324, 5902.812, 545.767, 169.579, 99.992, 84.470, -72.739
102, 230.000, 24.737, -82.642, 35.303, 43.695, 19.029, 0.010, 36.529, -66.467
102, 325.000,27.555, -86.944, 5921.402, 140.374, -294.824, 99.992, 86.844, -154.540
103, 230.000, -82.613, -31.714, 7.883, -10.552, 57.829, 0.010, 7.638, 10.341
103, 325.000,-88.386, -32.013, 5919.454, -353.434, -70.185, 99.992, 86.517, 101.232
104, 230.000, 66.461, 60.286, 30.787, 46.225, 20.810, 0.010, 31.271, -65.763
104, 325.000,72.709, 65.303, 5913.104, 345.962, 291.420, 99.991, 85.625, -49.891
105, 230.000, 16.078, 13.154, 9.807, -26.112, -52.341, 0.010, 9.518, 153.486
105, 630.000,27.941, 19.382, 5618.478, 238.891, 147.891, 89.974, 87.137, -58.239
106, 230.000, -42.766, 21.945, 30.858, -10.084, 49.636, 0.010, 31.351, 11.484
106, 325.000,-44.058, 24.020, 5929.007, -89.533, 91.964, 99.992, 88.760, 44.233
107, 230.000, 74.793, 53.779, 36.568, -2.347, 46.636, 0.010, 38.066, 2.881
107, 325.000,80.945, 59.682, 5910.439, 368.923, 316.653, 99.992, 85.298, -49.360
108, 230.000, 65.172, -14.662, 53.235, -5.068, 25.651, 0.010, 63.842, 11.176
108, 325.000,67.043, -14.312, 5928.623, 144.859, -7.102, 99.992, 88.599, -92.807
109, 230.000, 36.201, -57.026, 39.558, -14.578, 41.716, 0.010, 41.835, 19.262
109, 325.000,36.879, -57.503, 5929.334, 68.700, -88.717, 99.992, 88.916, -142.247
110, 230.000, -60.484, -17.522, 0.304, 53.393, -25.820, 0.010, 0.294, -115.808
110, 325.000,-60.504, -18.838, 5929.584, -74.162, -64.357, 99.992, 89.051, 130.951
111, 230.000, -92.868, -10.326, 29.419, 11.464, 50.207, 0.010, 29.737, -12.863
111, 325.000,-100.816, -9.717, 5911.364, -475.045, -0.722, 99.993, 85.406, 90.087
112, 230.000, -21.938, 48.949, 36.080, -44.314, 15.880, 0.010, 37.469, 70.284
112, 325.000,-23.877, 50.649, 5928.705, -88.151, 110.746, 99.992, 88.632, 38.519
113, 230.000, 20.400, -78.447, 4.444, 46.146, -36.992, 0.010, 4.297, -128.717
113, 325.000,22.838, -83.424, 5921.900, 115.304, -295.743, 99.992, 86.932, -158.700
114, 230.000, 25.027, 62.140, 6.751, 47.023, 35.509, 0.010, 6.536, -52.942
114, 325.000,27.314, 65.244, 5926.598, 107.714, 182.868, 99.992, 87.949, -30.499
115, 230.000, 91.536, 6.841, 49.516, -1.122, -32.628, 0.010, 56.602, 178.031
115, 325.000,98.846, 6.392, 5914.009, 440.614, -1.639, 99.992, 85.739, -90.213
116, 230.000, 35.861, -43.751, 40.058, -42.480, -10.412, 0.010, 42.486, 103.772
116, 325.000,35.426, -45.189, 5929.541, 26.790, -97.163, 99.992, 89.026, -164.585
117, 230.000, 87.935, 46.744, 12.435, -21.536, 53.844, 0.010, 12.103, 21.800
117, 325.000,106.618, 58.612, 5836.589, 904.505, 551.077, 100.043, 79.715, -58.648
118, 230.000, -74.476, 10.924, 10.326, -19.668, -54.992, 0.010, 10.027, 160.320
118, 325.000,-78.031, 9.624, 5925.988, -227.096, -27.221, 99.992, 87.790, 96.835
119, 230.000, 49.056, -35.949, 3.206, -58.849, -6.646, 0.010, 3.098, 96.444
119, 325.000,48.520, -37.137, 5929.696, 40.772, -81.517, 99.992, 89.119, -153.428
120, 230.000, 50.435, -24.953, 4.388, -46.018, 37.159, 0.010, 4.242, 51.080
120, 325.000,50.231, -24.394, 5930.166, 50.999, -10.321, 99.992, 89.497, -101.440
121, 230.000, -49.623, -0.224, 55.543, -19.334, -7.670, 0.010, 69.470, 111.638
121, 325.000,-51.380, -0.471, 5929.322, -112.503, -8.354, 99.992, 88.910, 94.247
122, 230.000, -4.265, -72.302, 9.038, -58.481, -3.993, 0.010, 8.765, 93.906
122, 325.000,-6.264, -75.047, 5926.862, -72.104, -191.700, 99.992, 88.021, 159.387
123, 230.000, -2.984, -56.489, 18.211, -45.856, 32.912, 0.010, 17.881, 54.332
123, 325.000,-4.515, -56.872, 5929.652, -53.398, -77.247, 99.992, 89.093, 145.345
124, 230.000, -46.192, -49.604, 6.254, 23.940, -53.902, 0.010, 6.053, -156.052
124, 325.000,-46.923, -52.908, 5927.252, -84.422, -173.543, 99.992, 88.135, 154.059
125, 230.000, -26.533, -44.765, 32.063, 40.931, -28.535, 0.010, 32.725, -124.883
125, 325.000,-25.865, -46.734, 5929.287, -7.884, -114.338, 99.992, 88.893, 176.055
126, 230.000, -32.871, -45.821, 1.701, -47.074, 36.039, 0.010, 1.644, 52.563
126, 325.000,-35.202, -45.836, 5929.069, -113.713, -53.155, 99.992, 88.787, 115.054
127, 230.000, -64.715, 12.635, 50.690, -26.761, -15.232, 0.010, 58.723, 119.648
127, 325.000,-67.551, 12.545, 5927.774, -175.803, 13.055, 99.992, 88.297, 85.753
128, 230.000, 97.526, -11.062, 45.807, -5.680, -37.244, 0.010, 50.564, 171.329
128, 325.000,111.734, -13.802, 5881.447, 749.116, -125.600, 99.988, 82.641, -99.518
129, 230.000, 60.777, 48.549, 6.065, 58.780, -5.073, 0.010, 5.870, -94.933
129, 325.000,65.253, 50.490, 5923.768, 243.000, 139.572, 99.992, 87.292, -60.128
130, 230.000, -48.095, 74.603, 10.187, -38.167, 44.240, 0.010, 9.890, 40.785
130, 325.000,-52.600, 81.129, 5913.797, -247.348, 367.820, 99.991, 85.714, 33.920
131, 230.000, -97.772, -4.512, 26.104, -17.028, -50.460, 0.010, 26.113, 161.353
131, 325.000,-112.346, -6.672, 5880.602, -760.696, -88.397, 99.987, 82.580, 96.628
132, 230.000, 83.260, 9.185, 9.090, -4.595, 58.429, 0.010, 8.816, 4.496
132, 325.000,87.546, 11.497, 5922.698, 287.137, 93.748, 99.992, 87.080, -71.918
133, 230.000, -28.333, 15.155, 51.689, 28.429, -6.133, 0.010, 60.635, -102.173
133, 325.000,-28.037, 15.286, 5930.229, -33.969, 27.688, 99.992, 89.577, 50.817
134, 230.000, -48.554, -10.022, 42.353, -8.749, -40.587, 0.010, 45.570, 167.835
134, 325.000,-49.951, -11.539, 5929.250, -99.530, -60.681, 99.992, 88.874, 121.370
135, 230.000, 41.221, -30.073, 39.392, 42.712, -11.900, 0.010, 41.619, -105.568
135, 325.000,43.546, -31.159, 5928.743, 121.874, -68.977, 99.992, 88.647, -119.509
136, 230.000, 81.005, -41.774, 46.156, 32.878, -17.501, 0.010, 51.098, -118.027
136, 325.000,88.371, -45.589, 5911.580, 419.472, -216.900, 99.992, 85.433, -117.342
137, 230.000, -55.735, 49.831, 38.158, -30.229, -33.880, 0.010, 40.043, 138.259
137, 325.000,-58.837, 50.695, 5926.695, -183.734, 100.624, 99.992, 87.976, 61.292
138, 230.000, -17.075, -26.463, 54.962, 10.215, 19.811, 0.010, 67.925, -27.277
138, 325.000,-17.117, -26.403, 5930.195, -28.391, -39.824, 99.992, 89.527, 144.514
139, 230.000, -62.458, 27.308, 21.342, -4.698, 55.137, 0.010, 21.091, 4.870
139, 325.000,-64.640, 29.937, 5927.132, -153.954, 122.583, 99.992, 88.098, 51.472
140, 230.000, 32.960, 55.355, 0.186, -25.515, -53.540, 0.010, 0.180, 154.519
140, 325.000,33.110, 55.268, 5929.860, 45.521, 65.347, 99.992, 89.231, -34.861
141, 230.000, 51.108, 26.257, 7.874, -56.845, -14.977, 0.010, 7.629, 104.761
141, 325.000,50.605, 26.451, 5930.130, 42.457, 36.558, 99.992, 89.459, -49.270
142, 230.000, 68.926, -3.280, 35.251, 47.693, -0.622, 0.010, 36.466, -90.747
142, 325.000,72.733, -3.410, 5926.390, 217.821, -8.650, 99.992, 87.893, -92.274
143, 230.000, 3.129, -26.378, 57.395, -8.510, 12.291, 0.010, 75.401, 34.699
143, 325.000,2.929, -26.586, 5930.042, 0.095, -64.365, 99.992, 89.378, -179.915
144, 230.000, -18.443, -13.638, 22.857, 41.808, 35.317, 0.010, 22.668, -49.811
144, 325.000,-17.568, -12.849, 5930.209, -41.903, -26.027, 99.992, 89.523, 121.846
145, 230.000, 97.998, 6.436, 20.732, 39.830, 38.747, 0.010, 20.460, -45.790
145, 325.000,114.139, 8.576, 5872.550, 821.718, 92.756, 99.995, 81.985, -83.560
146, 230.000, 10.477, -91.622, 23.158, 41.241, 35.784, 0.010, 22.983, -49.053
146, 325.000,12.594, -97.986, 5915.482, 94.969, -409.164, 99.991, 85.938, -166.933
147, 230.000, -71.756, -25.451, 54.010, 17.906, -16.731, 0.010, 65.594, -133.057
147, 325.000,-74.078, -26.995, 5926.895, -183.083, -89.072, 99.992, 88.033, 115.944
148, 230.000, -50.648, -49.280, 3.454, -58.427, -9.591, 0.010, 3.338, 99.322
148, 325.000,-54.266, -51.307, 5925.860, -188.881, -134.483, 99.992, 87.759, 125.451
149, 230.000, -5.119, 90.622, 57.740, 6.163, -12.071, 0.010, 76.790, -152.954
149, 325.000,-5.313, 97.036, 5916.765, -16.876, 401.680, 99.992, 86.113, 2.406
150, 230.000, -29.430, 76.152, 14.958, 3.824, 57.265, 0.010, 14.608, -3.821
150, 325.000,-30.779, 81.740, 5921.304, -94.198, 314.371, 99.992, 86.828, 16.680
151, 230.000, -32.173, -13.042, 57.476, -11.105, -9.530, 0.010, 75.716, 130.634
151, 325.000,-33.204, -13.620, 5929.789, -76.467, -36.237, 99.992, 89.182, 115.356
152, 230.000, -5.974, 53.936, 6.303, 51.351, 29.000, 0.010, 6.100, -60.545
152, 325.000,-4.486, 56.187, 5928.726, 41.627, 134.494, 99.992, 88.640, -17.198
153, 230.000, -75.503, -37.364, 43.260, 5.536, 40.194, 0.010, 46.835, -7.842
153, 325.000,-79.386, -38.124, 5923.976, -260.776, -89.618, 99.992, 87.335, 108.966
154, 230.000, 57.838, 79.381, 44.797, 38.817, 2.034, 0.010, 49.052, -87.001
154, 325.000,67.726, 91.425, 5876.016, 497.769, 628.205, 99.993, 82.233, -38.392
155, 230.000, 9.131, -25.554, 38.894, -44.658, 3.247, 0.010, 40.979, 85.842
155, 325.000,7.910, -26.027, 5929.958, -21.629, -69.330, 99.992, 89.298, 162.674
156, 230.000, -36.352, 50.326, 55.769, 17.564, -9.946, 0.010, 70.103, -119.521
156, 325.000,-36.818, 51.424, 5929.312, -59.007, 96.602, 99.992, 88.906, 31.418
157, 230.000, -69.665, -5.052, 45.180, 18.027, 33.932, 0.010, 49.621, -27.980
157, 325.000,-71.430, -4.155, 5928.431, -150.967, 23.031, 99.992, 88.524, 81.326
158, 230.000, 3.826, 6.467, 29.013, 42.744, 29.134, 0.010, 29.287, -55.722
158, 630.000,12.461, 16.144, 5621.985, 138.115, 165.695, 89.994, 87.803, -39.813
159, 230.000, -41.101, -72.640, 35.050, 7.182, -47.303, 0.010, 36.225, -171.367
159, 325.000,-43.069, -77.983, 5920.962, -136.899, -305.123, 99.992, 86.767, 155.836
160, 230.000, -75.166, -43.338, 39.864, -7.219, 43.317, 0.010, 42.232, 9.462
160, 325.000,-79.924, -44.613, 5921.641, -298.335, -121.885, 99.992, 86.885, 112.222
161, 230.000, -77.659, -33.264, 0.603, 43.782, -40.006, 0.010, 0.582, -132.420
161, 325.000,-80.502, -36.316, 5923.763, -230.095, -160.474, 99.992, 87.289, 124.893
162, 230.000, -34.431, -88.185, 25.623, -28.845, 45.045, 0.010, 25.596, 32.633
162, 325.000,-38.676, -95.442, 5909.207, -224.541, -448.259, 99.993, 85.150, 153.393
163, 230.000, 85.043, 15.952, 52.030, 11.531, 26.030, 0.010, 61.313, -23.893
163, 325.000,90.543, 17.721, 5919.871, 341.871, 89.324, 99.992, 86.584, -75.357
164, 230.000, -4.866, -18.175, 29.057, -36.034, -37.080, 0.010, 29.335, 135.820
164, 325.000,-6.154, -19.848, 5928.193, -69.641, -147.519, 99.993, 88.424, 154.729
165, 230.000, -9.091, 49.876, 34.642, 40.241, 26.423, 0.010, 35.739, -56.710
165, 325.000,-8.027, 51.881, 5929.110, 24.592, 120.958, 99.992, 88.807, -11.492
166, 230.000, -26.820, -37.630, 19.310, 39.955, -39.349, 0.010, 19.000, -134.562
166, 325.000,-26.144, -39.719, 5929.372, -7.972, -109.970, 99.992, 88.935, 175.854
167, 230.000, -25.755, 22.369, 28.153, 52.187, 1.251, 0.010, 28.339, -88.627
167, 325.000,-24.638, 22.885, 5930.193, -0.308, 48.965, 99.992, 89.527, 0.361
168, 230.000, -29.553, -26.077, 1.949, 16.497, -56.936, 0.010, 1.884, -163.841
168, 325.000,-29.652, -28.453, 5929.289, -38.207, -107.901, 99.992, 88.894, 160.501
169, 230.000, -71.384, 64.614, 8.180, 27.421, 51.950, 0.010, 7.927, -27.826
169, 325.000,-78.915, 73.755, 5895.616, -432.759, 473.889, 99.993, 83.788, 42.403
170, 230.000, -31.881, -72.736, 2.983, 0.168, 59.234, 0.010, 2.883, -0.162
170, 325.000,-33.280, -74.081, 5927.517, -96.157, -157.681, 99.992, 88.215, 148.624
171, 230.000, 65.616, -8.617, 34.146, 9.632, 47.528, 0.010, 35.151, -11.456
171, 325.000,67.942, -7.385, 5928.163, 160.015, 29.721, 99.992, 88.427, -79.478
172, 230.000, -95.254, 18.824, 45.459, 33.187, 18.700, 0.010, 50.038, -60.600
172, 325.000,-106.217, 21.748, 5896.383, -615.334, 148.638, 99.987, 83.872, 76.420
173, 230.000, 26.591, -16.343, 14.587, -0.730, 57.483, 0.010, 14.238, 0.728
173, 325.000,27.143, -14.855, 5930.030, 61.441, 22.236, 99.992, 89.369, -70.104
174, 230.000, -6.626, 73.279, 0.022, -56.480, -18.102, 0.010, 0.021, 107.771
174, 325.000,-8.654, 75.430, 5927.325, -76.519, 174.935, 99.992, 88.155, 23.625
175, 230.000, 74.558, -41.580, 58.144, -7.863, -8.665, 0.010, 78.622, 137.776
175, 325.000,78.553, -44.211, 5922.155, 267.056, -162.687, 99.992, 86.977, -121.349
176, 230.000, 44.865, -74.825, 21.187, -43.491, 34.312, 0.010, 20.930, 51.728
176, 325.000,46.243, -78.309, 5923.527, 128.426, -254.551, 99.991, 87.244, -153.228
177, 230.000, -28.863, 49.800, 46.111, -20.839, 30.938, 0.010, 51.029, 33.963
177, 325.000,-30.273, 52.076, 5928.380, -79.756, 132.412, 99.992, 88.506, 31.062
178, 230.000, 39.751, -72.591, 27.198, -51.756, -9.960, 0.010, 27.295, 100.893
178, 325.000,40.153, -76.580, 5924.361, 79.725, -255.460, 99.992, 87.414, -162.668
179, 230.000, -2.862, 7.206, 27.922, 52.326, 0.171, 0.010, 28.085, -89.813
179, 630.000,0.299, 14.313, 5624.505, 29.172, 134.128, 89.996, 88.602, -12.270
180, 230.000, 12.825, -34.005, 2.844, -39.305, 44.324, 0.010, 2.748, 41.565
180, 325.000,11.838, -33.308, 5930.331, -14.843, -23.114, 99.992, 89.735, 147.293
181, 230.000, -3.813, -6.974, 16.106, -56.284, 9.505, 0.010, 15.757, 80.414
181, 630.000,-13.992, -12.740, 5622.759, -159.310, -114.425, 89.996, 88.002, 125.688
182, 230.000, 73.066, -48.762, 57.612, -1.064, -14.049, 0.010, 76.258, 175.669
182, 325.000,77.728, -52.328, 5919.172, 295.779, -212.995, 99.991, 86.476, -125.758
183, 230.000, -68.121, 67.074, 11.079, 35.074, 46.526, 0.010, 10.766, -37.011
183, 325.000,-74.478, 75.794, 5900.397, -379.383, 460.211, 99.994, 84.228, 39.501
184, 230.000, 42.454, 42.456, 1.933, -59.018, 5.545, 0.010, 1.868, 84.633
184, 325.000,41.716, 43.770, 5929.610, 26.017, 92.992, 99.992, 89.067, -15.630
185, 230.000, -67.378, -69.681, 18.522, 16.612, -53.839, 0.010, 18.198, -162.853
185, 325.000,-75.461, -80.181, 5888.694, -447.699, -539.099, 99.987, 83.214, 140.292
186, 230.000, 3.506, 32.536, 42.934, -27.218, -30.552, 0.010, 46.377, 138.303
186, 325.000,2.714, 32.260, 5930.225, -20.753, 40.106, 99.992, 89.564, 27.359
187, 230.000, -50.800, -30.086, 0.033, 48.976, 33.451, 0.010, 0.031, -55.667
187, 325.000,-50.573, -29.811, 5930.111, -51.893, -26.125, 99.992, 89.439, 116.723
188, 230.000, -13.738, 37.479, 49.302, 6.362, 32.349, 0.010, 56.229, -11.127
188, 325.000,-13.828, 39.302, 5929.465, -19.002, 103.381, 99.992, 88.984, 10.415
189, 230.000, -2.269, -10.870, 53.603, -2.339, -25.277, 0.010, 64.659, 174.713
189, 630.000,-4.753, -24.367, 5620.851, -45.522, -240.106, 89.996, 87.510, 169.265
190, 230.000, 35.260, -30.606, 54.269, -4.246, -23.548, 0.010, 66.207, 169.780
190, 325.000,35.912, -32.034, 5929.536, 60.508, -80.707, 99.992, 89.025, -143.140
191, 230.000, 4.279, -28.519, 52.886, 9.862, 24.969, 0.010, 63.086, -21.553
191, 325.000,4.688, -28.354, 5930.161, 21.556, -47.600, 99.992, 89.495, -155.636
192, 230.000, 5.807, -52.109, 39.454, 28.731, 33.699, 0.010, 41.699, -40.450
192, 325.000,6.855, -52.279, 5929.911, 40.749, -63.874, 99.992, 89.268, -147.464
193, 230.000, -65.987, 60.029, 50.106, 26.853, 16.911, 0.010, 57.652, -57.798
193, 325.000,-69.685, 64.664, 5918.618, -253.468, 274.344, 99.992, 86.389, 42.735
194, 230.000, -57.280, 38.521, 7.839, -28.656, -51.332, 0.010, 7.595, 150.828
194, 325.000,-60.073, 38.168, 5927.888, -167.738, 39.265, 99.992, 88.335, 76.825
195, 230.000, -9.044, 62.011, 19.105, 9.247, 55.382, 0.010, 18.791, -9.479
195, 325.000,-9.013, 65.557, 5927.260, -10.090, 192.562, 99.992, 88.137, 2.999
196, 230.000, 31.976, -9.707, 49.342, 31.911, 8.046, 0.010, 56.298, -75.849
196, 325.000,33.666, -9.656, 5929.550, 99.105, -11.585, 99.992, 89.036, -96.668
197, 230.000, 29.882, 29.316, 6.183, 27.495, 52.187, 0.010, 5.984, -27.783
197, 325.000,31.404, 31.614, 5928.832, 83.281, 107.826, 99.992, 88.684, -37.681
198, 230.000, 74.407, -41.458, 43.095, -37.500, 15.944, 0.010, 46.603, 66.966
198, 325.000,77.374, -43.265, 5924.424, 229.958, -133.344, 99.991, 87.431, -120.108
199, 230.000, 80.600, 17.193, 36.257, -43.579, -17.433, 0.010, 37.685, 111.803
199, 325.000,83.222, 17.499, 5926.165, 220.560, 38.498, 99.992, 87.836, -80.099
200, 230.000, -57.449, 16.487, 4.746, 52.466, 27.248, 0.010, 4.590, -62.555
200, 325.000,-57.312, 17.792, 5929.737, -63.081, 61.981, 99.992, 89.146, 45.504
201, 230.000, -71.214, -68.445, 11.620, 53.084, -23.763, 0.010, 11.299, -114.116
201, 325.000,-81.151, -80.221, 5876.221, -536.062, -595.528, 99.999, 82.235, 138.008
202, 230.000, -9.830, 94.553, 11.155, -46.804, 34.679, 0.010, 10.841, 53.464
202, 325.000,-12.292, 105.583, 5898.820, -108.687, 601.376, 99.992, 84.085, 10.245
203, 230.000, -0.144, -31.074, 18.453, -4.451, 56.190, 0.010, 18.128, 4.529
203, 325.000,-0.290, -29.953, 5930.369, -5.047, -16.452, 99.992, 89.834, 162.945
204, 230.000, 48.302, 61.169, 58.379, 7.587, -7.207, 0.010, 79.838, -133.529
204, 325.000,50.603, 63.558, 5925.945, 150.632, 173.149, 99.991, 87.782, -41.022
205, 230.000, 50.954, -57.141, 32.827, 43.697, 23.035, 0.010, 33.606, -62.204
205, 325.000,54.415, -58.765, 5925.662, 191.606, -139.480, 99.992, 87.710, -126.053
206, 230.000, 57.435, 58.349, 30.850, -49.942, 8.464, 0.010, 31.343, 80.381
206, 325.000,58.675, 61.453, 5925.492, 135.336, 199.683, 99.992, 87.669, -34.128
207, 230.000, 41.715, -4.214, 34.451, 10.874, 47.038, 0.010, 35.511, -13.016
207, 325.000,42.957, -2.808, 5929.591, 88.471, 40.952, 99.992, 89.058, -65.161
208, 230.000, -22.659, 96.958, 19.022, -23.279, -51.126, 0.010, 18.706, 155.519
208, 325.000,-27.772, 114.392, 5859.861, -243.668, 880.694, 100.001, 81.137, 15.466
209, 230.000, -12.233, 75.542, 53.708, 8.139, 23.809, 0.010, 64.897, -18.872
209, 325.000,-12.482, 79.393, 5925.414, -26.578, 241.620, 99.992, 87.651, 6.277
210, 230.000, 11.173, 13.430, 36.476, 2.042, 46.722, 0.010, 37.953, -2.502
210, 630.000,22.104, 31.583, 5613.401, 204.848, 315.060, 89.989, 86.170, -33.031
211, 230.000, -18.793, 64.376, 33.339, 1.352, 49.034, 0.010, 34.203, -1.579
211, 325.000,-19.350, 67.974, 5926.795, -42.727, 202.208, 99.992, 88.003, 11.931
212, 230.000, -38.685, -80.419, 26.182, -50.364, 17.192, 0.010, 26.196, 71.152
212, 325.000,-42.916, -85.453, 5917.255, -219.810, -327.829, 99.992, 86.184, 146.158
213, 230.000, 28.362, -53.558, 38.586, 35.756, -27.390, 0.010, 40.586, -127.454
213, 325.000,30.275, -55.903, 5927.928, 96.743, -141.051, 99.992, 88.347, -145.555
214, 230.000, 95.569, 21.596, 37.274, 40.192, 22.647, 0.010, 38.937, -60.600
214, 325.000,110.929, 25.473, 5874.815, 785.424, 192.042, 99.985, 82.164, -76.260
215, 230.000, -17.794, 21.570, 44.726, -2.815, 38.849, 0.010, 48.948, 4.145
215, 325.000,-18.273, 23.281, 5929.450, -47.399, 94.889, 99.992, 88.975, 26.543
216, 230.000, 2.839, -30.327, 38.539, 45.028, -2.195, 0.010, 40.527, -92.791
216, 325.000,4.337, -31.050, 5929.718, 53.864, -72.274, 99.992, 89.129, -143.304
217, 230.000, 37.273, 79.050, 13.767, 48.501, -31.238, 0.010, 13.422, -122.784
217, 325.000,41.105, 83.017, 5920.392, 199.323, 280.985, 99.992, 86.670, -35.351
218, 230.000, 0.618, -17.345, 21.058, -10.026, 54.531, 0.010, 20.797, 10.418
218, 630.000,0.076, -27.939, 5621.309, -4.383, -231.788, 89.993, 87.638, 178.917
219, 230.000, 55.980, 39.943, 23.031, -35.472, 41.581, 0.010, 22.850, 40.467
219, 325.000,56.693, 42.562, 5927.972, 97.147, 138.968, 99.992, 88.362, -34.956
220, 230.000, 5.770, -59.665, 34.116, 37.295, 31.030, 0.010, 35.115, -50.239
220, 325.000,7.104, -60.285, 5929.491, 50.538, -90.503, 99.992, 88.998, -150.820
221, 230.000, 24.175, -78.351, 30.456, 5.481, 50.597, 0.010, 30.898, -6.183
221, 325.000,25.519, -80.578, 5926.338, 84.616, -202.429, 99.992, 87.880, -157.315
222, 230.000, -15.932, -8.791, 35.763, 23.902, 40.833, 0.010, 37.084, -30.342
222, 630.000,-28.573, -12.631, 5619.649, -252.433, -96.182, 89.995, 87.248, 110.858
223, 230.000, 30.739, -91.006, 47.667, 34.724, -6.300, 0.010, 53.485, -100.284
223, 325.000,35.311, -101.632, 5896.693, 232.857, -586.214, 99.990, 83.894, -158.336
224, 230.000, 10.314, -31.184, 32.525, -15.162, -47.222, 0.010, 33.256, 162.199
224, 325.000,10.048, -33.349, 5929.300, 5.508, -113.793, 99.992, 88.899, -177.229
225, 230.000, 72.913, 38.437, 9.076, 0.436, 58.610, 0.010, 8.802, -0.426
225, 325.000,76.639, 42.226, 5922.118, 247.655, 191.981, 99.992, 86.971, -52.217
226, 230.000, -0.870, 77.896, 33.755, 3.408, 48.648, 0.010, 34.690, -4.007
226, 325.000,-0.801, 82.806, 5923.568, 0.963, 284.510, 99.992, 87.250, -0.194
227, 230.000, -1.041, 46.695, 48.734, 32.685, -8.622, 0.010, 55.253, -104.777
227, 325.000,-0.029, 47.461, 5929.810, 31.915, 77.139, 99.992, 89.193, -22.477
228, 230.000, 70.890, 7.724, 57.896, 9.881, -8.250, 0.010, 77.465, -129.860
228, 325.000,73.687, 7.737, 5927.353, 189.726, 10.950, 99.992, 88.164, -86.697
229, 230.000, -81.534, 14.575, 58.059, 6.988, -9.898, 0.010, 78.212, -144.780
229, 325.000,-85.471, 15.011, 5924.163, -269.011, 38.996, 99.992, 87.373, 81.752
230, 230.000, 74.700, 54.938, 12.692, -13.087, 56.438, 0.010, 12.357, 13.055
230, 325.000,80.781, 61.436, 5909.001, 369.233, 341.891, 99.992, 85.132, -47.202
231, 230.000, 32.826, -41.130, 7.175, 6.509, -58.513, 0.010, 6.948, -173.652
231, 325.000,33.826, -43.987, 5928.354, 69.489, -139.222, 99.992, 88.497, -153.475
232, 230.000, -2.907, -11.671, 42.494, 22.860, 34.486, 0.010, 45.765, -33.540
232, 630.000,-3.150, -19.167, 5623.791, -17.877, -161.619, 89.995, 88.344, 173.688
233, 230.000, -54.356, -48.711, 21.603, -51.915, -18.863, 0.010, 21.361, 109.968
233, 325.000,-58.020, -51.123, 5925.186, -198.788, -149.251, 99.992, 87.598, 126.899
234, 230.000, 47.454, 87.812, 37.772, -45.602, -3.377, 0.010, 39.558, 94.235
234, 325.000,59.296, 112.142, 5800.612, 552.067, 1108.898, 100.026, 77.946, -26.467
235, 230.000, 5.624, -87.493, 36.353, -45.575, -10.911, 0.010, 37.802, 103.464
235, 325.000,4.574, -93.410, 5919.108, -25.465, -364.935, 99.992, 86.463, 176.008
236, 230.000, -95.282, 28.178, 26.901, -51.363, 12.485, 0.010, 26.973, 76.338
236, 325.000,-114.756, 33.857, 5848.001, -948.257, 277.521, 100.008, 80.410, 73.687
237, 230.000, -75.447, 23.497, 35.716, -26.067, -39.529, 0.010, 37.027, 146.598
237, 325.000,-79.626, 23.310, 5924.708, -257.815, 30.335, 99.992, 87.491, 83.289
238, 230.000, -53.935, 80.641, 26.723, -28.287, -44.759, 0.010, 26.781, 147.707
238, 325.000,-61.524, 89.370, 5895.679, -397.416, 500.989, 99.987, 83.810, 38.424
239, 230.000, 85.283, -11.184, 48.402, 4.207, 34.017, 0.010, 54.696, -7.051
239, 325.000,90.414, -10.788, 5921.347, 327.105, -6.428, 99.991, 86.837, -91.126
240, 230.000, 11.082, 55.614, 4.315, -39.719, 43.834, 0.010, 4.172, 42.181
240, 325.000,10.103, 58.437, 5928.304, -19.082, 156.296, 99.992, 88.479, 6.961
241, 230.000, -44.554, 59.754, 16.643, -25.276, 51.008, 0.010, 16.297, 26.360
241, 325.000,-47.094, 63.699, 5924.489, -149.458, 218.337, 99.992, 87.443, 34.393
242, 230.000, -95.633, 22.509, 9.291, 36.549, 45.777, 0.010, 9.013, -38.604
242, 325.000,-108.624, 27.191, 5884.541, -700.929, 223.325, 99.990, 82.874, 72.327
243, 230.000, -48.275, -7.668, 13.735, 2.254, -57.653, 0.010, 13.390, -177.761
243, 325.000,-49.306, -9.679, 5929.291, -87.263, -73.918, 99.992, 88.895, 130.267
244, 230.000, -26.509, -0.369, 2.111, 30.811, 50.635, 0.010, 2.039, -31.320
244, 325.000,-26.126, 1.252, 5929.974, -48.093, 53.237, 99.992, 89.307, 42.094
245, 230.000, 2.149, 85.700, 38.997, -4.629, -44.446, 0.010, 41.111, 174.053
245, 325.000,2.128, 89.186, 5924.302, 3.038, 268.917, 99.992, 87.401, -0.647
246, 230.000, -54.031, 13.342, 30.865, 26.839, 42.949, 0.010, 31.359, -32.001
246, 325.000,-54.529, 15.036, 5929.468, -77.797, 70.566, 99.992, 88.985, 47.790
247, 230.000, -95.578, -16.727, 42.576, 33.940, 23.517, 0.010, 45.878, -55.282
247, 325.000,-106.404, -18.094, 5898.164, -610.192, -87.976, 99.988, 84.033, 98.204
248, 230.000, -25.205, 7.723, 44.764, 38.879, -1.484, 0.010, 49.004, -92.186
248, 325.000,-24.545, 7.854, 5930.239, -37.547, 22.720, 99.992, 89.576, 58.821
249, 230.000, -0.295, -10.375, 2.116, 17.345, 56.677, 0.010, 2.045, -17.016
249, 630.000,1.399, -14.078, 5625.192, 21.845, -103.159, 89.996, 88.926, -168.044
250, 230.000, -89.627, 9.236, 56.088, 9.638, -16.700, 0.010, 71.028, -150.009
250, 325.000,-95.786, 9.389, 5917.649, -387.585, 23.297, 99.991, 86.246, 86.560
251, 230.000, -56.483, 67.511, 51.355, -26.857, 12.612, 0.010, 59.982, 64.846
251, 325.000,-61.007, 72.318, 5917.451, -261.265, 291.666, 99.992, 86.214, 41.853
252, 230.000, 75.006, -3.065, 57.474, 14.554, -1.589, 0.010, 75.709, -96.229
252, 325.000,78.400, -3.235, 5926.219, 222.286, -10.123, 99.992, 87.850, -92.607
253, 230.000, -6.238, 54.044, 8.176, -20.048, 55.217, 0.010, 7.924, 19.955
253, 325.000,-7.030, 57.144, 5928.079, -32.918, 162.465, 99.992, 88.398, 11.454
254, 230.000, 72.516, 5.797, 50.415, -12.995, 28.409, 0.010, 58.215, 24.580
254, 325.000,74.742, 6.897, 5927.652, 174.838, 44.700, 99.992, 88.256, -75.659
255, 230.000, 8.373, -73.227, 22.175, -2.923, 54.931, 0.010, 21.955, 3.046
255, 325.000,8.589, -74.191, 5928.840, 18.891, -134.552, 99.992, 88.687, -172.008
256, 230.000, 86.352, -29.006, 7.030, -36.288, 46.383, 0.010, 6.807, 38.039
256, 325.000,91.714, -29.754, 5919.041, 356.936, -83.609, 99.991, 86.456, -103.183
257, 230.000, 22.534, 37.664, 28.572, 51.973, 0.279, 0.010, 28.799, -89.692
257, 325.000,24.679, 38.494, 5929.227, 95.162, 69.384, 99.992, 88.862, -53.904
258, 230.000, 60.412, -2.098, 2.355, 55.242, -21.456, 0.010, 2.276, -111.226
258, 325.000,63.838, -2.837, 5927.464, 184.511, -26.687, 99.992, 88.199, -98.230
259, 230.000, 74.113, -6.225, 25.073, -52.794, -10.087, 0.010, 25.008, 100.816
259, 325.000,75.236, -6.775, 5928.624, 142.314, -27.118, 99.992, 88.600, -100.788
260, 230.000, 44.866, 77.636, 42.670, -37.519, -17.007, 0.010, 46.009, 114.385
260, 325.000,46.830, 82.508, 5919.933, 153.874, 316.998, 99.992, 86.594, -25.892
261, 230.000, 41.872, -66.494, 44.771, 1.966, -38.850, 0.010, 49.014, -177.102
261, 325.000,43.787, -70.650, 5924.013, 129.283, -242.756, 99.992, 87.342, -151.962
262, 230.000, 81.056, -19.382, 5.023, -24.345, 53.849, 0.010, 4.858, 24.327
262, 325.000,84.465, -18.696, 5925.068, 251.037, -9.486, 99.992, 87.572, -92.164
263, 230.000, 34.033, -34.921, 2.997, 5.792, -58.950, 0.010, 2.897, -174.389
263, 325.000,34.998, -37.602, 5928.657, 69.178, -125.859, 99.992, 88.612, -151.205
264, 230.000, -50.377, -67.187, 43.839, -35.847, 17.628, 0.010, 47.660, 63.813
264, 325.000,-54.199, -70.253, 5922.400, -215.929, -219.078, 99.991, 87.027, 135.415
265, 230.000, 48.138, -44.139, 11.255, -24.537, -52.810, 0.010, 10.939, 155.080
265, 325.000,48.822, -47.150, 5927.799, 83.212, -154.602, 99.992, 88.303, -151.709
266, 230.000, 51.176, 85.129, 41.133, -42.387, 5.389, 0.010, 43.910, 82.754
266, 325.000,59.095, 100.540, 5864.909, 416.445, 774.228, 99.993, 81.475, -28.275
267, 230.000, 87.120, 15.272, 31.312, 20.534, 45.995, 0.010, 31.866, -24.058
267, 325.000,93.590, 17.715, 5916.667, 387.430, 112.793, 99.992, 86.098, -73.768
268, 230.000, -40.774, -70.291, 57.601, 2.546, 13.902, 0.010, 76.214, -10.380
268, 325.000,-42.646, -73.221, 5925.196, -128.886, -212.200, 99.992, 87.601, 148.726
269, 230.000, 7.855, 18.511, 55.688, -13.724, -15.105, 0.010, 69.873, 137.743
269, 325.000,7.627, 18.528, 5929.298, 39.782, 114.385, 99.996, 88.830, -19.177
270, 230.000, -27.008, -59.923, 5.246, 59.076, 0.374, 0.010, 5.074, -89.637
270, 325.000,-25.953, -61.724, 5928.871, 0.603, -134.553, 99.992, 88.700, -179.743
271, 230.000, 75.960, -41.468, 43.472, 17.890, -36.163, 0.010, 47.135, -153.679
271, 325.000,81.147, -45.116, 5918.625, 315.414, -200.070, 99.992, 86.389, -122.387
272, 230.000, 46.057, -34.297, 24.332, 28.945, -45.692, 0.010, 24.221, -147.647
272, 325.000,48.177, -36.640, 5927.977, 122.874, -116.523, 99.992, 88.364, -133.480
273, 230.000, 23.176, 12.440, 26.669, -34.234, 40.428, 0.010, 26.722, 40.258
273, 325.000,22.607, 14.018, 5929.767, 32.166, 80.216, 99.992, 89.165, -21.850
274, 230.000, -68.871, -30.474, 22.562, 39.985, 37.547, 0.010, 22.359, -46.800
274, 325.000,-70.273, -30.471, 5928.440, -145.774, -43.754, 99.992, 88.529, 106.707
275, 230.000, 83.386, 8.035, 31.196, -23.465, -44.652, 0.010, 31.735, 152.278
275, 325.000,87.037, 7.069, 5924.461, 264.714, -19.105, 99.992, 87.435, -94.128
276, 230.000, -70.208, -19.771, 37.204, 37.749, -26.619, 0.010, 38.850, -125.190
276, 325.000,-71.570, -21.324, 5928.149, -142.845, -79.092, 99.992, 88.422, 118.973
277, 230.000, -90.354, 34.765, 49.776, -22.572, -23.032, 0.010, 57.062, 135.578
277, 325.000,-102.275, 38.399, 5892.264, -637.167, 211.212, 99.991, 83.501, 71.660
278, 230.000, 90.214, -29.191, 55.992, 13.112, -14.513, 0.010, 70.745, -137.902
278, 325.000,99.806, -32.606, 5902.984, 538.239, -185.117, 99.991, 84.492, -108.980
279, 230.000, 72.160, -55.784, 7.410, 15.573, -56.747, 0.010, 7.177, -164.654
279, 325.000,78.362, -61.956, 5910.322, 361.809, -327.222, 99.993, 85.282, -132.126
280, 230.000, -89.366, 26.484, 8.560, 42.975, -39.969, 0.010, 8.298, -132.925
280, 325.000,-95.763, 27.546, 5915.415, -410.474, 92.663, 99.991, 85.931, 77.279
281, 230.000, 38.207, -60.212, 16.006, -24.212, 51.722, 0.010, 15.657, 25.085
281, 325.000,38.758, -60.652, 5929.210, 69.776, -95.823, 99.992, 88.855, -143.939
282, 230.000, 29.980, 66.366, 47.009, 13.768, 33.441, 0.010, 52.429, -22.377
282, 325.000,31.520, 69.866, 5925.940, 93.437, 209.931, 99.992, 87.779, -23.993
283, 230.000, -57.995, 49.594, 28.474, -48.269, 19.417, 0.010, 28.691, 68.087
283, 325.000,-61.902, 52.250, 5924.168, -217.424, 163.045, 99.992, 87.373, 53.134
284, 230.000, -2.214, 59.118, 48.019, 5.153, 34.428, 0.010, 54.059, -8.512
284, 325.000,-2.111, 61.790, 5928.311, 0.788, 157.302, 99.992, 88.480, -0.287
285, 230.000, -51.730, -66.618, 19.199, -46.649, -31.191, 0.010, 18.887, 123.768
285, 325.000,-56.065, -71.301, 5919.247, -237.432, -275.312, 99.992, 86.485, 139.225
286, 230.000, 84.101, -27.766, 56.522, 16.267, 7.633, 0.010, 72.364, -64.863
286, 325.000,90.227, -29.389, 5917.877, 369.801, -108.334, 99.992, 86.274, -106.328
287, 230.000, -19.783, -48.355, 38.500, 16.106, 42.143, 0.010, 40.476, -20.916
287, 325.000,-19.740, -48.162, 5930.166, -20.722, -47.776, 99.992, 89.497, 156.552
288, 230.000, -13.534, 2.054, 10.234, -58.372, 2.357, 0.010, 9.936, 87.687
288, 630.000,-33.312, 4.315, 5615.845, -338.905, 41.259, 89.997, 86.521, 83.059
289, 230.000, 21.887, 34.029, 22.407, 54.709, -4.743, 0.010, 22.197, -94.955
289, 325.000,24.098, 34.603, 5929.309, 97.376, 58.280, 99.992, 88.904, -59.099
290, 230.000, -73.515, 53.840, 49.872, -16.155, -27.739, 0.010, 57.233, 149.784
290, 325.000,-79.661, 57.129, 5915.259, -360.377, 221.935, 99.991, 85.907, 58.374
291, 230.000, -84.953, 6.439, 10.214, 51.614, 27.373, 0.010, 9.917, -62.061
291, 325.000,-88.047, 7.647, 5924.781, -252.497, 52.111, 99.991, 87.508, 78.339
292, 230.000, -37.957, -65.754, 50.931, -29.674, 6.565, 0.010, 59.174, 77.525
292, 325.000,-40.410, -68.191, 5926.106, -137.886, -178.238, 99.992, 87.822, 142.274
293, 230.000, -4.592, -89.199, 58.068, -11.610, -3.308, 0.010, 78.255, 105.903
293, 325.000,-5.267, -95.486, 5917.614, -32.089, -388.025, 99.992, 86.236, 175.273
294, 230.000, -6.891, 55.062, 37.694, -40.202, 21.922, 0.010, 39.461, 61.396
294, 325.000,-8.336, 57.139, 5928.697, -55.169, 130.779, 99.992, 88.629, 22.873
295, 230.000, 77.556, 53.694, 26.504, -17.935, -49.935, 0.010, 26.544, 160.243
295, 325.000,84.344, 57.252, 5911.558, 405.992, 241.093, 99.991, 85.433, -59.297
296, 230.000, -8.506, -1.649, 56.041, -3.420, 19.115, 0.010, 70.889, 10.143
296, 630.000,-17.250, -1.092, 5623.825, -163.134, -0.578, 89.997, 88.338, 90.203
297, 230.000, 63.800, -27.960, 13.011, 54.986, -18.025, 0.010, 12.672, -108.150
297, 325.000,67.715, -29.484, 5925.823, 215.512, -88.117, 99.992, 87.750, -112.238
298, 230.000, 97.410, 6.266, 38.844, 15.574, 42.027, 0.010, 40.914, -20.334
298, 325.000,111.315, 8.388, 5884.392, 732.916, 91.122, 99.997, 82.846, -82.913
299, 230.000, -62.250, -27.960, 6.114, -31.794, 49.693, 0.010, 5.917, 32.611
299, 325.000,-65.276, -27.295, 5927.610, -181.213, -14.777, 99.992, 88.243, 94.662
300, 230.000, 43.407, 12.778, 19.805, -53.474, -16.306, 0.010, 19.508, 106.958
300, 325.000,42.655, 12.539, 5930.339, 24.982, 6.769, 99.992, 89.750, -74.839
