ion,x0,y0,z0,vx0,vy0,vz0,ke0,elev0,azim0,x1,y1,z1,vx1,vy1,vz1,ke1,elev1,azim1
1, 230.000, -5.178, -58.014, 9.228, -26.935, -52.029, 0.010, 8.951, 152.629
1, 325.000,-6.171, -61.204, 5927.771, -38.486, -172.181, 99.992, 88.295, 167.400
2, 230.000, -9.775, -24.237, 26.211, 26.018, -46.408, 0.010, 26.228, -150.723
2, 325.000,-9.160, -26.264, 5929.259, 0.913, -115.728, 99.991, 88.882, -179.548
3, 230.000, 76.331, -25.721, 41.318, -40.431, 13.258, 0.010, 44.159, 71.845
3, 325.000,78.587, -26.493, 5926.766, 196.524, -66.607, 99.992, 87.995, -108.723
4, 230.000, -48.068, 85.373, 14.238, -48.592, -30.883, 0.010, 13.890, 122.438
4, 325.000,-56.439, 96.730, 5883.370, -417.282, 615.392, 99.984, 82.797, 34.140
5, 230.000, -4.655, -12.340, 49.561, -18.990, -26.472, 0.010, 56.681, 144.346
5, 630.000,-11.045, -26.636, 5923.892, -110.754, -257.047, 99.995, 87.295, 156.690
6, 230.000, 84.072, 31.068, 57.666, 7.413, -11.717, 0.010, 76.480, -147.680
6, 325.000,90.231, 32.901, 5917.249, 375.147, 123.321, 99.992, 86.182, -71.803
7, 230.000, 69.948, 69.524, 15.099, 56.255, -11.179, 0.010, 14.749, -101.239
7, 325.000,83.038, 80.534, 5867.717, 646.411, 570.411, 100.002, 81.642, -48.574
8, 230.000, -32.433, -69.841, 29.294, -31.174, 41.081, 0.010, 29.598, 37.193
8, 325.000,-34.743, -71.424, 5926.989, -125.465, -156.933, 99.992, 88.058, 141.358
9, 230.000, 68.108, -33.226, 35.256, 39.404, 26.869, 0.010, 36.473, -55.711
9, 325.000,72.081, -33.721, 5925.446, 233.093, -65.501, 99.992, 87.660, -105.696
10, 230.000, -22.340, 94.529, 49.116, -32.564, -6.702, 0.010, 55.906, 101.629
10, 325.000,-26.181, 106.451, 5891.596, -190.050, 649.478, 99.990, 83.448, 16.311
11, 230.000, -27.716, -73.813, 35.093, 31.740, 35.759, 0.010, 36.277, -41.593
11, 325.000,-27.926, -75.895, 5927.376, -49.448, -182.783, 99.992, 88.170, 164.862
12, 230.000, 79.006, -48.475, 14.245, -39.550, -41.839, 0.010, 13.897, 136.611
12, 325.000,84.505, -53.875, 5912.641, 356.441, -289.036, 99.993, 85.562, -129.038
13, 230.000, 87.310, -47.231, 5.345, -38.413, -44.872, 0.010, 5.171, 139.434
13, 325.000,101.720, -56.972, 5864.642, 742.881, -472.419, 99.990, 81.463, -122.453
14, 230.000, 53.138, -58.859, 11.067, -47.898, -33.181, 0.010, 10.754, 124.712
14, 325.000,54.010, -62.528, 5925.446, 112.218, -214.743, 99.992, 87.658, -152.410
15, 230.000, -14.483, -20.874, 55.013, -1.632, 22.104, 0.010, 68.056, 4.222
15, 325.000,-14.870, -20.652, 5930.047, -48.329, -43.308, 99.992, 89.373, 131.863
16, 230.000, -42.430, -81.536, 8.266, -55.095, -20.342, 0.010, 8.012, 110.265
16, 325.000,-47.642, -88.922, 5908.990, -268.733, -425.422, 99.991, 85.133, 147.720
17, 230.000, -9.661, -59.952, 41.369, 39.722, 15.113, 0.010, 44.227, -69.169
17, 325.000,-8.671, -61.109, 5929.358, 21.106, -109.015, 99.992, 88.927, -169.043
18, 230.000, -48.686, -55.780, 16.920, 46.273, -33.017, 0.010, 16.576, -125.509
18, 325.000,-49.068, -58.925, 5926.967, -82.098, -183.937, 99.992, 88.054, 155.947
19, 230.000, -29.909, -36.826, 22.892, -39.491, 37.869, 0.010, 22.704, 46.202
19, 325.000,-31.836, -36.447, 5929.552, -95.970, -28.628, 99.992, 89.032, 106.610
20, 230.000, 69.468, 12.246, 5.933, 58.727, 5.796, 0.010, 5.741, -84.364
20, 325.000,73.752, 12.858, 5925.554, 236.687, 36.971, 99.992, 87.685, -81.122
21, 230.000, 66.592, 40.823, 52.383, -23.779, 14.431, 0.010, 62.032, 58.748
21, 325.000,68.699, 43.020, 5926.341, 171.927, 135.774, 99.991, 87.883, -51.701
22, 230.000, 63.884, -39.518, 47.298, -25.642, -24.960, 0.010, 52.890, 134.227
22, 325.000,65.569, -41.838, 5927.004, 148.547, -134.548, 99.992, 88.063, -132.169
23, 230.000, 31.008, 10.416, 21.956, -32.415, 44.552, 0.010, 21.727, 36.039
23, 325.000,30.632, 12.062, 5929.894, 33.339, 69.238, 99.992, 89.258, -25.712
24, 230.000, -44.067, -23.921, 38.775, 2.423, -44.814, 0.010, 40.826, -176.905
24, 325.000,-45.013, -25.896, 5929.161, -79.780, -91.049, 99.992, 88.830, 138.774
25, 230.000, -86.622, -48.711, 34.438, 25.942, 40.727, 0.010, 35.496, -32.496
25, 325.000,-101.271, -56.178, 5869.554, -750.387, -393.911, 99.993, 81.784, 117.697
26, 230.000, -43.257, -38.929, 12.265, -39.292, 42.700, 0.010, 11.935, 42.620
26, 325.000,-45.636, -38.591, 5928.915, -128.021, -34.281, 99.992, 88.719, 104.991
27, 230.000, 33.499, 55.411, 55.610, 20.607, 0.731, 0.010, 69.656, -87.967
27, 325.000,35.148, 57.090, 5928.310, 96.155, 124.397, 99.992, 88.481, -37.703
28, 230.000, -65.898, -46.630, 19.583, -54.977, -10.569, 0.010, 19.280, 100.882
28, 325.000,-70.789, -49.205, 5921.940, -271.652, -162.454, 99.992, 86.941, 120.880
29, 230.000, -13.731, -88.217, 33.518, -9.033, 48.089, 0.010, 34.412, 10.638
29, 325.000,-14.938, -92.703, 5921.258, -67.573, -321.825, 99.991, 86.821, 168.142
30, 230.000, -79.266, 57.307, 10.828, -18.740, 55.220, 0.010, 10.519, 18.746
30, 325.000,-91.337, 67.286, 5876.098, -626.128, 497.408, 99.987, 82.250, 51.536
31, 230.000, -4.608, 44.571, 10.382, -4.220, 58.241, 0.010, 10.082, 4.145
31, 325.000,-4.844, 47.409, 5928.690, -12.785, 141.692, 99.992, 88.625, 5.156
32, 230.000, 60.364, 78.464, 1.893, 20.140, 55.753, 0.010, 1.829, -19.861
32, 325.000,71.716, 94.103, 5853.733, 562.746, 763.298, 99.980, 80.798, -36.400
33, 230.000, 76.053, 63.129, 49.150, -27.453, 18.662, 0.010, 55.965, 55.793
33, 325.000,87.815, 74.120, 5872.374, 614.852, 554.855, 99.995, 81.972, -47.936
34, 230.000, 7.836, -73.921, 56.622, -2.172, 17.518, 0.010, 72.684, 7.067
34, 325.000,8.065, -76.176, 5927.623, 18.789, -180.348, 99.992, 88.248, -174.052
35, 230.000, 14.374, -65.192, 34.016, 0.883, 48.577, 0.010, 34.997, -1.041
35, 325.000,14.844, -65.667, 5929.488, 33.698, -98.167, 99.992, 88.997, -161.054
36, 230.000, 29.310, 89.078, 24.305, 34.711, -41.497, 0.010, 24.192, -140.088
36, 325.000,33.041, 95.935, 5911.619, 193.177, 430.525, 99.993, 85.436, -24.166
37, 230.000, -84.612, -13.091, 56.647, 16.485, -6.081, 0.010, 72.767, -110.248
37, 325.000,-88.940, -14.027, 5922.740, -296.408, -54.958, 99.992, 87.086, 100.504
38, 230.000, 31.002, 91.551, 40.827, 38.141, -19.901, 0.010, 43.502, -117.555
38, 325.000,35.887, 101.994, 5896.423, 246.129, 585.043, 99.995, 83.856, -22.817
39, 230.000, -69.554, 49.418, 23.927, -49.070, 23.180, 0.010, 23.792, 64.714
39, 325.000,-75.125, 53.013, 5918.369, -313.532, 210.432, 99.992, 86.349, 56.132
40, 230.000, 17.099, -97.461, 14.086, 57.574, 2.110, 0.010, 13.739, -87.902
40, 325.000,21.740, -114.085, 5865.574, 210.664, -845.793, 99.978, 81.548, -166.014
41, 230.000, 35.671, 19.190, 29.359, 14.692, 49.395, 0.010, 29.670, -16.565
41, 325.000,36.898, 21.172, 5929.209, 81.101, 86.637, 99.992, 88.853, -43.109
42, 230.000, -8.526, 44.869, 50.989, 17.419, -24.786, 0.010, 59.284, -144.900
42, 325.000,-8.161, 45.070, 5930.122, 2.353, 56.869, 99.992, 89.450, -2.369
43, 230.000, 35.313, 83.803, 5.300, -3.829, -58.948, 0.010, 5.127, 176.284
43, 325.000,37.810, 88.191, 5919.856, 155.977, 317.258, 99.992, 86.582, -26.181
44, 230.000, 66.219, 28.507, 46.672, -29.397, -21.799, 0.010, 51.899, 126.558
44, 325.000,67.638, 28.831, 5928.587, 137.690, 49.741, 99.992, 88.585, -70.137
45, 230.000, -45.616, 82.342, 20.216, -55.350, -6.735, 0.010, 19.929, 96.938
45, 325.000,-51.700, 90.073, 5904.944, -312.852, 450.980, 99.992, 84.690, 34.750
46, 230.000, 29.495, -56.509, 37.368, -18.957, -41.975, 0.010, 39.054, 155.695
46, 325.000,29.764, -59.493, 5927.838, 45.281, -168.081, 99.992, 88.318, -164.923
47, 230.000, -12.033, -58.089, 34.717, -16.307, -45.238, 0.010, 35.827, 160.177
47, 325.000,-12.874, -61.087, 5927.900, -41.768, -166.903, 99.992, 88.338, 165.950
48, 230.000, -96.399, -22.163, 12.031, 4.092, 57.932, 0.010, 11.704, -4.040
48, 325.000,-112.380, -24.143, 5872.154, -818.865, -127.040, 99.990, 81.968, 98.819
49, 230.000, -68.608, 43.254, 6.042, -41.313, 42.123, 0.010, 5.847, 44.444
49, 325.000,-73.261, 46.691, 5921.353, -269.118, 186.568, 99.992, 86.835, 55.268
50, 230.000, 32.670, 1.191, 13.134, -0.236, 57.837, 0.010, 12.794, 0.233
50, 325.000,33.355, 3.068, 5929.657, 69.443, 63.032, 99.992, 89.094, -47.771
51, 230.000, 15.946, 58.459, 44.456, -38.714, -6.515, 0.010, 48.553, 99.553
51, 325.000,15.159, 59.844, 5929.284, -7.019, 114.709, 99.992, 88.890, 3.502
52, 230.000, 72.245, 41.387, 52.091, -0.453, 28.354, 0.010, 61.437, 0.915
52, 325.000,76.010, 44.431, 5922.619, 249.598, 173.091, 99.992, 87.064, -55.260
53, 230.000, 4.485, 5.849, 28.414, -51.373, -8.433, 0.010, 28.625, 99.322
53, 630.000,2.952, 10.362, 5929.704, 0.576, 90.984, 99.992, 89.121, -0.363
54, 230.000, -24.573, 5.674, 17.290, -23.836, -51.483, 0.010, 16.949, 155.156
54, 325.000,-25.899, 4.151, 5929.453, -100.282, -37.984, 99.993, 88.964, 110.745
55, 230.000, -8.965, -9.546, 42.677, -13.557, 38.891, 0.010, 46.019, 19.218
55, 630.000,-18.755, -14.061, 5926.730, -178.776, -108.547, 99.993, 87.979, 121.265
56, 230.000, 45.373, 53.198, 49.177, 18.981, -27.184, 0.010, 56.012, -145.076
56, 325.000,47.496, 54.135, 5928.075, 130.803, 101.867, 99.992, 88.398, -52.089
57, 230.000, 35.838, 84.823, 37.975, 29.862, 34.406, 0.010, 39.813, -40.956
57, 325.000,39.754, 92.979, 5908.790, 210.637, 459.964, 99.992, 85.106, -24.605
58, 230.000, -86.684, 27.801, 18.283, -55.135, -11.977, 0.010, 17.955, 102.256
58, 325.000,-95.184, 29.614, 5910.546, -470.027, 119.233, 99.992, 85.310, 75.766
59, 230.000, 21.301, -32.567, 17.034, 53.182, 19.978, 0.010, 16.691, -69.411
59, 325.000,23.449, -32.617, 5929.489, 95.313, -40.588, 99.992, 88.999, -113.066
60, 230.000, 16.586, -52.326, 4.116, 10.950, 58.145, 0.010, 3.979, -10.665
60, 325.000,17.340, -51.756, 5930.098, 43.349, -40.745, 99.992, 89.425, -133.226
61, 230.000, 24.041, 25.262, 35.292, 36.660, -30.466, 0.010, 36.516, -129.728
61, 325.000,25.716, 24.824, 5929.730, 86.651, 19.162, 99.992, 89.143, -77.530
62, 230.000, 57.756, -21.092, 54.890, 20.147, -9.944, 0.010, 67.740, -116.269
62, 325.000,60.006, -21.995, 5928.406, 143.419, -55.058, 99.992, 88.516, -111.002
63, 230.000, -23.211, -94.642, 16.229, 47.715, -31.265, 0.010, 15.880, -123.235
63, 325.000,-24.902, -108.319, 5885.992, -116.256, -716.136, 99.997, 82.973, 170.779
64, 230.000, 86.187, -24.494, 58.490, -3.610, -9.141, 0.010, 80.462, 158.452
64, 325.000,92.135, -26.496, 5917.613, 371.639, -116.384, 99.992, 86.235, -107.389
65, 230.000, -39.712, -49.788, 33.799, 35.213, 33.695, 0.010, 34.741, -46.262
65, 325.000,-39.742, -50.154, 5929.745, -49.333, -72.701, 99.992, 89.151, 145.840
66, 230.000, 14.312, -84.622, 21.187, -30.025, -46.554, 0.010, 20.930, 147.180
66, 325.000,14.227, -91.078, 5918.670, 22.889, -371.908, 99.991, 86.398, -176.478
67, 230.000, 4.260, 73.786, 53.633, 9.711, 23.384, 0.010, 64.728, -22.553
67, 325.000,4.726, 77.320, 5926.153, 21.615, 223.147, 99.992, 87.833, -5.533
68, 230.000, -14.084, 8.415, 42.379, 17.140, -37.788, 0.010, 45.605, -155.601
68, 630.000,-25.115, 11.958, 5925.729, -220.103, 89.357, 99.995, 87.704, 67.904
69, 230.000, -61.275, -41.345, 22.709, 51.287, -19.277, 0.010, 22.513, -110.600
69, 325.000,-61.947, -43.492, 5927.979, -108.868, -129.723, 99.992, 88.364, 139.996
70, 230.000, 3.970, -77.539, 44.681, -19.835, 33.583, 0.010, 48.881, 30.568
70, 325.000,3.516, -79.728, 5927.359, -9.253, -189.634, 99.992, 88.165, 177.207
71, 230.000, -29.116, -75.595, 10.902, -53.254, -23.723, 0.010, 10.592, 114.011
71, 325.000,-32.194, -80.001, 5922.256, -150.951, -271.541, 99.992, 86.997, 150.930
72, 230.000, 98.867, 12.734, 30.401, -49.767, -10.801, 0.010, 30.836, 102.245
72, 325.000,120.124, 15.342, 5840.285, 1027.838, 127.658, 100.026, 79.944, -82.920
73, 230.000, 24.869, 47.050, 48.583, -22.444, 25.565, 0.010, 55.000, 41.280
73, 325.000,24.760, 48.994, 5929.205, 24.301, 116.399, 99.992, 88.851, -11.793
74, 230.000, 32.017, -93.370, 34.049, -48.508, 2.304, 0.010, 35.035, 87.281
74, 325.000,35.696, -108.230, 5876.830, 212.219, -768.230, 100.000, 82.277, -164.558
75, 230.000, -10.983, -43.273, 16.095, 24.642, 51.491, 0.010, 15.746, -25.574
75, 325.000,-10.437, -42.573, 5930.332, 5.220, -26.681, 99.992, 89.737, -168.930
76, 230.000, 13.237, -56.275, 8.102, -5.055, 58.536, 0.010, 7.851, 4.936
76, 325.000,13.415, -55.857, 5930.139, 21.086, -51.252, 99.992, 89.465, -157.637
77, 230.000, 93.097, 7.802, 0.320, -52.647, 27.310, 0.010, 0.310, 62.583
77, 325.000,99.652, 9.322, 5914.718, 425.298, 69.416, 99.992, 85.833, -80.730
78, 230.000, 83.186, 28.334, 57.253, -2.402, -15.294, 0.010, 74.869, 171.076
78, 325.000,88.433, 29.675, 5920.145, 334.187, 98.528, 99.991, 86.632, -73.573
79, 230.000, -92.251, 27.281, 50.721, -0.874, -30.729, 0.010, 58.781, 178.371
79, 325.000,-102.852, 29.484, 5899.444, -588.237, 140.837, 99.991, 84.146, 76.536
80, 230.000, 95.182, 10.113, 12.799, 54.986, 18.177, 0.010, 12.462, -71.707
80, 325.000,107.661, 11.813, 5892.900, 660.217, 83.344, 99.990, 83.557, -82.805
81, 230.000, -38.297, 75.351, 46.578, -12.947, 34.359, 0.010, 51.751, 20.647
81, 325.000,-40.832, 80.614, 5920.296, -152.970, 310.337, 99.992, 86.655, 26.239
82, 230.000, 68.319, 1.350, 7.912, 21.163, -54.838, 0.010, 7.666, -158.897
82, 325.000,71.217, -0.341, 5927.259, 185.279, -53.883, 99.992, 88.135, -106.216
83, 230.000, -4.437, -19.387, 31.310, -15.482, -47.933, 0.010, 31.864, 162.100
83, 325.000,-5.046, -21.416, 5928.426, -38.266, -145.074, 99.989, 88.550, 165.224
84, 230.000, -61.965, 29.069, 37.214, -18.750, -42.204, 0.010, 38.863, 156.046
84, 325.000,-64.568, 28.685, 5927.992, -167.058, 25.282, 99.992, 88.367, 81.394
85, 230.000, 98.430, 7.887, 5.588, -58.463, 8.278, 0.010, 5.406, 81.941
85, 325.000,112.073, 9.366, 5884.239, 735.824, 72.876, 99.996, 82.838, -84.344
86, 230.000, -57.505, -60.950, 42.722, 18.608, -36.690, 0.010, 46.082, -153.107
86, 325.000,-60.005, -65.351, 5922.144, -183.036, -253.396, 99.991, 86.979, 144.158
87, 230.000, 87.884, 23.327, 9.575, -23.373, 53.662, 0.010, 9.291, 23.536
87, 325.000,93.826, 26.748, 5915.833, 380.997, 164.681, 99.991, 85.987, -66.624
88, 230.000, -10.549, 44.182, 51.713, 12.179, -26.364, 0.010, 60.682, -155.206
88, 325.000,-10.395, 44.316, 5930.146, -6.801, 54.000, 99.992, 89.474, 7.178
89, 230.000, 15.630, -43.557, 19.831, 16.429, -53.427, 0.010, 19.534, -162.907
89, 325.000,16.502, -46.229, 5928.680, 45.653, -135.134, 99.992, 88.622, -161.333
90, 230.000, -95.784, -5.783, 10.589, -13.520, 56.769, 0.010, 10.284, 13.395
90, 325.000,-107.040, -4.718, 5897.911, -618.337, 24.267, 99.988, 84.010, 87.753
91, 230.000, 36.384, -38.056, 16.728, 26.058, -50.584, 0.010, 16.383, -152.745
91, 325.000,38.091, -40.583, 5928.291, 96.496, -125.087, 99.992, 88.473, -142.352
92, 230.000, -67.263, -6.254, 26.542, 41.192, 33.412, 0.010, 26.585, -50.953
92, 325.000,-68.074, -5.396, 5929.287, -112.872, 20.276, 99.992, 88.892, 79.816
93, 230.000, -6.655, 6.557, 44.464, -22.040, -32.479, 0.010, 48.563, 145.840
93, 630.000,-15.283, 9.046, 5928.115, -151.764, 66.233, 99.993, 88.400, 66.423
94, 230.000, 94.495, -31.057, 8.665, -6.056, 58.360, 0.010, 8.401, 5.925
94, 325.000,111.556, -35.000, 5863.867, 859.031, -221.773, 99.999, 81.396, -104.476
95, 230.000, -49.508, -68.265, 26.405, -50.080, -17.676, 0.010, 26.436, 109.441
95, 325.000,-53.811, -72.599, 5919.882, -232.205, -266.021, 99.992, 86.586, 138.883
96, 230.000, 25.585, -46.467, 13.389, -25.515, 51.840, 0.010, 13.047, 26.206
96, 325.000,25.383, -45.925, 5930.254, 22.143, -34.521, 99.992, 89.604, -147.323
97, 230.000, -75.056, 12.306, 47.508, 30.080, 18.863, 0.010, 53.228, -57.908
97, 325.000,-77.105, 13.386, 5927.467, -178.201, 54.095, 99.992, 88.200, 73.114
98, 230.000, 70.221, 57.474, 48.725, -33.677, -3.066, 0.010, 55.238, 95.202
98, 325.000,74.397, 61.643, 5918.045, 283.099, 257.683, 99.992, 86.299, -47.691
99, 230.000, 61.318, -16.654, 36.221, 45.772, 10.519, 0.010, 37.641, -77.058
99, 325.000,64.563, -16.810, 5927.528, 182.555, -25.740, 99.992, 88.219, -98.026
100, 230.000, 21.782, -24.127, 48.996, -33.059, 4.914, 0.010, 55.701, 81.546
100, 325.000,21.195, -24.485, 5930.187, 13.415, -48.073, 99.992, 89.518, -164.408
101, 230.000, 61.721, 17.209, 32.079, 42.719, -25.762, 0.010, 32.744, -121.092
101, 325.000,64.899, 16.905, 5927.615, 181.291, 11.404, 99.992, 88.245, -86.401
102, 230.000, 7.665, 7.880, 20.106, -47.149, -29.839, 0.010, 19.816, 122.328
102, 630.000,9.542, 11.882, 5929.319, 63.198, 93.657, 99.992, 88.908, -34.011
103, 230.000, -30.452, -34.315, 30.704, 31.057, 40.130, 0.010, 31.177, -37.736
103, 325.000,-30.135, -33.794, 5930.309, -24.004, -21.731, 99.992, 89.687, 132.155
104, 230.000, -17.906, 55.474, 58.778, 7.591, -2.284, 0.010, 82.319, -106.744
104, 325.000,-18.135, 56.852, 5929.317, -28.266, 109.576, 99.992, 88.907, 14.465
105, 230.000, -55.560, 75.903, 58.640, 4.896, -7.417, 0.010, 81.382, -146.570
105, 325.000,-60.651, 82.836, 5908.790, -298.728, 407.328, 99.990, 85.114, 36.256
106, 230.000, 1.874, 66.576, 8.491, 58.356, -6.336, 0.010, 8.231, -96.196
106, 325.000,3.779, 68.443, 5928.235, 65.010, 146.396, 99.992, 88.452, -23.945
107, 230.000, 36.246, -24.583, 3.530, 11.804, 58.016, 0.010, 3.412, -11.500
107, 325.000,37.408, -23.262, 5929.850, 79.024, 14.817, 99.992, 89.223, -79.381
108, 230.000, 7.333, -1.438, 57.005, -11.085, -12.047, 0.010, 73.977, 137.380
108, 630.000,12.933, -4.114, 5929.138, 113.185, -44.065, 99.991, 88.826, -111.272
109, 230.000, 73.009, 60.461, 29.989, -38.028, -34.237, 0.010, 30.373, 131.997
109, 325.000,78.997, 65.336, 5911.054, 370.294, 303.722, 99.993, 85.368, -50.641
110, 230.000, 88.405, -38.501, 21.605, 3.384, 55.131, 0.010, 21.363, -3.513
110, 325.000,98.804, -41.322, 5899.615, 573.477, -189.201, 99.993, 84.156, -108.259
111, 230.000, -48.790, -1.352, 39.081, 19.259, 40.242, 0.010, 41.218, -25.574
111, 325.000,-49.287, -0.107, 5929.850, -70.446, 39.148, 99.992, 89.221, 60.939
112, 230.000, 60.052, 2.616, 50.415, 31.201, 1.569, 0.010, 58.215, -87.121
112, 325.000,62.674, 2.736, 5928.304, 157.393, 7.073, 99.992, 88.478, -87.427
113, 230.000, -54.530, -44.101, 10.060, 41.290, 41.371, 0.010, 9.766, -44.944
113, 325.000,-55.041, -44.263, 5929.381, -89.181, -63.815, 99.992, 88.940, 125.586
114, 230.000, 90.565, 10.572, 11.449, 48.973, 31.436, 0.010, 11.130, -57.304
114, 325.000,99.260, 12.379, 5909.906, 485.629, 84.023, 99.993, 85.233, -80.184
115, 230.000, 26.610, -79.031, 38.130, -23.080, -39.128, 0.010, 40.009, 149.465
115, 325.000,27.302, -84.432, 5921.500, 68.737, -317.498, 99.992, 86.860, -167.784
116, 230.000, 70.350, -17.766, 1.149, -26.573, 53.011, 0.010, 1.110, 26.623
116, 325.000,72.028, -16.727, 5928.419, 152.801, 9.727, 99.992, 88.521, -86.357
117, 230.000, 32.618, -60.470, 8.927, -57.303, -12.424, 0.010, 8.657, 102.234
117, 325.000,31.869, -62.832, 5928.290, 18.095, -157.101, 99.992, 88.472, -173.429
118, 230.000, 25.394, -78.646, 15.172, -51.932, -24.301, 0.010, 14.821, 115.077
118, 325.000,25.065, -83.410, 5923.118, 31.427, -292.104, 99.992, 87.160, -173.859
119, 230.000, 88.931, -44.510, 36.637, 27.001, 38.030, 0.010, 38.150, -35.374
119, 325.000,106.227, -51.646, 5857.174, 853.716, -371.919, 100.003, 80.966, -113.540
120, 230.000, 28.538, -15.958, 26.923, -19.513, -49.113, 0.010, 26.996, 158.332
120, 325.000,28.519, -17.865, 5929.647, 40.200, -85.233, 99.992, 89.089, -154.749
121, 230.000, -17.537, -9.281, 5.030, -49.698, 31.975, 0.010, 4.865, 57.243
121, 325.000,-19.593, -8.488, 5928.644, -147.190, -11.613, 99.995, 88.573, 94.511
122, 230.000, 36.333, 82.829, 58.685, 5.322, 6.735, 0.010, 81.678, -38.319
122, 325.000,39.189, 89.176, 5915.565, 170.605, 383.210, 99.993, 85.944, -23.999
123, 230.000, 38.851, -31.427, 50.059, 28.181, 14.752, 0.010, 57.567, -62.369
123, 325.000,40.641, -31.687, 5929.366, 101.610, -43.336, 99.992, 88.933, -113.098
124, 230.000, -59.305, -68.423, 8.089, 14.591, 56.915, 0.010, 7.839, -14.379
124, 325.000,-63.151, -71.624, 5920.134, -248.767, -244.509, 99.992, 86.628, 134.505
125, 230.000, -50.023, -40.156, 26.743, 28.833, -44.397, 0.010, 26.802, -146.999
125, 325.000,-50.586, -42.741, 5928.320, -80.414, -134.723, 99.992, 88.484, 149.168
126, 230.000, 34.730, -93.444, 0.968, 30.525, -50.842, 0.010, 0.936, -149.020
126, 325.000,45.134, -120.495, 5787.960, 465.019, -1217.410, 100.075, 77.311, -159.094
127, 230.000, -16.823, -95.405, 36.273, 45.865, -9.912, 0.010, 37.705, -102.195
127, 325.000,-17.541, -107.592, 5893.294, -65.169, -658.641, 99.990, 83.592, 174.349
128, 230.000, -18.701, -28.960, 25.064, 41.753, 33.854, 0.010, 24.998, -50.964
128, 325.000,-17.765, -28.494, 5930.335, 3.948, -26.086, 99.992, 89.745, -171.393
129, 230.000, -2.186, -66.946, 55.988, -17.516, -8.727, 0.010, 70.734, 116.483
129, 325.000,-2.805, -69.324, 5928.067, -23.291, -164.457, 99.992, 88.395, 171.939
130, 230.000, 7.164, 10.537, 30.809, -30.341, 40.594, 0.010, 31.296, 36.775
130, 630.000,10.413, 24.769, 5924.778, 79.477, 247.660, 99.995, 87.486, -17.792
131, 230.000, -60.964, -31.550, 36.460, -43.646, -16.832, 0.010, 37.933, 111.089
131, 325.000,-64.358, -33.125, 5926.510, -192.997, -93.884, 99.992, 87.926, 115.941
132, 230.000, -85.654, 29.165, 24.696, 32.436, -43.077, 0.010, 24.607, -143.022
132, 325.000,-90.862, 29.953, 5919.617, -347.382, 84.324, 99.992, 86.544, 76.356
133, 230.000, 52.649, 3.833, 50.469, 22.454, 21.594, 0.010, 58.315, -46.119
133, 325.000,54.626, 4.608, 5929.032, 123.613, 29.660, 99.992, 88.772, -76.507
134, 230.000, -20.146, -56.982, 36.610, 13.381, 44.702, 0.010, 38.117, -16.664
134, 325.000,-20.266, -57.104, 5929.905, -27.653, -71.105, 99.992, 89.263, 158.749
135, 230.000, 63.456, -66.423, 19.384, 50.849, -23.587, 0.010, 19.076, -114.885
135, 325.000,70.282, -72.659, 5908.305, 368.529, -354.234, 99.991, 85.055, -133.867
136, 230.000, -84.827, -3.263, 20.441, -10.362, 54.703, 0.010, 20.160, 10.726
136, 325.000,-89.898, -1.744, 5921.543, -320.424, 45.768, 99.991, 86.871, 81.871
137, 230.000, 1.837, -96.003, 25.237, 44.240, -30.390, 0.010, 25.184, -124.487
137, 325.000,3.386, -107.988, 5894.739, 59.067, -646.151, 99.990, 83.719, -174.777
138, 230.000, 90.535, -0.312, 43.821, 20.144, -34.519, 0.010, 47.634, -149.734
138, 325.000,97.945, -1.395, 5914.224, 436.265, -38.052, 99.992, 85.765, -94.985
139, 230.000, -43.072, 26.844, 22.283, -39.460, -38.262, 0.010, 22.068, 134.117
139, 325.000,-45.332, 26.255, 5929.139, -121.576, 10.704, 99.992, 88.821, 84.968
140, 230.000, -48.683, -0.780, 55.297, -3.906, -21.087, 0.010, 68.803, 169.505
140, 325.000,-49.914, -1.464, 5929.602, -94.155, -23.263, 99.992, 89.063, 103.879
141, 230.000, 6.892, -95.490, 15.619, -37.383, 43.315, 0.010, 15.269, 40.796
141, 325.000,6.497, -104.389, 5906.739, 1.631, -529.632, 99.993, 84.876, -179.824
142, 230.000, 18.823, -21.553, 59.239, -0.122, -2.890, 0.010, 87.204, 177.580
142, 325.000,19.230, -22.116, 5929.945, 47.145, -57.185, 99.992, 89.284, -140.497
143, 230.000, -86.099, -4.652, 54.473, 1.635, -23.402, 0.010, 66.701, -176.004
143, 325.000,-91.144, -5.650, 5921.258, -326.380, -42.418, 99.992, 86.819, 97.405
144, 230.000, -10.364, 7.853, 46.111, 26.208, 26.543, 0.010, 51.029, -44.636
144, 630.000,-17.032, 18.045, 5925.973, -142.225, 178.908, 99.991, 87.791, 38.483
145, 230.000, -79.036, 56.429, 40.138, 36.486, 23.987, 0.010, 42.590, -56.677
145, 325.000,-87.959, 64.301, 5894.222, -505.006, 414.125, 99.988, 83.677, 50.647
146, 230.000, -59.405, 22.465, 33.938, -36.894, -31.697, 0.010, 34.905, 130.667
146, 325.000,-62.303, 22.120, 5927.979, -168.518, 16.315, 99.992, 88.364, 84.470
147, 230.000, 68.120, 56.898, 0.972, 22.912, 54.697, 0.010, 0.939, -22.729
147, 325.000,73.526, 62.516, 5914.205, 316.700, 302.213, 99.991, 85.767, -46.341
148, 230.000, -69.374, -29.842, 43.061, 15.085, 37.893, 0.010, 46.555, -21.707
148, 325.000,-71.617, -29.823, 5927.653, -175.314, -42.592, 99.992, 88.257, 103.655
149, 230.000, -6.537, -66.728, 4.140, 57.364, -14.486, 0.010, 4.002, -104.173
149, 325.000,-4.926, -69.289, 5927.785, 44.501, -170.181, 99.992, 88.300, -165.346
150, 230.000, -30.182, 34.380, 4.141, -53.760, 24.706, 0.010, 4.004, 65.318
150, 325.000,-32.568, 35.932, 5928.699, -110.899, 88.504, 99.992, 88.629, 51.408
151, 230.000, 87.204, -44.316, 0.606, -52.301, -27.963, 0.010, 0.586, 118.131
151, 325.000,97.628, -51.250, 5890.974, 583.766, -355.157, 99.994, 83.384, -121.316
152, 230.000, 83.649, -44.055, 14.656, -56.788, 8.831, 0.010, 14.306, 81.161
152, 325.000,89.911, -47.995, 5912.171, 401.585, -233.974, 99.992, 85.505, -120.226
153, 230.000, -32.264, -41.550, 18.595, 4.754, 56.118, 0.010, 18.271, -4.842
153, 325.000,-32.878, -40.752, 5930.096, -56.151, -20.546, 99.992, 89.422, 110.097
154, 230.000, 56.302, -63.775, 54.144, -17.779, -16.431, 0.010, 65.909, 132.744
154, 325.000,58.916, -67.867, 5922.123, 187.320, -250.719, 99.991, 86.975, -143.236
155, 230.000, -69.527, -19.651, 53.078, -23.502, -12.168, 0.010, 63.499, 117.373
155, 325.000,-72.782, -20.744, 5926.514, -204.960, -63.694, 99.992, 87.926, 107.263
156, 230.000, 29.064, 10.293, 47.917, -33.806, -8.872, 0.010, 53.893, 104.706
156, 325.000,28.617, 10.233, 5930.286, 33.573, 15.153, 99.992, 89.644, -65.708
157, 230.000, 51.849, -11.915, 7.155, -12.892, -57.448, 0.010, 6.929, 167.352
157, 325.000,52.688, -14.031, 5929.208, 85.641, -82.243, 99.992, 88.853, -133.840
158, 230.000, 64.138, -42.786, 41.998, 24.322, 34.091, 0.010, 45.082, -35.506
158, 325.000,67.567, -43.500, 5925.987, 210.925, -88.043, 99.992, 87.791, -112.656
159, 230.000, -26.457, -12.171, 41.204, 35.967, -22.941, 0.010, 44.005, -122.532
159, 325.000,-25.890, -13.170, 5930.063, -29.164, -55.179, 99.992, 89.397, 152.142
160, 230.000, -6.716, 11.774, 14.741, 53.050, 22.046, 0.010, 14.391, -67.433
160, 630.000,-7.021, 25.086, 5925.437, -36.623, 240.875, 99.993, 87.645, 8.645
161, 230.000, -81.270, -55.565, 24.950, 28.933, -45.366, 0.010, 24.877, -147.471
161, 325.000,-92.907, -65.462, 5877.434, -619.585, -493.533, 99.998, 82.324, 128.539
162, 230.000, -24.255, 67.777, 36.941, -17.726, -42.881, 0.010, 38.525, 157.541
162, 325.000,-25.667, 68.820, 5928.492, -80.022, 127.242, 99.992, 88.548, 32.165
163, 230.000, -3.916, -44.746, 49.713, -32.071, -4.209, 0.010, 56.950, 97.476
163, 325.000,-5.018, -45.860, 5929.626, -40.380, -86.390, 99.992, 89.079, 154.948
164, 230.000, 89.091, 27.475, 9.327, 56.908, -13.861, 0.010, 9.048, -103.689
164, 325.000,98.963, 29.557, 5904.704, 535.879, 131.777, 99.993, 84.661, -76.185
165, 230.000, -20.548, -24.820, 43.588, 20.105, -34.836, 0.010, 47.300, -150.009
165, 325.000,-20.343, -26.456, 5929.680, -22.987, -89.599, 99.992, 89.106, 165.611
166, 230.000, 56.938, -73.572, 45.077, -13.667, -36.040, 0.010, 49.467, 159.232
166, 325.000,61.558, -81.180, 5908.655, 281.936, -421.461, 99.991, 85.095, -146.220
167, 230.000, 9.394, 2.580, 31.621, -18.661, -46.578, 0.010, 32.219, 158.167
167, 630.000,16.054, -0.196, 5928.718, 137.825, -25.933, 99.991, 88.645, -100.656
168, 230.000, -89.952, -17.365, 14.553, -56.566, -10.302, 0.010, 14.204, 100.322
168, 325.000,-99.055, -19.103, 5908.380, -501.282, -96.113, 99.991, 85.063, 100.854
169, 230.000, -58.482, -7.641, 32.713, 19.455, -45.486, 0.010, 33.474, -156.843
169, 325.000,-59.412, -9.281, 5929.241, -98.728, -62.691, 99.992, 88.870, 122.415
170, 230.000, -53.081, 15.443, 31.612, -46.423, -19.058, 0.010, 32.209, 112.319
170, 325.000,-55.884, 15.227, 5928.436, -152.099, 10.518, 99.992, 88.527, 86.044
171, 230.000, 62.893, -67.395, 8.411, 32.081, 49.170, 0.010, 8.153, -33.122
171, 325.000,69.032, -71.406, 5913.934, 342.586, -278.269, 99.991, 85.732, -129.086
172, 230.000, -14.742, 84.264, 42.829, -39.249, -11.952, 0.010, 46.231, 106.936
172, 325.000,-16.802, 88.718, 5922.021, -96.123, 300.271, 99.992, 86.953, 17.751
173, 230.000, 73.022, 58.883, 41.548, 38.237, -18.148, 0.010, 44.469, -115.390
173, 325.000,81.034, 63.853, 5906.445, 438.554, 301.442, 99.991, 84.852, -55.497
174, 230.000, 7.515, 65.281, 2.416, -0.060, -59.260, 0.010, 2.335, 179.942
174, 325.000,7.739, 65.357, 5929.777, 16.712, 84.101, 99.992, 89.172, -11.239
175, 230.000, 73.851, 59.062, 32.954, -2.290, 49.259, 0.010, 33.753, 2.662
175, 325.000,81.192, 66.486, 5902.457, 421.565, 391.670, 99.993, 84.432, -47.105
176, 230.000, 67.748, 35.664, 39.732, -38.643, 21.111, 0.010, 42.060, 61.352
176, 325.000,69.283, 37.769, 5927.192, 151.320, 123.019, 99.992, 88.116, -50.890
177, 230.000, 8.174, -12.079, 43.206, -40.137, 6.320, 0.010, 46.759, 81.051
177, 630.000,11.265, -22.511, 5926.328, 82.091, -202.493, 99.990, 87.888, -157.932
178, 230.000, -31.424, -53.602, 26.264, 41.100, -33.744, 0.010, 26.284, -129.387
178, 325.000,-31.012, -56.183, 5928.459, -24.490, -149.579, 99.992, 88.535, 170.702
179, 230.000, -17.567, 85.965, 33.824, 47.799, 9.422, 0.010, 34.771, -78.849
179, 325.000,-17.210, 91.736, 5919.608, -20.392, 357.020, 99.992, 86.543, 3.269
180, 230.000, 36.938, 40.836, 24.861, -15.456, 51.582, 0.010, 24.782, 16.681
180, 325.000,37.369, 43.490, 5928.637, 56.073, 133.123, 99.992, 88.604, -22.842
181, 230.000, 63.749, -67.399, 16.251, 56.438, 8.262, 0.010, 15.902, -81.672
181, 325.000,71.056, -73.043, 5907.857, 389.200, -339.151, 99.991, 85.006, -131.069
182, 230.000, -15.093, -67.926, 19.825, 49.924, -25.143, 0.010, 19.528, -116.731
182, 325.000,-14.026, -71.002, 5927.259, 15.110, -192.297, 99.992, 88.136, -175.507
183, 230.000, -18.490, -38.646, 15.472, -36.529, 44.089, 0.010, 15.122, 39.643
183, 325.000,-20.054, -38.072, 5929.901, -72.074, -25.808, 99.992, 89.260, 109.701
184, 230.000, 19.144, 48.306, 54.765, 8.194, 21.244, 0.010, 67.424, -21.092
184, 325.000,19.858, 50.126, 5929.142, 44.720, 113.430, 99.992, 88.822, -21.517
185, 230.000, 56.149, 75.110, 26.237, -51.013, -15.065, 0.010, 26.255, 106.453
185, 325.000,59.675, 81.446, 5913.127, 243.067, 381.769, 99.993, 85.623, -32.484
186, 230.000, 85.845, -32.230, 7.157, 7.999, 58.330, 0.010, 6.931, -7.809
186, 325.000,92.904, -32.993, 5914.858, 419.283, -92.237, 99.992, 85.849, -102.407
187, 230.000, -72.519, 14.635, 21.156, 46.947, 29.428, 0.010, 20.898, -57.919
187, 325.000,-73.743, 16.105, 5928.266, -142.991, 69.479, 99.992, 88.464, 64.085
188, 230.000, -53.714, -83.460, 7.942, 43.753, 39.246, 0.010, 7.696, -48.108
188, 325.000,-61.703, -96.724, 5874.546, -424.688, -690.737, 99.987, 82.141, 148.415
189, 230.000, -65.111, -39.053, 10.717, -56.468, -14.635, 0.010, 10.411, 104.530
189, 325.000,-69.550, -41.110, 5923.974, -245.064, -126.852, 99.992, 87.333, 117.367
190, 230.000, -63.887, -76.570, 23.322, -7.487, -54.015, 0.010, 23.156, 172.109
190, 325.000,-81.719, -99.292, 5788.269, -808.910, -1018.066, 100.064, 77.339, 141.531
191, 230.000, 37.411, -68.069, 36.559, 27.422, 37.803, 0.010, 38.055, -35.957
191, 325.000,39.841, -69.748, 5926.672, 137.766, -158.850, 99.992, 87.968, -139.066
192, 230.000, -4.123, -82.547, 22.271, 16.599, 52.403, 0.010, 22.055, -17.576
192, 325.000,-3.810, -85.013, 5926.353, 3.760, -218.972, 99.992, 87.884, -179.016
193, 230.000, 15.273, 26.463, 38.726, 25.220, 37.174, 0.010, 40.764, -34.155
193, 325.000,16.402, 28.211, 5929.301, 59.947, 97.033, 99.992, 88.898, -31.708
194, 230.000, 69.245, -22.994, 18.008, 55.042, 12.794, 0.010, 17.676, -76.915
194, 325.000,73.559, -23.448, 5925.294, 241.328, -47.684, 99.992, 87.623, -101.177
195, 230.000, 19.399, 10.465, 12.037, -21.991, -53.751, 0.010, 11.709, 157.749
195, 325.000,19.190, 9.002, 5930.001, 76.676, -6.366, 99.995, 89.257, -94.746
196, 230.000, -91.762, -34.381, 42.742, 17.479, -37.218, 0.010, 46.109, -154.843
196, 325.000,-104.465, -40.446, 5883.380, -679.311, -301.451, 99.983, 82.800, 113.930
197, 230.000, 83.145, 38.452, 36.460, -18.144, 43.117, 0.010, 37.933, 22.822
197, 325.000,89.196, 42.829, 5913.822, 379.060, 230.014, 99.993, 85.712, -58.751
198, 230.000, 84.556, -2.855, 55.699, -18.374, -8.814, 0.010, 69.904, 115.626
198, 325.000,88.604, -3.283, 5923.609, 283.177, -19.495, 99.992, 87.257, -93.938
199, 230.000, 9.756, -38.860, 3.473, 23.096, 54.518, 0.010, 3.357, -22.959
199, 325.000,10.702, -37.942, 5930.218, 42.541, -17.284, 99.992, 89.556, -112.112
200, 230.000, -5.132, 62.948, 21.650, -11.822, -53.937, 0.010, 21.410, 167.637
200, 325.000,-5.652, 63.028, 5929.824, -23.274, 78.940, 99.992, 89.205, 16.427
201, 230.000, 9.291, -32.697, 46.775, 19.324, -30.924, 0.010, 52.060, -147.999
201, 325.000,10.101, -34.368, 5929.458, 38.835, -98.033, 99.992, 88.981, -158.389
202, 230.000, 32.336, 0.527, 41.367, -17.568, -38.701, 0.010, 44.224, 155.585
202, 325.000,32.466, -0.695, 5930.031, 52.740, -39.383, 99.992, 89.364, -126.750
203, 230.000, 56.962, -31.139, 16.591, -48.051, -30.552, 0.010, 16.244, 122.449
203, 325.000,57.132, -33.030, 5929.047, 76.434, -100.829, 99.992, 88.777, -142.836
204, 230.000, 17.492, 40.276, 0.139, 41.719, 42.156, 0.010, 0.135, -44.702
204, 325.000,19.208, 42.503, 5928.763, 75.129, 117.165, 99.992, 88.655, -32.669
205, 230.000, -21.651, 83.359, 14.171, -50.339, -27.978, 0.010, 13.823, 119.065
205, 325.000,-24.485, 87.374, 5921.966, -134.969, 285.556, 99.991, 86.947, 25.298
206, 230.000, -38.420, 18.720, 39.265, 7.118, -43.877, 0.010, 41.455, -170.785
206, 325.000,-39.021, 17.729, 5930.042, -63.770, -10.804, 99.992, 89.375, 99.616
207, 230.000, 35.363, -13.626, 29.200, -47.189, 20.934, 0.010, 29.493, 66.077
207, 325.000,34.607, -13.247, 5930.361, 20.405, -4.999, 99.992, 89.797, -103.767
208, 230.000, 81.399, -33.097, 11.821, 48.460, -32.086, 0.010, 11.497, -123.509
208, 325.000,88.265, -36.274, 5915.161, 388.761, -171.181, 99.992, 85.893, -113.765
209, 230.000, 72.494, 39.252, 44.290, -38.295, -9.464, 0.010, 48.310, 103.882
209, 325.000,74.897, 40.904, 5925.800, 200.113, 120.195, 99.992, 87.744, -59.009
210, 230.000, 87.274, 46.996, 57.930, -11.805, 4.728, 0.010, 77.619, 68.175
210, 325.000,102.140, 55.328, 5866.445, 758.008, 420.072, 99.982, 81.597, -61.006
211, 230.000, 29.617, -8.356, 13.431, 56.226, -13.262, 0.010, 13.088, -103.272
211, 325.000,32.044, -8.957, 5929.046, 122.602, -31.867, 99.992, 88.776, -104.570
212, 230.000, -61.402, -22.617, 45.713, -20.347, -31.843, 0.010, 50.421, 147.422
212, 325.000,-63.916, -24.310, 5927.624, -160.449, -84.410, 99.992, 88.248, 117.748
213, 230.000, -58.335, 56.412, 10.967, 58.099, -4.678, 0.010, 10.656, -94.603
213, 325.000,-59.262, 58.921, 5926.510, -124.662, 174.634, 99.992, 87.927, 35.521
214, 230.000, 4.278, 84.195, 13.107, -52.624, -24.013, 0.010, 12.767, 114.528
214, 325.000,2.868, 87.973, 5924.006, -40.313, 272.192, 99.992, 87.341, 8.425
215, 230.000, 16.493, -30.816, 17.290, -4.762, 56.533, 0.010, 16.949, 4.815
215, 325.000,16.691, -29.663, 5930.322, 29.617, -5.574, 99.992, 89.709, -100.658
216, 230.000, -74.357, -62.119, 9.161, 35.427, -46.676, 0.010, 8.885, -142.802
216, 325.000,-82.580, -71.290, 5892.879, -468.175, -472.831, 99.989, 83.558, 135.284
217, 230.000, 12.971, 88.522, 52.975, -21.372, -15.956, 0.010, 63.276, 126.745
217, 325.000,13.212, 94.155, 5919.144, 33.162, 363.837, 99.992, 86.468, -5.208
218, 230.000, 21.787, -57.007, 46.545, -36.653, 2.778, 0.010, 51.701, 85.666
218, 325.000,21.229, -58.484, 5929.248, 7.534, -116.311, 99.992, 88.874, -176.294
219, 230.000, -30.274, 82.887, 8.969, -43.155, 39.684, 0.010, 8.698, 47.399
219, 325.000,-33.641, 89.673, 5915.033, -172.873, 390.206, 99.992, 85.873, 23.895
220, 230.000, -23.843, 36.891, 46.639, 35.010, -10.804, 0.010, 51.848, -107.150
220, 325.000,-23.249, 37.348, 5930.118, -7.697, 56.829, 99.992, 89.446, 7.714
221, 230.000, -37.316, -32.510, 3.142, -51.201, -29.770, 0.010, 3.037, 120.175
221, 325.000,-39.813, -34.213, 5928.425, -122.534, -91.392, 99.992, 88.523, 126.718
222, 230.000, -50.045, 38.268, 14.450, 50.093, 28.277, 0.010, 14.101, -60.556
222, 325.000,-49.886, 40.255, 5929.082, -55.678, 111.710, 99.992, 88.794, 26.492
223, 230.000, 58.728, 77.593, 17.709, -54.187, 16.364, 0.010, 17.373, 73.196
223, 325.000,64.696, 88.120, 5893.340, 352.683, 560.203, 99.992, 83.591, -32.193
224, 230.000, 15.782, -88.949, 28.191, -50.579, -12.830, 0.010, 28.381, 104.233
224, 325.000,15.386, -95.886, 5915.854, 17.557, -414.919, 99.992, 85.984, -177.577
225, 230.000, -71.443, -51.360, 3.716, 12.390, -57.882, 0.010, 3.592, -167.917
225, 325.000,-75.723, -56.510, 5917.460, -280.826, -272.573, 99.991, 86.216, 134.146
226, 230.000, -50.707, 6.922, 43.512, 34.577, -20.707, 0.010, 47.192, -120.916
226, 325.000,-50.794, 6.427, 5930.093, -59.296, -8.454, 99.992, 89.421, 98.114
227, 230.000, 2.336, 68.136, 37.423, 21.275, -40.799, 0.010, 39.122, -152.459
227, 325.000,3.081, 69.025, 5929.169, 27.615, 117.331, 99.992, 88.835, -13.244
228, 230.000, 59.671, -66.248, 46.167, -34.797, 13.243, 0.010, 51.115, 69.164
228, 325.000,62.636, -70.320, 5920.500, 215.261, -265.852, 99.991, 86.693, -141.003
229, 230.000, -61.416, 24.623, 54.106, 11.410, -21.448, 0.010, 65.819, -151.987
229, 325.000,-62.936, 24.702, 5928.922, -127.668, 33.647, 99.992, 88.724, 75.235
230, 230.000, -34.520, -1.281, 19.358, -34.629, 44.087, 0.010, 19.050, 38.148
230, 325.000,-36.351, 0.100, 5929.314, -104.795, 43.368, 99.992, 88.904, 67.519
231, 230.000, 0.710, -86.604, 48.925, 12.888, 30.949, 0.010, 55.580, -22.608
231, 325.000,1.150, -90.797, 5922.875, 16.312, -298.325, 99.992, 87.112, -176.870
232, 230.000, -26.528, -17.936, 22.274, 34.074, -43.133, 0.010, 22.059, -141.692
232, 325.000,-26.003, -19.697, 5929.750, -22.431, -84.485, 99.992, 89.155, 165.131
233, 230.000, -9.512, -41.128, 33.135, 2.025, 49.149, 0.010, 33.964, -2.359
233, 325.000,-9.651, -40.446, 5930.318, -15.654, -25.802, 99.992, 89.708, 148.755
234, 230.000, 63.391, 13.382, 23.969, -13.427, -52.563, 0.010, 23.836, 165.671
234, 325.000,64.845, 12.118, 5928.996, 126.484, -24.968, 99.992, 88.754, -101.166
235, 230.000, 18.387, 62.606, 42.190, -16.675, -38.204, 0.010, 45.345, 156.420
235, 325.000,18.410, 63.267, 5929.513, 23.562, 99.522, 99.992, 89.012, -13.320
236, 230.000, 42.682, 37.568, 26.387, -52.346, 9.016, 0.010, 26.417, 80.227
236, 325.000,42.105, 38.807, 5929.732, 30.052, 83.531, 99.992, 89.142, -19.787
237, 230.000, -64.080, 21.109, 17.825, -49.092, -28.104, 0.010, 17.490, 119.790
237, 325.000,-67.688, 20.898, 5926.906, -202.368, 20.573, 99.992, 88.034, 84.195
238, 230.000, 40.461, -61.140, 2.045, -30.545, 50.798, 0.010, 1.976, 31.018
238, 325.000,40.966, -61.756, 5929.004, 73.071, -105.570, 99.992, 88.759, -145.311
239, 230.000, -56.433, -79.146, 38.577, 42.372, 15.299, 0.010, 40.575, -70.147
239, 325.000,-62.301, -88.699, 5896.867, -342.549, -527.656, 99.989, 83.911, 147.009
240, 230.000, 36.473, -38.062, 2.226, -47.715, -35.156, 0.010, 2.151, 126.382
240, 325.000,35.825, -40.092, 5929.367, 19.902, -108.742, 99.992, 88.932, -169.629
241, 230.000, 3.038, 93.288, 9.097, -55.920, -17.545, 0.010, 8.823, 107.419
241, 325.000,1.595, 101.017, 5911.783, -43.720, 467.555, 99.992, 85.458, 5.342
242, 230.000, 56.575, 27.546, 20.510, 8.691, -54.968, 0.010, 20.231, -171.016
242, 325.000,58.463, 26.592, 5928.953, 130.786, 2.213, 99.992, 88.736, -89.030
243, 230.000, 6.924, -45.902, 53.780, -0.164, -25.006, 0.010, 65.062, 179.624
243, 325.000,7.073, -47.715, 5929.360, 12.536, -110.113, 99.992, 88.929, -173.505
244, 230.000, -12.659, -79.524, 26.845, -14.674, 50.810, 0.010, 26.912, 16.109
244, 325.000,-13.699, -81.590, 5926.933, -54.931, -195.050, 99.992, 88.042, 164.272
245, 230.000, -70.999, 54.054, 13.313, 42.524, 39.142, 0.010, 12.971, -47.372
245, 325.000,-74.557, 58.974, 5918.487, -258.477, 272.541, 99.992, 86.369, 43.483
246, 230.000, -15.517, 26.076, 53.490, 18.029, -18.204, 0.010, 64.407, -135.276
246, 325.000,-15.279, 26.063, 5930.217, -18.259, 43.427, 99.992, 89.545, 22.805
247, 230.000, 47.356, 4.014, 1.423, 55.978, 19.547, 0.010, 1.375, -70.751
247, 325.000,50.214, 4.729, 5928.554, 145.192, 27.630, 99.992, 88.572, -79.225
248, 230.000, 68.999, 35.649, 36.319, -46.393, 6.805, 0.010, 37.760, 81.656
248, 325.000,70.428, 37.350, 5927.438, 151.375, 110.422, 99.992, 88.189, -53.891
249, 230.000, 98.651, 14.074, 5.209, -28.043, -52.001, 0.010, 5.039, 151.663
249, 325.000,120.139, 15.716, 5839.788, 1035.038, 95.996, 100.032, 79.907, -84.701
250, 230.000, 43.008, -58.040, 4.567, 50.580, -30.635, 0.010, 4.416, -121.202
250, 325.000,46.179, -61.131, 5925.237, 165.382, -183.897, 99.992, 87.610, -138.034
251, 230.000, -26.825, -77.286, 11.881, 11.148, 57.028, 0.010, 11.556, -11.061
251, 325.000,-27.764, -79.211, 5926.888, -74.949, -189.769, 99.992, 88.028, 158.448
252, 230.000, 64.863, -3.324, 25.920, 49.051, 20.972, 0.010, 25.914, -66.851
252, 325.000,68.380, -2.762, 5927.089, 197.523, 14.294, 99.992, 88.086, -85.861
253, 230.000, 18.397, 45.575, 9.452, 44.931, 37.544, 0.010, 9.170, -50.118
253, 325.000,20.252, 47.821, 5928.560, 80.698, 123.559, 99.992, 88.574, -33.149
254, 230.000, -6.411, -2.888, 25.572, -7.316, -53.011, 0.010, 25.542, 172.142
254, 630.000,-13.192, -11.473, 5927.540, -125.026, -132.890, 99.990, 88.237, 136.746
255, 230.000, 40.415, 63.691, 39.330, -38.240, -22.549, 0.010, 41.540, 120.526
255, 325.000,40.789, 65.461, 5928.051, 70.774, 150.946, 99.992, 88.389, -25.120
256, 230.000, -16.879, 30.331, 13.041, 48.187, 32.025, 0.010, 12.702, -56.392
256, 325.000,-15.693, 31.995, 5929.620, 16.135, 94.658, 99.992, 89.072, -9.673
257, 230.000, 96.050, 20.546, 4.254, 59.067, -3.254, 0.010, 4.113, -93.153
257, 325.000,112.643, 23.620, 5869.457, 833.613, 161.253, 99.997, 81.769, -79.052
258, 230.000, -19.994, 93.273, 5.026, 30.535, -50.596, 0.010, 4.862, -148.889
258, 325.000,-21.125, 101.339, 5909.333, -84.465, 492.098, 99.992, 85.170, 9.739
259, 230.000, 66.849, -67.574, 2.610, -17.865, -56.495, 0.010, 2.522, 162.452
259, 325.000,73.307, -76.373, 5900.320, 377.644, -461.411, 99.991, 84.230, -140.701
260, 230.000, 18.564, -20.491, 0.139, 33.129, -49.195, 0.010, 0.135, -146.043
260, 325.000,20.031, -22.516, 5928.979, 79.985, -101.609, 99.992, 88.751, -141.791
261, 230.000, 71.748, -58.151, 2.925, -37.125, -46.161, 0.010, 2.827, 141.192
261, 325.000,76.594, -64.422, 5912.232, 317.504, -338.460, 99.992, 85.512, -136.830
262, 230.000, 9.681, -51.952, 5.564, -54.581, -22.529, 0.010, 5.383, 112.429
262, 325.000,8.175, -53.919, 5929.010, -38.076, -122.334, 99.992, 88.762, 162.711
263, 230.000, -43.531, -20.431, 44.723, -37.599, 10.192, 0.010, 48.943, 74.833
263, 325.000,-45.709, -20.572, 5929.134, -119.284, -27.177, 99.992, 88.818, 102.835
264, 230.000, -69.819, 40.738, 56.274, 18.320, -3.904, 0.010, 71.590, -102.030
264, 325.000,-72.531, 42.532, 5925.597, -202.920, 125.520, 99.992, 87.694, 58.260
265, 230.000, -61.403, 33.453, 16.812, -15.415, 54.748, 0.010, 16.467, 15.725
265, 325.000,-63.988, 36.324, 5926.352, -168.344, 140.031, 99.992, 87.884, 50.246
266, 230.000, 62.191, -25.957, 48.924, 17.659, 28.501, 0.010, 55.577, -31.782
266, 325.000,64.718, -25.884, 5928.058, 163.681, -31.001, 99.992, 88.390, -100.725
267, 230.000, -36.539, 42.700, 21.261, 14.857, 53.337, 0.010, 21.006, -15.565
267, 325.000,-36.997, 45.478, 5928.478, -56.879, 139.729, 99.992, 88.542, 22.150
268, 230.000, 87.829, -23.456, 42.802, -32.643, -24.901, 0.010, 46.193, 127.338
268, 325.000,93.421, -25.981, 5917.463, 367.831, -133.895, 99.992, 86.215, -110.002
269, 230.000, -15.211, -97.478, 18.220, 17.064, 53.800, 0.010, 17.891, -17.598
269, 325.000,-17.038, -110.839, 5885.488, -103.370, -722.063, 99.996, 82.935, 171.853
270, 230.000, 56.487, -61.682, 19.574, 52.938, -18.224, 0.010, 19.270, -108.996
270, 325.000,61.186, -65.580, 5920.063, 256.277, -238.145, 99.992, 86.618, -132.900
271, 230.000, 62.371, -60.165, 56.455, 13.851, -11.773, 0.010, 72.152, -130.365
271, 325.000,66.598, -64.194, 5919.642, 257.779, -246.985, 99.992, 86.549, -133.775
272, 230.000, 9.571, -89.307, 50.795, -30.412, -3.547, 0.010, 58.919, 96.652
272, 325.000,9.319, -95.779, 5917.085, 9.911, -396.907, 99.992, 86.161, -178.570
273, 230.000, -73.671, 7.963, 21.965, 7.014, -54.644, 0.010, 21.737, -172.686
273, 325.000,-76.231, 6.545, 5927.240, -189.907, -35.761, 99.992, 88.133, 100.664
274, 230.000, 88.663, 20.805, 42.818, -35.048, 21.352, 0.010, 46.215, 58.650
274, 325.000,94.299, 23.035, 5917.520, 371.661, 118.589, 99.991, 86.228, -72.303
275, 230.000, -54.279, 53.919, 31.616, 28.451, 41.335, 0.010, 32.213, -34.539
275, 325.000,-55.609, 57.421, 5925.796, -125.236, 197.234, 99.992, 87.742, 32.414
276, 230.000, -80.249, -15.173, 8.104, 11.824, 57.551, 0.010, 7.853, -11.610
276, 325.000,-83.765, -14.106, 5925.168, -248.884, 11.070, 99.992, 87.592, 87.453
277, 230.000, 43.431, 19.582, 48.312, -14.178, -31.346, 0.010, 54.545, 155.662
277, 325.000,43.954, 19.028, 5930.033, 65.416, 3.667, 99.992, 89.367, -86.792
278, 230.000, -68.910, 59.710, 32.548, -31.530, 38.264, 0.010, 33.284, 39.489
278, 325.000,-75.333, 65.612, 5910.326, -362.822, 326.010, 99.993, 85.282, 48.059
279, 230.000, 69.024, -68.657, 22.553, -54.838, 1.341, 0.010, 22.350, 88.599
279, 325.000,76.244, -77.436, 5896.205, 421.475, -476.220, 99.992, 83.844, -138.490
280, 230.000, -97.188, 14.750, 57.467, 12.963, 6.865, 0.010, 75.681, -62.094
280, 325.000,-111.316, 17.157, 5881.962, -746.540, 122.774, 99.993, 82.671, 80.661
281, 230.000, -28.864, -57.171, 26.586, 52.643, 6.288, 0.010, 26.632, -83.188
281, 325.000,-28.041, -58.636, 5929.208, -8.395, -118.393, 99.992, 88.853, 175.944
282, 230.000, -68.323, 15.888, 10.038, 57.996, 7.300, 0.010, 9.745, -82.826
282, 325.000,-68.770, 16.648, 5929.278, -105.427, 46.169, 99.992, 88.888, 66.350
283, 230.000, -16.431, 80.323, 25.263, -36.145, 39.660, 0.010, 25.211, 42.345
283, 325.000,-18.386, 85.609, 5921.453, -93.299, 311.966, 99.992, 86.852, 16.650
284, 230.000, -61.227, -0.429, 44.947, -37.915, 7.735, 0.010, 49.274, 78.469
284, 325.000,-64.133, -0.197, 5927.980, -169.131, 7.118, 99.992, 88.364, 87.590
285, 230.000, -68.716, 21.748, 54.669, -17.437, 14.998, 0.010, 67.183, 49.300
285, 325.000,-71.735, 23.001, 5926.736, -195.599, 71.794, 99.992, 87.987, 69.845
286, 230.000, -14.179, -3.993, 7.571, 24.114, 53.655, 0.010, 7.334, -24.201
286, 630.000,-24.573, -1.714, 5926.462, -212.142, 12.238, 99.987, 87.947, 86.698
287, 230.000, -95.858, -6.028, 37.475, -16.957, 42.728, 0.010, 39.187, 21.646
287, 325.000,-107.339, -5.428, 5897.037, -627.442, 7.376, 99.989, 83.926, 89.327
288, 230.000, -14.061, 52.884, 16.670, 41.079, -39.399, 0.010, 16.324, -133.804
288, 325.000,-13.100, 52.925, 5930.062, 15.447, 61.116, 99.992, 89.391, -14.184
289, 230.000, -60.461, -50.275, 6.049, 56.784, 16.020, 0.010, 5.854, -74.245
289, 325.000,-61.271, -51.928, 5927.727, -119.368, -131.944, 99.992, 88.281, 137.865
290, 230.000, 2.715, -82.394, 31.366, -21.131, 45.687, 0.010, 31.928, 24.822
290, 325.000,2.190, -85.042, 5926.131, -13.230, -224.431, 99.992, 87.827, 176.626
291, 230.000, -70.357, -56.812, 21.592, 48.722, 26.031, 0.010, 21.349, -61.885
291, 325.000,-73.917, -60.096, 5920.448, -260.060, -224.103, 99.992, 86.681, 130.753
292, 230.000, -67.648, 22.428, 3.821, 57.132, 15.458, 0.010, 3.694, -74.860
292, 325.000,-68.171, 23.688, 5928.960, -108.773, 71.925, 99.992, 88.740, 56.526
293, 230.000, -17.717, -7.860, 26.562, 52.516, 7.359, 0.010, 26.606, -82.024
293, 630.000,-28.031, -14.196, 5924.677, -226.869, -124.967, 99.990, 87.497, 118.847
294, 230.000, 17.446, 60.689, 24.506, -14.807, -51.941, 0.010, 24.405, 164.089
294, 325.000,17.472, 60.769, 5929.866, 22.010, 76.120, 99.992, 89.234, -16.127
295, 230.000, 17.968, -15.772, 45.544, 3.301, -37.848, 0.010, 50.166, -175.015
295, 325.000,18.491, -17.348, 5929.365, 62.189, -92.302, 99.992, 88.925, -146.030
296, 230.000, -64.248, -58.470, 44.876, 35.900, 14.661, 0.010, 49.169, -67.785
296, 325.000,-66.999, -61.530, 5922.982, -209.636, -209.789, 99.992, 87.133, 135.021
297, 230.000, 2.750, 0.991, 22.832, -1.797, 54.709, 0.010, 22.641, 1.881
297, 630.000,5.118, 8.009, 5929.337, 46.213, 102.051, 99.992, 88.918, -24.363
298, 230.000, 50.633, 39.314, 7.805, -55.638, -19.004, 0.010, 7.562, 108.859
298, 325.000,50.334, 39.848, 5929.801, 52.270, 65.715, 99.992, 89.189, -38.499
299, 230.000, 72.005, 16.242, 8.482, 51.885, -27.453, 0.010, 8.222, -117.884
299, 325.000,76.388, 15.997, 5925.146, 248.998, 15.242, 99.992, 87.589, -86.497
300, 230.000, -50.012, -39.380, 29.922, -50.042, -10.870, 0.010, 30.298, 102.256
300, 325.000,-53.066, -40.883, 5927.355, -162.441, -98.263, 99.992, 88.165, 121.170
