ion,x0,y0,z0,vx0,vy0,vz0,ke0,elev0,azim0,x1,y1,z1,vx1,vy1,vz1,ke1,elev1,azim1
1, 230.000, -5.178, -58.014, 9.228, -26.935, -52.029, 0.010, 8.951, 152.629
1, 325.000,-6.172, -61.213, 5927.746, -38.567, -173.023, 99.992, 88.287, 167.434
2, 230.000, -9.775, -24.237, 26.211, 26.018, -46.408, 0.010, 26.228, -150.723
2, 325.000,-9.166, -26.281, 5929.188, -0.349, -119.267, 99.991, 88.848, 179.832
3, 230.000, 76.331, -25.721, 41.318, -40.431, 13.258, 0.010, 44.159, 71.845
3, 325.000,78.592, -26.495, 5926.751, 196.930, -66.744, 99.992, 87.991, -108.723
4, 230.000, -48.068, 85.373, 14.238, -48.592, -30.883, 0.010, 13.890, 122.438
4, 325.000,-56.440, 96.733, 5883.342, -417.391, 615.585, 99.984, 82.795, 34.139
5, 230.000, -4.655, -12.340, 49.561, -18.990, -26.472, 0.010, 56.681, 144.346
5, 630.000,-14.914, -35.937, 2624.268, -152.710, -360.531, 20.016, 81.514, 157.044
6, 230.000, 84.072, 31.068, 57.666, 7.413, -11.717, 0.010, 76.480, -147.680
6, 325.000,90.235, 32.902, 5917.229, 375.431, 123.425, 99.992, 86.179, -71.801
7, 230.000, 69.948, 69.524, 15.099, 56.255, -11.179, 0.010, 14.749, -101.239
7, 325.000,83.040, 80.536, 5867.686, 646.561, 570.560, 100.002, 81.640, -48.573
8, 230.000, -32.433, -69.841, 29.294, -31.174, 41.081, 0.010, 29.598, 37.193
8, 325.000,-34.745, -71.429, 5926.973, -125.676, -157.375, 99.992, 88.054, 141.390
9, 230.000, 68.108, -33.226, 35.256, 39.404, 26.869, 0.010, 36.473, -55.711
9, 325.000,72.086, -33.723, 5925.427, 233.533, -65.710, 99.992, 87.655, -105.715
10, 230.000, -22.340, 94.529, 49.116, -32.564, -6.702, 0.010, 55.906, 101.629
10, 325.000,-26.181, 106.454, 5891.570, -190.104, 649.702, 99.990, 83.445, 16.310
11, 230.000, -27.716, -73.813, 35.093, 31.740, 35.759, 0.010, 36.277, -41.593
11, 325.000,-27.928, -75.900, 5927.361, -49.607, -183.210, 99.992, 88.166, 164.850
12, 230.000, 79.006, -48.475, 14.245, -39.550, -41.839, 0.010, 13.897, 136.611
12, 325.000,84.508, -53.877, 5912.620, 356.672, -289.180, 99.993, 85.559, -129.034
13, 230.000, 87.310, -47.231, 5.345, -38.413, -44.872, 0.010, 5.171, 139.434
13, 325.000,101.723, -56.973, 5864.609, 743.074, -472.523, 99.990, 81.461, -122.452
14, 230.000, 53.138, -58.859, 11.067, -47.898, -33.181, 0.010, 10.754, 124.712
14, 325.000,54.013, -62.532, 5925.428, 112.517, -215.083, 99.992, 87.654, -152.384
15, 230.000, -14.483, -20.874, 55.013, -1.632, 22.104, 0.010, 68.056, 4.222
15, 325.000,-14.882, -20.668, 5929.996, -50.975, -47.001, 99.992, 89.330, 132.677
16, 230.000, -42.430, -81.536, 8.266, -55.095, -20.342, 0.010, 8.012, 110.265
16, 325.000,-47.643, -88.925, 5908.968, -268.857, -425.657, 99.991, 85.130, 147.722
17, 230.000, -9.661, -59.952, 41.369, 39.722, 15.113, 0.010, 44.227, -69.169
17, 325.000,-8.672, -61.117, 5929.344, 20.986, -109.822, 99.992, 88.920, -169.182
18, 230.000, -48.686, -55.780, 16.920, 46.273, -33.017, 0.010, 16.576, -125.509
18, 325.000,-49.072, -58.930, 5926.950, -82.437, -184.338, 99.992, 88.049, 155.905
19, 230.000, -29.909, -36.826, 22.892, -39.491, 37.869, 0.010, 22.704, 46.202
19, 325.000,-31.843, -36.456, 5929.534, -96.817, -29.618, 99.992, 89.022, 107.010
20, 230.000, 69.468, 12.246, 5.933, 58.727, 5.796, 0.010, 5.741, -84.364
20, 325.000,73.759, 12.859, 5925.531, 237.250, 37.070, 99.992, 87.679, -81.119
21, 230.000, 66.592, 40.823, 52.383, -23.779, 14.431, 0.010, 62.032, 58.748
21, 325.000,68.704, 43.022, 5926.324, 172.317, 136.016, 99.991, 87.879, -51.715
22, 230.000, 63.884, -39.518, 47.298, -25.642, -24.960, 0.010, 52.890, 134.227
22, 325.000,65.574, -41.841, 5926.986, 148.987, -134.825, 99.992, 88.058, -132.143
23, 230.000, 31.008, 10.416, 21.956, -32.415, 44.552, 0.010, 21.727, 36.039
23, 325.000,30.647, 12.067, 5929.867, 35.804, 70.180, 99.992, 89.239, -27.030
24, 230.000, -44.067, -23.921, 38.775, 2.423, -44.814, 0.010, 40.826, -176.905
24, 325.000,-45.022, -25.901, 5929.139, -80.772, -91.611, 99.992, 88.820, 138.598
25, 230.000, -86.622, -48.711, 34.438, 25.942, 40.727, 0.010, 35.496, -32.496
25, 325.000,-101.274, -56.180, 5869.521, -750.584, -394.022, 99.993, 81.782, 117.697
26, 230.000, -43.257, -38.929, 12.265, -39.292, 42.700, 0.010, 11.935, 42.620
26, 325.000,-45.642, -38.597, 5928.897, -128.682, -34.852, 99.992, 88.712, 105.154
27, 230.000, 33.499, 55.411, 55.610, 20.607, 0.731, 0.010, 69.656, -87.967
27, 325.000,35.152, 57.097, 5928.291, 96.526, 125.004, 99.992, 88.474, -37.675
28, 230.000, -65.898, -46.630, 19.583, -54.977, -10.569, 0.010, 19.280, 100.882
28, 325.000,-70.793, -49.208, 5921.918, -271.987, -162.689, 99.992, 86.937, 120.886
29, 230.000, -13.731, -88.217, 33.518, -9.033, 48.089, 0.010, 34.412, 10.638
29, 325.000,-14.939, -92.707, 5921.240, -67.624, -322.145, 99.991, 86.818, 168.145
30, 230.000, -79.266, 57.307, 10.828, -18.740, 55.220, 0.010, 10.519, 18.746
30, 325.000,-91.339, 67.287, 5876.069, -626.300, 497.532, 99.987, 82.248, 51.536
31, 230.000, -4.608, 44.571, 10.382, -4.220, 58.241, 0.010, 10.082, 4.145
31, 325.000,-4.845, 47.421, 5928.658, -12.922, 143.032, 99.992, 88.612, 5.162
32, 230.000, 60.364, 78.464, 1.893, 20.140, 55.753, 0.010, 1.829, -19.861
32, 325.000,71.718, 94.105, 5853.699, 562.871, 763.461, 99.980, 80.796, -36.400
33, 230.000, 76.053, 63.129, 49.150, -27.453, 18.662, 0.010, 55.965, 55.793
33, 325.000,87.817, 74.122, 5872.343, 615.022, 554.996, 99.995, 81.970, -47.937
34, 230.000, 7.836, -73.921, 56.622, -2.172, 17.518, 0.010, 72.684, 7.067
34, 325.000,8.066, -76.181, 5927.607, 18.844, -180.867, 99.992, 88.243, -174.052
35, 230.000, 14.374, -65.192, 34.016, 0.883, 48.577, 0.010, 34.997, -1.041
35, 325.000,14.846, -65.674, 5929.477, 33.847, -98.830, 99.992, 88.991, -161.095
36, 230.000, 29.310, 89.078, 24.305, 34.711, -41.497, 0.010, 24.192, -140.088
36, 325.000,33.042, 95.939, 5911.597, 193.262, 430.776, 99.993, 85.434, -24.163
37, 230.000, -84.612, -13.091, 56.647, 16.485, -6.081, 0.010, 72.767, -110.248
37, 325.000,-88.944, -14.028, 5922.722, -296.765, -55.014, 99.992, 87.083, 100.502
38, 230.000, 31.002, 91.551, 40.827, 38.141, -19.901, 0.010, 43.502, -117.555
38, 325.000,35.888, 101.997, 5896.398, 246.205, 585.264, 99.995, 83.854, -22.815
39, 230.000, -69.554, 49.418, 23.927, -49.070, 23.180, 0.010, 23.792, 64.714
39, 325.000,-75.129, 53.015, 5918.347, -313.811, 210.630, 99.992, 86.346, 56.130
40, 230.000, 17.099, -97.461, 14.086, 57.574, 2.110, 0.010, 13.739, -87.902
40, 325.000,21.740, -114.088, 5865.541, 210.702, -846.006, 99.978, 81.546, -166.015
41, 230.000, 35.671, 19.190, 29.359, 14.692, 49.395, 0.010, 29.670, -16.565
41, 325.000,36.909, 21.178, 5929.178, 82.535, 87.448, 99.992, 88.838, -43.345
42, 230.000, -8.526, 44.869, 50.989, 17.419, -24.786, 0.010, 59.284, -144.900
42, 325.000,-8.163, 45.082, 5930.109, 2.095, 58.277, 99.992, 89.437, -2.058
43, 230.000, 35.313, 83.803, 5.300, -3.829, -58.948, 0.010, 5.127, 176.284
43, 325.000,37.811, 88.195, 5919.838, 156.095, 317.535, 99.992, 86.580, -26.178
44, 230.000, 66.219, 28.507, 46.672, -29.397, -21.799, 0.010, 51.899, 126.558
44, 325.000,67.644, 28.834, 5928.573, 138.221, 49.969, 99.992, 88.580, -70.124
45, 230.000, -45.616, 82.342, 20.216, -55.350, -6.735, 0.010, 19.929, 96.938
45, 325.000,-51.701, 90.076, 5904.921, -312.973, 451.196, 99.992, 84.687, 34.747
46, 230.000, 29.495, -56.509, 37.368, -18.957, -41.975, 0.010, 39.054, 155.695
46, 325.000,29.767, -59.500, 5927.818, 45.605, -168.721, 99.992, 88.311, -164.874
47, 230.000, -12.033, -58.089, 34.717, -16.307, -45.238, 0.010, 35.827, 160.177
47, 325.000,-12.875, -61.095, 5927.876, -41.936, -167.705, 99.992, 88.330, 165.961
48, 230.000, -96.399, -22.163, 12.031, 4.092, 57.932, 0.010, 11.704, -4.040
48, 325.000,-112.383, -24.143, 5872.123, -819.082, -127.089, 99.990, 81.965, 98.820
49, 230.000, -68.608, 43.254, 6.042, -41.313, 42.123, 0.010, 5.847, 44.444
49, 325.000,-73.265, 46.693, 5921.331, -269.455, 186.782, 99.992, 86.831, 55.271
50, 230.000, 32.670, 1.191, 13.134, -0.236, 57.837, 0.010, 12.794, 0.233
50, 325.000,33.371, 3.069, 5929.625, 71.995, 63.239, 99.992, 89.074, -48.704
51, 230.000, 15.946, 58.459, 44.456, -38.714, -6.515, 0.010, 48.553, 99.553
51, 325.000,15.161, 59.852, 5929.269, -6.814, 115.498, 99.992, 88.882, 3.376
52, 230.000, 72.245, 41.387, 52.091, -0.453, 28.354, 0.010, 61.437, 0.915
52, 325.000,76.014, 44.433, 5922.600, 249.931, 173.284, 99.992, 87.060, -55.265
53, 230.000, 4.485, 5.849, 28.414, -51.373, -8.433, 0.010, 28.625, 99.322
53, 630.000,3.911, 13.965, 2649.565, 18.661, 133.775, 20.011, 87.082, -7.941
54, 230.000, -24.573, 5.674, 17.290, -23.836, -51.483, 0.010, 16.949, 155.156
54, 325.000,-25.918, 4.155, 5929.388, -104.482, -37.271, 99.993, 88.928, 109.632
55, 230.000, -8.965, -9.546, 42.677, -13.557, 38.891, 0.010, 46.019, 19.218
55, 630.000,-25.295, -18.891, 2635.478, -252.368, -169.574, 20.010, 83.419, 123.898
56, 230.000, 45.373, 53.198, 49.177, 18.981, -27.184, 0.010, 56.012, -145.076
56, 325.000,47.500, 54.140, 5928.059, 131.199, 102.324, 99.992, 88.392, -52.049
57, 230.000, 35.838, 84.823, 37.975, 29.862, 34.406, 0.010, 39.813, -40.956
57, 325.000,39.755, 92.982, 5908.768, 210.740, 460.207, 99.992, 85.104, -24.604
58, 230.000, -86.684, 27.801, 18.283, -55.135, -11.977, 0.010, 17.955, 102.256
58, 325.000,-95.187, 29.615, 5910.524, -470.291, 119.316, 99.992, 85.307, 75.764
59, 230.000, 21.301, -32.567, 17.034, 53.182, 19.978, 0.010, 16.691, -69.411
59, 325.000,23.457, -32.629, 5929.462, 96.362, -42.080, 99.992, 88.984, -113.590
60, 230.000, 16.586, -52.326, 4.116, 10.950, 58.145, 0.010, 3.979, -10.665
60, 325.000,17.343, -51.766, 5930.089, 43.669, -41.717, 99.992, 89.417, -133.690
61, 230.000, 24.041, 25.262, 35.292, 36.660, -30.466, 0.010, 36.516, -129.728
61, 325.000,25.727, 24.834, 5929.700, 88.265, 20.748, 99.992, 89.124, -76.772
62, 230.000, 57.756, -21.092, 54.890, 20.147, -9.944, 0.010, 67.740, -116.269
62, 325.000,60.013, -21.998, 5928.386, 144.150, -55.326, 99.992, 88.508, -110.997
63, 230.000, -23.211, -94.642, 16.229, 47.715, -31.265, 0.010, 15.880, -123.235
63, 325.000,-24.903, -108.321, 5885.965, -116.308, -716.352, 99.997, 82.971, 170.778
64, 230.000, 86.187, -24.494, 58.490, -3.610, -9.141, 0.010, 80.462, 158.452
64, 325.000,92.139, -26.497, 5917.593, 371.931, -116.467, 99.992, 86.232, -107.388
65, 230.000, -39.712, -49.788, 33.799, 35.213, 33.695, 0.010, 34.741, -46.262
65, 325.000,-39.747, -50.161, 5929.734, -49.815, -73.308, 99.992, 89.144, 145.803
66, 230.000, 14.312, -84.622, 21.187, -30.025, -46.554, 0.010, 20.930, 147.180
66, 325.000,14.228, -91.082, 5918.649, 22.942, -372.240, 99.991, 86.394, -176.473
67, 230.000, 4.260, 73.786, 53.633, 9.711, 23.384, 0.010, 64.728, -22.553
67, 325.000,4.726, 77.325, 5926.134, 21.646, 223.663, 99.992, 87.828, -5.528
68, 230.000, -14.084, 8.415, 42.379, 17.140, -37.788, 0.010, 45.605, -155.601
68, 630.000,-33.781, 16.037, 2629.761, -322.393, 141.570, 20.015, 82.374, 66.293
69, 230.000, -61.275, -41.345, 22.709, 51.287, -19.277, 0.010, 22.513, -110.600
69, 325.000,-61.952, -43.496, 5927.964, -109.318, -130.034, 99.992, 88.359, 139.947
70, 230.000, 3.970, -77.539, 44.681, -19.835, 33.583, 0.010, 48.881, 30.568
70, 325.000,3.516, -79.734, 5927.344, -9.230, -190.124, 99.992, 88.161, 177.221
71, 230.000, -29.116, -75.595, 10.902, -53.254, -23.723, 0.010, 10.592, 114.011
71, 325.000,-32.195, -80.006, 5922.234, -151.101, -271.920, 99.992, 86.993, 150.940
72, 230.000, 98.867, 12.734, 30.401, -49.767, -10.801, 0.010, 30.836, 102.245
72, 325.000,120.128, 15.342, 5840.243, 1028.076, 127.689, 100.026, 79.941, -82.920
73, 230.000, 24.869, 47.050, 48.583, -22.444, 25.565, 0.010, 55.000, 41.280
73, 325.000,24.765, 49.003, 5929.185, 24.776, 117.325, 99.992, 88.841, -11.924
74, 230.000, 32.017, -93.370, 34.049, -48.508, 2.304, 0.010, 35.035, 87.281
74, 325.000,35.697, -108.233, 5876.800, 212.291, -768.441, 100.000, 82.275, -164.557
75, 230.000, -10.983, -43.273, 16.095, 24.642, 51.491, 0.010, 15.746, -25.574
75, 325.000,-10.440, -42.586, 5930.326, 4.851, -28.172, 99.992, 89.724, -170.229
76, 230.000, 13.237, -56.275, 8.102, -5.055, 58.536, 0.010, 7.851, 4.936
76, 325.000,13.417, -55.866, 5930.130, 21.305, -52.167, 99.992, 89.456, -157.785
77, 230.000, 93.097, 7.802, 0.320, -52.647, 27.310, 0.010, 0.310, 62.583
77, 325.000,99.656, 9.323, 5914.698, 425.576, 69.440, 99.992, 85.830, -80.733
78, 230.000, 83.186, 28.334, 57.253, -2.402, -15.294, 0.010, 74.869, 171.076
78, 325.000,88.437, 29.677, 5920.126, 334.494, 98.631, 99.991, 86.629, -73.571
79, 230.000, -92.251, 27.281, 50.721, -0.874, -30.729, 0.010, 58.781, 178.371
79, 325.000,-102.855, 29.485, 5899.420, -588.463, 140.903, 99.991, 84.144, 76.534
80, 230.000, 95.182, 10.113, 12.799, 54.986, 18.177, 0.010, 12.462, -71.707
80, 325.000,107.664, 11.813, 5892.875, 660.441, 83.368, 99.990, 83.555, -82.806
81, 230.000, -38.297, 75.351, 46.578, -12.947, 34.359, 0.010, 51.751, 20.647
81, 325.000,-40.834, 80.618, 5920.275, -153.132, 310.658, 99.992, 86.652, 26.240
82, 230.000, 68.319, 1.350, 7.912, 21.163, -54.838, 0.010, 7.666, -158.897
82, 325.000,71.224, -0.341, 5927.239, 185.903, -53.881, 99.992, 88.130, -106.163
83, 230.000, -4.437, -19.387, 31.310, -15.482, -47.933, 0.010, 31.864, 162.100
83, 325.000,-5.051, -21.438, 5928.260, -39.778, -151.508, 99.989, 88.486, 165.289
84, 230.000, -61.965, 29.069, 37.214, -18.750, -42.204, 0.010, 38.863, 156.046
84, 325.000,-64.574, 28.688, 5927.974, -167.630, 25.542, 99.992, 88.362, 81.337
85, 230.000, 98.430, 7.887, 5.588, -58.463, 8.278, 0.010, 5.406, 81.941
85, 325.000,112.077, 9.366, 5884.210, 736.056, 72.895, 99.996, 82.835, -84.344
86, 230.000, -57.505, -60.950, 42.722, 18.608, -36.690, 0.010, 46.082, -153.107
86, 325.000,-60.008, -65.354, 5922.125, -183.288, -253.667, 99.991, 86.975, 144.150
87, 230.000, 87.884, 23.327, 9.575, -23.373, 53.662, 0.010, 9.291, 23.536
87, 325.000,93.829, 26.749, 5915.812, 381.280, 164.759, 99.991, 85.984, -66.630
88, 230.000, -10.549, 44.182, 51.713, 12.179, -26.364, 0.010, 60.682, -155.206
88, 325.000,-10.397, 44.328, 5930.133, -7.131, 55.403, 99.992, 89.460, 7.335
89, 230.000, 15.630, -43.557, 19.831, 16.429, -53.427, 0.010, 19.534, -162.907
89, 325.000,16.506, -46.240, 5928.649, 46.083, -136.337, 99.992, 88.609, -161.324
90, 230.000, -95.784, -5.783, 10.589, -13.520, 56.769, 0.010, 10.284, 13.395
90, 325.000,-107.043, -4.718, 5897.887, -618.571, 24.254, 99.988, 84.008, 87.755
91, 230.000, 36.384, -38.056, 16.728, 26.058, -50.584, 0.010, 16.383, -152.745
91, 325.000,38.098, -40.590, 5928.264, 97.195, -125.829, 99.992, 88.464, -142.316
92, 230.000, -67.263, -6.254, 26.542, 41.192, 33.412, 0.010, 26.585, -50.953
92, 325.000,-68.082, -5.397, 5929.274, -113.552, 20.219, 99.992, 88.886, 79.904
93, 230.000, -6.655, 6.557, 44.464, -22.040, -32.479, 0.010, 48.563, 145.840
93, 630.000,-20.642, 12.153, 2642.543, -210.643, 106.549, 20.012, 84.895, 63.168
94, 230.000, 94.495, -31.057, 8.665, -6.056, 58.360, 0.010, 8.401, 5.925
94, 325.000,111.559, -35.001, 5863.834, 859.241, -221.842, 99.999, 81.394, -104.477
95, 230.000, -49.508, -68.265, 26.405, -50.080, -17.676, 0.010, 26.436, 109.441
95, 325.000,-53.813, -72.602, 5919.860, -232.417, -266.310, 99.992, 86.583, 138.888
96, 230.000, 25.585, -46.467, 13.389, -25.515, 51.840, 0.010, 13.047, 26.206
96, 325.000,25.388, -45.934, 5930.247, 22.674, -35.484, 99.992, 89.593, -147.421
97, 230.000, -75.056, 12.306, 47.508, 30.080, 18.863, 0.010, 53.228, -57.908
97, 325.000,-77.111, 13.387, 5927.452, -178.695, 54.178, 99.992, 88.196, 73.133
98, 230.000, 70.221, 57.474, 48.725, -33.677, -3.066, 0.010, 55.238, 95.202
98, 325.000,74.400, 61.645, 5918.026, 283.328, 257.871, 99.992, 86.296, -47.693
99, 230.000, 61.318, -16.654, 36.221, 45.772, 10.519, 0.010, 37.641, -77.058
99, 325.000,64.570, -16.812, 5927.506, 183.248, -25.923, 99.992, 88.212, -98.052
100, 230.000, 21.782, -24.127, 48.996, -33.059, 4.914, 0.010, 55.701, 81.546
100, 325.000,21.206, -24.498, 5930.168, 15.204, -50.123, 99.992, 89.494, -163.126
101, 230.000, 61.721, 17.209, 32.079, 42.719, -25.762, 0.010, 32.744, -121.092
101, 325.000,64.907, 16.907, 5927.594, 181.975, 11.586, 99.992, 88.238, -86.357
102, 230.000, 7.665, 7.880, 20.106, -47.149, -29.839, 0.010, 19.816, 122.328
102, 630.000,12.796, 15.975, 2646.857, 107.230, 145.022, 20.011, 86.102, -36.479
103, 230.000, -30.452, -34.315, 30.704, 31.057, 40.130, 0.010, 31.177, -37.736
103, 325.000,-30.143, -33.803, 5930.301, -24.969, -22.815, 99.992, 89.673, 132.419
104, 230.000, -17.906, 55.474, 58.778, 7.591, -2.284, 0.010, 82.319, -106.744
104, 325.000,-18.137, 56.861, 5929.300, -28.533, 110.409, 99.992, 88.898, 14.490
105, 230.000, -55.560, 75.903, 58.640, 4.896, -7.417, 0.010, 81.382, -146.570
105, 325.000,-60.653, 82.838, 5908.769, -298.879, 407.534, 99.990, 85.111, 36.256
106, 230.000, 1.874, 66.576, 8.491, 58.356, -6.336, 0.010, 8.231, -96.196
106, 325.000,3.779, 68.450, 5928.218, 65.041, 147.066, 99.992, 88.446, -23.858
107, 230.000, 36.246, -24.583, 3.530, 11.804, 58.016, 0.010, 3.412, -11.500
107, 325.000,37.419, -23.269, 5929.835, 80.320, 13.992, 99.992, 89.212, -80.118
108, 230.000, 7.333, -1.438, 57.005, -11.085, -12.047, 0.010, 73.977, 137.380
108, 630.000,17.427, -5.565, 2647.136, 166.627, -59.191, 20.012, 86.178, -109.557
109, 230.000, 73.009, 60.461, 29.989, -38.028, -34.237, 0.010, 30.373, 131.997
109, 325.000,78.999, 65.338, 5911.033, 370.494, 303.887, 99.993, 85.365, -50.641
110, 230.000, 88.405, -38.501, 21.605, 3.384, 55.131, 0.010, 21.363, -3.513
110, 325.000,98.806, -41.323, 5899.591, 573.694, -189.295, 99.993, 84.153, -108.261
111, 230.000, -48.790, -1.352, 39.081, 19.259, 40.242, 0.010, 41.218, -25.574
111, 325.000,-49.298, -0.107, 5929.835, -71.688, 39.136, 99.992, 89.211, 61.369
112, 230.000, 60.052, 2.616, 50.415, 31.201, 1.569, 0.010, 58.215, -87.121
112, 325.000,62.682, 2.737, 5928.283, 158.198, 7.108, 99.992, 88.470, -87.427
113, 230.000, -54.530, -44.101, 10.060, 41.290, 41.371, 0.010, 9.766, -44.944
113, 325.000,-55.047, -44.267, 5929.369, -89.679, -64.216, 99.992, 88.934, 125.605
114, 230.000, 90.565, 10.572, 11.449, 48.973, 31.436, 0.010, 11.130, -57.304
114, 325.000,99.263, 12.379, 5909.883, 485.901, 84.056, 99.993, 85.230, -80.186
115, 230.000, 26.610, -79.031, 38.130, -23.080, -39.128, 0.010, 40.009, 149.465
115, 325.000,27.303, -84.437, 5921.479, 68.854, -317.854, 99.992, 86.856, -167.777
116, 230.000, 70.350, -17.766, 1.149, -26.573, 53.011, 0.010, 1.110, 26.623
116, 325.000,72.034, -16.729, 5928.406, 153.346, 9.597, 99.992, 88.515, -86.419
117, 230.000, 32.618, -60.470, 8.927, -57.303, -12.424, 0.010, 8.657, 102.234
117, 325.000,31.872, -62.838, 5928.274, 18.386, -157.660, 99.992, 88.466, -173.348
118, 230.000, 25.394, -78.646, 15.172, -51.932, -24.301, 0.010, 14.821, 115.077
118, 325.000,25.067, -83.414, 5923.099, 31.543, -292.479, 99.992, 87.157, -173.845
119, 230.000, 88.931, -44.510, 36.637, 27.001, 38.030, 0.010, 38.150, -35.374
119, 325.000,106.230, -51.647, 5857.141, 853.906, -372.014, 100.003, 80.964, -113.541
120, 230.000, 28.538, -15.958, 26.923, -19.513, -49.113, 0.010, 26.996, 158.332
120, 325.000,28.533, -17.873, 5929.613, 42.366, -86.561, 99.992, 89.069, -153.921
121, 230.000, -17.537, -9.281, 5.030, -49.698, 31.975, 0.010, 4.865, 57.243
121, 325.000,-19.614, -8.497, 5928.492, -153.626, -14.457, 99.995, 88.509, 95.376
122, 230.000, 36.333, 82.829, 58.685, 5.322, 6.735, 0.010, 81.678, -38.319
122, 325.000,39.191, 89.179, 5915.545, 170.721, 383.476, 99.993, 85.941, -23.998
123, 230.000, 38.851, -31.427, 50.059, 28.181, 14.752, 0.010, 57.567, -62.369
123, 325.000,40.649, -31.693, 5929.345, 102.516, -44.050, 99.992, 88.922, -113.253
124, 230.000, -59.305, -68.423, 8.089, 14.591, 56.915, 0.010, 7.839, -14.379
124, 325.000,-63.154, -71.627, 5920.117, -248.964, -244.735, 99.992, 86.625, 134.509
125, 230.000, -50.023, -40.156, 26.743, 28.833, -44.397, 0.010, 26.802, -146.999
125, 325.000,-50.592, -42.746, 5928.302, -80.966, -135.181, 99.992, 88.477, 149.081
126, 230.000, 34.730, -93.444, 0.968, 30.525, -50.842, 0.010, 0.936, -149.020
126, 325.000,45.135, -120.498, 5787.915, 465.088, -1217.598, 100.075, 77.309, -159.095
127, 230.000, -16.823, -95.405, 36.273, 45.865, -9.912, 0.010, 37.705, -102.195
127, 325.000,-17.542, -107.595, 5893.268, -65.209, -658.869, 99.990, 83.590, 174.348
128, 230.000, -18.701, -28.960, 25.064, 41.753, 33.854, 0.010, 24.998, -50.964
128, 325.000,-17.774, -28.508, 5930.327, 2.602, -28.230, 99.992, 89.726, -174.733
129, 230.000, -2.186, -66.946, 55.988, -17.516, -8.727, 0.010, 70.734, 116.483
129, 325.000,-2.805, -69.332, 5928.048, -23.316, -165.123, 99.992, 88.389, 171.963
130, 230.000, 7.164, 10.537, 30.809, -30.341, 40.594, 0.010, 31.296, 36.775
130, 630.000,13.989, 33.446, 2628.091, 124.810, 342.060, 20.014, 82.112, -20.046
131, 230.000, -60.964, -31.550, 36.460, -43.646, -16.832, 0.010, 37.933, 111.089
131, 325.000,-64.364, -33.128, 5926.488, -193.542, -94.166, 99.992, 87.920, 115.945
132, 230.000, -85.654, 29.165, 24.696, 32.436, -43.077, 0.010, 24.607, -143.022
132, 325.000,-90.866, 29.954, 5919.599, -347.665, 84.419, 99.992, 86.541, 76.352
133, 230.000, 52.649, 3.833, 50.469, 22.454, 21.594, 0.010, 58.315, -46.119
133, 325.000,54.636, 4.609, 5929.010, 124.653, 29.744, 99.992, 88.762, -76.579
134, 230.000, -20.146, -56.982, 36.610, 13.381, 44.702, 0.010, 38.117, -16.664
134, 325.000,-20.269, -57.112, 5929.894, -27.937, -71.906, 99.992, 89.255, 158.768
135, 230.000, 63.456, -66.423, 19.384, 50.849, -23.587, 0.010, 19.076, -114.885
135, 325.000,70.284, -72.661, 5908.283, 368.711, -354.424, 99.991, 85.053, -133.868
136, 230.000, -84.827, -3.263, 20.441, -10.362, 54.703, 0.010, 20.160, 10.726
136, 325.000,-89.902, -1.744, 5921.523, -320.789, 45.758, 99.991, 86.868, 81.882
137, 230.000, 1.837, -96.003, 25.237, 44.240, -30.390, 0.010, 25.184, -124.487
137, 325.000,3.386, -107.991, 5894.713, 59.072, -646.379, 99.990, 83.716, -174.778
138, 230.000, 90.535, -0.312, 43.821, 20.144, -34.519, 0.010, 47.634, -149.734
138, 325.000,97.949, -1.395, 5914.203, 436.553, -38.054, 99.992, 85.762, -94.982
139, 230.000, -43.072, 26.844, 22.283, -39.460, -38.262, 0.010, 22.068, 134.117
139, 325.000,-45.341, 26.260, 5929.118, -122.548, 11.279, 99.992, 88.811, 84.741
140, 230.000, -48.683, -0.780, 55.297, -3.906, -21.087, 0.010, 68.803, 169.505
140, 325.000,-49.925, -1.464, 5929.583, -95.379, -23.295, 99.992, 89.051, 103.725
141, 230.000, 6.892, -95.490, 15.619, -37.383, 43.315, 0.010, 15.269, 40.796
141, 325.000,6.497, -104.392, 5906.717, 1.648, -529.883, 99.993, 84.874, -179.822
142, 230.000, 18.823, -21.553, 59.239, -0.122, -2.890, 0.010, 87.204, 177.580
142, 325.000,19.242, -22.130, 5929.900, 49.341, -59.709, 99.992, 89.252, -140.431
143, 230.000, -86.099, -4.652, 54.473, 1.635, -23.402, 0.010, 66.701, -176.004
143, 325.000,-91.148, -5.650, 5921.239, -326.721, -42.437, 99.992, 86.815, 97.401
144, 230.000, -10.364, 7.853, 46.111, 26.208, 26.543, 0.010, 51.029, -44.636
144, 630.000,-22.914, 24.358, 2632.647, -213.631, 248.083, 20.010, 82.911, 40.733
145, 230.000, -79.036, 56.429, 40.138, 36.486, 23.987, 0.010, 42.590, -56.677
145, 325.000,-87.962, 64.302, 5894.196, -505.196, 414.261, 99.988, 83.675, 50.648
146, 230.000, -59.405, 22.465, 33.938, -36.894, -31.697, 0.010, 34.905, 130.667
146, 325.000,-62.311, 22.123, 5927.959, -169.204, 16.563, 99.992, 88.357, 84.409
147, 230.000, 68.120, 56.898, 0.972, 22.912, 54.697, 0.010, 0.939, -22.729
147, 325.000,73.529, 62.518, 5914.182, 316.931, 302.408, 99.991, 85.764, -46.343
148, 230.000, -69.374, -29.842, 43.061, 15.085, 37.893, 0.010, 46.555, -21.707
148, 325.000,-71.622, -29.826, 5927.637, -175.796, -42.795, 99.992, 88.252, 103.682
149, 230.000, -6.537, -66.728, 4.140, 57.364, -14.486, 0.010, 4.002, -104.173
149, 325.000,-4.927, -69.296, 5927.766, 44.447, -170.845, 99.992, 88.294, -165.417
150, 230.000, -30.182, 34.380, 4.141, -53.760, 24.706, 0.010, 4.004, 65.318
150, 325.000,-32.576, 35.940, 5928.668, -111.769, 89.473, 99.992, 88.617, 51.322
151, 230.000, 87.204, -44.316, 0.606, -52.301, -27.963, 0.010, 0.586, 118.131
151, 325.000,97.631, -51.252, 5890.947, 583.971, -355.262, 99.994, 83.381, -121.314
152, 230.000, 83.649, -44.055, 14.656, -56.788, 8.831, 0.010, 14.306, 81.161
152, 325.000,89.914, -47.996, 5912.150, 401.815, -234.095, 99.992, 85.503, -120.225
153, 230.000, -32.264, -41.550, 18.595, 4.754, 56.118, 0.010, 18.271, -4.842
153, 325.000,-32.885, -40.760, 5930.086, -56.844, -21.415, 99.992, 89.413, 110.642
154, 230.000, 56.302, -63.775, 54.144, -17.779, -16.431, 0.010, 65.909, 132.744
154, 325.000,58.919, -67.870, 5922.103, 187.560, -250.994, 99.991, 86.971, -143.230
155, 230.000, -69.527, -19.651, 53.078, -23.502, -12.168, 0.010, 63.499, 117.373
155, 325.000,-72.788, -20.746, 5926.494, -205.486, -63.844, 99.992, 87.921, 107.260
156, 230.000, 29.064, 10.293, 47.917, -33.806, -8.872, 0.010, 53.893, 104.706
156, 325.000,28.633, 10.239, 5930.266, 36.482, 16.192, 99.992, 89.614, -66.067
157, 230.000, 51.849, -11.915, 7.155, -12.892, -57.448, 0.010, 6.929, 167.352
157, 325.000,52.698, -14.034, 5929.189, 86.661, -82.503, 99.992, 88.844, -133.592
158, 230.000, 64.138, -42.786, 41.998, 24.322, 34.091, 0.010, 45.082, -35.506
158, 325.000,67.571, -43.503, 5925.969, 211.330, -88.307, 99.992, 87.787, -112.678
159, 230.000, -26.457, -12.171, 41.204, 35.967, -22.941, 0.010, 44.005, -122.532
159, 325.000,-25.906, -13.178, 5930.036, -32.204, -56.701, 99.992, 89.370, 150.405
160, 230.000, -6.716, 11.774, 14.741, 53.050, 22.046, 0.010, 14.391, -67.433
160, 630.000,-9.379, 33.835, 2630.519, -71.050, 338.698, 20.014, 82.505, 11.847
161, 230.000, -81.270, -55.565, 24.950, 28.933, -45.366, 0.010, 24.877, -147.471
161, 325.000,-92.910, -65.463, 5877.405, -619.765, -493.657, 99.998, 82.322, 128.538
162, 230.000, -24.255, 67.777, 36.941, -17.726, -42.881, 0.010, 38.525, 157.541
162, 325.000,-25.670, 68.826, 5928.477, -80.222, 127.789, 99.992, 88.542, 32.119
163, 230.000, -3.916, -44.746, 49.713, -32.071, -4.209, 0.010, 56.950, 97.476
163, 325.000,-5.020, -45.872, 5929.605, -40.526, -87.800, 99.992, 89.066, 155.223
164, 230.000, 89.091, 27.475, 9.327, 56.908, -13.861, 0.010, 9.048, -103.689
164, 325.000,98.966, 29.558, 5904.680, 536.120, 131.850, 99.993, 84.658, -76.183
165, 230.000, -20.548, -24.820, 43.588, 20.105, -34.836, 0.010, 47.300, -150.009
165, 325.000,-20.353, -26.468, 5929.644, -24.574, -91.634, 99.992, 89.083, 164.988
166, 230.000, 56.938, -73.572, 45.077, -13.667, -36.040, 0.010, 49.467, 159.232
166, 325.000,61.560, -81.182, 5908.632, 282.096, -421.670, 99.991, 85.092, -146.218
167, 230.000, 9.394, 2.580, 31.621, -18.661, -46.578, 0.010, 32.219, 158.167
167, 630.000,21.623, -0.330, 2644.902, 204.693, -21.129, 20.010, 85.551, -95.893
168, 230.000, -89.952, -17.365, 14.553, -56.566, -10.302, 0.010, 14.204, 100.322
168, 325.000,-99.058, -19.104, 5908.357, -501.543, -96.163, 99.991, 85.060, 100.854
169, 230.000, -58.482, -7.641, 32.713, 19.455, -45.486, 0.010, 33.474, -156.843
169, 325.000,-59.421, -9.283, 5929.225, -99.590, -62.818, 99.992, 88.862, 122.242
170, 230.000, -53.081, 15.443, 31.612, -46.423, -19.058, 0.010, 32.209, 112.319
170, 325.000,-55.893, 15.230, 5928.412, -153.006, 10.771, 99.992, 88.518, 85.973
171, 230.000, 62.893, -67.395, 8.411, 32.081, 49.170, 0.010, 8.153, -33.122
171, 325.000,69.034, -71.409, 5913.914, 342.775, -278.469, 99.991, 85.729, -129.090
172, 230.000, -14.742, 84.264, 42.829, -39.249, -11.952, 0.010, 46.231, 106.936
172, 325.000,-16.802, 88.722, 5922.002, -96.188, 300.624, 99.992, 86.949, 17.743
173, 230.000, 73.022, 58.883, 41.548, 38.237, -18.148, 0.010, 44.469, -115.390
173, 325.000,81.036, 63.855, 5906.422, 438.751, 301.599, 99.991, 84.849, -55.495
174, 230.000, 7.515, 65.281, 2.416, -0.060, -59.260, 0.010, 2.335, 179.942
174, 325.000,7.739, 65.364, 5929.766, 16.796, 84.824, 99.992, 89.165, -11.200
175, 230.000, 73.851, 59.062, 32.954, -2.290, 49.259, 0.010, 33.753, 2.662
175, 325.000,81.195, 66.488, 5902.433, 421.756, 391.823, 99.993, 84.429, -47.107
176, 230.000, 67.748, 35.664, 39.732, -38.643, 21.111, 0.010, 42.060, 61.352
176, 325.000,69.288, 37.771, 5927.177, 151.748, 123.249, 99.992, 88.111, -50.917
177, 230.000, 8.174, -12.079, 43.206, -40.137, 6.320, 0.010, 46.759, 81.051
177, 630.000,15.111, -30.312, 2633.345, 131.944, -293.332, 20.010, 83.036, -155.781
178, 230.000, -31.424, -53.602, 26.264, 41.100, -33.744, 0.010, 26.284, -129.387
178, 325.000,-31.016, -56.190, 5928.441, -24.865, -150.244, 99.992, 88.529, 170.603
179, 230.000, -17.567, 85.965, 33.824, 47.799, 9.422, 0.010, 34.771, -78.849
179, 325.000,-17.211, 91.740, 5919.589, -20.454, 357.339, 99.992, 86.540, 3.276
180, 230.000, 36.938, 40.836, 24.861, -15.456, 51.582, 0.010, 24.782, 16.681
180, 325.000,37.375, 43.498, 5928.615, 56.706, 133.847, 99.992, 88.595, -22.961
181, 230.000, 63.749, -67.399, 16.251, 56.438, 8.262, 0.010, 15.902, -81.672
181, 325.000,71.058, -73.046, 5907.834, 389.381, -339.341, 99.991, 85.004, -131.072
182, 230.000, -15.093, -67.926, 19.825, 49.924, -25.143, 0.010, 19.528, -116.731
182, 325.000,-14.027, -71.008, 5927.240, 14.988, -192.889, 99.992, 88.130, -175.557
183, 230.000, -18.490, -38.646, 15.472, -36.529, 44.089, 0.010, 15.122, 39.643
183, 325.000,-20.059, -38.084, 5929.885, -72.801, -27.222, 99.992, 89.249, 110.502
184, 230.000, 19.144, 48.306, 54.765, 8.194, 21.244, 0.010, 67.424, -21.092
184, 325.000,19.862, 50.135, 5929.120, 45.113, 114.420, 99.992, 88.812, -21.518
185, 230.000, 56.149, 75.110, 26.237, -51.013, -15.065, 0.010, 26.255, 106.453
185, 325.000,59.677, 81.449, 5913.106, 243.227, 381.986, 99.993, 85.621, -32.487
186, 230.000, 85.845, -32.230, 7.157, 7.999, 58.330, 0.010, 6.931, -7.809
186, 325.000,92.908, -32.994, 5914.837, 419.550, -92.335, 99.992, 85.846, -102.412
187, 230.000, -72.519, 14.635, 21.156, 46.947, 29.428, 0.010, 20.898, -57.919
187, 325.000,-73.749, 16.107, 5928.252, -143.529, 69.593, 99.992, 88.459, 64.133
188, 230.000, -53.714, -83.460, 7.942, 43.753, 39.246, 0.010, 7.696, -48.108
188, 325.000,-61.705, -96.727, 5874.514, -424.813, -690.931, 99.987, 82.139, 148.415
189, 230.000, -65.111, -39.053, 10.717, -56.468, -14.635, 0.010, 10.411, 104.530
189, 325.000,-69.554, -41.113, 5923.952, -245.472, -127.095, 99.992, 87.328, 117.373
190, 230.000, -63.887, -76.570, 23.322, -7.487, -54.015, 0.010, 23.156, 172.109
190, 325.000,-81.721, -99.295, 5788.223, -809.043, -1018.226, 100.064, 77.337, 141.531
191, 230.000, 37.411, -68.069, 36.559, 27.422, 37.803, 0.010, 38.055, -35.957
191, 325.000,39.844, -69.753, 5926.655, 138.002, -159.269, 99.992, 87.964, -139.092
192, 230.000, -4.123, -82.547, 22.271, 16.599, 52.403, 0.010, 22.055, -17.576
192, 325.000,-3.810, -85.018, 5926.338, 3.741, -219.372, 99.992, 87.880, -179.023
193, 230.000, 15.273, 26.463, 38.726, 25.220, 37.174, 0.010, 40.764, -34.155
193, 325.000,16.410, 28.225, 5929.248, 61.308, 99.379, 99.992, 88.872, -31.671
194, 230.000, 69.245, -22.994, 18.008, 55.042, 12.794, 0.010, 17.676, -76.915
194, 325.000,73.565, -23.450, 5925.272, 241.834, -47.848, 99.992, 87.618, -101.192
195, 230.000, 19.399, 10.465, 12.037, -21.991, -53.751, 0.010, 11.709, 157.749
195, 325.000,19.211, 9.012, 5929.921, 83.230, -3.246, 99.995, 89.195, -92.234
196, 230.000, -91.762, -34.381, 42.742, 17.479, -37.218, 0.010, 46.109, -154.843
196, 325.000,-104.468, -40.447, 5883.352, -679.519, -301.529, 99.983, 82.798, 113.929
197, 230.000, 83.145, 38.452, 36.460, -18.144, 43.117, 0.010, 37.933, 22.822
197, 325.000,89.200, 42.830, 5913.801, 379.313, 230.133, 99.993, 85.710, -58.754
198, 230.000, 84.556, -2.855, 55.699, -18.374, -8.814, 0.010, 69.904, 115.626
198, 325.000,88.609, -3.283, 5923.591, 283.545, -19.508, 99.992, 87.253, -93.936
199, 230.000, 9.756, -38.860, 3.473, 23.096, 54.518, 0.010, 3.357, -22.959
199, 325.000,10.706, -37.955, 5930.209, 43.037, -19.088, 99.992, 89.545, -113.919
200, 230.000, -5.132, 62.948, 21.650, -11.822, -53.937, 0.010, 21.410, 167.637
200, 325.000,-5.653, 63.036, 5929.814, -23.341, 79.706, 99.992, 89.198, 16.322
201, 230.000, 9.291, -32.697, 46.775, 19.324, -30.924, 0.010, 52.060, -147.999
201, 325.000,10.105, -34.383, 5929.417, 39.468, -100.203, 99.992, 88.959, -158.501
202, 230.000, 32.336, 0.527, 41.367, -17.568, -38.701, 0.010, 44.224, 155.585
202, 325.000,32.482, -0.695, 5930.006, 55.453, -39.422, 99.992, 89.343, -125.409
203, 230.000, 56.962, -31.139, 16.591, -48.051, -30.552, 0.010, 16.244, 122.449
203, 325.000,57.139, -33.034, 5929.033, 77.060, -101.184, 99.992, 88.771, -142.708
204, 230.000, 17.492, 40.276, 0.139, 41.719, 42.156, 0.010, 0.135, -44.702
204, 325.000,19.212, 42.514, 5928.731, 75.699, 118.440, 99.992, 88.642, -32.584
205, 230.000, -21.651, 83.359, 14.171, -50.339, -27.978, 0.010, 13.823, 119.065
205, 325.000,-24.486, 87.378, 5921.948, -135.059, 285.890, 99.991, 86.944, 25.287
206, 230.000, -38.420, 18.720, 39.265, 7.118, -43.877, 0.010, 41.455, -170.785
206, 325.000,-39.032, 17.735, 5930.027, -65.221, -10.133, 99.992, 89.362, 98.831
207, 230.000, 35.363, -13.626, 29.200, -47.189, 20.934, 0.010, 29.493, 66.077
207, 325.000,34.621, -13.252, 5930.353, 22.362, -5.750, 99.992, 89.777, -104.419
208, 230.000, 81.399, -33.097, 11.821, 48.460, -32.086, 0.010, 11.497, -123.509
208, 325.000,88.269, -36.275, 5915.139, 389.045, -171.298, 99.992, 85.890, -113.764
209, 230.000, 72.494, 39.252, 44.290, -38.295, -9.464, 0.010, 48.310, 103.882
209, 325.000,74.901, 40.906, 5925.784, 200.465, 120.386, 99.992, 87.740, -59.014
210, 230.000, 87.274, 46.996, 57.930, -11.805, 4.728, 0.010, 77.619, 68.175
210, 325.000,102.143, 55.329, 5866.412, 758.202, 420.176, 99.982, 81.595, -61.006
211, 230.000, 29.617, -8.356, 13.431, 56.226, -13.262, 0.010, 13.088, -103.272
211, 325.000,32.060, -8.961, 5928.990, 125.122, -32.573, 99.992, 88.751, -104.592
212, 230.000, -61.402, -22.617, 45.713, -20.347, -31.843, 0.010, 50.421, 147.422
212, 325.000,-63.923, -24.312, 5927.604, -161.088, -84.651, 99.992, 88.242, 117.722
213, 230.000, -58.335, 56.412, 10.967, 58.099, -4.678, 0.010, 10.656, -94.603
213, 325.000,-59.266, 58.924, 5926.494, -124.969, 174.936, 99.992, 87.922, 35.541
214, 230.000, 4.278, 84.195, 13.107, -52.624, -24.013, 0.010, 12.767, 114.528
214, 325.000,2.868, 87.977, 5923.989, -40.298, 272.564, 99.992, 87.337, 8.410
215, 230.000, 16.493, -30.816, 17.290, -4.762, 56.533, 0.010, 16.949, 4.815
215, 325.000,16.699, -29.677, 5930.313, 30.816, -7.725, 99.992, 89.693, -104.074
216, 230.000, -74.357, -62.119, 9.161, 35.427, -46.676, 0.010, 8.885, -142.802
216, 325.000,-82.583, -71.292, 5892.853, -468.352, -472.980, 99.989, 83.555, 135.282
217, 230.000, 12.971, 88.522, 52.975, -21.372, -15.956, 0.010, 63.276, 126.745
217, 325.000,13.212, 94.159, 5919.125, 33.207, 364.149, 99.992, 86.465, -5.210
218, 230.000, 21.787, -57.007, 46.545, -36.653, 2.778, 0.010, 51.701, 85.666
218, 325.000,21.232, -58.492, 5929.233, 7.817, -117.077, 99.992, 88.866, -176.180
219, 230.000, -30.274, 82.887, 8.969, -43.155, 39.684, 0.010, 8.698, 47.399
219, 325.000,-33.642, 89.677, 5915.011, -172.979, 390.493, 99.992, 85.870, 23.892
220, 230.000, -23.843, 36.891, 46.639, 35.010, -10.804, 0.010, 51.848, -107.150
220, 325.000,-23.256, 37.358, 5930.104, -8.516, 58.130, 99.992, 89.432, 8.334
221, 230.000, -37.316, -32.510, 3.142, -51.201, -29.770, 0.010, 3.037, 120.175
221, 325.000,-39.821, -34.219, 5928.396, -123.389, -92.130, 99.992, 88.512, 126.747
222, 230.000, -50.045, 38.268, 14.450, 50.093, 28.277, 0.010, 14.101, -60.556
222, 325.000,-49.892, 40.260, 5929.067, -56.279, 112.187, 99.992, 88.787, 26.641
223, 230.000, 58.728, 77.593, 17.709, -54.187, 16.364, 0.010, 17.373, 73.196
223, 325.000,64.698, 88.123, 5893.314, 352.823, 560.390, 99.992, 83.589, -32.195
224, 230.000, 15.782, -88.949, 28.191, -50.579, -12.830, 0.010, 28.381, 104.233
224, 325.000,15.387, -95.889, 5915.834, 17.605, -415.206, 99.992, 85.982, -177.572
225, 230.000, -71.443, -51.360, 3.716, 12.390, -57.882, 0.010, 3.592, -167.917
225, 325.000,-75.726, -56.512, 5917.439, -281.079, -272.758, 99.991, 86.213, 134.139
226, 230.000, -50.707, 6.922, 43.512, 34.577, -20.707, 0.010, 47.192, -120.916
226, 325.000,-50.804, 6.429, 5930.082, -60.444, -8.305, 99.992, 89.411, 97.824
227, 230.000, 2.336, 68.136, 37.423, 21.275, -40.799, 0.010, 39.122, -152.459
227, 325.000,3.081, 69.032, 5929.156, 27.641, 117.990, 99.992, 88.829, -13.185
228, 230.000, 59.671, -66.248, 46.167, -34.797, 13.243, 0.010, 51.115, 69.164
228, 325.000,62.639, -70.323, 5920.481, 215.475, -266.092, 99.991, 86.690, -141.000
229, 230.000, -61.416, 24.623, 54.106, 11.410, -21.448, 0.010, 65.819, -151.987
229, 325.000,-62.943, 24.705, 5928.907, -128.305, 33.899, 99.992, 88.718, 75.200
230, 230.000, -34.520, -1.281, 19.358, -34.629, 44.087, 0.010, 19.050, 38.148
230, 325.000,-36.367, 0.100, 5929.275, -106.997, 43.356, 99.992, 88.885, 67.942
231, 230.000, 0.710, -86.604, 48.925, 12.888, 30.949, 0.010, 55.580, -22.608
231, 325.000,1.150, -90.801, 5922.858, 16.315, -298.668, 99.992, 87.109, -176.873
232, 230.000, -26.528, -17.936, 22.274, 34.074, -43.133, 0.010, 22.059, -141.692
232, 325.000,-26.016, -19.707, 5929.719, -24.595, -86.090, 99.992, 89.135, 164.056
233, 230.000, -9.512, -41.128, 33.135, 2.025, 49.149, 0.010, 33.964, -2.359
233, 325.000,-9.654, -40.459, 5930.309, -16.045, -27.453, 99.992, 89.693, 149.696
234, 230.000, 63.391, 13.382, 23.969, -13.427, -52.563, 0.010, 23.836, 165.671
234, 325.000,64.852, 12.119, 5928.982, 127.189, -24.830, 99.992, 88.748, -101.047
235, 230.000, 18.387, 62.606, 42.190, -16.675, -38.204, 0.010, 45.345, 156.420
235, 325.000,18.412, 63.275, 5929.500, 23.765, 100.216, 99.992, 89.005, -13.341
236, 230.000, 42.682, 37.568, 26.387, -52.346, 9.016, 0.010, 26.417, 80.227
236, 325.000,42.112, 38.813, 5929.720, 30.745, 84.161, 99.992, 89.134, -20.068
237, 230.000, -64.080, 21.109, 17.825, -49.092, -28.104, 0.010, 17.490, 119.790
237, 325.000,-67.695, 20.901, 5926.885, -202.973, 20.764, 99.992, 88.028, 84.159
238, 230.000, 40.461, -61.140, 2.045, -30.545, 50.798, 0.010, 1.976, 31.018
238, 325.000,40.969, -61.761, 5928.992, 73.381, -106.038, 99.992, 88.754, -145.316
239, 230.000, -56.433, -79.146, 38.577, 42.372, 15.299, 0.010, 40.575, -70.147
239, 325.000,-62.303, -88.702, 5896.842, -342.688, -527.850, 99.989, 83.908, 147.008
240, 230.000, 36.473, -38.062, 2.226, -47.715, -35.156, 0.010, 2.151, 126.382
240, 325.000,35.832, -40.100, 5929.350, 20.620, -109.529, 99.992, 88.923, -169.338
241, 230.000, 3.038, 93.288, 9.097, -55.920, -17.545, 0.010, 8.823, 107.419
241, 325.000,1.595, 101.021, 5911.761, -43.713, 467.826, 99.992, 85.456, 5.338
242, 230.000, 56.575, 27.546, 20.510, 8.691, -54.968, 0.010, 20.231, -171.016
242, 325.000,58.471, 26.596, 5928.938, 131.481, 2.537, 99.992, 88.729, -88.895
243, 230.000, 6.924, -45.902, 53.780, -0.164, -25.006, 0.010, 65.062, 179.624
243, 325.000,7.074, -47.726, 5929.336, 12.729, -111.408, 99.992, 88.917, -173.482
244, 230.000, -12.659, -79.524, 26.845, -14.674, 50.810, 0.010, 26.912, 16.109
244, 325.000,-13.700, -81.595, 5926.918, -55.001, -195.476, 99.992, 88.038, 164.285
245, 230.000, -70.999, 54.054, 13.313, 42.524, 39.142, 0.010, 12.971, -47.372
245, 325.000,-74.560, 58.976, 5918.467, -258.726, 272.735, 99.992, 86.366, 43.490
246, 230.000, -15.517, 26.076, 53.490, 18.029, -18.204, 0.010, 64.407, -135.276
246, 325.000,-15.288, 26.077, 5930.192, -19.848, 46.129, 99.992, 89.515, 23.281
247, 230.000, 47.356, 4.014, 1.423, 55.978, 19.547, 0.010, 1.375, -70.751
247, 325.000,50.225, 4.730, 5928.524, 146.401, 27.741, 99.992, 88.560, -79.271
248, 230.000, 68.999, 35.649, 36.319, -46.393, 6.805, 0.010, 37.760, 81.656
248, 325.000,70.433, 37.353, 5927.423, 151.810, 110.651, 99.992, 88.185, -53.913
249, 230.000, 98.651, 14.074, 5.209, -28.043, -52.001, 0.010, 5.039, 151.663
249, 325.000,120.142, 15.717, 5839.747, 1035.269, 96.029, 100.032, 79.905, -84.701
250, 230.000, 43.008, -58.040, 4.567, 50.580, -30.635, 0.010, 4.416, -121.202
250, 325.000,46.183, -61.136, 5925.215, 165.706, -184.330, 99.992, 87.605, -138.046
251, 230.000, -26.825, -77.286, 11.881, 11.148, 57.028, 0.010, 11.556, -11.061
251, 325.000,-27.766, -79.216, 5926.873, -75.092, -190.179, 99.992, 88.024, 158.453
252, 230.000, 64.863, -3.324, 25.920, 49.051, 20.972, 0.010, 25.914, -66.851
252, 325.000,68.388, -2.763, 5927.067, 198.210, 14.264, 99.992, 88.080, -85.884
253, 230.000, 18.397, 45.575, 9.452, 44.931, 37.544, 0.010, 9.170, -50.118
253, 325.000,20.256, 47.831, 5928.531, 81.142, 124.621, 99.992, 88.563, -33.069
254, 230.000, -6.411, -2.888, 25.572, -7.316, -53.011, 0.010, 25.542, 172.142
254, 630.000,-17.806, -15.551, 2641.301, -177.288, -172.734, 20.009, 84.646, 134.255
255, 230.000, 40.415, 63.691, 39.330, -38.240, -22.549, 0.010, 41.540, 120.526
255, 325.000,40.792, 65.466, 5928.036, 71.054, 151.393, 99.992, 88.384, -25.142
256, 230.000, -16.879, 30.331, 13.041, 48.187, 32.025, 0.010, 12.702, -56.392
256, 325.000,-15.700, 32.008, 5929.590, 15.111, 96.689, 99.992, 89.054, -8.883
257, 230.000, 96.050, 20.546, 4.254, 59.067, -3.254, 0.010, 4.113, -93.153
257, 325.000,112.645, 23.620, 5869.427, 833.816, 161.296, 99.997, 81.767, -79.052
258, 230.000, -19.994, 93.273, 5.026, 30.535, -50.596, 0.010, 4.862, -148.889
258, 325.000,-21.126, 101.342, 5909.311, -84.519, 492.352, 99.991, 85.168, 9.741
259, 230.000, 66.849, -67.574, 2.610, -17.865, -56.495, 0.010, 2.522, 162.452
259, 325.000,73.309, -76.375, 5900.296, 377.813, -461.584, 99.991, 84.227, -140.699
260, 230.000, 18.564, -20.491, 0.139, 33.129, -49.195, 0.010, 0.135, -146.043
260, 325.000,20.042, -22.529, 5928.910, 82.107, -103.987, 99.992, 88.720, -141.706
261, 230.000, 71.748, -58.151, 2.925, -37.125, -46.161, 0.010, 2.827, 141.192
261, 325.000,76.597, -64.424, 5912.211, 317.713, -338.632, 99.992, 85.509, -136.826
262, 230.000, 9.681, -51.952, 5.564, -54.581, -22.529, 0.010, 5.383, 112.429
262, 325.000,8.177, -53.929, 5928.990, -37.908, -123.371, 99.992, 88.753, 162.920
263, 230.000, -43.531, -20.431, 44.723, -37.599, 10.192, 0.010, 48.943, 74.833
263, 325.000,-45.719, -20.576, 5929.109, -120.394, -27.682, 99.992, 88.806, 102.949
264, 230.000, -69.819, 40.738, 56.274, 18.320, -3.904, 0.010, 71.590, -102.030
264, 325.000,-72.536, 42.534, 5925.580, -203.288, 125.735, 99.992, 87.690, 58.263
265, 230.000, -61.403, 33.453, 16.812, -15.415, 54.748, 0.010, 16.467, 15.725
265, 325.000,-63.994, 36.327, 5926.331, -168.854, 140.316, 99.992, 87.878, 50.274
266, 230.000, 62.191, -25.957, 48.924, 17.659, 28.501, 0.010, 55.577, -31.782
266, 325.000,64.724, -25.887, 5928.040, 164.292, -31.249, 99.992, 88.384, -100.769
267, 230.000, -36.539, 42.700, 21.261, 14.857, 53.337, 0.010, 21.006, -15.565
267, 325.000,-37.003, 45.485, 5928.456, -57.464, 140.436, 99.992, 88.534, 22.254
268, 230.000, 87.829, -23.456, 42.802, -32.643, -24.901, 0.010, 46.193, 127.338
268, 325.000,93.425, -25.981, 5917.443, 368.118, -133.973, 99.992, 86.213, -109.999
269, 230.000, -15.211, -97.478, 18.220, 17.064, 53.800, 0.010, 17.891, -17.598
269, 325.000,-17.038, -110.842, 5885.459, -103.406, -722.292, 99.996, 82.933, 171.853
270, 230.000, 56.487, -61.682, 19.574, 52.938, -18.224, 0.010, 19.270, -108.996
270, 325.000,61.189, -65.583, 5920.041, 256.524, -238.411, 99.992, 86.615, -132.904
271, 230.000, 62.371, -60.165, 56.455, 13.851, -11.773, 0.010, 72.152, -130.365
271, 325.000,66.601, -64.196, 5919.621, 258.021, -247.219, 99.992, 86.546, -133.775
272, 230.000, 9.571, -89.307, 50.795, -30.412, -3.547, 0.010, 58.919, 96.652
272, 325.000,9.319, -95.783, 5917.065, 9.942, -397.204, 99.992, 86.158, -178.566
273, 230.000, -73.671, 7.963, 21.965, 7.014, -54.644, 0.010, 21.737, -172.686
273, 325.000,-76.236, 6.546, 5927.224, -190.431, -35.711, 99.992, 88.128, 100.621
274, 230.000, 88.663, 20.805, 42.818, -35.048, 21.352, 0.010, 46.215, 58.650
274, 325.000,94.303, 23.035, 5917.500, 371.951, 118.658, 99.991, 86.225, -72.307
275, 230.000, -54.279, 53.919, 31.616, 28.451, 41.335, 0.010, 32.213, -34.539
275, 325.000,-55.613, 57.425, 5925.778, -125.574, 197.578, 99.992, 87.738, 32.439
276, 230.000, -80.249, -15.173, 8.104, 11.824, 57.551, 0.010, 7.853, -11.610
276, 325.000,-83.770, -14.107, 5925.151, -249.297, 10.997, 99.992, 87.588, 87.474
277, 230.000, 43.431, 19.582, 48.312, -14.178, -31.346, 0.010, 54.545, 155.662
277, 325.000,43.965, 19.032, 5930.019, 66.626, 4.197, 99.992, 89.355, -86.395
278, 230.000, -68.910, 59.710, 32.548, -31.530, 38.264, 0.010, 33.284, 39.489
278, 325.000,-75.336, 65.614, 5910.303, -363.029, 326.191, 99.993, 85.279, 48.060
279, 230.000, 69.024, -68.657, 22.553, -54.838, 1.341, 0.010, 22.350, 88.599
279, 325.000,76.247, -77.438, 5896.179, 421.643, -476.389, 99.992, 83.842, -138.489
280, 230.000, -97.188, 14.750, 57.467, 12.963, 6.865, 0.010, 75.681, -62.094
280, 325.000,-111.319, 17.157, 5881.933, -746.760, 122.807, 99.993, 82.668, 80.661
281, 230.000, -28.864, -57.171, 26.586, 52.643, 6.288, 0.010, 26.632, -83.188
281, 325.000,-28.045, -58.643, 5929.194, -8.723, -119.065, 99.992, 88.847, 175.810
282, 230.000, -68.323, 15.888, 10.038, 57.996, 7.300, 0.010, 9.745, -82.826
282, 325.000,-68.777, 16.649, 5929.266, -106.045, 46.316, 99.992, 88.882, 66.406
283, 230.000, -16.431, 80.323, 25.263, -36.145, 39.660, 0.010, 25.211, 42.345
283, 325.000,-18.387, 85.613, 5921.432, -93.378, 312.345, 99.992, 86.849, 16.644
284, 230.000, -61.227, -0.429, 44.947, -37.915, 7.735, 0.010, 49.274, 78.469
284, 325.000,-64.141, -0.197, 5927.958, -169.910, 7.115, 99.992, 88.357, 87.602
285, 230.000, -68.716, 21.748, 54.669, -17.437, 14.998, 0.010, 67.183, 49.300
285, 325.000,-71.741, 23.002, 5926.716, -196.123, 71.961, 99.992, 87.981, 69.851
286, 230.000, -14.179, -3.993, 7.571, 24.114, 53.655, 0.010, 7.334, -24.201
286, 630.000,-33.062, -2.226, 2634.265, -313.363, -1.003, 20.009, 83.216, 90.183
287, 230.000, -95.858, -6.028, 37.475, -16.957, 42.728, 0.010, 39.187, 21.646
287, 325.000,-107.342, -5.428, 5897.012, -627.674, 7.362, 99.989, 83.924, 89.328
288, 230.000, -14.061, 52.884, 16.670, 41.079, -39.399, 0.010, 16.324, -133.804
288, 325.000,-13.102, 52.935, 5930.052, 15.194, 62.114, 99.992, 89.382, -13.746
289, 230.000, -60.461, -50.275, 6.049, 56.784, 16.020, 0.010, 5.854, -74.245
289, 325.000,-61.275, -51.931, 5927.713, -119.721, -132.241, 99.992, 88.276, 137.845
290, 230.000, 2.715, -82.394, 31.366, -21.131, 45.687, 0.010, 31.928, 24.822
290, 325.000,2.191, -85.047, 5926.116, -13.219, -224.834, 99.992, 87.824, 176.635
291, 230.000, -70.357, -56.812, 21.592, 48.722, 26.031, 0.010, 21.349, -61.885
291, 325.000,-73.920, -60.099, 5920.431, -260.295, -224.293, 99.992, 86.678, 130.751
292, 230.000, -67.648, 22.428, 3.821, 57.132, 15.458, 0.010, 3.694, -74.860
292, 325.000,-68.177, 23.690, 5928.948, -109.339, 72.118, 99.992, 88.734, 56.592
293, 230.000, -17.717, -7.860, 26.562, 52.516, 7.359, 0.010, 26.606, -82.024
293, 630.000,-37.601, -19.075, 2623.917, -344.443, -182.250, 20.007, 81.553, 117.884
294, 230.000, 17.446, 60.689, 24.506, -14.807, -51.941, 0.010, 24.405, 164.089
294, 325.000,17.475, 60.776, 5929.856, 22.223, 76.859, 99.992, 89.227, -16.126
295, 230.000, 17.968, -15.772, 45.544, 3.301, -37.848, 0.010, 50.166, -175.015
295, 325.000,18.505, -17.362, 5929.280, 65.559, -95.437, 99.992, 88.881, -145.513
296, 230.000, -64.248, -58.470, 44.876, 35.900, 14.661, 0.010, 49.169, -67.785
296, 325.000,-67.002, -61.532, 5922.965, -209.891, -210.023, 99.992, 87.130, 135.018
297, 230.000, 2.750, 0.991, 22.832, -1.797, 54.709, 0.010, 22.641, 1.881
297, 630.000,6.904, 10.880, 2649.101, 67.089, 127.780, 20.012, 86.882, -27.701
298, 230.000, 50.633, 39.314, 7.805, -55.638, -19.004, 0.010, 7.562, 108.859
298, 325.000,50.341, 39.853, 5929.790, 52.878, 66.193, 99.992, 89.181, -38.619
299, 230.000, 72.005, 16.242, 8.482, 51.885, -27.453, 0.010, 8.222, -117.884
299, 325.000,76.394, 15.998, 5925.124, 249.499, 15.350, 99.992, 87.584, -86.479
300, 230.000, -50.012, -39.380, 29.922, -50.042, -10.870, 0.010, 30.298, 102.256
300, 325.000,-53.072, -40.888, 5927.333, -163.003, -98.699, 99.992, 88.159, 121.195
