ion,x0,y0,z0,vx0,vy0,vz0,ke0,elev0,azim0,x1,y1,z1,vx1,vy1,vz1,ke1,elev1,azim1
1, 230.000, 40.434, 41.792, 9.041, -48.254, -33.278, 0.010, 8.768, 124.592
1, 325.000,39.943, 41.812, 5930.113, 30.712, 48.947, 99.992, 89.442, -32.107
2, 230.000, -53.552, 56.478, 28.870, 20.274, -47.677, 0.010, 29.129, -156.964
2, 325.000,-55.157, 57.347, 5927.788, -134.111, 113.910, 99.992, 88.300, 49.657
3, 230.000, 32.453, 2.475, 38.373, -41.481, 18.013, 0.010, 40.315, 66.527
3, 325.000,31.825, 3.103, 5930.273, 29.054, 24.423, 99.992, 89.633, -49.950
4, 230.000, 12.324, -71.613, 40.914, 5.336, -42.605, 0.010, 43.617, -172.861
4, 325.000,12.946, -75.590, 5925.693, 38.011, -232.989, 99.992, 87.719, -170.734
5, 230.000, -12.141, -0.563, 26.700, 1.287, -52.944, 0.010, 26.755, -178.607
5, 630.000,-23.226, -6.960, 5925.999, -212.007, -91.229, 99.995, 87.770, 113.283
6, 230.000, 62.576, -76.134, 0.749, -59.042, 5.581, 0.010, 0.724, 84.600
6, 325.000,70.309, -87.518, 5884.450, 432.628, -597.471, 99.995, 82.855, -144.092
7, 230.000, -22.604, 13.919, 24.182, -50.095, 20.576, 0.010, 24.062, 67.670
7, 325.000,-24.704, 14.884, 5929.059, -111.518, 57.792, 99.992, 88.786, 62.605
8, 230.000, 25.557, -41.605, 29.732, -2.530, 51.257, 0.010, 30.086, 2.826
8, 325.000,26.056, -40.919, 5930.179, 44.742, -24.038, 99.992, 89.509, -118.247
9, 230.000, -25.871, 91.148, 32.402, -48.126, -12.316, 0.010, 33.114, 104.354
9, 325.000,-29.931, 99.931, 5905.015, -199.991, 510.545, 99.992, 84.695, 21.391
10, 230.000, -17.269, -47.280, 21.664, -55.207, -0.683, 0.010, 21.425, 90.709
10, 325.000,-19.426, -48.402, 5929.052, -89.438, -89.112, 99.992, 88.780, 134.896
11, 230.000, 94.731, 5.146, 37.500, 44.216, -12.502, 0.010, 39.219, -105.788
11, 325.000,105.921, 5.301, 5899.250, 606.144, 17.011, 99.990, 84.131, -88.392
12, 230.000, -3.055, 72.960, 13.262, -57.541, 5.550, 0.010, 12.921, 84.490
12, 325.000,-4.981, 75.822, 5926.712, -68.109, 197.511, 99.992, 87.981, 19.026
13, 230.000, -11.878, 17.606, 6.236, 8.092, 58.423, 0.010, 6.035, -7.886
13, 325.000,-11.907, 19.919, 5928.762, -39.059, 135.568, 99.993, 88.637, 16.072
14, 230.000, -73.102, 50.186, 43.059, 14.962, 37.943, 0.010, 46.553, -21.520
14, 325.000,-77.551, 54.726, 5917.900, -291.592, 251.211, 99.992, 86.279, 49.255
15, 230.000, 13.738, -50.591, 22.912, -53.568, 11.099, 0.010, 22.725, 78.294
15, 325.000,12.362, -51.440, 5929.723, -29.450, -84.300, 99.992, 89.137, 160.743
16, 230.000, -29.676, 21.490, 32.552, -17.659, 46.327, 0.010, 33.288, 20.866
16, 325.000,-30.862, 23.417, 5929.249, -75.123, 89.245, 99.992, 88.873, 40.090
17, 230.000, -68.240, 27.359, 33.359, -40.927, 27.014, 0.010, 34.226, 56.573
17, 325.000,-72.109, 29.243, 5925.204, -226.228, 101.779, 99.992, 87.603, 65.777
18, 230.000, -57.021, 79.712, 45.457, -21.572, 31.399, 0.010, 50.035, 34.490
18, 325.000,-66.109, 92.454, 5875.733, -465.947, 652.700, 99.985, 82.228, 35.522
19, 230.000, 67.900, -4.381, 26.358, -47.017, -24.745, 0.010, 26.386, 117.758
19, 325.000,68.572, -5.300, 5929.273, 109.661, -35.977, 99.992, 88.885, -108.163
20, 230.000, 10.486, -60.933, 35.401, 32.232, -35.007, 0.010, 36.647, -137.364
20, 325.000,11.801, -63.763, 5927.786, 55.908, -166.791, 99.992, 88.300, -161.469
21, 230.000, 65.867, -42.889, 0.027, -46.864, -36.351, 0.010, 0.026, 127.800
21, 325.000,67.252, -45.892, 5926.230, 147.707, -166.270, 99.992, 87.851, -138.384
22, 230.000, -32.346, 49.380, 31.042, 32.336, -38.838, 0.010, 31.560, -140.220
22, 325.000,-32.171, 49.446, 5930.010, -31.889, 59.594, 99.992, 89.347, 28.151
23, 230.000, -24.713, -61.993, 9.798, -36.685, -45.561, 0.010, 9.509, 141.159
23, 325.000,-26.658, -65.401, 5926.497, -95.981, -192.409, 99.992, 87.922, 153.488
24, 230.000, -31.115, -51.524, 46.869, 7.921, 35.471, 0.010, 52.209, -12.588
24, 325.000,-31.702, -51.790, 5929.727, -55.846, -69.295, 99.992, 89.140, 141.134
25, 230.000, -2.350, 88.639, 1.359, 50.852, -30.494, 0.010, 1.313, -120.949
25, 325.000,-0.929, 93.533, 5920.795, 44.092, 334.656, 99.992, 86.737, -7.506
26, 230.000, -16.551, 89.535, 16.249, -32.570, 46.828, 0.010, 15.900, 34.819
26, 325.000,-18.856, 98.022, 5910.216, -113.336, 475.653, 99.992, 85.271, 13.402
27, 230.000, -19.796, 4.241, 21.726, -43.923, 33.413, 0.010, 21.488, 52.739
27, 325.000,-21.703, 5.421, 5928.596, -137.502, 56.237, 99.994, 88.565, 67.756
28, 230.000, -2.287, -16.709, 43.255, 36.723, -17.266, 0.010, 46.828, -115.181
28, 630.000,-0.319, -33.870, 5922.110, 16.295, -316.791, 99.999, 86.934, -177.055
29, 230.000, 18.147, -96.059, 37.367, -34.318, -30.718, 0.010, 39.052, 131.832
29, 325.000,19.692, -110.585, 5881.503, 99.374, -753.752, 99.993, 82.634, -172.489
30, 230.000, 4.656, -84.298, 24.343, 4.297, -53.913, 0.010, 24.233, -175.443
30, 325.000,5.050, -90.691, 5919.146, 21.523, -364.504, 99.992, 86.470, -176.621
31, 230.000, 17.760, 0.678, 11.818, -51.561, -26.822, 0.010, 11.493, 117.483
31, 630.000,28.298, -1.673, 5925.790, 230.764, -29.239, 99.990, 87.752, -97.221
32, 230.000, -31.338, -48.043, 3.977, 1.393, -59.160, 0.010, 3.845, -178.651
32, 325.000,-32.110, -51.176, 5927.970, -61.625, -158.024, 99.992, 88.361, 158.696
33, 230.000, 18.349, 72.617, 5.542, 20.975, -55.199, 0.010, 5.362, -159.194
33, 325.000,19.710, 73.648, 5928.355, 71.434, 138.279, 99.992, 88.496, -27.321
34, 230.000, -22.646, -90.314, 18.705, 54.757, 13.016, 0.010, 18.384, -76.629
34, 325.000,-22.939, -97.765, 5912.983, -57.982, -449.807, 99.990, 85.614, 172.655
35, 230.000, -6.405, -53.168, 1.463, -56.985, -16.378, 0.010, 1.413, 106.035
35, 325.000,-8.377, -54.984, 5928.771, -71.327, -119.085, 99.992, 88.659, 149.080
36, 230.000, 11.326, -56.445, 22.794, 13.689, 53.016, 0.010, 22.602, -14.478
36, 325.000,12.050, -56.207, 5930.008, 36.680, -57.161, 99.992, 89.344, -147.312
37, 230.000, -36.125, 74.656, 49.313, 32.559, 5.079, 0.010, 56.248, -81.134
37, 325.000,-36.962, 78.633, 5924.060, -88.584, 259.168, 99.991, 87.353, 18.870
38, 230.000, 90.940, 11.571, 14.028, -19.583, -54.197, 0.010, 13.681, 160.133
38, 325.000,97.492, 10.816, 5916.133, 411.367, -2.584, 99.992, 86.022, -90.360
39, 230.000, -83.871, 43.099, 17.027, 49.079, -28.618, 0.010, 16.684, -120.246
39, 325.000,-90.229, 46.263, 5913.093, -403.842, 203.903, 99.991, 85.625, 63.210
40, 230.000, -19.800, -55.495, 3.828, 7.434, 58.717, 0.010, 3.701, -7.215
40, 325.000,-20.081, -55.079, 5930.089, -32.223, -51.037, 99.992, 89.417, 147.733
41, 230.000, -41.095, -16.778, 16.821, 38.145, -42.186, 0.010, 16.476, -137.880
41, 325.000,-40.774, -18.488, 5929.816, -36.114, -74.578, 99.992, 89.199, 154.162
42, 230.000, 57.793, 80.906, 9.602, -58.104, 7.025, 0.010, 9.317, 83.106
42, 325.000,66.529, 95.747, 5865.459, 463.336, 743.569, 99.996, 81.505, -31.928
43, 230.000, 31.632, -39.884, 23.132, 22.464, 49.778, 0.010, 22.956, -24.289
43, 325.000,33.082, -39.231, 5929.778, 82.504, -23.174, 99.992, 89.172, -105.689
44, 230.000, 18.306, -15.338, 10.028, 10.686, -57.471, 0.010, 9.734, -169.467
44, 325.000,19.071, -17.539, 5928.965, 68.763, -109.801, 99.991, 88.748, -147.943
45, 230.000, -40.296, -82.912, 46.625, -25.992, -25.849, 0.010, 51.825, 134.842
45, 325.000,-44.472, -90.660, 5909.486, -229.086, -441.979, 99.992, 85.185, 152.601
46, 230.000, 11.702, -76.485, 41.207, 42.499, -3.668, 0.010, 44.010, -94.933
46, 325.000,13.523, -79.819, 5925.527, 78.665, -227.170, 99.992, 87.677, -160.900
47, 230.000, -44.478, 28.677, 33.866, -25.569, 41.436, 0.010, 34.820, 31.677
47, 325.000,-46.365, 30.684, 5928.541, -111.561, 97.762, 99.992, 88.567, 48.772
48, 230.000, -54.172, 58.509, 18.495, -55.945, 6.764, 0.010, 18.170, 83.106
48, 325.000,-58.430, 61.428, 5922.876, -229.186, 191.206, 99.992, 87.115, 50.162
49, 230.000, -35.913, 55.125, 26.488, 43.221, -30.789, 0.010, 26.526, -125.465
49, 325.000,-35.628, 55.810, 5929.585, -35.514, 91.462, 99.992, 89.052, 21.221
50, 230.000, -9.202, 7.745, 55.074, -3.135, 21.786, 0.010, 68.216, 8.188
50, 630.000,-18.057, 17.317, 5925.661, -166.930, 169.846, 99.993, 87.699, 44.504
51, 230.000, -20.669, -61.680, 46.055, -37.364, -0.734, 0.010, 50.942, 91.126
51, 325.000,-22.468, -63.560, 5928.150, -85.203, -139.153, 99.992, 88.423, 148.521
52, 230.000, -20.108, 91.488, 31.705, 2.784, 50.047, 0.010, 32.314, -3.183
52, 325.000,-21.920, 101.645, 5903.472, -107.078, 554.053, 99.991, 84.540, 10.938
53, 230.000, 13.857, -92.952, 1.139, 3.214, 59.212, 0.010, 1.100, -3.106
53, 325.000,15.218, -99.617, 5914.132, 77.243, -432.088, 99.992, 85.755, -169.864
54, 230.000, 82.948, -27.086, 19.098, -56.145, 0.824, 0.010, 18.784, 89.160
54, 325.000,86.247, -28.706, 5923.633, 262.966, -104.361, 99.991, 87.266, -111.646
55, 230.000, 26.288, 89.635, 31.853, -47.518, -15.653, 0.010, 32.484, 108.232
55, 325.000,27.169, 97.104, 5912.628, 86.475, 450.657, 99.992, 85.562, -10.862
56, 230.000, -53.515, -18.348, 10.775, 41.192, -41.289, 0.010, 10.467, -135.067
56, 325.000,-53.559, -20.124, 5929.539, -62.772, -78.941, 99.992, 89.026, 141.509
57, 230.000, -43.074, 47.720, 46.234, 0.540, -37.145, 0.010, 51.218, -179.168
57, 325.000,-44.317, 47.946, 5929.280, -93.970, 66.150, 99.992, 88.890, 54.856
58, 230.000, -81.852, 3.856, 34.049, -47.104, -11.814, 0.010, 35.035, 104.079
58, 325.000,-87.439, 3.682, 5921.508, -324.577, 0.534, 99.992, 86.863, 89.906
59, 230.000, 62.896, -50.459, 49.945, -3.966, -31.740, 0.010, 57.362, 172.878
59, 325.000,65.747, -53.834, 5923.920, 197.077, -194.767, 99.992, 87.322, -134.662
60, 230.000, -60.546, 6.591, 45.990, -4.786, -37.144, 0.010, 50.843, 172.658
60, 325.000,-62.361, 5.601, 5928.878, -131.728, -24.731, 99.992, 88.705, 100.633
61, 230.000, -31.521, 73.248, 23.703, -6.213, -54.011, 0.010, 23.556, 173.438
61, 325.000,-33.123, 74.830, 5927.153, -102.800, 167.120, 99.992, 88.104, 31.597
62, 230.000, 0.409, -9.169, 29.589, -37.278, -35.391, 0.010, 29.926, 133.513
62, 630.000,-3.352, -21.610, 5926.293, -50.080, -216.616, 99.994, 87.852, 166.982
63, 230.000, 45.380, -73.149, 0.896, -15.984, 57.108, 0.010, 0.866, 15.637
63, 325.000,47.486, -75.567, 5924.679, 151.726, -211.504, 99.992, 87.484, -144.346
64, 230.000, -53.627, 37.932, 52.824, -10.164, 24.979, 0.010, 62.955, 22.141
64, 325.000,-55.589, 39.879, 5927.850, -132.552, 112.249, 99.992, 88.322, 49.741
65, 230.000, 8.562, 82.581, 48.819, -8.729, 32.530, 0.010, 55.398, 15.022
65, 325.000,8.738, 87.901, 5921.739, 20.410, 319.684, 99.992, 86.904, -3.653
66, 230.000, 30.015, -70.889, 53.434, 23.773, -9.863, 0.010, 64.281, -112.534
66, 325.000,32.008, -74.151, 5925.412, 111.855, -215.737, 99.992, 87.652, -152.594
67, 230.000, 28.717, -36.785, 34.905, 35.181, 32.582, 0.010, 36.052, -47.196
67, 325.000,30.473, -36.569, 5929.629, 89.224, -33.914, 99.992, 89.078, -110.812
68, 230.000, -2.797, 14.630, 1.783, 50.018, -31.823, 0.010, 1.723, -122.466
68, 630.000,0.182, 24.583, 5926.597, 27.686, 208.236, 99.989, 87.970, -7.573
69, 230.000, 14.584, -58.376, 8.304, 58.418, -6.003, 0.010, 8.049, -95.867
69, 325.000,16.836, -60.157, 5928.326, 90.949, -127.654, 99.992, 88.486, -144.532
70, 230.000, -36.711, -88.951, 26.675, -9.559, 52.103, 0.010, 26.728, 10.396
70, 325.000,-41.135, -97.398, 5904.080, -240.764, -502.917, 99.990, 84.605, 154.418
71, 230.000, 44.649, 40.845, 10.601, -30.367, 49.830, 0.010, 10.297, 31.359
71, 325.000,44.908, 43.545, 5928.495, 61.663, 136.940, 99.992, 88.549, -24.242
72, 230.000, -57.944, 75.634, 29.598, 9.037, 50.596, 0.010, 29.936, -10.127
72, 325.000,-63.880, 85.274, 5898.580, -340.440, 511.036, 99.994, 84.057, 33.671
73, 230.000, -19.915, 42.247, 27.395, -46.630, 24.348, 0.010, 27.510, 62.429
73, 325.000,-21.843, 43.966, 5928.898, -84.824, 102.759, 99.992, 88.713, 39.539
74, 230.000, 56.047, -5.520, 32.937, -27.389, -41.019, 0.010, 33.735, 146.268
74, 325.000,56.592, -6.958, 5929.590, 81.782, -53.344, 99.992, 89.057, -123.115
75, 230.000, 20.369, -87.654, 21.424, 53.167, -15.231, 0.010, 21.175, -105.986
75, 325.000,23.494, -94.515, 5914.413, 147.706, -409.099, 99.991, 85.794, -160.148
76, 230.000, 1.118, -47.112, 16.647, 56.400, -7.715, 0.010, 16.301, -97.790
76, 325.000,2.939, -48.412, 5929.334, 60.444, -94.652, 99.992, 88.915, -147.438
77, 230.000, -82.947, 18.452, 47.257, 30.998, -17.988, 0.010, 52.823, -120.125
77, 325.000,-86.561, 18.912, 5924.224, -266.274, 47.549, 99.992, 87.386, 79.875
78, 230.000, -8.012, -0.717, 14.397, 51.456, -25.741, 0.010, 14.049, -116.577
78, 630.000,-9.746, -4.251, 5929.850, -63.027, -52.436, 99.992, 89.208, 129.759
79, 230.000, -53.636, -58.942, 32.342, -49.455, 5.087, 0.010, 33.045, 84.128
79, 325.000,-57.645, -61.491, 5923.614, -219.698, -179.068, 99.992, 87.261, 129.182
80, 230.000, 53.906, 54.995, 54.024, -22.272, -10.147, 0.010, 65.628, 114.495
80, 325.000,55.427, 56.939, 5927.125, 131.058, 146.859, 99.992, 88.098, -41.746
81, 230.000, 13.522, -58.750, 54.810, 19.712, 11.177, 0.010, 67.538, -60.446
81, 325.000,14.510, -59.992, 5929.175, 48.466, -110.171, 99.992, 88.837, -156.254
82, 230.000, 46.885, -26.632, 1.620, -51.179, 29.928, 0.010, 1.565, 59.682
82, 325.000,46.384, -26.321, 5930.251, 36.585, -19.895, 99.992, 89.598, -118.537
83, 230.000, -36.709, -61.773, 50.379, -29.252, -11.133, 0.010, 58.149, 110.836
83, 325.000,-38.941, -64.334, 5926.624, -124.934, -170.502, 99.992, 87.957, 143.768
84, 230.000, -4.056, 51.581, 20.949, -28.848, -47.398, 0.010, 20.684, 148.674
84, 325.000,-5.068, 51.284, 5930.084, -37.496, 47.950, 99.992, 89.412, 38.025
85, 230.000, -69.335, 54.941, 16.013, -56.661, 7.127, 0.010, 15.664, 82.831
85, 325.000,-75.785, 58.882, 5914.978, -353.574, 240.164, 99.992, 85.867, 55.814
86, 230.000, -20.336, 77.927, 46.837, -34.728, -10.859, 0.010, 52.157, 107.364
86, 325.000,-22.369, 81.234, 5924.857, -100.933, 235.715, 99.992, 87.522, 23.181
87, 230.000, 1.367, -91.687, 57.880, -11.834, -5.247, 0.010, 77.393, 113.912
87, 325.000,1.115, -99.188, 5913.505, -5.979, -447.409, 99.992, 85.673, 179.234
88, 230.000, -9.426, -47.804, 51.838, 15.964, -23.992, 0.010, 60.929, -146.362
88, 325.000,-9.135, -49.653, 5929.312, -0.932, -113.335, 99.992, 88.905, 179.529
89, 230.000, -85.123, -41.275, 46.371, 3.736, 36.788, 0.010, 51.431, -5.798
89, 325.000,-93.341, -44.200, 5908.201, -475.355, -193.203, 99.993, 85.036, 112.119
90, 230.000, 33.439, -86.796, 38.590, -44.080, 9.239, 0.010, 40.591, 78.162
90, 325.000,34.982, -94.011, 5913.183, 123.962, -433.651, 99.990, 85.638, -164.047
91, 230.000, -0.827, 91.305, 5.103, -9.110, 58.383, 0.010, 4.935, 8.869
91, 325.000,-1.174, 100.434, 5909.019, -13.683, 503.169, 99.993, 85.131, 1.558
92, 230.000, -56.796, 19.973, 54.408, 4.022, 23.264, 0.010, 66.543, -9.808
92, 325.000,-58.211, 21.248, 5928.945, -113.632, 65.552, 99.992, 88.732, 60.020
93, 230.000, -10.610, 7.227, 47.664, -19.527, -29.402, 0.010, 53.479, 146.411
93, 630.000,-22.573, 10.647, 5925.828, -216.713, 82.148, 99.990, 87.760, 69.240
94, 230.000, -23.741, 31.764, 50.191, -16.604, -26.885, 0.010, 57.806, 148.301
94, 325.000,-24.771, 31.584, 5929.986, -61.982, 31.978, 99.992, 89.326, 62.710
95, 230.000, -56.887, -59.949, 40.051, -41.585, 13.575, 0.010, 42.476, 71.921
95, 325.000,-61.091, -62.593, 5922.612, -237.258, -189.656, 99.992, 87.064, 128.638
96, 230.000, -59.955, 37.143, 58.122, 10.599, 5.206, 0.010, 78.516, -63.841
96, 325.000,-61.673, 38.577, 5928.002, -137.575, 97.495, 99.992, 88.371, 54.676
97, 230.000, -80.296, 58.640, 56.394, 13.077, -12.899, 0.010, 71.959, -134.606
97, 325.000,-94.507, 68.920, 5863.642, -719.223, 521.655, 99.998, 81.384, 54.047
98, 230.000, 36.793, 40.378, 35.748, -39.512, -26.048, 0.010, 37.066, 123.394
98, 325.000,36.439, 40.539, 5930.103, 29.946, 50.795, 99.992, 89.430, -30.522
99, 230.000, 69.113, 43.230, 26.562, -52.825, 4.646, 0.010, 26.606, 84.974
99, 325.000,70.765, 45.440, 5926.292, 167.064, 144.077, 99.992, 87.868, -49.225
100, 230.000, 11.840, 77.585, 28.852, -49.076, 16.637, 0.010, 29.109, 71.273
100, 325.000,10.822, 81.495, 5925.080, -15.841, 250.677, 99.992, 87.573, 3.616
101, 230.000, 41.933, 35.658, 58.441, -9.782, 2.571, 0.010, 80.181, 75.272
101, 325.000,42.663, 36.621, 5929.528, 71.310, 71.913, 99.992, 89.021, -44.758
102, 230.000, -34.346, 79.104, 0.695, -23.693, 54.367, 0.010, 0.671, 23.547
102, 325.000,-37.175, 85.612, 5916.976, -158.940, 365.844, 99.992, 86.143, 23.482
103, 230.000, 17.291, 48.713, 11.392, 57.207, 10.731, 0.010, 11.074, -79.376
103, 325.000,19.522, 50.210, 5928.784, 91.916, 103.190, 99.992, 88.665, -41.693
104, 230.000, 10.068, -96.214, 39.385, 16.772, -41.051, 0.010, 41.610, -157.777
104, 325.000,11.838, -109.539, 5888.087, 86.775, -701.551, 99.991, 83.154, -172.949
105, 230.000, 6.687, -47.147, 40.958, 41.728, 9.944, 0.010, 43.675, -76.596
105, 325.000,8.160, -47.890, 5929.643, 55.513, -76.599, 99.992, 89.086, -144.068
106, 230.000, -52.573, -69.170, 53.670, 19.810, 15.645, 0.010, 64.810, -51.700
106, 325.000,-55.138, -72.867, 5922.260, -182.600, -251.246, 99.992, 86.998, 143.991
107, 230.000, -56.359, -0.232, 38.863, -35.673, -27.105, 0.010, 40.940, 127.228
107, 325.000,-58.925, -1.096, 5928.463, -148.714, -28.544, 99.992, 88.537, 100.865
108, 230.000, 6.998, -19.776, 24.778, -28.832, -45.524, 0.010, 24.694, 147.653
108, 325.000,6.245, -21.730, 5928.848, -1.812, -135.984, 99.992, 88.686, 179.237
109, 230.000, 81.025, -52.053, 44.272, 35.866, -16.470, 0.010, 48.284, -114.665
109, 325.000,91.744, -58.742, 5892.194, 569.209, -358.651, 99.995, 83.486, -122.214
110, 230.000, 64.047, 33.920, 43.255, 34.539, 21.301, 0.010, 46.828, -58.336
110, 325.000,67.477, 35.831, 5925.851, 203.808, 111.079, 99.992, 87.757, -61.409
111, 230.000, 16.318, 28.074, 24.830, 5.842, 53.544, 0.010, 24.750, -6.227
111, 325.000,16.848, 30.375, 5929.170, 39.794, 113.863, 99.992, 88.835, -19.264
112, 230.000, -10.293, -10.494, 12.178, 34.800, 46.458, 0.010, 11.849, -36.836
112, 630.000,-15.929, -15.022, 5927.892, -127.692, -113.332, 99.990, 88.350, 131.590
113, 230.000, 76.355, -12.211, 35.844, 8.032, -46.565, 0.010, 37.183, -170.214
113, 325.000,79.822, -14.182, 5925.281, 231.457, -84.429, 99.992, 87.619, -110.041
114, 230.000, -42.397, 35.391, 25.033, 32.433, -42.885, 0.010, 24.965, -142.901
114, 325.000,-42.411, 34.902, 5930.147, -48.491, 24.102, 99.992, 89.477, 63.570
115, 230.000, -59.872, -38.683, 45.818, 34.137, 15.907, 0.010, 50.580, -65.016
115, 325.000,-60.869, -39.521, 5928.758, -113.931, -80.020, 99.992, 88.655, 125.082
116, 230.000, -38.629, -64.777, 54.102, -5.739, -23.615, 0.010, 65.811, 166.341
116, 325.000,-40.344, -68.089, 5925.745, -113.821, -205.493, 99.992, 87.730, 151.018
117, 230.000, 74.973, -13.930, 21.480, 32.709, 44.569, 0.010, 21.233, -36.275
117, 325.000,79.061, -13.099, 5925.209, 247.993, 6.929, 99.992, 87.602, -88.400
118, 230.000, 30.078, -65.973, 16.949, 47.942, 30.528, 0.010, 16.605, -57.512
118, 325.000,32.673, -67.393, 5927.399, 127.804, -138.732, 99.992, 88.177, -137.348
119, 230.000, 33.185, 7.626, 35.057, 47.551, 5.246, 0.010, 36.234, -83.705
119, 325.000,35.397, 7.953, 5929.232, 115.700, 20.671, 99.992, 88.864, -79.870
120, 230.000, 26.910, 23.999, 43.094, -12.829, -38.678, 0.010, 46.601, 161.650
120, 325.000,27.070, 23.275, 5930.248, 40.873, 8.073, 99.992, 89.597, -78.827
121, 230.000, 63.352, 30.906, 37.913, 17.598, 42.078, 0.010, 39.735, -22.696
121, 325.000,66.099, 33.299, 5926.512, 177.036, 121.281, 99.992, 87.926, -55.586
122, 230.000, -40.858, -87.108, 51.188, 7.651, 28.964, 0.010, 59.662, -14.796
122, 325.000,-45.262, -96.116, 5902.313, -249.801, -519.040, 99.990, 84.426, 154.300
123, 230.000, 1.200, 59.758, 12.308, -36.395, 45.183, 0.010, 11.977, 38.852
123, 325.000,0.078, 62.818, 5927.823, -35.266, 171.056, 99.992, 88.312, 11.649
124, 230.000, -12.312, -5.958, 0.854, 59.127, -4.567, 0.010, 0.825, -94.417
124, 630.000,-17.116, -11.974, 5927.992, -126.057, -112.048, 99.992, 88.370, 131.633
125, 230.000, -1.262, 60.243, 26.771, 10.213, 51.929, 0.010, 26.832, -11.127
125, 325.000,-0.974, 63.543, 5927.655, 7.952, 180.112, 99.992, 88.258, -2.528
126, 230.000, 82.139, -1.528, 48.149, 33.751, -7.756, 0.010, 54.274, -102.942
126, 325.000,87.333, -1.846, 5922.173, 312.030, -13.299, 99.992, 86.981, -92.441
127, 230.000, 68.798, 38.714, 17.148, -39.763, 40.527, 0.010, 16.806, 44.455
127, 325.000,70.579, 41.687, 5925.920, 166.152, 159.441, 99.992, 87.775, -46.181
128, 230.000, -46.874, -56.819, 11.528, -43.550, -38.577, 0.010, 11.208, 131.535
128, 325.000,-50.035, -60.203, 5924.714, -172.330, -194.038, 99.992, 87.492, 138.391
129, 230.000, 72.403, -44.768, 5.095, -45.268, 37.980, 0.010, 4.928, 50.003
129, 325.000,74.969, -46.044, 5925.363, 212.293, -120.738, 99.992, 87.640, -119.628
130, 230.000, 51.527, 48.423, 46.277, 32.346, 18.161, 0.010, 51.285, -60.688
130, 325.000,54.338, 50.681, 5926.468, 163.433, 140.833, 99.992, 87.915, -49.248
131, 230.000, 41.591, 46.875, 42.232, 41.091, -6.757, 0.010, 45.403, -99.339
131, 325.000,44.079, 48.005, 5928.164, 132.535, 94.277, 99.992, 88.428, -54.574
132, 230.000, -32.197, -15.696, 36.349, -38.334, 26.960, 0.010, 37.798, 54.881
132, 325.000,-34.094, -15.167, 5929.505, -102.861, -2.659, 99.992, 89.006, 91.481
133, 230.000, -88.057, 3.049, 57.929, -2.308, 12.513, 0.010, 77.611, 10.451
133, 325.000,-93.852, 3.632, 5919.185, -363.436, 25.729, 99.991, 86.478, 85.951
134, 230.000, -55.508, 70.781, 16.712, 42.083, -38.306, 0.010, 16.366, -132.310
134, 325.000,-58.088, 74.544, 5921.194, -195.860, 266.018, 99.992, 86.807, 36.363
135, 230.000, -38.411, 45.857, 25.887, -23.132, 48.087, 0.010, 25.879, 25.690
135, 325.000,-40.191, 48.631, 5927.702, -103.976, 145.369, 99.992, 88.273, 35.574
136, 230.000, 50.470, -43.843, 24.852, -47.573, -25.236, 0.010, 24.773, 117.945
136, 325.000,50.538, -46.003, 5928.661, 66.605, -127.087, 99.992, 88.614, -152.341
137, 230.000, 50.431, 48.386, 34.340, -47.086, -11.016, 0.010, 35.380, 103.168
137, 325.000,50.627, 49.649, 5929.003, 73.168, 105.778, 99.992, 88.757, -34.672
138, 230.000, -76.012, -48.926, 33.806, 41.040, -26.277, 0.010, 34.750, -122.630
138, 325.000,-80.295, -53.303, 5917.799, -297.148, -247.128, 99.992, 86.263, 129.749
139, 230.000, -21.635, -70.816, 22.629, -52.563, 15.577, 0.010, 22.429, 73.493
139, 325.000,-24.106, -73.006, 5926.766, -112.986, -173.823, 99.992, 87.997, 146.976
140, 230.000, 73.315, -3.137, 26.079, -43.630, 30.560, 0.010, 26.085, 54.991
140, 325.000,74.623, -2.291, 5928.555, 145.713, 23.712, 99.992, 88.574, -80.757
141, 230.000, 19.744, 83.225, 14.506, -57.505, 0.667, 0.010, 14.157, 89.335
141, 325.000,19.082, 87.993, 5922.348, 12.439, 308.806, 99.992, 87.013, -2.307
142, 230.000, 71.076, -40.681, 30.472, -48.404, -15.688, 0.010, 30.916, 107.958
142, 325.000,73.022, -43.147, 5925.748, 181.240, -149.319, 99.992, 87.731, -129.484
143, 230.000, -15.495, -65.792, 17.816, 48.354, -29.362, 0.010, 17.481, -121.268
143, 325.000,-14.464, -68.825, 5927.480, 13.856, -185.425, 99.992, 88.203, -175.727
144, 230.000, 42.225, -87.115, 3.235, 17.580, -56.552, 0.010, 3.126, -162.732
144, 325.000,48.165, -99.983, 5884.655, 311.698, -664.809, 99.988, 82.888, -154.880
145, 230.000, 48.513, 40.806, 5.734, 23.381, -54.204, 0.010, 5.548, -156.667
145, 325.000,50.652, 40.262, 5928.896, 129.442, 32.153, 99.992, 88.711, -76.050
146, 230.000, -3.021, 75.623, 28.007, -27.275, -44.602, 0.010, 28.178, 148.553
146, 325.000,-3.995, 77.183, 5928.082, -36.828, 161.576, 99.992, 88.399, 12.840
147, 230.000, 16.902, 36.810, 38.858, -29.825, 33.439, 0.010, 40.933, 41.730
147, 325.000,16.313, 38.657, 5929.500, 0.438, 102.962, 99.992, 89.005, -0.244
148, 230.000, -83.643, 31.101, 4.203, 57.852, -12.375, 0.010, 4.064, -102.074
148, 325.000,-87.465, 32.805, 5922.134, -289.820, 117.436, 99.991, 86.977, 67.942
149, 230.000, -18.912, -71.405, 53.682, 22.324, 11.725, 0.010, 64.839, -62.292
149, 325.000,-18.921, -73.709, 5927.675, -26.977, -177.604, 99.992, 88.264, 171.363
150, 230.000, 94.896, -8.851, 10.062, 17.404, 55.799, 0.010, 9.768, -17.323
150, 325.000,105.495, -8.094, 5901.253, 587.592, 6.558, 99.993, 84.313, -89.361
151, 230.000, 3.676, -67.980, 29.180, 5.807, 51.308, 0.010, 29.471, -6.457
151, 325.000,3.976, -68.518, 5929.444, 14.621, -105.264, 99.992, 88.973, -172.092
152, 230.000, -3.834, -10.963, 35.513, 47.137, 5.878, 0.010, 36.782, -82.892
152, 630.000,-2.155, -20.468, 5927.529, 4.707, -184.611, 99.992, 88.216, -178.539
153, 230.000, 62.763, 30.129, 57.000, -15.225, 6.070, 0.010, 73.958, 68.263
153, 325.000,64.378, 31.324, 5928.291, 136.645, 79.525, 99.992, 88.472, -59.801
154, 230.000, -56.359, -22.596, 33.846, 26.754, -40.698, 0.010, 34.797, -146.680
154, 325.000,-57.054, -24.500, 5929.046, -89.718, -89.314, 99.992, 88.777, 134.871
155, 230.000, -86.562, -48.699, 18.738, -20.104, 52.558, 0.010, 18.417, 20.932
155, 325.000,-102.735, -55.909, 5862.896, -805.532, -384.572, 99.994, 81.343, 115.520
156, 230.000, 22.840, -55.057, 54.924, -17.894, -13.446, 0.010, 67.828, 126.921
156, 325.000,22.889, -56.959, 5928.964, 28.431, -127.197, 99.992, 88.741, -167.400
157, 230.000, 89.448, 37.575, 56.477, 0.326, 18.108, 0.010, 72.220, -1.030
157, 325.000,100.824, 42.893, 5891.465, 617.225, 278.521, 99.987, 83.443, -65.713
158, 230.000, 17.022, 21.908, 44.782, -30.681, -23.893, 0.010, 49.030, 127.909
158, 325.000,16.425, 21.637, 5930.270, 15.454, 36.517, 99.992, 89.617, -22.938
159, 230.000, 46.028, -33.961, 57.299, -11.962, 9.561, 0.010, 75.037, 51.365
159, 325.000,46.829, -34.528, 5929.587, 79.058, -57.570, 99.992, 89.055, -126.062
160, 230.000, 73.853, 19.239, 23.322, -54.194, -6.058, 0.010, 23.156, 96.378
160, 325.000,75.090, 19.814, 5928.326, 149.231, 47.304, 99.992, 88.487, -72.412
161, 230.000, 39.803, -6.695, 49.693, -17.626, -27.158, 0.010, 56.914, 147.015
161, 325.000,40.090, -7.699, 5929.987, 56.319, -40.717, 99.992, 89.329, -125.866
162, 230.000, 10.669, 83.757, 47.023, -35.901, 4.194, 0.010, 52.452, 83.337
162, 325.000,10.139, 88.463, 5922.595, 0.384, 304.265, 99.992, 87.059, -0.072
163, 230.000, -13.837, -38.570, 29.093, 43.823, -27.400, 0.010, 29.375, -122.015
163, 325.000,-12.736, -40.265, 5929.521, 19.796, -99.863, 99.992, 89.016, -168.787
164, 230.000, -10.453, 75.099, 15.934, -33.965, 45.937, 0.010, 15.584, 36.478
164, 325.000,-11.946, 79.596, 5924.262, -65.271, 261.621, 99.992, 87.394, 14.009
165, 230.000, 14.014, 16.734, 42.914, -5.535, 40.563, 0.010, 46.349, 7.770
165, 325.000,14.178, 18.440, 5929.177, 50.005, 111.656, 99.993, 88.818, -24.125
166, 230.000, -6.383, 79.609, 36.731, 43.488, 16.651, 0.010, 38.266, -69.048
166, 325.000,-5.319, 83.786, 5924.345, 25.668, 266.408, 99.991, 87.413, -5.503
167, 230.000, -25.873, 58.028, 1.262, -57.368, -14.998, 0.010, 1.219, 104.651
167, 325.000,-28.447, 59.241, 5928.215, -116.164, 111.273, 99.992, 88.446, 46.232
168, 230.000, -34.055, -58.372, 36.967, 37.914, 26.714, 0.010, 38.556, -54.832
168, 325.000,-33.931, -59.365, 5929.291, -39.478, -107.475, 99.992, 88.894, 159.830
169, 230.000, -46.747, -22.424, 43.685, -0.102, -40.115, 0.010, 47.440, 179.854
169, 325.000,-47.859, -24.226, 5929.141, -88.484, -83.917, 99.992, 88.822, 133.483
170, 230.000, -1.836, 13.931, 53.970, 15.290, 19.264, 0.010, 65.501, -38.440
170, 630.000,-1.835, 28.884, 5923.996, -8.790, 273.734, 99.989, 87.353, 1.839
171, 230.000, 42.604, 29.303, 38.516, 23.193, -38.681, 0.010, 40.497, -149.053
171, 325.000,44.344, 28.768, 5929.459, 104.331, 15.206, 99.992, 88.981, -81.707
172, 230.000, -12.786, 83.949, 12.209, 12.432, -56.692, 0.010, 11.879, -167.632
172, 325.000,-13.095, 86.753, 5925.468, -32.497, 239.618, 99.992, 87.663, 7.723
173, 230.000, -55.470, -30.414, 53.409, -24.240, 8.807, 0.010, 64.225, 70.032
173, 325.000,-57.839, -31.017, 5928.325, -146.026, -57.121, 99.992, 88.485, 111.364
174, 230.000, -97.543, 8.297, 56.674, -13.471, 11.145, 0.010, 72.856, 50.399
174, 325.000,-111.952, 9.820, 5881.597, -754.276, 74.874, 99.986, 82.657, 84.331
175, 230.000, 66.709, -9.935, 17.787, 34.146, -45.114, 0.010, 17.452, -142.879
175, 325.000,69.930, -11.679, 5926.834, 193.051, -70.420, 99.992, 88.014, -110.041
176, 230.000, -30.157, -51.418, 18.855, 46.129, 32.159, 0.010, 18.537, -55.117
176, 325.000,-29.494, -51.761, 5929.952, -13.588, -71.374, 99.992, 89.298, 169.221
177, 230.000, -16.273, 12.019, 0.623, 58.683, 8.579, 0.010, 0.602, -81.683
177, 630.000,-24.409, 23.757, 5923.244, -188.955, 218.508, 99.988, 87.208, 40.852
178, 230.000, 76.893, -13.616, 31.853, 44.248, -23.347, 0.010, 32.484, -117.818
178, 325.000,81.641, -14.942, 5923.522, 277.928, -65.475, 99.992, 87.240, -103.256
179, 230.000, 32.244, 38.203, 35.989, 7.514, -46.540, 0.010, 37.358, -170.829
179, 325.000,33.223, 37.605, 5929.964, 67.815, 22.962, 99.992, 89.308, -71.294
180, 230.000, -93.013, -31.750, 40.842, 42.991, 1.171, 0.010, 43.521, -88.440
180, 325.000,-105.359, -36.367, 5887.232, -671.029, -243.537, 99.990, 83.086, 109.947
181, 230.000, 36.077, -90.023, 30.143, 42.884, 27.749, 0.010, 30.546, -57.095
181, 325.000,41.890, -100.475, 5894.130, 292.116, -584.619, 99.987, 83.673, -153.450
182, 230.000, 1.711, 55.841, 47.488, 34.485, -8.561, 0.010, 53.195, -103.942
182, 325.000,2.844, 56.970, 5929.414, 39.070, 100.545, 99.992, 88.958, -21.235
183, 230.000, -57.570, -56.360, 46.739, -35.464, -8.685, 0.010, 52.004, 103.761
183, 325.000,-61.406, -59.305, 5923.196, -221.950, -189.953, 99.992, 87.176, 130.558
184, 230.000, -81.431, 49.033, 20.756, -41.383, 37.071, 0.010, 20.485, 48.146
184, 325.000,-91.344, 55.371, 5896.960, -533.026, 333.943, 99.992, 83.912, 57.933
185, 230.000, 4.832, -34.884, 21.156, 23.592, -50.135, 0.010, 20.898, -154.799
185, 325.000,5.686, -37.217, 5929.087, 33.935, -119.989, 99.992, 88.795, -164.208
186, 230.000, 69.132, -48.157, 7.879, -55.455, 19.502, 0.010, 7.634, 70.625
186, 325.000,71.063, -50.098, 5925.734, 182.869, -147.524, 99.992, 87.729, -128.894
187, 230.000, 67.448, -17.861, 30.878, -48.493, 14.584, 0.010, 31.374, 73.262
187, 325.000,68.152, -17.993, 5929.270, 112.183, -27.893, 99.992, 88.883, -103.963
188, 230.000, 44.921, 43.133, 30.342, -31.132, -40.346, 0.010, 30.769, 142.346
188, 325.000,45.189, 43.060, 5929.858, 62.706, 49.362, 99.992, 89.229, -51.790
189, 230.000, 12.534, 3.038, 54.303, -21.650, -10.005, 0.010, 66.289, 114.802
189, 630.000,21.725, 4.739, 5927.356, 187.717, 38.200, 99.994, 88.149, -78.498
190, 230.000, 0.715, 93.760, 2.091, -30.554, -50.791, 0.010, 2.020, 148.971
190, 325.000,-0.156, 100.636, 5914.003, -28.780, 440.017, 99.993, 85.736, 3.742
191, 230.000, 15.856, -73.179, 48.368, 17.561, -29.492, 0.010, 54.638, -149.229
191, 325.000,17.027, -76.971, 5925.489, 62.157, -232.981, 99.992, 87.670, -165.062
192, 230.000, -72.805, -32.048, 25.856, -33.460, 41.588, 0.010, 25.846, 38.819
192, 325.000,-77.160, -32.204, 5924.400, -260.804, -55.723, 99.992, 87.423, 102.060
193, 230.000, 17.639, -73.350, 48.391, -34.185, -2.703, 0.010, 54.678, 94.521
193, 325.000,17.265, -76.322, 5926.811, 13.102, -205.890, 99.992, 88.006, -176.359
194, 230.000, 57.886, -34.320, 59.301, 0.714, -0.750, 0.010, 88.999, -136.408
194, 325.000,59.736, -35.428, 5928.298, 135.588, -80.730, 99.992, 88.475, -120.770
195, 230.000, -85.793, 14.050, 52.942, -18.881, -18.929, 0.010, 63.206, 135.073
195, 325.000,-91.667, 14.332, 5919.483, -357.592, 35.303, 99.991, 86.526, 84.362
196, 230.000, -17.543, 96.984, 18.576, 39.266, -40.383, 0.010, 18.253, -135.803
196, 325.000,-19.032, 110.470, 5885.300, -96.746, 724.387, 99.995, 82.921, 7.607
197, 230.000, 0.400, 61.854, 49.539, -3.055, 32.468, 0.010, 56.643, 5.375
197, 325.000,0.315, 64.625, 5928.072, -2.315, 165.948, 99.992, 88.396, 0.799
198, 230.000, -86.140, 5.964, 22.756, 48.124, -26.152, 0.010, 22.562, -118.521
198, 325.000,-89.667, 5.500, 5924.089, -273.229, -5.158, 99.991, 87.359, 91.081
199, 230.000, 4.201, -41.060, 3.314, 58.931, 5.816, 0.010, 3.203, -84.364
199, 325.000,6.175, -41.750, 5929.582, 68.897, -70.097, 99.992, 89.050, -135.495
200, 230.000, 92.304, 35.892, 8.078, 55.893, -18.121, 0.010, 7.828, -107.963
200, 325.000,110.399, 41.741, 5855.548, 887.354, 302.187, 99.982, 80.905, -71.194
201, 230.000, -40.866, 81.642, 45.827, -37.636, -1.036, 0.010, 50.594, 91.577
201, 325.000,-45.224, 88.014, 5913.213, -233.794, 386.134, 99.992, 85.635, 31.194
202, 230.000, 60.102, 71.907, 16.857, 42.928, -37.291, 0.010, 16.512, -130.980
202, 325.000,66.953, 77.397, 5908.777, 368.782, 346.740, 99.993, 85.104, -46.764
203, 230.000, -36.391, 32.876, 33.703, 43.220, 22.667, 0.010, 34.629, -62.325
203, 325.000,-35.848, 34.345, 5929.751, -22.734, 84.415, 99.992, 89.155, 15.073
204, 230.000, -63.082, -45.772, 34.141, -35.968, 32.532, 0.010, 35.144, 47.872
204, 325.000,-66.914, -46.719, 5925.260, -224.663, -101.597, 99.991, 87.617, 114.333
205, 230.000, 10.326, 43.378, 19.194, -45.666, -32.617, 0.010, 18.882, 125.536
205, 325.000,9.096, 43.284, 5930.150, -28.251, 46.278, 99.992, 89.476, 31.403
206, 230.000, 6.935, 94.817, 24.557, -20.988, -49.740, 0.010, 24.459, 157.123
206, 325.000,6.994, 102.824, 5909.957, 17.416, 491.206, 99.991, 85.246, -2.031
207, 230.000, -50.235, -78.285, 31.230, -36.924, 34.335, 0.010, 31.774, 47.081
207, 325.000,-55.738, -84.054, 5911.540, -297.661, -366.091, 99.990, 85.437, 140.886
208, 230.000, 41.418, 34.662, 50.699, -22.075, -21.446, 0.010, 58.740, 134.172
208, 325.000,41.725, 34.825, 5929.962, 56.553, 44.252, 99.992, 89.306, -51.957
209, 230.000, 85.553, 22.094, 56.653, 2.175, 17.418, 0.010, 72.785, -7.117
209, 325.000,91.262, 24.087, 5918.633, 356.989, 110.021, 99.992, 86.389, -72.871
210, 230.000, 96.316, -6.288, 57.889, -3.100, -12.527, 0.010, 77.433, 166.099
210, 325.000,107.664, -7.411, 5896.978, 627.166, -54.558, 99.995, 83.906, -94.972
211, 230.000, 36.999, 62.794, 43.694, -28.142, -28.573, 0.010, 47.452, 135.435
211, 325.000,37.452, 64.165, 5928.548, 66.254, 132.462, 99.992, 88.569, -26.573
212, 230.000, 28.694, -10.410, 37.059, -38.105, 26.311, 0.010, 38.670, 55.376
212, 325.000,28.103, -9.797, 5930.319, 29.997, 2.289, 99.992, 89.709, -85.636
213, 230.000, -17.726, 2.306, 46.312, 36.740, 4.796, 0.010, 51.338, -82.562
213, 630.000,-29.866, 4.942, 5924.758, -252.493, 47.459, 99.989, 87.517, 79.355
214, 230.000, 47.707, 15.822, 31.924, -47.186, 16.492, 0.010, 32.565, 70.735
214, 325.000,47.309, 16.710, 5930.077, 40.112, 46.573, 99.992, 89.406, -40.737
215, 230.000, -33.088, 57.343, 34.907, -4.226, 47.763, 0.010, 36.054, 5.057
215, 325.000,-34.253, 60.638, 5927.052, -80.768, 182.039, 99.992, 88.076, 23.926
216, 230.000, 16.408, 88.810, 49.792, -21.919, 23.620, 0.010, 57.091, 42.862
216, 325.000,16.949, 96.102, 5914.763, 51.119, 427.544, 99.992, 85.836, -6.818
217, 230.000, -59.202, 57.449, 25.833, 29.677, 44.380, 0.010, 25.821, -33.770
217, 325.000,-61.276, 61.743, 5923.121, -168.634, 240.606, 99.992, 87.160, 35.026
218, 230.000, 36.289, 57.702, 53.914, 20.183, 14.267, 0.010, 65.371, -54.744
218, 325.000,38.102, 60.025, 5927.468, 107.459, 152.314, 99.992, 88.199, -35.203
219, 230.000, 68.828, 38.783, 55.215, 15.591, 15.028, 0.010, 68.586, -46.053
219, 325.000,72.387, 40.983, 5924.527, 226.912, 134.404, 99.992, 87.451, -59.361
220, 230.000, -34.713, 10.679, 37.392, -15.770, -43.253, 0.010, 39.083, 159.969
220, 325.000,-35.946, 9.527, 5929.747, -84.470, -24.057, 99.992, 89.151, 105.897
221, 230.000, -67.432, 63.261, 56.392, 18.317, 1.440, 0.010, 71.953, -85.506
221, 325.000,-72.500, 68.584, 5913.542, -316.037, 316.282, 99.993, 85.676, 44.978
222, 230.000, 5.798, -77.044, 0.704, 11.958, 58.088, 0.010, 0.680, -11.632
222, 325.000,6.412, -78.370, 5928.193, 29.051, -158.902, 99.992, 88.439, -169.639
223, 230.000, -27.773, 10.974, 56.151, 18.759, 3.578, 0.010, 71.217, -79.200
223, 325.000,-27.779, 11.327, 5930.123, -47.581, 30.387, 99.992, 89.455, 57.436
224, 230.000, 40.785, 73.672, 10.788, -13.141, -56.821, 0.010, 10.480, 166.978
224, 325.000,42.532, 75.795, 5925.730, 128.321, 196.961, 99.992, 87.728, -33.084
225, 230.000, -42.785, -16.086, 37.338, 8.528, -45.286, 0.010, 39.016, -169.335
225, 325.000,-43.458, -17.879, 5929.493, -69.658, -76.390, 99.992, 89.001, 137.639
226, 230.000, -33.623, -34.986, 45.114, -18.197, 33.930, 0.010, 49.521, 28.206
226, 325.000,-34.961, -34.704, 5929.769, -81.041, -29.613, 99.992, 89.166, 110.073
227, 230.000, 43.823, 85.431, 1.642, -55.730, 20.225, 0.010, 1.586, 70.054
227, 325.000,47.073, 95.675, 5899.991, 215.715, 558.384, 99.988, 84.207, -21.123
228, 230.000, -55.461, -16.032, 35.937, -45.322, -13.120, 0.010, 37.295, 106.145
228, 325.000,-58.348, -16.867, 5928.083, -159.079, -46.004, 99.992, 88.400, 106.129
229, 230.000, 21.318, 3.703, 54.634, 19.708, 12.014, 0.010, 67.098, -58.633
229, 325.000,22.472, 4.179, 5929.243, 111.087, 28.803, 99.990, 88.891, -75.464
230, 230.000, -80.249, 6.206, 55.413, -20.182, -6.307, 0.010, 69.114, 107.353
230, 325.000,-84.656, 6.302, 5923.910, -277.074, 13.170, 99.992, 87.319, 87.279
231, 230.000, -55.489, 34.009, 38.532, 40.250, 20.319, 0.010, 40.517, -63.215
231, 325.000,-55.875, 35.664, 5929.040, -81.715, 96.826, 99.992, 88.776, 40.162
232, 230.000, 18.542, 2.172, 48.471, -7.893, -33.255, 0.010, 54.811, 166.648
232, 630.000,34.500, 0.478, 5922.395, 308.398, -13.098, 99.993, 87.016, -92.432
233, 230.000, -58.064, -33.329, 17.592, -39.020, -41.056, 0.010, 17.254, 136.457
233, 325.000,-61.147, -35.688, 5926.524, -176.892, -120.958, 99.992, 87.929, 124.364
234, 230.000, -56.412, -76.819, 3.092, 12.453, 57.905, 0.010, 2.988, -12.138
234, 325.000,-61.805, -82.917, 5909.405, -315.375, -385.742, 99.991, 85.180, 140.731
235, 230.000, -5.290, 48.015, 14.674, -57.436, -1.845, 0.010, 14.325, 91.840
235, 325.000,-7.239, 49.045, 5929.358, -69.236, 86.841, 99.992, 88.927, 38.565
236, 230.000, 40.981, -21.273, 24.222, 9.079, -53.371, 0.010, 24.104, -170.345
236, 325.000,42.181, -23.444, 5929.044, 84.545, -94.255, 99.992, 88.777, -138.108
237, 230.000, -24.927, 57.530, 7.313, 14.211, -57.116, 0.010, 7.082, -166.028
237, 325.000,-25.176, 57.334, 5929.939, -38.238, 63.009, 99.992, 89.288, 31.252
238, 230.000, -10.612, -10.754, 14.745, -57.107, -6.250, 0.010, 14.395, 96.246
238, 630.000,-26.657, -21.293, 5920.783, -272.328, -196.982, 99.989, 86.751, 125.879
239, 230.000, -65.666, 14.885, 5.320, 26.567, -52.759, 0.010, 5.146, -153.272
239, 325.000,-66.878, 13.680, 5929.061, -124.022, -20.511, 99.992, 88.785, 99.391
240, 230.000, 66.918, 56.047, 31.115, 48.352, -14.546, 0.010, 31.642, -106.744
240, 325.000,72.637, 59.133, 5918.114, 319.252, 209.200, 99.992, 86.310, -56.764
241, 230.000, 6.564, 93.948, 32.032, -4.476, 49.715, 0.010, 32.689, 5.145
241, 325.000,7.072, 104.683, 5901.590, 32.272, 583.317, 99.993, 84.347, -3.167
242, 230.000, 1.755, -23.142, 8.808, 45.945, 36.457, 0.010, 8.540, -51.569
242, 325.000,3.278, -22.538, 5929.831, 58.256, -56.712, 99.991, 89.214, -134.231
243, 230.000, 85.842, -19.156, 9.152, 1.368, 58.583, 0.010, 8.876, -1.338
243, 325.000,91.390, -18.568, 5920.049, 349.546, -15.716, 99.991, 86.618, -92.574
244, 230.000, -39.438, -19.536, 43.821, -1.741, -39.929, 0.010, 47.634, 177.503
244, 325.000,-40.352, -21.228, 5929.433, -74.051, -77.130, 99.992, 88.967, 136.167
245, 230.000, 25.450, -14.360, 19.711, -19.644, -52.376, 0.010, 19.411, 159.441
245, 325.000,25.373, -16.348, 5929.581, 40.648, -89.831, 99.992, 89.047, -155.653
246, 230.000, 30.592, -38.986, 43.993, -3.567, -39.617, 0.010, 47.881, 174.855
246, 325.000,31.185, -41.141, 5929.069, 53.244, -113.557, 99.992, 88.788, -154.879
247, 230.000, -64.802, -42.063, 0.174, -4.559, -59.134, 0.010, 0.168, 175.592
247, 325.000,-67.691, -45.706, 5924.290, -195.036, -185.458, 99.992, 87.399, 133.558
248, 230.000, 78.912, 37.788, 54.971, -21.002, -7.399, 0.010, 67.949, 109.408
248, 325.000,83.179, 39.913, 5921.581, 290.591, 141.960, 99.992, 86.874, -63.964
249, 230.000, 54.524, 34.999, 47.863, -5.778, 34.545, 0.010, 53.804, 9.495
249, 325.000,55.974, 37.134, 5928.164, 115.819, 114.092, 99.992, 88.429, -45.430
250, 230.000, 8.740, -37.577, 15.331, 40.760, -40.265, 0.010, 14.981, -134.650
250, 325.000,10.226, -39.655, 5929.049, 58.604, -111.920, 99.992, 88.779, -152.363
251, 230.000, -23.103, -33.243, 38.927, -28.090, -34.832, 0.010, 41.021, 141.115
251, 325.000,-24.487, -35.058, 5929.163, -71.698, -97.378, 99.992, 88.832, 143.636
252, 230.000, 3.852, -77.572, 8.419, -27.500, 51.870, 0.010, 8.160, 27.931
252, 325.000,3.148, -79.164, 5927.949, -17.680, -169.449, 99.992, 88.354, 174.044
253, 230.000, -22.756, 81.845, 39.575, -36.704, 24.582, 0.010, 41.856, 56.189
253, 325.000,-25.185, 87.248, 5920.060, -122.614, 327.725, 99.992, 86.617, 20.513
254, 230.000, 56.139, 65.642, 2.623, -33.336, 48.984, 0.010, 2.535, 34.237
254, 325.000,58.474, 71.110, 5919.797, 181.223, 304.820, 99.992, 86.572, -30.733
255, 230.000, -74.441, -35.253, 27.826, -17.563, 49.345, 0.010, 27.980, 19.592
255, 325.000,-78.718, -35.481, 5923.999, -267.490, -66.049, 99.992, 87.337, 103.870
256, 230.000, 30.488, -85.683, 29.086, 26.631, 44.300, 0.010, 29.367, -31.013
256, 325.000,33.591, -90.746, 5917.963, 167.796, -345.180, 99.992, 86.289, -154.075
257, 230.000, -58.742, 5.314, 52.670, -6.398, 26.505, 0.010, 62.630, 13.571
257, 325.000,-60.503, 6.291, 5928.921, -126.496, 38.319, 99.992, 88.723, 73.147
258, 230.000, 33.596, -68.077, 25.775, 48.530, -22.319, 0.010, 25.759, -114.698
258, 325.000,36.484, -71.544, 5924.625, 146.270, -216.843, 99.992, 87.472, -145.999
259, 230.000, -65.721, 0.195, 0.306, -19.254, -56.097, 0.010, 0.296, 161.056
259, 325.000,-68.345, -1.577, 5927.687, -169.546, -57.901, 99.992, 88.269, 108.855
260, 230.000, 81.308, 12.348, 0.362, 55.895, -19.831, 0.010, 0.350, -109.534
260, 325.000,87.210, 12.358, 5920.883, 335.203, 21.101, 99.992, 86.753, -86.398
261, 230.000, -24.358, -49.657, 35.032, -43.754, -19.391, 0.010, 36.204, 113.901
261, 325.000,-26.355, -51.517, 5928.504, -93.048, -117.378, 99.992, 88.553, 141.596
262, 230.000, -21.887, -90.137, 37.395, 45.717, 5.399, 0.010, 39.088, -83.265
262, 325.000,-22.354, -97.646, 5913.015, -61.968, -449.712, 99.992, 85.610, 172.154
263, 230.000, 93.152, -24.725, 54.091, 23.358, 6.793, 0.010, 65.785, -73.784
263, 325.000,104.895, -27.451, 5894.516, 633.649, -154.289, 99.995, 83.687, -103.685
264, 230.000, -79.645, 1.184, 31.178, 49.189, -11.225, 0.010, 31.714, -102.854
264, 325.000,-81.652, 0.886, 5927.316, -190.980, -8.162, 99.992, 88.153, 92.447
265, 230.000, -58.326, -19.561, 54.437, 22.470, -7.024, 0.010, 66.613, -107.359
265, 325.000,-59.233, -20.324, 5929.366, -99.404, -48.441, 99.992, 88.932, 115.981
266, 230.000, -1.930, 79.069, 33.987, 11.573, 47.208, 0.010, 34.963, -13.775
266, 325.000,-1.655, 84.124, 5923.099, 6.170, 294.125, 99.992, 87.157, -1.202
267, 230.000, -10.232, 3.172, 47.229, -34.031, 11.355, 0.010, 52.780, 71.548
267, 630.000,-23.477, 7.367, 5925.328, -232.742, 73.380, 99.990, 87.642, 72.501
268, 230.000, 23.493, 70.624, 33.422, -47.138, -13.362, 0.010, 34.300, 105.826
268, 325.000,22.905, 72.882, 5927.776, 13.864, 175.728, 99.992, 88.297, -4.511
269, 230.000, 42.150, 26.647, 53.907, 13.633, -20.636, 0.010, 65.354, -146.548
269, 325.000,43.552, 26.608, 5929.603, 92.614, 28.276, 99.992, 89.064, -73.022
270, 230.000, 72.863, 54.781, 48.553, 33.036, -8.302, 0.010, 54.948, -104.107
270, 325.000,79.555, 58.797, 5913.000, 379.092, 249.833, 99.992, 85.609, -56.614
271, 230.000, 81.883, 56.088, 5.857, -58.863, -4.302, 0.010, 5.668, 94.180
271, 325.000,94.344, 65.690, 5873.310, 657.763, 489.242, 99.987, 82.054, -53.358
272, 230.000, -64.870, -60.067, 11.072, -28.927, -50.579, 0.010, 10.759, 150.234
272, 325.000,-70.160, -65.703, 5914.522, -305.381, -307.976, 99.992, 85.806, 135.242
273, 230.000, 25.459, 74.851, 22.216, 52.651, -15.873, 0.010, 21.999, -106.777
273, 325.000,28.239, 77.682, 5925.133, 132.780, 211.425, 99.992, 87.587, -32.130
274, 230.000, -3.298, -70.080, 24.544, 20.823, 49.816, 0.010, 24.446, -22.685
274, 325.000,-2.752, -70.851, 5929.196, 13.672, -118.463, 99.992, 88.848, -173.417
275, 230.000, 4.918, 86.038, 57.471, 14.277, -3.304, 0.010, 75.695, -103.030
275, 325.000,5.649, 91.012, 5921.462, 33.756, 323.594, 99.992, 86.855, -5.955
276, 230.000, -41.274, 33.590, 52.792, -21.857, -15.904, 0.010, 62.886, 126.042
276, 325.000,-42.960, 33.898, 5929.337, -101.471, 47.703, 99.992, 88.917, 64.821
277, 230.000, -29.248, 53.011, 45.798, 34.697, -14.709, 0.010, 50.550, -112.973
277, 325.000,-28.946, 53.984, 5929.591, -24.598, 94.546, 99.992, 89.056, 14.583
278, 230.000, 68.127, 58.519, 45.698, 31.539, -20.848, 0.010, 50.399, -123.465
278, 325.000,73.972, 62.067, 5916.225, 334.404, 236.442, 99.991, 86.040, -54.738
279, 230.000, 75.818, 56.165, 8.335, -13.659, 57.110, 0.010, 8.079, 13.450
279, 325.000,82.847, 63.423, 5903.921, 413.489, 378.060, 99.993, 84.579, -47.563
280, 230.000, 76.128, -43.495, 27.949, -52.036, -5.362, 0.010, 28.115, 95.883
280, 325.000,79.260, -46.370, 5922.599, 246.668, -178.007, 99.992, 87.060, -125.816
281, 230.000, 58.366, 51.651, 4.764, 59.030, 3.218, 0.010, 4.607, -86.880
281, 325.000,62.761, 54.000, 5923.549, 236.925, 158.273, 99.992, 87.246, -56.256
282, 230.000, 5.487, 52.439, 32.069, 31.406, -38.768, 0.010, 32.731, -140.989
282, 325.000,6.614, 52.457, 5929.944, 42.921, 59.314, 99.992, 89.293, -35.891
283, 230.000, -66.783, 65.255, 47.810, -19.062, 29.469, 0.010, 53.718, 32.897
283, 325.000,-73.463, 72.112, 5906.263, -376.791, 379.715, 99.993, 84.825, 44.779
284, 230.000, 90.265, -5.094, 53.706, 17.995, 17.593, 0.010, 64.893, -45.647
284, 325.000,97.522, -4.933, 5914.836, 429.606, -4.512, 99.993, 85.846, -90.602
285, 230.000, 93.216, -11.643, 39.997, -38.664, -20.567, 0.010, 42.405, 118.010
285, 325.000,100.620, -13.340, 5911.987, 459.192, -84.400, 99.992, 85.485, -100.415
286, 230.000, 43.380, -80.865, 29.163, 36.706, 36.329, 0.010, 29.453, -45.295
286, 325.000,47.961, -86.193, 5914.942, 247.178, -349.491, 99.992, 85.861, -144.730
287, 230.000, 22.079, -21.265, 29.192, 51.452, -4.262, 0.010, 29.485, -94.735
287, 325.000,24.191, -21.853, 5929.293, 102.418, -51.189, 99.992, 88.894, -116.556
288, 230.000, -4.300, 2.238, 13.101, -12.991, 56.367, 0.010, 12.761, 12.978
288, 630.000,-9.756, 10.604, 5928.251, -96.478, 126.718, 99.992, 88.461, 37.284
289, 230.000, 8.118, -49.501, 11.914, 38.394, -43.607, 0.010, 11.588, -138.638
289, 325.000,9.530, -52.044, 5928.542, 54.934, -137.745, 99.992, 88.567, -158.258
290, 230.000, 95.131, -29.337, 22.604, 2.877, -54.758, 0.010, 22.403, -176.992
290, 325.000,115.382, -37.178, 5839.259, 979.318, -359.957, 100.037, 79.869, -110.181
291, 230.000, 13.090, 18.534, 55.420, -5.044, -20.514, 0.010, 69.134, 166.187
291, 325.000,13.252, 18.336, 5929.920, 50.379, 56.502, 99.992, 89.269, -41.721
292, 230.000, -6.174, -11.105, 22.135, -31.349, -45.221, 0.010, 21.914, 145.268
292, 630.000,-15.340, -26.353, 5922.471, -156.390, -264.165, 99.993, 87.033, 149.374
293, 230.000, -53.285, 37.628, 26.874, -51.888, -10.151, 0.010, 26.943, 101.069
293, 325.000,-56.545, 38.453, 5927.357, -174.598, 74.647, 99.992, 88.165, 66.851
294, 230.000, -71.035, -62.778, 49.327, -27.847, 17.579, 0.010, 56.273, 57.738
294, 325.000,-79.077, -68.607, 5903.958, -440.619, -344.393, 99.991, 84.589, 128.012
295, 230.000, 52.343, 42.175, 56.479, -0.650, 18.093, 0.010, 72.226, 2.057
295, 325.000,53.978, 44.077, 5927.997, 121.395, 117.177, 99.992, 88.370, -46.013
296, 230.000, -84.710, 27.868, 7.171, -11.887, 57.662, 0.010, 6.945, 11.649
296, 325.000,-90.984, 31.596, 5915.471, -379.352, 181.772, 99.992, 85.933, 64.398
297, 230.000, -86.026, 38.718, 14.571, -17.985, 54.606, 0.010, 14.222, 18.230
297, 325.000,-95.085, 44.213, 5902.126, -507.716, 278.153, 99.994, 84.398, 61.284
298, 230.000, -61.481, 40.937, 12.240, 55.262, -17.718, 0.010, 11.909, -107.776
298, 325.000,-62.009, 41.890, 5928.818, -103.875, 89.084, 99.992, 88.678, 49.383
299, 230.000, -37.111, -45.037, 19.235, 4.961, 55.884, 0.010, 18.924, -5.073
299, 325.000,-37.916, -44.433, 5929.902, -69.296, -32.412, 99.992, 89.261, 115.067
300, 230.000, -57.984, 55.602, 53.400, -2.033, 25.729, 0.010, 64.205, 4.518
300, 325.000,-60.762, 59.005, 5923.985, -186.189, 203.493, 99.992, 87.334, 42.457
