ion,x0,y0,z0,vx0,vy0,vz0,ke0,elev0,azim0,x1,y1,z1,vx1,vy1,vz1,ke1,elev1,azim1
1, 230.000, -51.909, -26.977, 47.474, -10.002, -34.115, 0.010, 53.172, 163.660
1, 325.000,-53.602, -28.770, 5928.561, -116.491, -90.523, 99.992, 88.575, 127.850
2, 230.000, -15.153, 69.901, 35.137, 27.766, 38.886, 0.010, 36.329, -35.528
2, 325.000,-14.820, 73.616, 5926.309, -9.906, 219.890, 99.992, 87.873, 2.579
3, 230.000, -37.021, 79.282, 49.349, -32.832, 2.084, 0.010, 56.311, 86.369
3, 325.000,-40.382, 84.376, 5918.852, -183.683, 321.256, 99.992, 86.422, 29.759
4, 230.000, -47.449, 5.922, 54.716, -22.291, 5.188, 0.010, 67.301, 76.898
4, 325.000,-49.234, 6.221, 5929.325, -111.492, 16.405, 99.992, 88.911, 81.629
5, 230.000, -69.951, -28.404, 9.461, 22.093, 54.222, 0.010, 9.179, -22.168
5, 325.000,-71.985, -27.806, 5927.944, -169.167, -21.380, 99.992, 88.352, 97.203
6, 230.000, 6.461, 50.035, 13.391, -4.286, 57.619, 0.010, 13.049, 4.255
6, 325.000,6.477, 53.049, 5928.383, 7.782, 154.308, 99.992, 88.507, -2.887
7, 230.000, 0.322, 58.482, 44.247, 37.352, 12.834, 0.010, 48.247, -71.037
7, 325.000,1.511, 60.435, 5928.784, 39.384, 132.612, 99.992, 88.663, -16.541
8, 230.000, -47.910, 71.573, 44.272, -11.111, -37.871, 0.010, 48.284, 163.649
8, 325.000,-51.049, 74.578, 5922.807, -192.248, 229.746, 99.991, 87.104, 39.922
9, 230.000, -56.569, 9.219, 21.474, 40.949, -37.144, 0.010, 21.227, -132.211
9, 325.000,-56.718, 8.277, 5929.944, -70.340, -20.119, 99.992, 89.293, 105.962
10, 230.000, 34.752, -83.953, 37.716, 13.269, -43.807, 0.010, 39.488, -163.149
10, 325.000,37.854, -91.808, 5911.265, 177.534, -441.361, 99.991, 85.399, -158.088
11, 230.000, 31.366, 87.408, 44.704, -38.288, -7.292, 0.010, 48.916, 100.783
11, 325.000,32.885, 94.673, 5913.154, 118.559, 436.115, 99.992, 85.629, -15.209
12, 230.000, -17.387, 28.543, 33.100, 13.406, 47.353, 0.010, 33.924, -15.807
12, 325.000,-17.331, 30.663, 5929.349, -22.377, 109.162, 99.992, 88.923, 11.584
13, 230.000, -82.398, -48.417, 40.655, 42.607, 7.032, 0.010, 43.273, -80.628
13, 325.000,-89.798, -53.309, 5906.928, -446.171, -281.390, 99.993, 84.897, 122.239
14, 230.000, -53.811, 2.638, 10.084, -16.572, -56.048, 0.010, 9.789, 163.528
14, 325.000,-55.660, 0.920, 5928.913, -121.497, -52.952, 99.992, 88.719, 113.549
15, 230.000, 87.385, 1.307, 50.898, -15.819, 26.014, 0.010, 59.113, 31.304
15, 325.000,92.334, 2.191, 5921.153, 329.501, 32.657, 99.992, 86.799, -84.340
16, 230.000, -93.281, -5.938, 28.302, 5.385, 51.843, 0.010, 28.502, -5.930
16, 325.000,-101.508, -4.890, 5910.405, -486.356, 23.887, 99.993, 85.290, 87.188
17, 230.000, -74.928, -49.808, 41.642, -2.196, -42.176, 0.010, 44.596, 177.020
17, 325.000,-80.450, -54.730, 5914.693, -337.835, -267.743, 99.991, 85.832, 128.398
18, 230.000, -8.845, -22.822, 3.799, -48.263, -34.262, 0.010, 3.673, 125.372
18, 325.000,-10.604, -24.455, 5928.900, -79.095, -107.133, 99.992, 88.713, 143.562
19, 230.000, -69.541, -4.239, 2.657, 30.595, -50.740, 0.010, 2.568, -148.910
19, 325.000,-70.889, -5.985, 5928.479, -137.021, -63.162, 99.992, 88.542, 114.748
20, 230.000, -78.704, 31.888, 11.839, 11.215, -57.024, 0.010, 11.515, -168.873
20, 325.000,-82.693, 31.869, 5923.914, -271.801, 54.812, 99.992, 87.320, 78.599
21, 230.000, 3.038, -56.169, 38.802, 23.368, 38.288, 0.010, 40.861, -31.397
21, 325.000,3.853, -56.373, 5929.892, 30.205, -71.150, 99.992, 89.253, -156.997
22, 230.000, 62.901, -34.763, 48.496, 25.447, -22.764, 0.010, 54.853, -131.815
22, 325.000,65.963, -36.728, 5926.289, 189.134, -113.605, 99.992, 87.868, -120.991
23, 230.000, -13.840, -27.218, 38.936, -43.530, 10.334, 0.010, 41.032, 76.646
23, 325.000,-15.531, -27.482, 5929.645, -78.268, -53.018, 99.992, 89.087, 124.114
24, 230.000, -21.078, 29.395, 22.090, -18.467, -51.852, 0.010, 21.867, 160.397
24, 325.000,-22.120, 28.369, 5930.059, -62.528, 6.256, 99.992, 89.393, 84.286
25, 230.000, 41.280, 5.132, 49.170, -31.048, -11.660, 0.010, 56.000, 110.584
25, 325.000,41.187, 4.873, 5930.217, 46.125, -2.360, 99.992, 89.554, -92.929
26, 230.000, 64.838, -46.621, 33.752, 35.984, -32.918, 0.010, 34.686, -132.452
26, 325.000,68.983, -49.822, 5922.611, 243.067, -182.170, 99.992, 87.064, -126.850
27, 230.000, -28.916, -90.652, 45.579, 22.071, -30.872, 0.010, 50.218, -144.439
27, 325.000,-31.292, -101.129, 5900.763, -148.751, -573.191, 99.992, 84.269, 165.452
28, 230.000, 4.682, 99.277, 57.467, 4.835, -13.849, 0.010, 75.681, -160.754
28, 325.000,5.672, 116.848, 5863.337, 47.813, 888.972, 99.997, 81.366, -3.079
29, 230.000, 30.650, 29.805, 55.376, -20.297, 6.253, 0.010, 69.016, 72.877
29, 325.000,30.674, 30.652, 5929.959, 36.380, 62.320, 99.992, 89.303, -30.275
30, 230.000, -26.388, -74.319, 27.889, 50.275, -14.569, 0.010, 28.049, -106.161
30, 325.000,-25.979, -78.054, 5925.451, -27.255, -240.475, 99.992, 87.661, 173.534
31, 230.000, 18.639, 28.640, 33.424, 46.435, -15.628, 0.010, 34.302, -108.600
31, 325.000,20.519, 28.754, 5929.599, 87.354, 43.422, 99.992, 89.057, -63.569
32, 230.000, 45.424, 6.028, 39.349, 43.361, 9.441, 0.010, 41.563, -77.717
32, 325.000,47.816, 6.462, 5928.955, 129.034, 20.940, 99.992, 88.737, -80.782
33, 230.000, -2.497, -91.534, 27.886, 3.618, -52.220, 0.010, 28.045, -176.037
33, 325.000,-2.590, -100.586, 5909.063, -8.348, -502.483, 99.992, 85.139, 179.048
34, 230.000, 33.858, -63.144, 3.662, -40.259, -43.399, 0.010, 3.540, 137.149
34, 325.000,33.793, -66.765, 5926.606, 44.783, -207.165, 99.992, 87.952, -167.802
35, 230.000, 49.513, 42.333, 41.919, 21.762, 35.873, 0.010, 44.973, -31.243
35, 325.000,51.708, 44.753, 5927.360, 135.014, 133.385, 99.992, 88.166, -45.348
36, 230.000, -46.642, -39.531, 12.252, -55.670, -16.382, 0.010, 11.922, 106.398
36, 325.000,-49.719, -41.162, 5927.443, -157.319, -101.354, 99.992, 88.192, 122.792
37, 230.000, -69.810, -67.820, 6.554, 48.753, -33.134, 0.010, 6.345, -124.201
37, 325.000,-77.433, -77.648, 5891.954, -438.570, -512.345, 99.993, 83.470, 139.436
38, 230.000, -76.921, 48.474, 38.431, -5.987, -44.776, 0.010, 40.389, 172.383
38, 325.000,-82.905, 50.755, 5916.841, -360.143, 175.449, 99.991, 86.127, 64.026
39, 230.000, 0.662, 80.746, 42.746, -40.252, 8.381, 0.010, 46.114, 78.239
39, 325.000,-0.561, 84.833, 5924.217, -40.139, 267.606, 99.992, 87.385, 8.530
40, 230.000, 48.607, 32.023, 47.454, 20.769, -28.887, 0.010, 53.140, -144.285
40, 325.000,50.540, 31.952, 5929.075, 120.165, 35.037, 99.992, 88.791, -73.744
41, 230.000, -24.385, -44.338, 4.246, 55.181, -21.323, 0.010, 4.106, -111.127
41, 325.000,-23.196, -46.056, 5929.444, 11.117, -105.791, 99.992, 88.972, -174.001
42, 230.000, -4.420, 41.281, 39.844, -43.705, 4.461, 0.010, 42.206, 84.172
42, 325.000,-5.905, 42.316, 5929.586, -53.622, 82.120, 99.992, 89.052, 33.143
43, 230.000, 61.256, -1.833, 21.375, -54.220, -10.996, 0.010, 21.124, 101.465
43, 325.000,61.219, -2.231, 5929.938, 72.002, -15.248, 99.992, 89.289, -101.957
44, 230.000, 38.001, -85.340, 27.989, 48.005, -20.731, 0.010, 28.158, -113.358
44, 325.000,42.962, -93.823, 5905.457, 255.142, -480.183, 99.993, 84.739, -152.016
45, 230.000, 21.220, 17.587, 29.075, -20.032, -47.655, 0.010, 29.355, 157.200
45, 325.000,21.071, 16.468, 5930.236, 42.749, 2.144, 99.992, 89.586, -87.129
46, 230.000, 87.227, 34.768, 5.331, -27.779, -52.130, 0.010, 5.157, 151.948
46, 325.000,94.343, 36.349, 5912.953, 435.714, 129.921, 99.992, 85.603, -73.396
47, 230.000, -43.477, -59.901, 58.607, 5.359, -7.355, 0.010, 81.174, -143.923
47, 325.000,-44.957, -62.400, 5926.945, -111.298, -168.730, 99.992, 88.047, 146.590
48, 230.000, -51.150, -12.143, 26.756, -42.189, 31.967, 0.010, 26.816, 52.849
48, 325.000,-53.726, -11.421, 5928.690, -141.878, 9.800, 99.992, 88.626, 86.049
49, 230.000, -77.917, -54.822, 47.334, 19.619, -29.869, 0.010, 52.948, -146.702
49, 325.000,-85.513, -61.487, 5903.002, -442.818, -358.187, 99.992, 84.489, 128.969
50, 230.000, -68.714, 39.935, 44.337, -3.510, -39.237, 0.010, 48.379, 174.888
50, 325.000,-71.903, 40.501, 5925.966, -214.399, 81.326, 99.992, 87.784, 69.227
51, 230.000, -35.125, -1.156, 56.274, 12.221, -14.195, 0.010, 71.590, -139.275
51, 325.000,-35.489, -1.631, 5930.066, -60.084, -17.206, 99.992, 89.396, 105.980
52, 230.000, -9.287, -1.945, 32.204, -46.712, -17.277, 0.010, 32.887, 110.298
52, 630.000,-28.077, -6.894, 3738.743, -296.947, -75.394, 40.009, 85.315, 104.246
53, 230.000, -14.211, 21.433, 5.745, 43.032, 40.409, 0.010, 5.559, -46.800
53, 325.000,-13.157, 23.231, 5929.390, 2.724, 108.919, 99.992, 88.947, -1.433
54, 230.000, 25.216, 7.824, 44.704, 32.666, -21.262, 0.010, 48.916, -123.059
54, 325.000,26.834, 7.323, 5929.429, 106.468, -0.442, 99.991, 88.971, -90.238
55, 230.000, 81.440, -14.534, 56.026, 16.841, 9.751, 0.010, 70.846, -59.930
55, 325.000,86.138, -14.977, 5922.904, 295.330, -39.291, 99.992, 87.120, -97.578
56, 230.000, -5.891, -55.630, 29.889, -43.361, -27.279, 0.010, 30.262, 122.174
56, 325.000,-7.415, -57.910, 5928.504, -56.627, -138.666, 99.992, 88.553, 157.786
57, 230.000, 3.612, 55.206, 31.621, -33.233, 37.593, 0.010, 32.219, 41.477
57, 325.000,2.650, 57.788, 5928.491, -27.312, 147.812, 99.992, 88.548, 10.469
58, 230.000, 48.815, -44.829, 50.779, -16.148, 26.046, 0.010, 58.889, 31.798
58, 325.000,49.804, -45.384, 5929.166, 94.424, -75.053, 99.992, 88.835, -128.479
59, 230.000, -7.008, -24.301, 24.332, 9.561, 53.237, 0.010, 24.221, -10.182
59, 325.000,-6.872, -23.185, 5930.281, -15.853, -33.006, 99.992, 89.646, 154.345
60, 230.000, 50.410, -76.461, 24.711, -31.730, -43.592, 0.010, 24.623, 143.950
60, 325.000,53.474, -83.924, 5912.170, 209.365, -415.028, 99.992, 85.504, -153.231
61, 230.000, 66.559, -5.822, 39.942, -17.716, -40.105, 0.010, 42.334, 156.167
61, 325.000,68.077, -7.266, 5928.599, 135.234, -55.152, 99.992, 88.589, -112.187
62, 230.000, 18.750, 41.126, 48.402, 7.149, 33.522, 0.010, 54.696, -12.039
62, 325.000,19.393, 43.102, 5929.210, 42.129, 110.882, 99.992, 88.854, -20.804
63, 230.000, -12.361, -97.863, 52.658, -10.072, 25.364, 0.010, 62.604, 21.657
63, 325.000,-14.598, -112.459, 5879.525, -111.339, -768.731, 99.999, 82.474, 171.759
64, 230.000, -50.823, 10.846, 3.845, 59.161, -1.691, 0.010, 3.717, -91.637
64, 325.000,-50.138, 11.048, 5930.263, -35.268, 18.854, 99.992, 89.614, 61.871
65, 230.000, 22.660, 97.171, 52.142, -25.845, -11.442, 0.010, 61.540, 113.880
65, 325.000,27.958, 122.848, 5807.431, 250.848, 1182.755, 100.044, 78.239, -11.974
66, 230.000, -37.031, -73.311, 46.471, 29.692, -21.828, 0.010, 51.585, -126.322
66, 325.000,-37.956, -77.648, 5923.634, -92.378, -267.614, 99.992, 87.264, 160.956
67, 230.000, -72.590, -31.143, 23.829, 25.748, -47.821, 0.010, 23.689, -151.701
67, 325.000,-74.999, -34.019, 5925.457, -193.586, -144.774, 99.991, 87.664, 126.791
68, 230.000, 9.247, 96.975, 18.294, 42.959, 36.572, 0.010, 17.966, -49.591
68, 325.000,11.795, 111.263, 5882.587, 113.294, 744.260, 99.997, 82.707, -8.655
69, 230.000, -68.079, -55.950, 40.426, 43.254, 3.541, 0.010, 42.969, -85.320
69, 325.000,-71.100, -59.420, 5921.737, -229.821, -222.707, 99.991, 86.907, 134.099
70, 230.000, -34.914, -71.315, 39.864, 42.967, 9.071, 0.010, 42.232, -78.079
70, 325.000,-35.128, -74.208, 5926.427, -61.469, -208.053, 99.992, 87.904, 163.540
71, 230.000, -34.036, 49.036, 49.468, 15.605, -28.758, 0.010, 56.519, -151.514
71, 325.000,-34.455, 49.441, 5929.728, -53.792, 70.992, 99.992, 89.139, 37.152
72, 230.000, 63.763, -30.654, 27.203, 28.212, -44.517, 0.010, 27.301, -147.636
72, 325.000,66.886, -33.130, 5926.024, 190.878, -124.048, 99.992, 87.800, -123.019
73, 230.000, 71.569, 19.836, 9.316, -31.709, -49.248, 0.010, 9.037, 147.224
73, 325.000,73.259, 19.030, 5928.291, 157.856, 1.487, 99.992, 88.475, -89.460
74, 230.000, 20.766, 95.135, 31.688, -20.775, -45.627, 0.010, 32.296, 155.519
74, 325.000,22.802, 105.949, 5897.518, 121.903, 611.529, 99.992, 83.964, -11.274
75, 230.000, 49.382, -13.320, 17.735, 52.493, 21.157, 0.010, 17.399, -68.049
75, 325.000,52.225, -12.964, 5928.544, 148.173, -3.394, 99.992, 88.568, -91.312
76, 230.000, -53.737, -41.156, 38.715, -44.920, 0.978, 0.010, 40.750, 88.753
76, 325.000,-56.887, -42.455, 5927.039, -174.399, -96.740, 99.992, 88.073, 119.017
77, 230.000, -29.570, -74.842, 17.896, 45.527, -33.537, 0.010, 17.562, -126.377
77, 325.000,-29.536, -79.412, 5923.899, -46.430, -273.738, 99.992, 87.317, 170.373
78, 230.000, 26.371, 39.356, 55.512, -19.854, 6.469, 0.010, 69.386, 71.954
78, 325.000,26.338, 40.449, 5929.789, 28.551, 79.984, 99.992, 89.179, -19.645
79, 230.000, 52.872, 72.712, 30.749, 41.809, 28.709, 0.010, 31.228, -55.524
79, 325.000,58.036, 78.927, 5912.835, 282.447, 357.897, 99.991, 85.591, -38.280
80, 230.000, -19.084, -92.301, 13.593, 57.714, 1.384, 0.010, 13.250, -88.627
80, 325.000,-19.147, -101.079, 5908.370, -43.935, -508.715, 99.992, 85.061, 175.064
81, 230.000, 41.617, 63.841, 24.124, 54.014, 4.255, 0.010, 24.001, -85.495
81, 325.000,45.017, 66.589, 5924.849, 175.574, 187.057, 99.992, 87.521, -43.186
82, 230.000, -29.479, 56.122, 19.681, -43.738, -34.890, 0.010, 19.380, 128.580
82, 325.000,-31.716, 56.642, 5928.758, -109.685, 86.086, 99.992, 88.653, 51.873
83, 230.000, -33.875, -59.311, 11.655, -55.559, 17.175, 0.010, 11.333, 72.822
83, 325.000,-36.736, -60.702, 5927.479, -138.829, -123.880, 99.992, 88.202, 131.743
84, 230.000, -0.093, 12.621, 6.085, 58.830, 4.430, 0.010, 5.889, -85.693
84, 630.000,7.756, 30.095, 3738.054, 101.569, 298.333, 40.010, 85.181, -18.801
85, 230.000, -63.281, -53.052, 25.685, -12.993, 51.857, 0.010, 25.662, 14.066
85, 325.000,-66.862, -54.098, 5924.829, -225.637, -123.186, 99.992, 87.516, 118.632
86, 230.000, -38.425, -49.602, 26.112, 11.586, 51.977, 0.010, 26.120, -12.566
86, 325.000,-39.146, -49.361, 5929.750, -70.258, -52.260, 99.992, 89.154, 126.643
87, 230.000, -40.790, 40.925, 23.420, -9.648, -53.629, 0.010, 23.258, 169.802
87, 325.000,-42.152, 40.284, 5929.625, -91.910, 26.586, 99.992, 89.076, 73.867
88, 230.000, 48.028, -78.624, 8.234, 58.035, 9.042, 0.010, 7.980, -81.145
88, 325.000,53.809, -84.889, 5910.533, 300.299, -380.905, 99.992, 85.309, -141.748
89, 230.000, 67.023, -52.142, 22.935, 31.416, 44.774, 0.010, 22.749, -35.056
89, 325.000,71.740, -53.660, 5922.187, 277.151, -142.653, 99.991, 86.987, -117.235
90, 230.000, 5.385, 84.021, 36.671, -0.306, 46.613, 0.010, 38.192, 0.376
90, 325.000,5.672, 90.107, 5919.873, 19.135, 352.747, 99.992, 86.585, -3.105
91, 230.000, -63.660, 59.516, 53.825, -8.846, -23.286, 0.010, 65.166, 159.199
91, 325.000,-67.858, 62.467, 5920.987, -259.793, 209.559, 99.991, 86.774, 51.109
92, 230.000, 66.716, -59.845, 31.426, -49.729, -7.557, 0.010, 31.996, 98.641
92, 325.000,69.814, -64.230, 5919.780, 234.980, -266.024, 99.992, 86.569, -138.546
93, 230.000, -38.506, -62.029, 41.130, -9.884, 41.573, 0.010, 43.906, 13.374
93, 325.000,-40.218, -62.983, 5928.188, -110.574, -118.126, 99.992, 88.437, 136.891
94, 230.000, -24.433, -13.130, 14.033, -6.014, -57.311, 0.010, 13.687, 174.010
94, 325.000,-25.171, -15.261, 5929.243, -69.710, -94.747, 99.992, 88.863, 143.657
95, 230.000, 51.814, 83.734, 37.716, -45.192, 7.267, 0.010, 39.488, 80.865
95, 325.000,58.360, 96.700, 5880.982, 363.292, 673.239, 99.996, 82.589, -28.352
96, 230.000, -18.284, -54.320, 10.013, 48.178, 33.110, 0.010, 9.720, -55.502
96, 325.000,-17.221, -54.659, 5929.919, 13.490, -73.975, 99.992, 89.273, -169.665
97, 230.000, -80.078, 2.235, 34.056, 3.421, -48.437, 0.010, 35.044, -175.960
97, 325.000,-83.660, 0.826, 5925.065, -247.404, -43.820, 99.992, 87.572, 100.044
98, 230.000, -22.749, -14.692, 3.236, 33.698, -48.699, 0.010, 3.128, -145.318
98, 325.000,-22.185, -16.593, 5929.575, -28.929, -93.879, 99.991, 89.051, 162.873
99, 230.000, -30.205, -77.537, 57.172, -11.036, -11.278, 0.010, 74.570, 135.622
99, 325.000,-32.126, -81.938, 5922.641, -116.132, -280.172, 99.992, 87.069, 157.486
100, 230.000, -54.757, -48.206, 1.486, -55.865, -19.863, 0.010, 1.436, 109.573
100, 325.000,-58.569, -50.636, 5924.998, -204.315, -149.237, 99.992, 87.555, 126.145
101, 230.000, 91.545, 21.852, 24.888, 30.761, 44.181, 0.010, 24.811, -34.847
101, 325.000,101.386, 25.324, 5902.798, 545.915, 169.615, 99.992, 84.468, -72.740
102, 230.000, 24.737, -82.642, 35.303, 43.695, 19.029, 0.010, 36.529, -66.467
102, 325.000,27.555, -86.947, 5921.391, 140.437, -295.028, 99.992, 86.842, -154.545
103, 230.000, -82.613, -31.714, 7.883, -10.552, 57.829, 0.010, 7.638, 10.341
103, 325.000,-88.388, -32.014, 5919.442, -353.619, -70.254, 99.992, 86.515, 101.237
104, 230.000, 66.461, 60.286, 30.787, 46.225, 20.810, 0.010, 31.271, -65.763
104, 325.000,72.710, 65.304, 5913.090, 346.096, 291.541, 99.991, 85.624, -49.890
105, 230.000, 16.078, 13.154, 9.807, -26.112, -52.341, 0.010, 9.518, 153.486
105, 630.000,32.689, 22.637, 3734.088, 301.403, 193.491, 40.008, 84.521, -57.301
106, 230.000, -42.766, 21.945, 30.858, -10.084, 49.636, 0.010, 31.351, 11.484
106, 325.000,-44.064, 24.024, 5928.991, -90.204, 92.323, 99.992, 88.753, 44.335
107, 230.000, 74.793, 53.779, 36.568, -2.347, 46.636, 0.010, 38.066, 2.881
107, 325.000,80.947, 59.683, 5910.425, 369.058, 316.751, 99.992, 85.296, -49.362
108, 230.000, 65.172, -14.662, 53.235, -5.068, 25.651, 0.010, 63.842, 11.176
108, 325.000,67.047, -14.313, 5928.613, 145.270, -7.191, 99.992, 88.595, -92.834
109, 230.000, 36.201, -57.026, 39.558, -14.578, 41.716, 0.010, 41.835, 19.262
109, 325.000,36.881, -57.507, 5929.326, 68.929, -89.077, 99.992, 88.912, -142.266
110, 230.000, -60.484, -17.522, 0.304, 53.393, -25.820, 0.010, 0.294, -115.808
110, 325.000,-60.508, -18.840, 5929.576, -74.620, -64.497, 99.992, 89.047, 130.838
111, 230.000, -92.868, -10.326, 29.419, 11.464, 50.207, 0.010, 29.737, -12.863
111, 325.000,-100.818, -9.717, 5911.350, -475.212, -0.739, 99.993, 85.404, 90.089
112, 230.000, -21.938, 48.949, 36.080, -44.314, 15.880, 0.010, 37.469, 70.284
112, 325.000,-23.880, 50.654, 5928.691, -88.414, 111.311, 99.992, 88.626, 38.460
113, 230.000, 20.400, -78.447, 4.444, 46.146, -36.992, 0.010, 4.297, -128.717
113, 325.000,22.839, -83.427, 5921.886, 115.369, -295.988, 99.992, 86.929, -158.705
114, 230.000, 25.027, 62.140, 6.751, 47.023, 35.509, 0.010, 6.536, -52.942
114, 325.000,27.315, 65.248, 5926.584, 107.867, 183.240, 99.992, 87.945, -30.484
115, 230.000, 91.536, 6.841, 49.516, -1.122, -32.628, 0.010, 56.602, 178.031
115, 325.000,98.848, 6.392, 5913.996, 440.788, -1.626, 99.992, 85.737, -90.211
116, 230.000, 35.861, -43.751, 40.058, -42.480, -10.412, 0.010, 42.486, 103.772
116, 325.000,35.430, -45.193, 5929.532, 27.154, -97.620, 99.992, 89.021, -164.456
117, 230.000, 87.935, 46.744, 12.435, -21.536, 53.844, 0.010, 12.103, 21.800
117, 325.000,106.620, 58.612, 5836.565, 904.625, 551.141, 100.043, 79.713, -58.648
118, 230.000, -74.476, 10.924, 10.326, -19.668, -54.992, 0.010, 10.027, 160.320
118, 325.000,-78.035, 9.624, 5925.976, -227.411, -27.179, 99.992, 87.787, 96.815
119, 230.000, 49.056, -35.949, 3.206, -58.849, -6.646, 0.010, 3.098, 96.444
119, 325.000,48.525, -37.140, 5929.689, 41.183, -81.828, 99.992, 89.115, -153.284
120, 230.000, 50.435, -24.953, 4.388, -46.018, 37.159, 0.010, 4.242, 51.080
120, 325.000,50.237, -24.397, 5930.161, 51.560, -10.595, 99.992, 89.491, -101.612
121, 230.000, -49.623, -0.224, 55.543, -19.334, -7.670, 0.010, 69.470, 111.638
121, 325.000,-51.386, -0.471, 5929.308, -113.231, -8.360, 99.992, 88.903, 94.222
122, 230.000, -4.265, -72.302, 9.038, -58.481, -3.993, 0.010, 8.765, 93.906
122, 325.000,-6.264, -75.051, 5926.851, -72.130, -192.043, 99.992, 88.018, 159.414
123, 230.000, -2.984, -56.489, 18.211, -45.856, 32.912, 0.010, 17.881, 54.332
123, 325.000,-4.516, -56.877, 5929.644, -53.440, -77.837, 99.992, 89.088, 145.528
124, 230.000, -46.192, -49.604, 6.254, 23.940, -53.902, 0.010, 6.053, -156.052
124, 325.000,-46.926, -52.911, 5927.239, -84.687, -173.837, 99.992, 88.131, 154.026
125, 230.000, -26.533, -44.765, 32.063, 40.931, -28.535, 0.010, 32.725, -124.883
125, 325.000,-25.868, -46.739, 5929.275, -8.216, -114.925, 99.992, 88.887, 175.911
126, 230.000, -32.871, -45.821, 1.701, -47.074, 36.039, 0.010, 1.644, 52.563
126, 325.000,-35.206, -45.840, 5929.058, -114.062, -53.620, 99.992, 88.782, 115.178
127, 230.000, -64.715, 12.635, 50.690, -26.761, -15.232, 0.010, 58.723, 119.648
127, 325.000,-67.556, 12.546, 5927.761, -176.215, 13.133, 99.992, 88.293, 85.738
128, 230.000, 97.526, -11.062, 45.807, -5.680, -37.244, 0.010, 50.564, 171.329
128, 325.000,111.736, -13.802, 5881.429, 749.254, -125.616, 99.988, 82.640, -99.517
129, 230.000, 60.777, 48.549, 6.065, 58.780, -5.073, 0.010, 5.870, -94.933
129, 325.000,65.256, 50.492, 5923.755, 243.221, 139.745, 99.992, 87.289, -60.120
130, 230.000, -48.095, 74.603, 10.187, -38.167, 44.240, 0.010, 9.890, 40.785
130, 325.000,-52.602, 81.131, 5913.783, -247.450, 367.978, 99.991, 85.712, 33.919
131, 230.000, -97.772, -4.512, 26.104, -17.028, -50.460, 0.010, 26.113, 161.353
131, 325.000,-112.347, -6.672, 5880.584, -760.832, -88.404, 99.987, 82.579, 96.628
132, 230.000, 83.260, 9.185, 9.090, -4.595, 58.429, 0.010, 8.816, 4.496
132, 325.000,87.548, 11.497, 5922.686, 287.370, 93.777, 99.992, 87.078, -71.927
133, 230.000, -28.333, 15.155, 51.689, 28.429, -6.133, 0.010, 60.635, -102.173
133, 325.000,-28.046, 15.291, 5930.216, -35.511, 28.526, 99.992, 89.560, 51.225
134, 230.000, -48.554, -10.022, 42.353, -8.749, -40.587, 0.010, 45.570, 167.835
134, 325.000,-49.958, -11.540, 5929.236, -100.244, -60.841, 99.992, 88.867, 121.255
135, 230.000, 41.221, -30.073, 39.392, 42.712, -11.900, 0.010, 41.619, -105.568
135, 325.000,43.551, -31.163, 5928.727, 122.427, -69.375, 99.992, 88.640, -119.539
136, 230.000, 81.005, -41.774, 46.156, 32.878, -17.501, 0.010, 51.098, -118.027
136, 325.000,88.373, -45.590, 5911.566, 419.627, -216.980, 99.992, 85.431, -117.342
137, 230.000, -55.735, 49.831, 38.158, -30.229, -33.880, 0.010, 40.043, 138.259
137, 325.000,-58.839, 50.697, 5926.683, -183.977, 100.837, 99.992, 87.973, 61.273
138, 230.000, -17.075, -26.463, 54.962, 10.215, 19.811, 0.010, 67.925, -27.277
138, 325.000,-17.123, -26.412, 5930.180, -29.373, -41.340, 99.992, 89.510, 144.605
139, 230.000, -62.458, 27.308, 21.342, -4.698, 55.137, 0.010, 21.091, 4.870
139, 325.000,-64.644, 29.939, 5927.120, -154.309, 122.744, 99.992, 88.095, 51.500
140, 230.000, 32.960, 55.355, 0.186, -25.515, -53.540, 0.010, 0.180, 154.519
140, 325.000,33.113, 55.272, 5929.854, 45.765, 65.754, 99.992, 89.226, -34.838
141, 230.000, 51.108, 26.257, 7.874, -56.845, -14.977, 0.010, 7.629, 104.761
141, 325.000,50.610, 26.453, 5930.125, 42.980, 36.829, 99.992, 89.453, -49.407
142, 230.000, 68.926, -3.280, 35.251, 47.693, -0.622, 0.010, 36.466, -90.747
142, 325.000,72.737, -3.410, 5926.376, 218.199, -8.667, 99.992, 87.890, -92.275
143, 230.000, 3.129, -26.378, 57.395, -8.510, 12.291, 0.010, 75.401, 34.699
143, 325.000,2.930, -26.598, 5930.014, 0.377, -66.892, 99.992, 89.354, -179.677
144, 230.000, -18.443, -13.638, 22.857, 41.808, 35.317, 0.010, 22.668, -49.811
144, 325.000,-17.579, -12.857, 5930.148, -45.386, -28.577, 99.992, 89.482, 122.197
145, 230.000, 97.998, 6.436, 20.732, 39.830, 38.747, 0.010, 20.460, -45.790
145, 325.000,114.141, 8.576, 5872.531, 821.849, 92.765, 99.995, 81.983, -83.560
146, 230.000, 10.477, -91.622, 23.158, 41.241, 35.784, 0.010, 22.983, -49.053
146, 325.000,12.594, -97.988, 5915.469, 94.990, -409.336, 99.991, 85.937, -166.935
147, 230.000, -71.756, -25.451, 54.010, 17.906, -16.731, 0.010, 65.594, -133.057
147, 325.000,-74.082, -26.996, 5926.884, -183.371, -89.176, 99.992, 88.030, 115.934
148, 230.000, -50.648, -49.280, 3.454, -58.427, -9.591, 0.010, 3.338, 99.322
148, 325.000,-54.269, -51.310, 5925.846, -189.141, -134.731, 99.992, 87.756, 125.463
149, 230.000, -5.119, 90.622, 57.740, 6.163, -12.071, 0.010, 76.790, -152.954
149, 325.000,-5.313, 97.039, 5916.752, -16.886, 401.863, 99.992, 86.111, 2.406
150, 230.000, -29.430, 76.152, 14.958, 3.824, 57.265, 0.010, 14.608, -3.821
150, 325.000,-30.780, 81.743, 5921.291, -94.285, 314.598, 99.992, 86.825, 16.683
151, 230.000, -32.173, -13.042, 57.476, -11.105, -9.530, 0.010, 75.716, 130.634
151, 325.000,-33.213, -13.623, 5929.769, -77.767, -36.769, 99.992, 89.169, 115.305
152, 230.000, -5.974, 53.936, 6.303, 51.351, 29.000, 0.010, 6.100, -60.545
152, 325.000,-4.487, 56.193, 5928.712, 41.572, 135.107, 99.992, 88.634, -17.103
153, 230.000, -75.503, -37.364, 43.260, 5.536, 40.194, 0.010, 46.835, -7.842
153, 325.000,-79.388, -38.125, 5923.966, -260.985, -89.720, 99.992, 87.333, 108.972
154, 230.000, 57.838, 79.381, 44.797, 38.817, 2.034, 0.010, 49.052, -87.001
154, 325.000,67.727, 91.427, 5875.998, 497.849, 628.313, 99.993, 82.231, -38.392
155, 230.000, 9.131, -25.554, 38.894, -44.658, 3.247, 0.010, 40.979, 85.842
155, 325.000,7.914, -26.039, 5929.935, -20.899, -71.669, 99.992, 89.279, 163.743
156, 230.000, -36.352, 50.326, 55.769, 17.564, -9.946, 0.010, 70.103, -119.521
156, 325.000,-36.821, 51.428, 5929.303, -59.293, 97.001, 99.992, 88.902, 31.436
157, 230.000, -69.665, -5.052, 45.180, 18.027, 33.932, 0.010, 49.621, -27.980
157, 325.000,-71.434, -4.155, 5928.421, -151.352, 23.007, 99.992, 88.521, 81.357
158, 230.000, 3.826, 6.467, 29.013, 42.744, 29.134, 0.010, 29.287, -55.722
158, 630.000,14.770, 19.123, 3742.222, 164.165, 201.382, 40.008, 86.028, -39.187
159, 230.000, -41.101, -72.640, 35.050, 7.182, -47.303, 0.010, 36.225, -171.367
159, 325.000,-43.070, -77.986, 5920.949, -137.012, -305.326, 99.992, 86.765, 155.832
160, 230.000, -75.166, -43.338, 39.864, -7.219, 43.317, 0.010, 42.232, 9.462
160, 325.000,-79.927, -44.614, 5921.629, -298.521, -121.990, 99.992, 86.883, 112.227
161, 230.000, -77.659, -33.264, 0.603, 43.782, -40.006, 0.010, 0.582, -132.420
161, 325.000,-80.504, -36.317, 5923.753, -230.305, -160.567, 99.992, 87.287, 124.884
162, 230.000, -34.431, -88.185, 25.623, -28.845, 45.045, 0.010, 25.596, 32.633
162, 325.000,-38.676, -95.444, 5909.193, -224.600, -448.407, 99.993, 85.149, 153.394
163, 230.000, 85.043, 15.952, 52.030, 11.531, 26.030, 0.010, 61.313, -23.893
163, 325.000,90.545, 17.722, 5919.858, 342.078, 89.364, 99.992, 86.582, -75.359
164, 230.000, -4.866, -18.175, 29.057, -36.034, -37.080, 0.010, 29.335, 135.820
164, 325.000,-6.158, -19.862, 5928.049, -71.079, -152.212, 99.993, 88.377, 154.969
165, 230.000, -9.091, 49.876, 34.642, 40.241, 26.423, 0.010, 35.739, -56.710
165, 325.000,-8.029, 51.887, 5929.097, 24.479, 121.652, 99.992, 88.801, -11.377
166, 230.000, -26.820, -37.630, 19.310, 39.955, -39.349, 0.010, 19.000, -134.562
166, 325.000,-26.148, -39.725, 5929.359, -8.438, -110.661, 99.992, 88.928, 175.640
167, 230.000, -25.755, 22.369, 28.153, 52.187, 1.251, 0.010, 28.339, -88.627
167, 325.000,-24.645, 22.892, 5930.183, -1.474, 50.034, 99.992, 89.516, 1.688
168, 230.000, -29.553, -26.077, 1.949, 16.497, -56.936, 0.010, 1.884, -163.841
168, 325.000,-29.658, -28.458, 5929.270, -39.004, -108.651, 99.992, 88.885, 160.253
169, 230.000, -71.384, 64.614, 8.180, 27.421, 51.950, 0.010, 7.927, -27.826
169, 325.000,-78.917, 73.756, 5895.600, -432.865, 473.987, 99.993, 83.786, 42.404
170, 230.000, -31.881, -72.736, 2.983, 0.168, 59.234, 0.010, 2.883, -0.162
170, 325.000,-33.281, -74.085, 5927.508, -96.275, -157.946, 99.992, 88.213, 148.636
171, 230.000, 65.616, -8.617, 34.146, 9.632, 47.528, 0.010, 35.151, -11.456
171, 325.000,67.947, -7.385, 5928.152, 160.432, 29.672, 99.992, 88.424, -79.522
172, 230.000, -95.254, 18.824, 45.459, 33.187, 18.700, 0.010, 50.038, -60.600
172, 325.000,-106.219, 21.749, 5896.367, -615.479, 148.667, 99.987, 83.871, 76.420
173, 230.000, 26.591, -16.343, 14.587, -0.730, 57.483, 0.010, 14.238, 0.728
173, 325.000,27.152, -14.861, 5930.016, 63.070, 21.325, 99.992, 89.357, -71.318
174, 230.000, -6.626, 73.279, 0.022, -56.480, -18.102, 0.010, 0.021, 107.771
174, 325.000,-8.655, 75.434, 5927.315, -76.555, 175.276, 99.992, 88.152, 23.594
175, 230.000, 74.558, -41.580, 58.144, -7.863, -8.665, 0.010, 78.622, 137.776
175, 325.000,78.556, -44.212, 5922.143, 267.254, -162.798, 99.992, 86.975, -121.348
176, 230.000, 44.865, -74.825, 21.187, -43.491, 34.312, 0.010, 20.930, 51.728
176, 325.000,46.245, -78.311, 5923.517, 128.538, -254.739, 99.991, 87.242, -153.225
177, 230.000, -28.863, 49.800, 46.111, -20.839, 30.938, 0.010, 51.029, 33.963
177, 325.000,-30.276, 52.081, 5928.366, -80.030, 132.884, 99.992, 88.501, 31.059
178, 230.000, 39.751, -72.591, 27.198, -51.756, -9.960, 0.010, 27.295, 100.893
178, 325.000,40.154, -76.582, 5924.350, 79.842, -255.678, 99.992, 87.411, -162.658
179, 230.000, -2.862, 7.206, 27.922, 52.326, 0.171, 0.010, 28.085, -89.813
179, 630.000,0.375, 16.944, 3747.481, 25.998, 167.705, 40.010, 87.407, -8.812
180, 230.000, 12.825, -34.005, 2.844, -39.305, 44.324, 0.010, 2.748, 41.565
180, 325.000,11.841, -33.317, 5930.328, -14.358, -24.460, 99.992, 89.726, 149.588
181, 230.000, -3.813, -6.974, 16.106, -56.284, 9.505, 0.010, 15.757, 80.414
181, 630.000,-16.586, -15.076, 3743.805, -187.937, -144.979, 40.010, 86.372, 127.647
182, 230.000, 73.066, -48.762, 57.612, -1.064, -14.049, 0.010, 76.258, 175.669
182, 325.000,77.730, -52.330, 5919.160, 295.945, -213.107, 99.991, 86.474, -125.757
183, 230.000, -68.121, 67.074, 11.079, 35.074, 46.526, 0.010, 10.766, -37.011
183, 325.000,-74.480, 75.795, 5900.382, -379.489, 460.317, 99.994, 84.227, 39.502
184, 230.000, 42.454, 42.456, 1.933, -59.018, 5.545, 0.010, 1.868, 84.633
184, 325.000,41.720, 43.774, 5929.603, 26.392, 93.380, 99.992, 89.062, -15.782
185, 230.000, -67.378, -69.681, 18.522, 16.612, -53.839, 0.010, 18.198, -162.853
185, 325.000,-75.463, -80.182, 5888.677, -447.796, -539.200, 99.987, 83.212, 140.291
186, 230.000, 3.506, 32.536, 42.934, -27.218, -30.552, 0.010, 46.377, 138.303
186, 325.000,2.715, 32.270, 5930.214, -20.603, 41.803, 99.992, 89.550, 26.237
187, 230.000, -50.800, -30.086, 0.033, 48.976, 33.451, 0.010, 0.031, -55.667
187, 325.000,-50.578, -29.814, 5930.106, -52.371, -26.407, 99.992, 89.433, 116.759
188, 230.000, -13.738, 37.479, 49.302, 6.362, 32.349, 0.010, 56.229, -11.127
188, 325.000,-13.831, 39.310, 5929.447, -19.358, 104.384, 99.992, 88.974, 10.506
189, 230.000, -2.269, -10.870, 53.603, -2.339, -25.277, 0.010, 64.659, 174.713
189, 630.000,-5.625, -28.844, 3739.240, -56.455, -295.184, 40.009, 85.405, 169.173
190, 230.000, 35.260, -30.606, 54.269, -4.246, -23.548, 0.010, 66.207, 169.780
190, 325.000,35.917, -32.039, 5929.523, 61.122, -81.251, 99.992, 89.018, -143.047
191, 230.000, 4.279, -28.519, 52.886, 9.862, 24.969, 0.010, 63.086, -21.553
191, 325.000,4.690, -28.365, 5930.142, 21.907, -49.751, 99.992, 89.475, -156.235
192, 230.000, 5.807, -52.109, 39.454, 28.731, 33.699, 0.010, 41.699, -40.450
192, 325.000,6.856, -52.286, 5929.903, 40.834, -64.556, 99.992, 89.262, -147.685
193, 230.000, -65.987, 60.029, 50.106, 26.853, 16.911, 0.010, 57.652, -57.798
193, 325.000,-69.687, 64.666, 5918.606, -253.613, 274.477, 99.992, 86.387, 42.738
194, 230.000, -57.280, 38.521, 7.839, -28.656, -51.332, 0.010, 7.595, 150.828
194, 325.000,-60.076, 38.170, 5927.877, -168.068, 39.480, 99.992, 88.332, 76.781
195, 230.000, -9.044, 62.011, 19.105, 9.247, 55.382, 0.010, 18.791, -9.479
195, 325.000,-9.013, 65.562, 5927.245, -10.154, 193.018, 99.992, 88.132, 3.011
196, 230.000, 31.976, -9.707, 49.342, 31.911, 8.046, 0.010, 56.298, -75.849
196, 325.000,33.675, -9.658, 5929.526, 100.522, -11.997, 99.992, 89.022, -96.806
197, 230.000, 29.882, 29.316, 6.183, 27.495, 52.187, 0.010, 5.984, -27.783
197, 325.000,31.409, 31.620, 5928.810, 83.952, 108.497, 99.992, 88.674, -37.732
198, 230.000, 74.407, -41.458, 43.095, -37.500, 15.944, 0.010, 46.603, 66.966
198, 325.000,77.377, -43.266, 5924.414, 230.163, -133.458, 99.991, 87.429, -120.107
199, 230.000, 80.600, 17.193, 36.257, -43.579, -17.433, 0.010, 37.685, 111.803
199, 325.000,83.225, 17.500, 5926.155, 220.807, 38.550, 99.992, 87.834, -80.097
200, 230.000, -57.449, 16.487, 4.746, 52.466, 27.248, 0.010, 4.590, -62.555
200, 325.000,-57.317, 17.794, 5929.729, -63.606, 62.140, 99.992, 89.141, 45.668
201, 230.000, -71.214, -68.445, 11.620, 53.084, -23.763, 0.010, 11.299, -114.116
201, 325.000,-81.153, -80.222, 5876.202, -536.163, -595.626, 99.999, 82.234, 138.008
202, 230.000, -9.830, 94.553, 11.155, -46.804, 34.679, 0.010, 10.841, 53.464
202, 325.000,-12.292, 105.585, 5898.805, -108.703, 601.524, 99.992, 84.084, 10.244
203, 230.000, -0.144, -31.074, 18.453, -4.451, 56.190, 0.010, 18.128, 4.529
203, 325.000,-0.290, -29.964, 5930.364, -5.065, -18.438, 99.992, 89.815, 164.641
204, 230.000, 48.302, 61.169, 58.379, 7.587, -7.207, 0.010, 79.838, -133.529
204, 325.000,50.605, 63.561, 5925.934, 150.810, 173.374, 99.991, 87.779, -41.019
205, 230.000, 50.954, -57.141, 32.827, 43.697, 23.035, 0.010, 33.606, -62.204
205, 325.000,54.417, -58.767, 5925.650, 191.809, -139.702, 99.992, 87.707, -126.067
206, 230.000, 57.435, 58.349, 30.850, -49.942, 8.464, 0.010, 31.343, 80.381
206, 325.000,58.677, 61.455, 5925.481, 135.516, 199.869, 99.992, 87.666, -34.138
207, 230.000, 41.715, -4.214, 34.451, 10.874, 47.038, 0.010, 35.511, -13.016
207, 325.000,42.965, -2.809, 5929.576, 89.468, 40.878, 99.992, 89.050, -65.444
208, 230.000, -22.659, 96.958, 19.022, -23.279, -51.126, 0.010, 18.706, 155.519
208, 325.000,-27.773, 114.394, 5859.839, -243.701, 880.837, 100.001, 81.135, 15.465
209, 230.000, -12.233, 75.542, 53.708, 8.139, 23.809, 0.010, 64.897, -18.872
209, 325.000,-12.483, 79.397, 5925.402, -26.625, 241.917, 99.992, 87.648, 6.281
210, 230.000, 11.173, 13.430, 36.476, 2.042, 46.722, 0.010, 37.953, -2.502
210, 630.000,26.108, 37.332, 3722.401, 255.673, 384.528, 40.001, 82.929, -33.620
211, 230.000, -18.793, 64.376, 33.339, 1.352, 49.034, 0.010, 34.203, -1.579
211, 325.000,-19.351, 67.978, 5926.781, -42.838, 202.595, 99.992, 87.999, 11.939
212, 230.000, -38.685, -80.419, 26.182, -50.364, 17.192, 0.010, 26.196, 71.152
212, 325.000,-42.917, -85.455, 5917.242, -219.895, -328.002, 99.992, 86.182, 146.162
213, 230.000, 28.362, -53.558, 38.586, 35.756, -27.390, 0.010, 40.586, -127.454
213, 325.000,30.277, -55.908, 5927.914, 96.978, -141.488, 99.992, 88.343, -145.573
214, 230.000, 95.569, 21.596, 37.274, 40.192, 22.647, 0.010, 38.937, -60.600
214, 325.000,110.931, 25.473, 5874.797, 785.553, 192.071, 99.985, 82.162, -76.260
215, 230.000, -17.794, 21.570, 44.726, -2.815, 38.849, 0.010, 48.948, 4.145
215, 325.000,-18.280, 23.289, 5929.413, -48.676, 96.503, 99.992, 88.956, 26.766
216, 230.000, 2.839, -30.327, 38.539, 45.028, -2.195, 0.010, 40.527, -92.791
216, 325.000,4.338, -31.060, 5929.693, 54.102, -74.083, 99.992, 89.114, -143.860
217, 230.000, 37.273, 79.050, 13.767, 48.501, -31.238, 0.010, 13.422, -122.784
217, 325.000,41.106, 83.019, 5920.380, 199.415, 281.174, 99.992, 86.668, -35.345
218, 230.000, 0.618, -17.345, 21.058, -10.026, 54.531, 0.010, 20.797, 10.418
218, 630.000,0.085, -32.988, 3739.135, -3.477, -300.581, 40.007, 85.404, 179.337
219, 230.000, 55.980, 39.943, 23.031, -35.472, 41.581, 0.010, 22.850, 40.467
219, 325.000,56.697, 42.564, 5927.961, 97.464, 139.202, 99.992, 88.358, -34.998
220, 230.000, 5.770, -59.665, 34.116, 37.295, 31.030, 0.010, 35.115, -50.239
220, 325.000,7.104, -60.290, 5929.482, 50.597, -91.036, 99.992, 88.994, -150.935
221, 230.000, 24.175, -78.351, 30.456, 5.481, 50.597, 0.010, 30.898, -6.183
221, 325.000,25.520, -80.581, 5926.328, 84.695, -202.680, 99.992, 87.877, -157.321
222, 230.000, -15.932, -8.791, 35.763, 23.902, 40.833, 0.010, 37.084, -30.342
222, 630.000,-33.738, -14.897, 3735.310, -320.245, -128.348, 40.007, 84.723, 111.840
223, 230.000, 30.739, -91.006, 47.667, 34.724, -6.300, 0.010, 53.485, -100.284
223, 325.000,35.312, -101.634, 5896.677, 232.904, -586.351, 99.990, 83.893, -158.337
224, 230.000, 10.314, -31.184, 32.525, -15.162, -47.222, 0.010, 33.256, 162.199
224, 325.000,10.051, -33.358, 5929.272, 5.947, -115.221, 99.992, 88.885, -177.045
225, 230.000, 72.913, 38.437, 9.076, 0.436, 58.610, 0.010, 8.802, -0.426
225, 325.000,76.642, 42.227, 5922.105, 247.869, 192.097, 99.992, 86.969, -52.225
226, 230.000, -0.870, 77.896, 33.755, 3.408, 48.648, 0.010, 34.690, -4.007
226, 325.000,-0.801, 82.809, 5923.555, 0.960, 284.788, 99.992, 87.247, -0.193
227, 230.000, -1.041, 46.695, 48.734, 32.685, -8.622, 0.010, 55.253, -104.777
227, 325.000,-0.029, 47.469, 5929.800, 31.910, 77.973, 99.992, 89.186, -22.256
228, 230.000, 70.890, 7.724, 57.896, 9.881, -8.250, 0.010, 77.465, -129.860
228, 325.000,73.691, 7.737, 5927.342, 190.087, 10.989, 99.992, 88.160, -86.692
229, 230.000, -81.534, 14.575, 58.059, 6.988, -9.898, 0.010, 78.212, -144.780
229, 325.000,-85.474, 15.011, 5924.152, -269.255, 39.039, 99.992, 87.371, 81.750
230, 230.000, 74.700, 54.938, 12.692, -13.087, 56.438, 0.010, 12.357, 13.055
230, 325.000,80.782, 61.437, 5908.987, 369.366, 341.990, 99.992, 85.131, -47.204
231, 230.000, 32.826, -41.130, 7.175, 6.509, -58.513, 0.010, 6.948, -173.652
231, 325.000,33.830, -43.992, 5928.337, 69.883, -139.727, 99.992, 88.490, -153.429
232, 230.000, -2.907, -11.671, 42.494, 22.860, 34.486, 0.010, 45.765, -33.540
232, 630.000,-3.717, -22.663, 3745.341, -26.933, -209.011, 40.009, 86.780, 172.657
233, 230.000, -54.356, -48.711, 21.603, -51.915, -18.863, 0.010, 21.361, 109.968
233, 325.000,-58.022, -51.126, 5925.172, -199.036, -149.471, 99.992, 87.594, 126.906
234, 230.000, 47.454, 87.812, 37.772, -45.602, -3.377, 0.010, 39.558, 94.235
234, 325.000,59.297, 112.144, 5800.581, 552.138, 1109.028, 100.026, 77.944, -26.467
235, 230.000, 5.624, -87.493, 36.353, -45.575, -10.911, 0.010, 37.802, 103.464
235, 325.000,4.575, -93.413, 5919.095, -25.453, -365.137, 99.992, 86.461, 176.012
236, 230.000, -95.282, 28.178, 26.901, -51.363, 12.485, 0.010, 26.973, 76.338
236, 325.000,-114.758, 33.857, 5847.980, -948.378, 277.556, 100.008, 80.409, 73.687
237, 230.000, -75.447, 23.497, 35.716, -26.067, -39.529, 0.010, 37.027, 146.598
237, 325.000,-79.629, 23.311, 5924.696, -258.083, 30.416, 99.992, 87.489, 83.279
238, 230.000, -53.935, 80.641, 26.723, -28.287, -44.759, 0.010, 26.781, 147.707
238, 325.000,-61.525, 89.372, 5895.663, -397.499, 501.112, 99.987, 83.808, 38.423
239, 230.000, 85.283, -11.184, 48.402, 4.207, 34.017, 0.010, 54.696, -7.051
239, 325.000,90.417, -10.788, 5921.336, 327.318, -6.454, 99.991, 86.835, -91.130
240, 230.000, 11.082, 55.614, 4.315, -39.719, 43.834, 0.010, 4.172, 42.181
240, 325.000,10.104, 58.443, 5928.290, -18.981, 156.852, 99.992, 88.473, 6.900
241, 230.000, -44.554, 59.754, 16.643, -25.276, 51.008, 0.010, 16.297, 26.360
241, 325.000,-47.096, 63.702, 5924.475, -149.645, 218.589, 99.992, 87.440, 34.395
242, 230.000, -95.633, 22.509, 9.291, 36.549, 45.777, 0.010, 9.013, -38.604
242, 325.000,-108.626, 27.191, 5884.524, -701.066, 223.358, 99.990, 82.873, 72.328
243, 230.000, -48.275, -7.668, 13.735, 2.254, -57.653, 0.010, 13.390, -177.761
243, 325.000,-49.313, -9.680, 5929.278, -88.010, -74.057, 99.992, 88.889, 130.079
244, 230.000, -26.509, -0.369, 2.111, 30.811, 50.635, 0.010, 2.039, -31.320
244, 325.000,-26.138, 1.253, 5929.947, -50.752, 53.341, 99.992, 89.289, 43.575
245, 230.000, 2.149, 85.700, 38.997, -4.629, -44.446, 0.010, 41.111, 174.053
245, 325.000,2.128, 89.189, 5924.292, 3.044, 269.150, 99.992, 87.399, -0.648
246, 230.000, -54.031, 13.342, 30.865, 26.839, 42.949, 0.010, 31.359, -32.001
246, 325.000,-54.535, 15.037, 5929.458, -78.390, 70.724, 99.992, 88.980, 47.943
247, 230.000, -95.578, -16.727, 42.576, 33.940, 23.517, 0.010, 45.878, -55.282
247, 325.000,-106.406, -18.094, 5898.148, -610.339, -88.002, 99.988, 84.031, 98.205
248, 230.000, -25.205, 7.723, 44.764, 38.879, -1.484, 0.010, 49.004, -92.186
248, 325.000,-24.556, 7.857, 5930.208, -40.175, 23.556, 99.992, 89.550, 59.615
249, 230.000, -0.295, -10.375, 2.116, 17.345, 56.677, 0.010, 2.045, -17.016
249, 630.000,1.663, -16.638, 3748.621, 23.844, -140.361, 40.010, 87.825, -170.359
250, 230.000, -89.627, 9.236, 56.088, 9.638, -16.700, 0.010, 71.028, -150.009
250, 325.000,-95.788, 9.389, 5917.637, -387.770, 23.315, 99.991, 86.244, 86.559
251, 230.000, -56.483, 67.511, 51.355, -26.857, 12.612, 0.010, 59.982, 64.846
251, 325.000,-61.008, 72.320, 5917.438, -261.390, 291.815, 99.992, 86.212, 41.852
252, 230.000, 75.006, -3.065, 57.474, 14.554, -1.589, 0.010, 75.709, -96.229
252, 325.000,78.404, -3.235, 5926.207, 222.606, -10.136, 99.992, 87.847, -92.607
253, 230.000, -6.238, 54.044, 8.176, -20.048, 55.217, 0.010, 7.924, 19.955
253, 325.000,-7.031, 57.150, 5928.062, -32.990, 163.059, 99.992, 88.392, 11.438
254, 230.000, 72.516, 5.797, 50.415, -12.995, 28.409, 0.010, 58.215, 24.580
254, 325.000,74.746, 6.898, 5927.642, 175.183, 44.730, 99.992, 88.253, -75.677
255, 230.000, 8.373, -73.227, 22.175, -2.923, 54.931, 0.010, 21.955, 3.046
255, 325.000,8.590, -74.195, 5928.832, 18.932, -134.904, 99.992, 88.684, -172.012
256, 230.000, 86.352, -29.006, 7.030, -36.288, 46.383, 0.010, 6.807, 38.039
256, 325.000,91.716, -29.754, 5919.029, 357.114, -83.668, 99.991, 86.454, -103.186
257, 230.000, 22.534, 37.664, 28.572, 51.973, 0.279, 0.010, 28.799, -89.692
257, 325.000,24.683, 38.500, 5929.210, 95.641, 70.145, 99.992, 88.854, -53.743
258, 230.000, 60.412, -2.098, 2.355, 55.242, -21.456, 0.010, 2.276, -111.226
258, 325.000,63.843, -2.838, 5927.449, 185.003, -26.707, 99.992, 88.194, -98.214
259, 230.000, 74.113, -6.225, 25.073, -52.794, -10.087, 0.010, 25.008, 100.816
259, 325.000,75.240, -6.776, 5928.615, 142.650, -27.147, 99.992, 88.597, -100.775
260, 230.000, 44.866, 77.636, 42.670, -37.519, -17.007, 0.010, 46.009, 114.385
260, 325.000,46.831, 82.510, 5919.922, 153.972, 317.170, 99.992, 86.592, -25.895
261, 230.000, 41.872, -66.494, 44.771, 1.966, -38.850, 0.010, 49.014, -177.102
261, 325.000,43.789, -70.652, 5924.000, 129.431, -242.992, 99.992, 87.339, -151.958
262, 230.000, 81.056, -19.382, 5.023, -24.345, 53.849, 0.010, 4.858, 24.327
262, 325.000,84.468, -18.697, 5925.058, 251.281, -9.542, 99.992, 87.570, -92.175
263, 230.000, 34.033, -34.921, 2.997, 5.792, -58.950, 0.010, 2.897, -174.389
263, 325.000,35.003, -37.607, 5928.639, 69.682, -126.394, 99.992, 88.605, -151.132
264, 230.000, -50.377, -67.187, 43.839, -35.847, 17.628, 0.010, 47.660, 63.813
264, 325.000,-54.201, -70.255, 5922.388, -216.069, -219.261, 99.991, 87.025, 135.420
265, 230.000, 48.138, -44.139, 11.255, -24.537, -52.810, 0.010, 10.939, 155.080
265, 325.000,48.826, -47.154, 5927.786, 83.527, -154.901, 99.992, 88.299, -151.665
266, 230.000, 51.176, 85.129, 41.133, -42.387, 5.389, 0.010, 43.910, 82.754
266, 325.000,59.096, 100.542, 5864.888, 416.515, 774.346, 99.993, 81.474, -28.276
267, 230.000, 87.120, 15.272, 31.312, 20.534, 45.995, 0.010, 31.866, -24.058
267, 325.000,93.592, 17.716, 5916.653, 387.621, 112.827, 99.992, 86.097, -73.771
268, 230.000, -40.774, -70.291, 57.601, 2.546, 13.902, 0.010, 76.214, -10.380
268, 325.000,-42.647, -73.224, 5925.185, -129.019, -212.429, 99.992, 87.598, 148.728
269, 230.000, 7.855, 18.511, 55.688, -13.724, -15.105, 0.010, 69.873, 137.743
269, 325.000,7.633, 18.542, 5929.292, 41.912, 119.547, 100.000, 88.776, -19.320
270, 230.000, -27.008, -59.923, 5.246, 59.076, 0.374, 0.010, 5.074, -89.637
270, 325.000,-25.955, -61.729, 5928.862, 0.426, -134.963, 99.992, 88.696, -179.819
271, 230.000, 75.960, -41.468, 43.472, 17.890, -36.163, 0.010, 47.135, -153.679
271, 325.000,81.149, -45.118, 5918.612, 315.597, -200.171, 99.992, 86.387, -122.385
272, 230.000, 46.057, -34.297, 24.332, 28.945, -45.692, 0.010, 24.221, -147.647
272, 325.000,48.181, -36.644, 5927.962, 123.307, -116.850, 99.992, 88.359, -133.460
273, 230.000, 23.176, 12.440, 26.669, -34.234, 40.428, 0.010, 26.722, 40.258
273, 325.000,22.617, 14.025, 5929.734, 34.370, 81.555, 99.992, 89.145, -22.852
274, 230.000, -68.871, -30.474, 22.562, 39.985, 37.547, 0.010, 22.359, -46.800
274, 325.000,-70.277, -30.473, 5928.432, -146.076, -43.886, 99.992, 88.526, 106.722
275, 230.000, 83.386, 8.035, 31.196, -23.465, -44.652, 0.010, 31.735, 152.278
275, 325.000,87.039, 7.069, 5924.451, 264.956, -19.084, 99.992, 87.433, -94.120
276, 230.000, -70.208, -19.771, 37.204, 37.749, -26.619, 0.010, 38.850, -125.190
276, 325.000,-71.574, -21.325, 5928.140, -143.179, -79.189, 99.992, 88.419, 118.946
277, 230.000, -90.354, 34.765, 49.776, -22.572, -23.032, 0.010, 57.062, 135.578
277, 325.000,-102.277, 38.400, 5892.248, -637.301, 211.263, 99.991, 83.499, 71.660
278, 230.000, 90.214, -29.191, 55.992, 13.112, -14.513, 0.010, 70.745, -137.902
278, 325.000,99.808, -32.606, 5902.970, 538.385, -185.165, 99.991, 84.491, -108.979
279, 230.000, 72.160, -55.784, 7.410, 15.573, -56.747, 0.010, 7.177, -164.654
279, 325.000,78.364, -61.957, 5910.308, 361.944, -327.328, 99.993, 85.280, -132.125
280, 230.000, -89.366, 26.484, 8.560, 42.975, -39.969, 0.010, 8.298, -132.925
280, 325.000,-95.765, 27.547, 5915.403, -410.643, 92.712, 99.991, 85.929, 77.277
281, 230.000, 38.207, -60.212, 16.006, -24.212, 51.722, 0.010, 15.657, 25.085
281, 325.000,38.760, -60.655, 5929.202, 69.977, -96.138, 99.992, 88.851, -143.950
282, 230.000, 29.980, 66.366, 47.009, 13.768, 33.441, 0.010, 52.429, -22.377
282, 325.000,31.521, 69.870, 5925.927, 93.576, 210.239, 99.992, 87.776, -23.994
283, 230.000, -57.995, 49.594, 28.474, -48.269, 19.417, 0.010, 28.691, 68.087
283, 325.000,-61.905, 52.252, 5924.154, -217.650, 163.237, 99.992, 87.371, 53.130
284, 230.000, -2.214, 59.118, 48.019, 5.153, 34.428, 0.010, 54.059, -8.512
284, 325.000,-2.111, 61.796, 5928.297, 0.769, 157.824, 99.992, 88.475, -0.279
285, 230.000, -51.730, -66.618, 19.199, -46.649, -31.191, 0.010, 18.887, 123.768
285, 325.000,-56.066, -71.303, 5919.233, -237.569, -275.487, 99.992, 86.483, 139.227
286, 230.000, 84.101, -27.766, 56.522, 16.267, 7.633, 0.010, 72.364, -64.863
286, 325.000,90.229, -29.390, 5917.864, 369.987, -108.395, 99.992, 86.273, -106.329
287, 230.000, -19.783, -48.355, 38.500, 16.106, 42.143, 0.010, 40.476, -20.916
287, 325.000,-19.743, -48.168, 5930.160, -20.990, -48.431, 99.992, 89.490, 156.568
288, 230.000, -13.534, 2.054, 10.234, -58.372, 2.357, 0.010, 9.936, 87.687
288, 630.000,-39.428, 5.104, 3728.240, -412.113, 51.122, 40.009, 83.644, 82.929
289, 230.000, 21.887, 34.029, 22.407, 54.709, -4.743, 0.010, 22.197, -94.955
289, 325.000,24.102, 34.610, 5929.290, 97.965, 59.142, 99.992, 88.894, -58.880
290, 230.000, -73.515, 53.840, 49.872, -16.155, -27.739, 0.010, 57.233, 149.784
290, 325.000,-79.663, 57.130, 5915.246, -360.524, 222.042, 99.991, 85.906, 58.372
291, 230.000, -84.953, 6.439, 10.214, 51.614, 27.373, 0.010, 9.917, -62.061
291, 325.000,-88.050, 7.648, 5924.771, -252.731, 52.130, 99.991, 87.506, 78.345
292, 230.000, -37.957, -65.754, 50.931, -29.674, 6.565, 0.010, 59.174, 77.525
292, 325.000,-40.412, -68.194, 5926.095, -138.041, -178.502, 99.992, 87.819, 142.284
293, 230.000, -4.592, -89.199, 58.068, -11.610, -3.308, 0.010, 78.255, 105.903
293, 325.000,-5.267, -95.488, 5917.601, -32.099, -388.218, 99.992, 86.234, 175.273
294, 230.000, -6.891, 55.062, 37.694, -40.202, 21.922, 0.010, 39.461, 61.396
294, 325.000,-8.337, 57.145, 5928.683, -55.251, 131.363, 99.992, 88.623, 22.811
295, 230.000, 77.556, 53.694, 26.504, -17.935, -49.935, 0.010, 26.544, 160.243
295, 325.000,84.346, 57.254, 5911.545, 406.126, 241.185, 99.991, 85.432, -59.295
296, 230.000, -8.506, -1.649, 56.041, -3.420, 19.115, 0.010, 70.889, 10.143
296, 630.000,-20.420, -1.285, 3745.799, -203.334, -4.553, 40.010, 86.892, 91.283
297, 230.000, 63.800, -27.960, 13.011, 54.986, -18.025, 0.010, 12.672, -108.150
297, 325.000,67.719, -29.486, 5925.809, 215.846, -88.263, 99.992, 87.746, -112.240
298, 230.000, 97.410, 6.266, 38.844, 15.574, 42.027, 0.010, 40.914, -20.334
298, 325.000,111.317, 8.388, 5884.375, 733.053, 91.131, 99.997, 82.845, -82.913
299, 230.000, -62.250, -27.960, 6.114, -31.794, 49.693, 0.010, 5.917, 32.611
299, 325.000,-65.280, -27.296, 5927.599, -181.574, -14.932, 99.992, 88.240, 94.701
300, 230.000, 43.407, 12.778, 19.805, -53.474, -16.306, 0.010, 19.508, 106.958
300, 325.000,42.663, 12.541, 5930.335, 25.874, 7.032, 99.992, 89.741, -74.796
