ion,x0,y0,z0,vx0,vy0,vz0,ke0,elev0,azim0,x1,y1,z1,vx1,vy1,vz1,ke1,elev1,azim1
1, 230.000, -5.178, -58.014, 9.228, -26.935, -52.029, 0.010, 8.951, 152.629
1, 325.000,-6.171, -61.208, 5927.758, -38.527, -172.602, 99.992, 88.291, 167.417
2, 230.000, -9.775, -24.237, 26.211, 26.018, -46.408, 0.010, 26.228, -150.723
2, 325.000,-9.163, -26.272, 5929.224, 0.282, -117.498, 99.991, 88.865, -179.863
3, 230.000, 76.331, -25.721, 41.318, -40.431, 13.258, 0.010, 44.159, 71.845
3, 325.000,78.589, -26.494, 5926.759, 196.727, -66.676, 99.992, 87.993, -108.723
4, 230.000, -48.068, 85.373, 14.238, -48.592, -30.883, 0.010, 13.890, 122.438
4, 325.000,-56.439, 96.731, 5883.356, -417.337, 615.489, 99.984, 82.796, 34.140
5, 230.000, -4.655, -12.340, 49.561, -18.990, -26.472, 0.010, 56.681, 144.346
5, 630.000,-12.427, -29.969, 4582.416, -129.369, -303.042, 60.010, 85.887, 156.882
6, 230.000, 84.072, 31.068, 57.666, 7.413, -11.717, 0.010, 76.480, -147.680
6, 325.000,90.233, 32.901, 5917.239, 375.289, 123.373, 99.992, 86.180, -71.802
7, 230.000, 69.948, 69.524, 15.099, 56.255, -11.179, 0.010, 14.749, -101.239
7, 325.000,83.039, 80.535, 5867.702, 646.486, 570.485, 100.002, 81.641, -48.574
8, 230.000, -32.433, -69.841, 29.294, -31.174, 41.081, 0.010, 29.598, 37.193
8, 325.000,-34.744, -71.427, 5926.981, -125.571, -157.154, 99.992, 88.056, 141.374
9, 230.000, 68.108, -33.226, 35.256, 39.404, 26.869, 0.010, 36.473, -55.711
9, 325.000,72.084, -33.722, 5925.437, 233.313, -65.606, 99.992, 87.658, -105.706
10, 230.000, -22.340, 94.529, 49.116, -32.564, -6.702, 0.010, 55.906, 101.629
10, 325.000,-26.181, 106.453, 5891.583, -190.077, 649.590, 99.990, 83.447, 16.310
11, 230.000, -27.716, -73.813, 35.093, 31.740, 35.759, 0.010, 36.277, -41.593
11, 325.000,-27.927, -75.898, 5927.369, -49.527, -182.996, 99.992, 88.168, 164.856
12, 230.000, 79.006, -48.475, 14.245, -39.550, -41.839, 0.010, 13.897, 136.611
12, 325.000,84.507, -53.876, 5912.631, 356.556, -289.108, 99.993, 85.561, -129.036
13, 230.000, 87.310, -47.231, 5.345, -38.413, -44.872, 0.010, 5.171, 139.434
13, 325.000,101.721, -56.973, 5864.625, 742.978, -472.471, 99.990, 81.462, -122.453
14, 230.000, 53.138, -58.859, 11.067, -47.898, -33.181, 0.010, 10.754, 124.712
14, 325.000,54.012, -62.530, 5925.437, 112.367, -214.913, 99.992, 87.656, -152.397
15, 230.000, -14.483, -20.874, 55.013, -1.632, 22.104, 0.010, 68.056, 4.222
15, 325.000,-14.876, -20.660, 5930.014, -49.647, -45.147, 99.992, 89.352, 132.282
16, 230.000, -42.430, -81.536, 8.266, -55.095, -20.342, 0.010, 8.012, 110.265
16, 325.000,-47.642, -88.924, 5908.979, -268.795, -425.540, 99.991, 85.131, 147.721
17, 230.000, -9.661, -59.952, 41.369, 39.722, 15.113, 0.010, 44.227, -69.169
17, 325.000,-8.671, -61.113, 5929.351, 21.046, -109.419, 99.992, 88.923, -169.113
18, 230.000, -48.686, -55.780, 16.920, 46.273, -33.017, 0.010, 16.576, -125.509
18, 325.000,-49.070, -58.928, 5926.959, -82.268, -184.137, 99.992, 88.051, 155.926
19, 230.000, -29.909, -36.826, 22.892, -39.491, 37.869, 0.010, 22.704, 46.202
19, 325.000,-31.839, -36.452, 5929.543, -96.394, -29.123, 99.992, 89.027, 106.811
20, 230.000, 69.468, 12.246, 5.933, 58.727, 5.796, 0.010, 5.741, -84.364
20, 325.000,73.755, 12.858, 5925.543, 236.968, 37.021, 99.992, 87.682, -81.121
21, 230.000, 66.592, 40.823, 52.383, -23.779, 14.431, 0.010, 62.032, 58.748
21, 325.000,68.701, 43.021, 5926.332, 172.122, 135.895, 99.991, 87.881, -51.708
22, 230.000, 63.884, -39.518, 47.298, -25.642, -24.960, 0.010, 52.890, 134.227
22, 325.000,65.572, -41.839, 5926.995, 148.767, -134.687, 99.992, 88.061, -132.156
23, 230.000, 31.008, 10.416, 21.956, -32.415, 44.552, 0.010, 21.727, 36.039
23, 325.000,30.639, 12.065, 5929.883, 34.572, 69.709, 99.992, 89.248, -26.379
24, 230.000, -44.067, -23.921, 38.775, 2.423, -44.814, 0.010, 40.826, -176.905
24, 325.000,-45.018, -25.899, 5929.150, -80.276, -91.330, 99.992, 88.825, 138.686
25, 230.000, -86.622, -48.711, 34.438, 25.942, 40.727, 0.010, 35.496, -32.496
25, 325.000,-101.272, -56.179, 5869.537, -750.486, -393.966, 99.993, 81.783, 117.697
26, 230.000, -43.257, -38.929, 12.265, -39.292, 42.700, 0.010, 11.935, 42.620
26, 325.000,-45.639, -38.594, 5928.906, -128.352, -34.566, 99.992, 88.716, 105.073
27, 230.000, 33.499, 55.411, 55.610, 20.607, 0.731, 0.010, 69.656, -87.967
27, 325.000,35.150, 57.093, 5928.300, 96.340, 124.701, 99.992, 88.477, -37.689
28, 230.000, -65.898, -46.630, 19.583, -54.977, -10.569, 0.010, 19.280, 100.882
28, 325.000,-70.791, -49.207, 5921.929, -271.820, -162.571, 99.992, 86.939, 120.883
29, 230.000, -13.731, -88.217, 33.518, -9.033, 48.089, 0.010, 34.412, 10.638
29, 325.000,-14.938, -92.705, 5921.249, -67.599, -321.985, 99.991, 86.820, 168.143
30, 230.000, -79.266, 57.307, 10.828, -18.740, 55.220, 0.010, 10.519, 18.746
30, 325.000,-91.338, 67.286, 5876.083, -626.214, 497.470, 99.987, 82.249, 51.536
31, 230.000, -4.608, 44.571, 10.382, -4.220, 58.241, 0.010, 10.082, 4.145
31, 325.000,-4.845, 47.415, 5928.674, -12.853, 142.362, 99.992, 88.619, 5.159
32, 230.000, 60.364, 78.464, 1.893, 20.140, 55.753, 0.010, 1.829, -19.861
32, 325.000,71.717, 94.104, 5853.716, 562.809, 763.380, 99.980, 80.797, -36.400
33, 230.000, 76.053, 63.129, 49.150, -27.453, 18.662, 0.010, 55.965, 55.793
33, 325.000,87.816, 74.121, 5872.359, 614.937, 554.925, 99.995, 81.971, -47.937
34, 230.000, 7.836, -73.921, 56.622, -2.172, 17.518, 0.010, 72.684, 7.067
34, 325.000,8.065, -76.178, 5927.615, 18.816, -180.608, 99.992, 88.245, -174.052
35, 230.000, 14.374, -65.192, 34.016, 0.883, 48.577, 0.010, 34.997, -1.041
35, 325.000,14.845, -65.671, 5929.482, 33.773, -98.498, 99.992, 88.994, -161.074
36, 230.000, 29.310, 89.078, 24.305, 34.711, -41.497, 0.010, 24.192, -140.088
36, 325.000,33.042, 95.937, 5911.608, 193.219, 430.650, 99.993, 85.435, -24.164
37, 230.000, -84.612, -13.091, 56.647, 16.485, -6.081, 0.010, 72.767, -110.248
37, 325.000,-88.942, -14.027, 5922.731, -296.586, -54.986, 99.992, 87.084, 100.503
38, 230.000, 31.002, 91.551, 40.827, 38.141, -19.901, 0.010, 43.502, -117.555
38, 325.000,35.888, 101.995, 5896.411, 246.167, 585.153, 99.995, 83.855, -22.816
39, 230.000, -69.554, 49.418, 23.927, -49.070, 23.180, 0.010, 23.792, 64.714
39, 325.000,-75.127, 53.014, 5918.358, -313.672, 210.531, 99.992, 86.348, 56.131
40, 230.000, 17.099, -97.461, 14.086, 57.574, 2.110, 0.010, 13.739, -87.902
40, 325.000,21.740, -114.087, 5865.558, 210.683, -845.899, 99.978, 81.547, -166.014
41, 230.000, 35.671, 19.190, 29.359, 14.692, 49.395, 0.010, 29.670, -16.565
41, 325.000,36.904, 21.175, 5929.194, 81.818, 87.043, 99.992, 88.846, -43.228
42, 230.000, -8.526, 44.869, 50.989, 17.419, -24.786, 0.010, 59.284, -144.900
42, 325.000,-8.162, 45.076, 5930.115, 2.224, 57.573, 99.992, 89.443, -2.212
43, 230.000, 35.313, 83.803, 5.300, -3.829, -58.948, 0.010, 5.127, 176.284
43, 325.000,37.810, 88.193, 5919.847, 156.036, 317.397, 99.992, 86.581, -26.179
44, 230.000, 66.219, 28.507, 46.672, -29.397, -21.799, 0.010, 51.899, 126.558
44, 325.000,67.641, 28.832, 5928.580, 137.955, 49.855, 99.992, 88.583, -70.131
45, 230.000, -45.616, 82.342, 20.216, -55.350, -6.735, 0.010, 19.929, 96.938
45, 325.000,-51.701, 90.074, 5904.932, -312.912, 451.088, 99.992, 84.688, 34.748
46, 230.000, 29.495, -56.509, 37.368, -18.957, -41.975, 0.010, 39.054, 155.695
46, 325.000,29.766, -59.497, 5927.828, 45.443, -168.401, 99.992, 88.315, -164.898
47, 230.000, -12.033, -58.089, 34.717, -16.307, -45.238, 0.010, 35.827, 160.177
47, 325.000,-12.875, -61.091, 5927.888, -41.852, -167.304, 99.992, 88.334, 165.955
48, 230.000, -96.399, -22.163, 12.031, 4.092, 57.932, 0.010, 11.704, -4.040
48, 325.000,-112.381, -24.143, 5872.138, -818.973, -127.065, 99.990, 81.967, 98.819
49, 230.000, -68.608, 43.254, 6.042, -41.313, 42.123, 0.010, 5.847, 44.444
49, 325.000,-73.263, 46.692, 5921.342, -269.286, 186.675, 99.992, 86.833, 55.269
50, 230.000, 32.670, 1.191, 13.134, -0.236, 57.837, 0.010, 12.794, 0.233
50, 325.000,33.363, 3.068, 5929.641, 70.720, 63.136, 99.992, 89.084, -48.243
51, 230.000, 15.946, 58.459, 44.456, -38.714, -6.515, 0.010, 48.553, 99.553
51, 325.000,15.160, 59.848, 5929.277, -6.917, 115.104, 99.992, 88.886, 3.439
52, 230.000, 72.245, 41.387, 52.091, -0.453, 28.354, 0.010, 61.437, 0.915
52, 325.000,76.012, 44.432, 5922.609, 249.764, 173.187, 99.992, 87.062, -55.262
53, 230.000, 4.485, 5.849, 28.414, -51.373, -8.433, 0.010, 28.625, 99.322
53, 630.000,3.322, 11.666, 4592.782, 8.831, 110.078, 60.007, 88.623, -4.587
54, 230.000, -24.573, 5.674, 17.290, -23.836, -51.483, 0.010, 16.949, 155.156
54, 325.000,-25.908, 4.153, 5929.421, -102.383, -37.627, 99.993, 88.946, 110.179
55, 230.000, -8.965, -9.546, 42.677, -13.557, 38.891, 0.010, 46.019, 19.218
55, 630.000,-21.102, -15.817, 4587.204, -211.474, -135.856, 60.006, 86.864, 122.718
56, 230.000, 45.373, 53.198, 49.177, 18.981, -27.184, 0.010, 56.012, -145.076
56, 325.000,47.498, 54.137, 5928.067, 131.001, 102.096, 99.992, 88.395, -52.069
57, 230.000, 35.838, 84.823, 37.975, 29.862, 34.406, 0.010, 39.813, -40.956
57, 325.000,39.754, 92.981, 5908.779, 210.688, 460.085, 99.992, 85.105, -24.605
58, 230.000, -86.684, 27.801, 18.283, -55.135, -11.977, 0.010, 17.955, 102.256
58, 325.000,-95.185, 29.615, 5910.535, -470.159, 119.274, 99.992, 85.308, 75.765
59, 230.000, 21.301, -32.567, 17.034, 53.182, 19.978, 0.010, 16.691, -69.411
59, 325.000,23.453, -32.623, 5929.475, 95.838, -41.334, 99.992, 88.992, -113.330
60, 230.000, 16.586, -52.326, 4.116, 10.950, 58.145, 0.010, 3.979, -10.665
60, 325.000,17.342, -51.761, 5930.093, 43.509, -41.231, 99.992, 89.421, -133.460
61, 230.000, 24.041, 25.262, 35.292, 36.660, -30.466, 0.010, 36.516, -129.728
61, 325.000,25.721, 24.829, 5929.715, 87.458, 19.955, 99.992, 89.133, -77.147
62, 230.000, 57.756, -21.092, 54.890, 20.147, -9.944, 0.010, 67.740, -116.269
62, 325.000,60.009, -21.996, 5928.396, 143.785, -55.192, 99.992, 88.512, -111.000
63, 230.000, -23.211, -94.642, 16.229, 47.715, -31.265, 0.010, 15.880, -123.235
63, 325.000,-24.902, -108.320, 5885.979, -116.282, -716.244, 99.996, 82.972, 170.778
64, 230.000, 86.187, -24.494, 58.490, -3.610, -9.141, 0.010, 80.462, 158.452
64, 325.000,92.137, -26.497, 5917.603, 371.785, -116.426, 99.992, 86.233, -107.388
65, 230.000, -39.712, -49.788, 33.799, 35.213, 33.695, 0.010, 34.741, -46.262
65, 325.000,-39.744, -50.158, 5929.739, -49.574, -73.005, 99.992, 89.147, 145.822
66, 230.000, 14.312, -84.622, 21.187, -30.025, -46.554, 0.010, 20.930, 147.180
66, 325.000,14.227, -91.080, 5918.659, 22.915, -372.074, 99.991, 86.396, -176.476
67, 230.000, 4.260, 73.786, 53.633, 9.711, 23.384, 0.010, 64.728, -22.553
67, 325.000,4.726, 77.322, 5926.144, 21.631, 223.405, 99.992, 87.831, -5.530
68, 230.000, -14.084, 8.415, 42.379, 17.140, -37.788, 0.010, 45.605, -155.601
68, 630.000,-28.238, 13.442, 4585.279, -265.690, 112.739, 60.013, 86.398, 67.007
69, 230.000, -61.275, -41.345, 22.709, 51.287, -19.277, 0.010, 22.513, -110.600
69, 325.000,-61.949, -43.494, 5927.972, -109.093, -129.879, 99.992, 88.361, 139.971
70, 230.000, 3.970, -77.539, 44.681, -19.835, 33.583, 0.010, 48.881, 30.568
70, 325.000,3.516, -79.731, 5927.352, -9.241, -189.879, 99.992, 88.163, 177.214
71, 230.000, -29.116, -75.595, 10.902, -53.254, -23.723, 0.010, 10.592, 114.011
71, 325.000,-32.194, -80.003, 5922.245, -151.026, -271.730, 99.992, 86.995, 150.935
72, 230.000, 98.867, 12.734, 30.401, -49.767, -10.801, 0.010, 30.836, 102.245
72, 325.000,120.126, 15.342, 5840.264, 1027.957, 127.674, 100.026, 79.942, -82.920
73, 230.000, 24.869, 47.050, 48.583, -22.444, 25.565, 0.010, 55.000, 41.280
73, 325.000,24.762, 48.999, 5929.195, 24.538, 116.862, 99.992, 88.846, -11.859
74, 230.000, 32.017, -93.370, 34.049, -48.508, 2.304, 0.010, 35.035, 87.281
74, 325.000,35.697, -108.232, 5876.815, 212.255, -768.335, 100.000, 82.276, -164.557
75, 230.000, -10.983, -43.273, 16.095, 24.642, 51.491, 0.010, 15.746, -25.574
75, 325.000,-10.438, -42.580, 5930.329, 5.036, -27.427, 99.992, 89.731, -169.596
76, 230.000, 13.237, -56.275, 8.102, -5.055, 58.536, 0.010, 7.851, 4.936
76, 325.000,13.416, -55.861, 5930.134, 21.195, -51.709, 99.992, 89.460, -157.712
77, 230.000, 93.097, 7.802, 0.320, -52.647, 27.310, 0.010, 0.310, 62.583
77, 325.000,99.654, 9.323, 5914.708, 425.437, 69.428, 99.992, 85.832, -80.731
78, 230.000, 83.186, 28.334, 57.253, -2.402, -15.294, 0.010, 74.869, 171.076
78, 325.000,88.435, 29.676, 5920.135, 334.341, 98.580, 99.991, 86.630, -73.572
79, 230.000, -92.251, 27.281, 50.721, -0.874, -30.729, 0.010, 58.781, 178.371
79, 325.000,-102.853, 29.484, 5899.432, -588.350, 140.870, 99.991, 84.145, 76.535
80, 230.000, 95.182, 10.113, 12.799, 54.986, 18.177, 0.010, 12.462, -71.707
80, 325.000,107.662, 11.813, 5892.888, 660.329, 83.356, 99.990, 83.556, -82.805
81, 230.000, -38.297, 75.351, 46.578, -12.947, 34.359, 0.010, 51.751, 20.647
81, 325.000,-40.833, 80.616, 5920.286, -153.051, 310.497, 99.992, 86.654, 26.240
82, 230.000, 68.319, 1.350, 7.912, 21.163, -54.838, 0.010, 7.666, -158.897
82, 325.000,71.220, -0.341, 5927.249, 185.591, -53.882, 99.992, 88.133, -106.189
83, 230.000, -4.437, -19.387, 31.310, -15.482, -47.933, 0.010, 31.864, 162.100
83, 325.000,-5.049, -21.427, 5928.340, -39.023, -148.294, 99.989, 88.518, 165.257
84, 230.000, -61.965, 29.069, 37.214, -18.750, -42.204, 0.010, 38.863, 156.046
84, 325.000,-64.571, 28.686, 5927.983, -167.344, 25.412, 99.992, 88.364, 81.365
85, 230.000, 98.430, 7.887, 5.588, -58.463, 8.278, 0.010, 5.406, 81.941
85, 325.000,112.075, 9.366, 5884.225, 735.940, 72.886, 99.996, 82.837, -84.344
86, 230.000, -57.505, -60.950, 42.722, 18.608, -36.690, 0.010, 46.082, -153.107
86, 325.000,-60.006, -65.352, 5922.134, -183.162, -253.532, 99.991, 86.977, 144.154
87, 230.000, 87.884, 23.327, 9.575, -23.373, 53.662, 0.010, 9.291, 23.536
87, 325.000,93.828, 26.749, 5915.823, 381.139, 164.720, 99.991, 85.985, -66.627
88, 230.000, -10.549, 44.182, 51.713, 12.179, -26.364, 0.010, 60.682, -155.206
88, 325.000,-10.396, 44.322, 5930.140, -6.966, 54.701, 99.992, 89.467, 7.257
89, 230.000, 15.630, -43.557, 19.831, 16.429, -53.427, 0.010, 19.534, -162.907
89, 325.000,16.504, -46.235, 5928.664, 45.868, -135.735, 99.992, 88.616, -161.329
90, 230.000, -95.784, -5.783, 10.589, -13.520, 56.769, 0.010, 10.284, 13.395
90, 325.000,-107.041, -4.718, 5897.899, -618.454, 24.260, 99.988, 84.009, 87.754
91, 230.000, 36.384, -38.056, 16.728, 26.058, -50.584, 0.010, 16.383, -152.745
91, 325.000,38.094, -40.587, 5928.278, 96.846, -125.458, 99.992, 88.469, -142.334
92, 230.000, -67.263, -6.254, 26.542, 41.192, 33.412, 0.010, 26.585, -50.953
92, 325.000,-68.078, -5.397, 5929.280, -113.212, 20.248, 99.992, 88.889, 79.860
93, 230.000, -6.655, 6.557, 44.464, -22.040, -32.479, 0.010, 48.563, 145.840
93, 630.000,-17.204, 10.181, 4589.864, -177.908, 84.319, 60.006, 87.544, 64.641
94, 230.000, 94.495, -31.057, 8.665, -6.056, 58.360, 0.010, 8.401, 5.925
94, 325.000,111.557, -35.000, 5863.851, 859.136, -221.807, 99.999, 81.395, -104.476
95, 230.000, -49.508, -68.265, 26.405, -50.080, -17.676, 0.010, 26.436, 109.441
95, 325.000,-53.812, -72.601, 5919.871, -232.311, -266.166, 99.992, 86.585, 138.885
96, 230.000, 25.585, -46.467, 13.389, -25.515, 51.840, 0.010, 13.047, 26.206
96, 325.000,25.385, -45.930, 5930.251, 22.409, -35.003, 99.992, 89.598, -147.372
97, 230.000, -75.056, 12.306, 47.508, 30.080, 18.863, 0.010, 53.228, -57.908
97, 325.000,-77.108, 13.386, 5927.459, -178.448, 54.136, 99.992, 88.198, 73.124
98, 230.000, 70.221, 57.474, 48.725, -33.677, -3.066, 0.010, 55.238, 95.202
98, 325.000,74.399, 61.644, 5918.035, 283.214, 257.777, 99.992, 86.298, -47.692
99, 230.000, 61.318, -16.654, 36.221, 45.772, 10.519, 0.010, 37.641, -77.058
99, 325.000,64.566, -16.811, 5927.517, 182.901, -25.832, 99.992, 88.215, -98.039
100, 230.000, 21.782, -24.127, 48.996, -33.059, 4.914, 0.010, 55.701, 81.546
100, 325.000,21.200, -24.492, 5930.177, 14.309, -49.098, 99.992, 89.506, -163.752
101, 230.000, 61.721, 17.209, 32.079, 42.719, -25.762, 0.010, 32.744, -121.092
101, 325.000,64.903, 16.906, 5927.604, 181.633, 11.495, 99.992, 88.241, -86.379
102, 230.000, 7.665, 7.880, 20.106, -47.149, -29.839, 0.010, 19.816, 122.328
102, 630.000,10.738, 13.371, 4591.909, 83.000, 116.659, 60.007, 88.214, -35.431
103, 230.000, -30.452, -34.315, 30.704, 31.057, 40.130, 0.010, 31.177, -37.736
103, 325.000,-30.139, -33.798, 5930.305, -24.486, -22.273, 99.992, 89.680, 132.290
104, 230.000, -17.906, 55.474, 58.778, 7.591, -2.284, 0.010, 82.319, -106.744
104, 325.000,-18.136, 56.856, 5929.308, -28.400, 109.992, 99.992, 88.902, 14.477
105, 230.000, -55.560, 75.903, 58.640, 4.896, -7.417, 0.010, 81.382, -146.570
105, 325.000,-60.652, 82.837, 5908.779, -298.804, 407.431, 99.990, 85.113, 36.256
106, 230.000, 1.874, 66.576, 8.491, 58.356, -6.336, 0.010, 8.231, -96.196
106, 325.000,3.779, 68.446, 5928.226, 65.026, 146.731, 99.992, 88.449, -23.901
107, 230.000, 36.246, -24.583, 3.530, 11.804, 58.016, 0.010, 3.412, -11.500
107, 325.000,37.414, -23.266, 5929.843, 79.672, 14.404, 99.992, 89.218, -79.752
108, 230.000, 7.333, -1.438, 57.005, -11.085, -12.047, 0.010, 73.977, 137.380
108, 630.000,14.560, -4.632, 4591.787, 137.060, -50.763, 60.007, 88.177, -110.323
109, 230.000, 73.009, 60.461, 29.989, -38.028, -34.237, 0.010, 30.373, 131.997
109, 325.000,78.998, 65.337, 5911.044, 370.394, 303.804, 99.993, 85.367, -50.641
110, 230.000, 88.405, -38.501, 21.605, 3.384, 55.131, 0.010, 21.363, -3.513
110, 325.000,98.805, -41.322, 5899.603, 573.585, -189.248, 99.993, 84.154, -108.260
111, 230.000, -48.790, -1.352, 39.081, 19.259, 40.242, 0.010, 41.218, -25.574
111, 325.000,-49.293, -0.107, 5929.842, -71.067, 39.142, 99.992, 89.216, 61.155
112, 230.000, 60.052, 2.616, 50.415, 31.201, 1.569, 0.010, 58.215, -87.121
112, 325.000,62.678, 2.737, 5928.293, 157.796, 7.091, 99.992, 88.474, -87.427
113, 230.000, -54.530, -44.101, 10.060, 41.290, 41.371, 0.010, 9.766, -44.944
113, 325.000,-55.044, -44.265, 5929.375, -89.430, -64.015, 99.992, 88.937, 125.596
114, 230.000, 90.565, 10.572, 11.449, 48.973, 31.436, 0.010, 11.130, -57.304
114, 325.000,99.262, 12.379, 5909.894, 485.765, 84.040, 99.993, 85.232, -80.185
115, 230.000, 26.610, -79.031, 38.130, -23.080, -39.128, 0.010, 40.009, 149.465
115, 325.000,27.303, -84.434, 5921.489, 68.795, -317.676, 99.992, 86.858, -167.781
116, 230.000, 70.350, -17.766, 1.149, -26.573, 53.011, 0.010, 1.110, 26.623
116, 325.000,72.031, -16.728, 5928.413, 153.074, 9.662, 99.992, 88.518, -86.388
117, 230.000, 32.618, -60.470, 8.927, -57.303, -12.424, 0.010, 8.657, 102.234
117, 325.000,31.870, -62.835, 5928.282, 18.241, -157.380, 99.992, 88.469, -173.389
118, 230.000, 25.394, -78.646, 15.172, -51.932, -24.301, 0.010, 14.821, 115.077
118, 325.000,25.066, -83.412, 5923.109, 31.485, -292.291, 99.992, 87.159, -173.852
119, 230.000, 88.931, -44.510, 36.637, 27.001, 38.030, 0.010, 38.150, -35.374
119, 325.000,106.228, -51.647, 5857.158, 853.811, -371.967, 100.003, 80.965, -113.541
120, 230.000, 28.538, -15.958, 26.923, -19.513, -49.113, 0.010, 26.996, 158.332
120, 325.000,28.526, -17.869, 5929.630, 41.283, -85.898, 99.992, 89.079, -154.330
121, 230.000, -17.537, -9.281, 5.030, -49.698, 31.975, 0.010, 4.865, 57.243
121, 325.000,-19.603, -8.493, 5928.498, -150.365, -13.016, 99.993, 88.542, 94.948
122, 230.000, 36.333, 82.829, 58.685, 5.322, 6.735, 0.010, 81.678, -38.319
122, 325.000,39.190, 89.178, 5915.555, 170.663, 383.343, 99.993, 85.943, -23.998
123, 230.000, 38.851, -31.427, 50.059, 28.181, 14.752, 0.010, 57.567, -62.369
123, 325.000,40.645, -31.690, 5929.356, 102.063, -43.693, 99.992, 88.927, -113.176
124, 230.000, -59.305, -68.423, 8.089, 14.591, 56.915, 0.010, 7.839, -14.379
124, 325.000,-63.153, -71.625, 5920.126, -248.866, -244.622, 99.992, 86.627, 134.507
125, 230.000, -50.023, -40.156, 26.743, 28.833, -44.397, 0.010, 26.802, -146.999
125, 325.000,-50.589, -42.744, 5928.311, -80.690, -134.952, 99.992, 88.481, 149.124
126, 230.000, 34.730, -93.444, 0.968, 30.525, -50.842, 0.010, 0.936, -149.020
126, 325.000,45.134, -120.496, 5787.938, 465.054, -1217.504, 100.075, 77.310, -159.094
127, 230.000, -16.823, -95.405, 36.273, 45.865, -9.912, 0.010, 37.705, -102.195
127, 325.000,-17.541, -107.593, 5893.281, -65.189, -658.755, 99.990, 83.591, 174.349
128, 230.000, -18.701, -28.960, 25.064, 41.753, 33.854, 0.010, 24.998, -50.964
128, 325.000,-17.770, -28.501, 5930.331, 3.274, -27.160, 99.992, 89.736, -173.126
129, 230.000, -2.186, -66.946, 55.988, -17.516, -8.727, 0.010, 70.734, 116.483
129, 325.000,-2.805, -69.328, 5928.057, -23.303, -164.790, 99.992, 88.392, 171.951
130, 230.000, 7.164, 10.537, 30.809, -30.341, 40.594, 0.010, 31.296, 36.775
130, 630.000,11.712, 27.869, 4584.051, 99.761, 289.498, 60.011, 86.178, -19.014
131, 230.000, -60.964, -31.550, 36.460, -43.646, -16.832, 0.010, 37.933, 111.089
131, 325.000,-64.361, -33.127, 5926.499, -193.269, -94.025, 99.992, 87.923, 115.943
132, 230.000, -85.654, 29.165, 24.696, 32.436, -43.077, 0.010, 24.607, -143.022
132, 325.000,-90.864, 29.954, 5919.608, -347.524, 84.371, 99.992, 86.543, 76.354
133, 230.000, 52.649, 3.833, 50.469, 22.454, 21.594, 0.010, 58.315, -46.119
133, 325.000,54.631, 4.608, 5929.021, 124.133, 29.702, 99.992, 88.767, -76.543
134, 230.000, -20.146, -56.982, 36.610, 13.381, 44.702, 0.010, 38.117, -16.664
134, 325.000,-20.267, -57.108, 5929.899, -27.795, -71.505, 99.992, 89.259, 158.759
135, 230.000, 63.456, -66.423, 19.384, 50.849, -23.587, 0.010, 19.076, -114.885
135, 325.000,70.283, -72.660, 5908.294, 368.620, -354.329, 99.991, 85.054, -133.868
136, 230.000, -84.827, -3.263, 20.441, -10.362, 54.703, 0.010, 20.160, 10.726
136, 325.000,-89.900, -1.744, 5921.533, -320.607, 45.763, 99.991, 86.870, 81.877
137, 230.000, 1.837, -96.003, 25.237, 44.240, -30.390, 0.010, 25.184, -124.487
137, 325.000,3.386, -107.989, 5894.726, 59.070, -646.265, 99.990, 83.718, -174.778
138, 230.000, 90.535, -0.312, 43.821, 20.144, -34.519, 0.010, 47.634, -149.734
138, 325.000,97.947, -1.395, 5914.213, 436.409, -38.053, 99.992, 85.764, -94.983
139, 230.000, -43.072, 26.844, 22.283, -39.460, -38.262, 0.010, 22.068, 134.117
139, 325.000,-45.337, 26.258, 5929.128, -122.062, 10.992, 99.992, 88.816, 84.854
140, 230.000, -48.683, -0.780, 55.297, -3.906, -21.087, 0.010, 68.803, 169.505
140, 325.000,-49.920, -1.464, 5929.593, -94.767, -23.279, 99.992, 89.057, 103.801
141, 230.000, 6.892, -95.490, 15.619, -37.383, 43.315, 0.010, 15.269, 40.796
141, 325.000,6.497, -104.391, 5906.728, 1.640, -529.757, 99.993, 84.875, -179.823
142, 230.000, 18.823, -21.553, 59.239, -0.122, -2.890, 0.010, 87.204, 177.580
142, 325.000,19.236, -22.123, 5929.923, 48.243, -58.448, 99.992, 89.268, -140.463
143, 230.000, -86.099, -4.652, 54.473, 1.635, -23.402, 0.010, 66.701, -176.004
143, 325.000,-91.146, -5.650, 5921.249, -326.551, -42.427, 99.992, 86.817, 97.403
144, 230.000, -10.364, 7.853, 46.111, 26.208, 26.543, 0.010, 51.029, -44.636
144, 630.000,-19.160, 20.304, 4585.907, -174.113, 209.599, 60.004, 86.600, 39.716
145, 230.000, -79.036, 56.429, 40.138, 36.486, 23.987, 0.010, 42.590, -56.677
145, 325.000,-87.961, 64.302, 5894.209, -505.101, 414.193, 99.988, 83.676, 50.648
146, 230.000, -59.405, 22.465, 33.938, -36.894, -31.697, 0.010, 34.905, 130.667
146, 325.000,-62.307, 22.122, 5927.969, -168.861, 16.439, 99.992, 88.361, 84.440
147, 230.000, 68.120, 56.898, 0.972, 22.912, 54.697, 0.010, 0.939, -22.729
147, 325.000,73.528, 62.517, 5914.194, 316.816, 302.311, 99.991, 85.765, -46.342
148, 230.000, -69.374, -29.842, 43.061, 15.085, 37.893, 0.010, 46.555, -21.707
148, 325.000,-71.619, -29.825, 5927.645, -175.555, -42.693, 99.992, 88.254, 103.668
149, 230.000, -6.537, -66.728, 4.140, 57.364, -14.486, 0.010, 4.002, -104.173
149, 325.000,-4.926, -69.292, 5927.776, 44.474, -170.513, 99.992, 88.297, -165.382
150, 230.000, -30.182, 34.380, 4.141, -53.760, 24.706, 0.010, 4.004, 65.318
150, 325.000,-32.572, 35.936, 5928.683, -111.334, 88.989, 99.992, 88.623, 51.365
151, 230.000, 87.204, -44.316, 0.606, -52.301, -27.963, 0.010, 0.586, 118.131
151, 325.000,97.630, -51.251, 5890.960, 583.868, -355.210, 99.994, 83.383, -121.315
152, 230.000, 83.649, -44.055, 14.656, -56.788, 8.831, 0.010, 14.306, 81.161
152, 325.000,89.912, -47.996, 5912.161, 401.700, -234.034, 99.992, 85.504, -120.226
153, 230.000, -32.264, -41.550, 18.595, 4.754, 56.118, 0.010, 18.271, -4.842
153, 325.000,-32.882, -40.756, 5930.091, -56.498, -20.980, 99.992, 89.418, 110.372
154, 230.000, 56.302, -63.775, 54.144, -17.779, -16.431, 0.010, 65.909, 132.744
154, 325.000,58.917, -67.869, 5922.113, 187.440, -250.857, 99.991, 86.973, -143.233
155, 230.000, -69.527, -19.651, 53.078, -23.502, -12.168, 0.010, 63.499, 117.373
155, 325.000,-72.785, -20.745, 5926.504, -205.223, -63.769, 99.992, 87.923, 107.262
156, 230.000, 29.064, 10.293, 47.917, -33.806, -8.872, 0.010, 53.893, 104.706
156, 325.000,28.625, 10.236, 5930.273, 35.028, 15.673, 99.992, 89.629, -65.895
157, 230.000, 51.849, -11.915, 7.155, -12.892, -57.448, 0.010, 6.929, 167.352
157, 325.000,52.693, -14.033, 5929.198, 86.151, -82.373, 99.992, 88.848, -133.716
158, 230.000, 64.138, -42.786, 41.998, 24.322, 34.091, 0.010, 45.082, -35.506
158, 325.000,67.569, -43.502, 5925.978, 211.128, -88.175, 99.992, 87.789, -112.667
159, 230.000, -26.457, -12.171, 41.204, 35.967, -22.941, 0.010, 44.005, -122.532
159, 325.000,-25.898, -13.174, 5930.049, -30.681, -55.939, 99.992, 89.384, 151.256
160, 230.000, -6.716, 11.774, 14.741, 53.050, 22.046, 0.010, 14.391, -67.433
160, 630.000,-7.895, 28.226, 4585.096, -52.179, 284.398, 60.009, 86.392, 10.397
161, 230.000, -81.270, -55.565, 24.950, 28.933, -45.366, 0.010, 24.877, -147.471
161, 325.000,-92.908, -65.463, 5877.419, -619.675, -493.595, 99.998, 82.323, 128.539
162, 230.000, -24.255, 67.777, 36.941, -17.726, -42.881, 0.010, 38.525, 157.541
162, 325.000,-25.668, 68.823, 5928.484, -80.122, 127.516, 99.992, 88.545, 32.142
163, 230.000, -3.916, -44.746, 49.713, -32.071, -4.209, 0.010, 56.950, 97.476
163, 325.000,-5.019, -45.866, 5929.616, -40.453, -87.095, 99.992, 89.072, 155.086
164, 230.000, 89.091, 27.475, 9.327, 56.908, -13.861, 0.010, 9.048, -103.689
164, 325.000,98.965, 29.557, 5904.692, 535.999, 131.814, 99.993, 84.660, -76.184
165, 230.000, -20.548, -24.820, 43.588, 20.105, -34.836, 0.010, 47.300, -150.009
165, 325.000,-20.348, -26.462, 5929.663, -23.781, -90.617, 99.992, 89.095, 165.295
166, 230.000, 56.938, -73.572, 45.077, -13.667, -36.040, 0.010, 49.467, 159.232
166, 325.000,61.559, -81.181, 5908.643, 282.016, -421.566, 99.991, 85.094, -146.219
167, 230.000, 9.394, 2.580, 31.621, -18.661, -46.578, 0.010, 32.219, 158.167
167, 630.000,18.070, -0.223, 4590.912, 167.679, -23.613, 60.005, 87.888, -98.016
168, 230.000, -89.952, -17.365, 14.553, -56.566, -10.302, 0.010, 14.204, 100.322
168, 325.000,-99.056, -19.103, 5908.368, -501.413, -96.138, 99.991, 85.061, 100.854
169, 230.000, -58.482, -7.641, 32.713, 19.455, -45.486, 0.010, 33.474, -156.843
169, 325.000,-59.416, -9.282, 5929.233, -99.159, -62.754, 99.992, 88.866, 122.328
170, 230.000, -53.081, 15.443, 31.612, -46.423, -19.058, 0.010, 32.209, 112.319
170, 325.000,-55.888, 15.228, 5928.424, -152.552, 10.645, 99.992, 88.522, 86.009
171, 230.000, 62.893, -67.395, 8.411, 32.081, 49.170, 0.010, 8.153, -33.122
171, 325.000,69.033, -71.408, 5913.924, 342.681, -278.369, 99.991, 85.731, -129.088
172, 230.000, -14.742, 84.264, 42.829, -39.249, -11.952, 0.010, 46.231, 106.936
172, 325.000,-16.802, 88.720, 5922.011, -96.156, 300.448, 99.992, 86.951, 17.747
173, 230.000, 73.022, 58.883, 41.548, 38.237, -18.148, 0.010, 44.469, -115.390
173, 325.000,81.035, 63.854, 5906.434, 438.652, 301.520, 99.991, 84.850, -55.496
174, 230.000, 7.515, 65.281, 2.416, -0.060, -59.260, 0.010, 2.335, 179.942
174, 325.000,7.739, 65.360, 5929.772, 16.754, 84.463, 99.992, 89.168, -11.220
175, 230.000, 73.851, 59.062, 32.954, -2.290, 49.259, 0.010, 33.753, 2.662
175, 325.000,81.193, 66.487, 5902.445, 421.660, 391.747, 99.993, 84.431, -47.106
176, 230.000, 67.748, 35.664, 39.732, -38.643, 21.111, 0.010, 42.060, 61.352
176, 325.000,69.285, 37.770, 5927.184, 151.534, 123.134, 99.992, 88.113, -50.903
177, 230.000, 8.174, -12.079, 43.206, -40.137, 6.320, 0.010, 46.759, 81.051
177, 630.000,12.670, -25.326, 4586.360, 104.495, -243.052, 60.003, 86.699, -156.736
178, 230.000, -31.424, -53.602, 26.264, 41.100, -33.744, 0.010, 26.284, -129.387
178, 325.000,-31.014, -56.187, 5928.450, -24.678, -149.911, 99.992, 88.532, 170.652
179, 230.000, -17.567, 85.965, 33.824, 47.799, 9.422, 0.010, 34.771, -78.849
179, 325.000,-17.211, 91.738, 5919.598, -20.423, 357.180, 99.992, 86.541, 3.272
180, 230.000, 36.938, 40.836, 24.861, -15.456, 51.582, 0.010, 24.782, 16.681
180, 325.000,37.372, 43.494, 5928.626, 56.390, 133.485, 99.992, 88.600, -22.901
181, 230.000, 63.749, -67.399, 16.251, 56.438, 8.262, 0.010, 15.902, -81.672
181, 325.000,71.057, -73.044, 5907.846, 389.290, -339.246, 99.991, 85.005, -131.070
182, 230.000, -15.093, -67.926, 19.825, 49.924, -25.143, 0.010, 19.528, -116.731
182, 325.000,-14.026, -71.005, 5927.250, 15.049, -192.593, 99.992, 88.133, -175.532
183, 230.000, -18.490, -38.646, 15.472, -36.529, 44.089, 0.010, 15.122, 39.643
183, 325.000,-20.056, -38.078, 5929.893, -72.438, -26.515, 99.992, 89.255, 110.105
184, 230.000, 19.144, 48.306, 54.765, 8.194, 21.244, 0.010, 67.424, -21.092
184, 325.000,19.860, 50.131, 5929.131, 44.917, 113.925, 99.992, 88.817, -21.517
185, 230.000, 56.149, 75.110, 26.237, -51.013, -15.065, 0.010, 26.255, 106.453
185, 325.000,59.676, 81.447, 5913.117, 243.147, 381.877, 99.993, 85.622, -32.486
186, 230.000, 85.845, -32.230, 7.157, 7.999, 58.330, 0.010, 6.931, -7.809
186, 325.000,92.906, -32.994, 5914.847, 419.416, -92.286, 99.992, 85.847, -102.409
187, 230.000, -72.519, 14.635, 21.156, 46.947, 29.428, 0.010, 20.898, -57.919
187, 325.000,-73.746, 16.106, 5928.259, -143.260, 69.536, 99.992, 88.461, 64.109
188, 230.000, -53.714, -83.460, 7.942, 43.753, 39.246, 0.010, 7.696, -48.108
188, 325.000,-61.704, -96.725, 5874.530, -424.751, -690.834, 99.987, 82.140, 148.415
189, 230.000, -65.111, -39.053, 10.717, -56.468, -14.635, 0.010, 10.411, 104.530
189, 325.000,-69.552, -41.112, 5923.963, -245.268, -126.974, 99.992, 87.331, 117.370
190, 230.000, -63.887, -76.570, 23.322, -7.487, -54.015, 0.010, 23.156, 172.109
190, 325.000,-81.720, -99.293, 5788.246, -808.977, -1018.146, 100.064, 77.338, 141.531
191, 230.000, 37.411, -68.069, 36.559, 27.422, 37.803, 0.010, 38.055, -35.957
191, 325.000,39.843, -69.751, 5926.664, 137.884, -159.060, 99.992, 87.966, -139.079
192, 230.000, -4.123, -82.547, 22.271, 16.599, 52.403, 0.010, 22.055, -17.576
192, 325.000,-3.810, -85.015, 5926.346, 3.751, -219.172, 99.992, 87.882, -179.020
193, 230.000, 15.273, 26.463, 38.726, 25.220, 37.174, 0.010, 40.764, -34.155
193, 325.000,16.406, 28.218, 5929.275, 60.628, 98.206, 99.992, 88.885, -31.689
194, 230.000, 69.245, -22.994, 18.008, 55.042, 12.794, 0.010, 17.676, -76.915
194, 325.000,73.562, -23.449, 5925.283, 241.581, -47.766, 99.992, 87.620, -101.184
195, 230.000, 19.399, 10.465, 12.037, -21.991, -53.751, 0.010, 11.709, 157.749
195, 325.000,19.201, 9.007, 5929.841, 79.929, -4.818, 99.991, 89.226, -93.449
196, 230.000, -91.762, -34.381, 42.742, 17.479, -37.218, 0.010, 46.109, -154.843
196, 325.000,-104.467, -40.447, 5883.366, -679.415, -301.490, 99.983, 82.799, 113.929
197, 230.000, 83.145, 38.452, 36.460, -18.144, 43.117, 0.010, 37.933, 22.822
197, 325.000,89.198, 42.829, 5913.812, 379.186, 230.073, 99.993, 85.711, -58.753
198, 230.000, 84.556, -2.855, 55.699, -18.374, -8.814, 0.010, 69.904, 115.626
198, 325.000,88.606, -3.283, 5923.600, 283.361, -19.501, 99.992, 87.255, -93.937
199, 230.000, 9.756, -38.860, 3.473, 23.096, 54.518, 0.010, 3.357, -22.959
199, 325.000,10.704, -37.948, 5930.214, 42.789, -18.187, 99.992, 89.551, -113.027
200, 230.000, -5.132, 62.948, 21.650, -11.822, -53.937, 0.010, 21.410, 167.637
200, 325.000,-5.652, 63.032, 5929.819, -23.308, 79.323, 99.992, 89.201, 16.374
201, 230.000, 9.291, -32.697, 46.775, 19.324, -30.924, 0.010, 52.060, -147.999
201, 325.000,10.103, -34.375, 5929.437, 39.152, -99.118, 99.992, 88.970, -158.446
202, 230.000, 32.336, 0.527, 41.367, -17.568, -38.701, 0.010, 44.224, 155.585
202, 325.000,32.474, -0.695, 5930.019, 54.097, -39.402, 99.992, 89.353, -126.068
203, 230.000, 56.962, -31.139, 16.591, -48.051, -30.552, 0.010, 16.244, 122.449
203, 325.000,57.136, -33.032, 5929.040, 76.747, -101.007, 99.992, 88.774, -142.772
204, 230.000, 17.492, 40.276, 0.139, 41.719, 42.156, 0.010, 0.135, -44.702
204, 325.000,19.210, 42.508, 5928.747, 75.414, 117.803, 99.992, 88.649, -32.626
205, 230.000, -21.651, 83.359, 14.171, -50.339, -27.978, 0.010, 13.823, 119.065
205, 325.000,-24.485, 87.376, 5921.957, -135.014, 285.723, 99.991, 86.945, 25.292
206, 230.000, -38.420, 18.720, 39.265, 7.118, -43.877, 0.010, 41.455, -170.785
206, 325.000,-39.027, 17.732, 5930.035, -64.496, -10.469, 99.992, 89.369, 99.220
207, 230.000, 35.363, -13.626, 29.200, -47.189, 20.934, 0.010, 29.493, 66.077
207, 325.000,34.614, -13.250, 5930.358, 21.384, -5.375, 99.992, 89.787, -104.108
208, 230.000, 81.399, -33.097, 11.821, 48.460, -32.086, 0.010, 11.497, -123.509
208, 325.000,88.267, -36.274, 5915.150, 388.903, -171.239, 99.992, 85.891, -113.765
209, 230.000, 72.494, 39.252, 44.290, -38.295, -9.464, 0.010, 48.310, 103.882
209, 325.000,74.899, 40.905, 5925.792, 200.289, 120.291, 99.992, 87.742, -59.012
210, 230.000, 87.274, 46.996, 57.930, -11.805, 4.728, 0.010, 77.619, 68.175
210, 325.000,102.141, 55.328, 5866.428, 758.105, 420.124, 99.982, 81.596, -61.006
211, 230.000, 29.617, -8.356, 13.431, 56.226, -13.262, 0.010, 13.088, -103.272
211, 325.000,32.052, -8.959, 5929.018, 123.862, -32.220, 99.992, 88.763, -104.581
212, 230.000, -61.402, -22.617, 45.713, -20.347, -31.843, 0.010, 50.421, 147.422
212, 325.000,-63.920, -24.311, 5927.614, -160.769, -84.531, 99.992, 88.245, 117.735
213, 230.000, -58.335, 56.412, 10.967, 58.099, -4.678, 0.010, 10.656, -94.603
213, 325.000,-59.264, 58.922, 5926.502, -124.816, 174.785, 99.992, 87.925, 35.531
214, 230.000, 4.278, 84.195, 13.107, -52.624, -24.013, 0.010, 12.767, 114.528
214, 325.000,2.868, 87.975, 5923.997, -40.305, 272.378, 99.992, 87.339, 8.417
215, 230.000, 16.493, -30.816, 17.290, -4.762, 56.533, 0.010, 16.949, 4.815
215, 325.000,16.695, -29.670, 5930.317, 30.217, -6.650, 99.992, 89.701, -102.411
216, 230.000, -74.357, -62.119, 9.161, 35.427, -46.676, 0.010, 8.885, -142.802
216, 325.000,-82.582, -71.291, 5892.866, -468.263, -472.906, 99.989, 83.557, 135.283
217, 230.000, 12.971, 88.522, 52.975, -21.372, -15.956, 0.010, 63.276, 126.745
217, 325.000,13.212, 94.157, 5919.135, 33.185, 363.993, 99.992, 86.467, -5.209
218, 230.000, 21.787, -57.007, 46.545, -36.653, 2.778, 0.010, 51.701, 85.666
218, 325.000,21.231, -58.488, 5929.240, 7.675, -116.694, 99.992, 88.870, -176.237
219, 230.000, -30.274, 82.887, 8.969, -43.155, 39.684, 0.010, 8.698, 47.399
219, 325.000,-33.642, 89.675, 5915.022, -172.926, 390.349, 99.992, 85.872, 23.893
220, 230.000, -23.843, 36.891, 46.639, 35.010, -10.804, 0.010, 51.848, -107.150
220, 325.000,-23.252, 37.353, 5930.111, -8.106, 57.479, 99.992, 89.439, 8.028
221, 230.000, -37.316, -32.510, 3.142, -51.201, -29.770, 0.010, 3.037, 120.175
221, 325.000,-39.817, -34.216, 5928.411, -122.961, -91.761, 99.992, 88.518, 126.733
222, 230.000, -50.045, 38.268, 14.450, 50.093, 28.277, 0.010, 14.101, -60.556
222, 325.000,-49.889, 40.258, 5929.074, -55.979, 111.948, 99.992, 88.791, 26.567
223, 230.000, 58.728, 77.593, 17.709, -54.187, 16.364, 0.010, 17.373, 73.196
223, 325.000,64.697, 88.121, 5893.327, 352.753, 560.297, 99.992, 83.590, -32.194
224, 230.000, 15.782, -88.949, 28.191, -50.579, -12.830, 0.010, 28.381, 104.233
224, 325.000,15.386, -95.887, 5915.844, 17.581, -415.063, 99.992, 85.983, -177.575
225, 230.000, -71.443, -51.360, 3.716, 12.390, -57.882, 0.010, 3.592, -167.917
225, 325.000,-75.725, -56.511, 5917.449, -280.952, -272.665, 99.991, 86.215, 134.142
226, 230.000, -50.707, 6.922, 43.512, 34.577, -20.707, 0.010, 47.192, -120.916
226, 325.000,-50.799, 6.428, 5930.088, -59.870, -8.380, 99.992, 89.416, 97.968
227, 230.000, 2.336, 68.136, 37.423, 21.275, -40.799, 0.010, 39.122, -152.459
227, 325.000,3.081, 69.028, 5929.163, 27.628, 117.661, 99.992, 88.832, -13.214
228, 230.000, 59.671, -66.248, 46.167, -34.797, 13.243, 0.010, 51.115, 69.164
228, 325.000,62.637, -70.322, 5920.491, 215.368, -265.972, 99.991, 86.692, -141.002
229, 230.000, -61.416, 24.623, 54.106, 11.410, -21.448, 0.010, 65.819, -151.987
229, 325.000,-62.940, 24.704, 5928.915, -127.986, 33.773, 99.992, 88.721, 75.218
230, 230.000, -34.520, -1.281, 19.358, -34.629, 44.087, 0.010, 19.050, 38.148
230, 325.000,-36.359, 0.100, 5929.294, -105.896, 43.362, 99.992, 88.894, 67.732
231, 230.000, 0.710, -86.604, 48.925, 12.888, 30.949, 0.010, 55.580, -22.608
231, 325.000,1.150, -90.799, 5922.866, 16.313, -298.497, 99.992, 87.111, -176.872
232, 230.000, -26.528, -17.936, 22.274, 34.074, -43.133, 0.010, 22.059, -141.692
232, 325.000,-26.010, -19.702, 5929.734, -23.512, -85.286, 99.992, 89.145, 164.587
233, 230.000, -9.512, -41.128, 33.135, 2.025, 49.149, 0.010, 33.964, -2.359
233, 325.000,-9.653, -40.453, 5930.314, -15.850, -26.627, 99.992, 89.701, 149.237
234, 230.000, 63.391, 13.382, 23.969, -13.427, -52.563, 0.010, 23.836, 165.671
234, 325.000,64.849, 12.119, 5928.989, 126.836, -24.899, 99.992, 88.751, -101.106
235, 230.000, 18.387, 62.606, 42.190, -16.675, -38.204, 0.010, 45.345, 156.420
235, 325.000,18.411, 63.271, 5929.506, 23.664, 99.869, 99.992, 89.008, -13.330
236, 230.000, 42.682, 37.568, 26.387, -52.346, 9.016, 0.010, 26.417, 80.227
236, 325.000,42.109, 38.810, 5929.726, 30.398, 83.846, 99.992, 89.138, -19.928
237, 230.000, -64.080, 21.109, 17.825, -49.092, -28.104, 0.010, 17.490, 119.790
237, 325.000,-67.692, 20.900, 5926.895, -202.671, 20.668, 99.992, 88.031, 84.177
238, 230.000, 40.461, -61.140, 2.045, -30.545, 50.798, 0.010, 1.976, 31.018
238, 325.000,40.967, -61.759, 5928.998, 73.226, -105.804, 99.992, 88.757, -145.313
239, 230.000, -56.433, -79.146, 38.577, 42.372, 15.299, 0.010, 40.575, -70.147
239, 325.000,-62.302, -88.700, 5896.855, -342.619, -527.753, 99.989, 83.909, 147.008
240, 230.000, 36.473, -38.062, 2.226, -47.715, -35.156, 0.010, 2.151, 126.382
240, 325.000,35.829, -40.096, 5929.358, 20.261, -109.135, 99.992, 88.928, -169.483
241, 230.000, 3.038, 93.288, 9.097, -55.920, -17.545, 0.010, 8.823, 107.419
241, 325.000,1.595, 101.019, 5911.772, -43.717, 467.691, 99.992, 85.457, 5.340
242, 230.000, 56.575, 27.546, 20.510, 8.691, -54.968, 0.010, 20.231, -171.016
242, 325.000,58.467, 26.594, 5928.945, 131.134, 2.375, 99.992, 88.733, -88.962
243, 230.000, 6.924, -45.902, 53.780, -0.164, -25.006, 0.010, 65.062, 179.624
243, 325.000,7.074, -47.721, 5929.348, 12.633, -110.761, 99.992, 88.923, -173.493
244, 230.000, -12.659, -79.524, 26.845, -14.674, 50.810, 0.010, 26.912, 16.109
244, 325.000,-13.699, -81.592, 5926.925, -54.966, -195.263, 99.992, 88.040, 164.278
245, 230.000, -70.999, 54.054, 13.313, 42.524, 39.142, 0.010, 12.971, -47.372
245, 325.000,-74.559, 58.975, 5918.477, -258.601, 272.638, 99.992, 86.367, 43.486
246, 230.000, -15.517, 26.076, 53.490, 18.029, -18.204, 0.010, 64.407, -135.276
246, 325.000,-15.284, 26.070, 5930.201, -19.054, 44.778, 99.992, 89.530, 23.050
247, 230.000, 47.356, 4.014, 1.423, 55.978, 19.547, 0.010, 1.375, -70.751
247, 325.000,50.219, 4.729, 5928.539, 145.797, 27.685, 99.992, 88.566, -79.248
248, 230.000, 68.999, 35.649, 36.319, -46.393, 6.805, 0.010, 37.760, 81.656
248, 325.000,70.431, 37.352, 5927.431, 151.592, 110.537, 99.992, 88.187, -53.902
249, 230.000, 98.651, 14.074, 5.209, -28.043, -52.001, 0.010, 5.039, 151.663
249, 325.000,120.140, 15.717, 5839.768, 1035.154, 96.013, 100.032, 79.906, -84.701
250, 230.000, 43.008, -58.040, 4.567, 50.580, -30.635, 0.010, 4.416, -121.202
250, 325.000,46.181, -61.134, 5925.226, 165.544, -184.113, 99.992, 87.607, -138.040
251, 230.000, -26.825, -77.286, 11.881, 11.148, 57.028, 0.010, 11.556, -11.061
251, 325.000,-27.765, -79.213, 5926.880, -75.021, -189.974, 99.992, 88.026, 158.451
252, 230.000, 64.863, -3.324, 25.920, 49.051, 20.972, 0.010, 25.914, -66.851
252, 325.000,68.384, -2.762, 5927.078, 197.866, 14.279, 99.992, 88.083, -85.872
253, 230.000, 18.397, 45.575, 9.452, 44.931, 37.544, 0.010, 9.170, -50.118
253, 325.000,20.254, 47.826, 5928.545, 80.920, 124.090, 99.992, 88.569, -33.109
254, 230.000, -6.411, -2.888, 25.572, -7.316, -53.011, 0.010, 25.542, 172.142
254, 630.000,-14.852, -12.918, 4589.162, -148.285, -150.438, 60.004, 87.365, 135.413
255, 230.000, 40.415, 63.691, 39.330, -38.240, -22.549, 0.010, 41.540, 120.526
255, 325.000,40.790, 65.464, 5928.043, 70.914, 151.169, 99.992, 88.387, -25.131
256, 230.000, -16.879, 30.331, 13.041, 48.187, 32.025, 0.010, 12.702, -56.392
256, 325.000,-15.697, 32.001, 5929.605, 15.623, 95.674, 99.992, 89.063, -9.274
257, 230.000, 96.050, 20.546, 4.254, 59.067, -3.254, 0.010, 4.113, -93.153
257, 325.000,112.644, 23.620, 5869.442, 833.715, 161.274, 99.997, 81.768, -79.052
258, 230.000, -19.994, 93.273, 5.026, 30.535, -50.596, 0.010, 4.862, -148.889
258, 325.000,-21.126, 101.340, 5909.322, -84.492, 492.225, 99.992, 85.169, 9.740
259, 230.000, 66.849, -67.574, 2.610, -17.865, -56.495, 0.010, 2.522, 162.452
259, 325.000,73.308, -76.374, 5900.308, 377.729, -461.498, 99.991, 84.228, -140.700
260, 230.000, 18.564, -20.491, 0.139, 33.129, -49.195, 0.010, 0.135, -146.043
260, 325.000,20.036, -22.522, 5928.944, 81.046, -102.798, 99.992, 88.735, -141.748
261, 230.000, 71.748, -58.151, 2.925, -37.125, -46.161, 0.010, 2.827, 141.192
261, 325.000,76.596, -64.423, 5912.222, 317.609, -338.546, 99.992, 85.511, -136.828
262, 230.000, 9.681, -51.952, 5.564, -54.581, -22.529, 0.010, 5.383, 112.429
262, 325.000,8.176, -53.924, 5929.000, -37.992, -122.852, 99.992, 88.758, 162.816
263, 230.000, -43.531, -20.431, 44.723, -37.599, 10.192, 0.010, 48.943, 74.833
263, 325.000,-45.714, -20.574, 5929.122, -119.839, -27.429, 99.992, 88.812, 102.892
264, 230.000, -69.819, 40.738, 56.274, 18.320, -3.904, 0.010, 71.590, -102.030
264, 325.000,-72.533, 42.533, 5925.588, -203.104, 125.628, 99.992, 87.692, 58.262
265, 230.000, -61.403, 33.453, 16.812, -15.415, 54.748, 0.010, 16.467, 15.725
265, 325.000,-63.991, 36.325, 5926.342, -168.599, 140.174, 99.992, 87.881, 50.260
266, 230.000, 62.191, -25.957, 48.924, 17.659, 28.501, 0.010, 55.577, -31.782
266, 325.000,64.721, -25.886, 5928.049, 163.987, -31.125, 99.992, 88.387, -100.747
267, 230.000, -36.539, 42.700, 21.261, 14.857, 53.337, 0.010, 21.006, -15.565
267, 325.000,-37.000, 45.481, 5928.467, -57.172, 140.083, 99.992, 88.538, 22.202
268, 230.000, 87.829, -23.456, 42.802, -32.643, -24.901, 0.010, 46.193, 127.338
268, 325.000,93.423, -25.981, 5917.453, 367.974, -133.934, 99.992, 86.214, -110.000
269, 230.000, -15.211, -97.478, 18.220, 17.064, 53.800, 0.010, 17.891, -17.598
269, 325.000,-17.038, -110.841, 5885.474, -103.388, -722.177, 99.996, 82.934, 171.853
270, 230.000, 56.487, -61.682, 19.574, 52.938, -18.224, 0.010, 19.270, -108.996
270, 325.000,61.187, -65.581, 5920.052, 256.401, -238.278, 99.992, 86.616, -132.902
271, 230.000, 62.371, -60.165, 56.455, 13.851, -11.773, 0.010, 72.152, -130.365
271, 325.000,66.600, -64.195, 5919.632, 257.900, -247.102, 99.992, 86.547, -133.775
272, 230.000, 9.571, -89.307, 50.795, -30.412, -3.547, 0.010, 58.919, 96.652
272, 325.000,9.319, -95.781, 5917.075, 9.927, -397.056, 99.992, 86.160, -178.568
273, 230.000, -73.671, 7.963, 21.965, 7.014, -54.644, 0.010, 21.737, -172.686
273, 325.000,-76.234, 6.546, 5927.232, -190.169, -35.736, 99.992, 88.130, 100.643
274, 230.000, 88.663, 20.805, 42.818, -35.048, 21.352, 0.010, 46.215, 58.650
274, 325.000,94.301, 23.035, 5917.510, 371.806, 118.623, 99.991, 86.227, -72.305
275, 230.000, -54.279, 53.919, 31.616, 28.451, 41.335, 0.010, 32.213, -34.539
275, 325.000,-55.611, 57.423, 5925.787, -125.405, 197.406, 99.992, 87.740, 32.426
276, 230.000, -80.249, -15.173, 8.104, 11.824, 57.551, 0.010, 7.853, -11.610
276, 325.000,-83.767, -14.107, 5925.159, -249.091, 11.034, 99.992, 87.590, 87.464
277, 230.000, 43.431, 19.582, 48.312, -14.178, -31.346, 0.010, 54.545, 155.662
277, 325.000,43.960, 19.030, 5930.026, 66.021, 3.932, 99.992, 89.361, -86.592
278, 230.000, -68.910, 59.710, 32.548, -31.530, 38.264, 0.010, 33.284, 39.489
278, 325.000,-75.335, 65.613, 5910.314, -362.925, 326.101, 99.993, 85.281, 48.059
279, 230.000, 69.024, -68.657, 22.553, -54.838, 1.341, 0.010, 22.350, 88.599
279, 325.000,76.246, -77.437, 5896.192, 421.559, -476.305, 99.992, 83.843, -138.489
280, 230.000, -97.188, 14.750, 57.467, 12.963, 6.865, 0.010, 75.681, -62.094
280, 325.000,-111.317, 17.157, 5881.947, -746.650, 122.790, 99.993, 82.669, 80.661
281, 230.000, -28.864, -57.171, 26.586, 52.643, 6.288, 0.010, 26.632, -83.188
281, 325.000,-28.043, -58.640, 5929.201, -8.559, -118.729, 99.992, 88.850, 175.877
282, 230.000, -68.323, 15.888, 10.038, 57.996, 7.300, 0.010, 9.745, -82.826
282, 325.000,-68.773, 16.649, 5929.272, -105.736, 46.243, 99.992, 88.885, 66.378
283, 230.000, -16.431, 80.323, 25.263, -36.145, 39.660, 0.010, 25.211, 42.345
283, 325.000,-18.387, 85.611, 5921.442, -93.338, 312.156, 99.992, 86.851, 16.647
284, 230.000, -61.227, -0.429, 44.947, -37.915, 7.735, 0.010, 49.274, 78.469
284, 325.000,-64.137, -0.197, 5927.969, -169.521, 7.116, 99.992, 88.361, 87.596
285, 230.000, -68.716, 21.748, 54.669, -17.437, 14.998, 0.010, 67.183, 49.300
285, 325.000,-71.738, 23.001, 5926.726, -195.861, 71.877, 99.992, 87.984, 69.848
286, 230.000, -14.179, -3.993, 7.571, 24.114, 53.655, 0.010, 7.334, -24.201
286, 630.000,-27.645, -1.924, 4586.765, -257.408, 6.117, 60.003, 86.787, 88.639
287, 230.000, -95.858, -6.028, 37.475, -16.957, 42.728, 0.010, 39.187, 21.646
287, 325.000,-107.340, -5.428, 5897.025, -627.558, 7.369, 99.989, 83.925, 89.327
288, 230.000, -14.061, 52.884, 16.670, 41.079, -39.399, 0.010, 16.324, -133.804
288, 325.000,-13.101, 52.930, 5930.057, 15.320, 61.615, 99.992, 89.387, -13.963
289, 230.000, -60.461, -50.275, 6.049, 56.784, 16.020, 0.010, 5.854, -74.245
289, 325.000,-61.273, -51.929, 5927.720, -119.544, -132.092, 99.992, 88.279, 137.855
290, 230.000, 2.715, -82.394, 31.366, -21.131, 45.687, 0.010, 31.928, 24.822
290, 325.000,2.191, -85.045, 5926.123, -13.225, -224.632, 99.992, 87.825, 176.631
291, 230.000, -70.357, -56.812, 21.592, 48.722, 26.031, 0.010, 21.349, -61.885
291, 325.000,-73.918, -60.098, 5920.439, -260.178, -224.198, 99.992, 86.680, 130.752
292, 230.000, -67.648, 22.428, 3.821, 57.132, 15.458, 0.010, 3.694, -74.860
292, 325.000,-68.174, 23.689, 5928.954, -109.056, 72.021, 99.992, 88.737, 56.559
293, 230.000, -17.717, -7.860, 26.562, 52.516, 7.359, 0.010, 26.606, -82.024
293, 630.000,-31.490, -15.951, 4582.773, -279.349, -150.466, 59.997, 86.039, 118.308
294, 230.000, 17.446, 60.689, 24.506, -14.807, -51.941, 0.010, 24.405, 164.089
294, 325.000,17.474, 60.773, 5929.861, 22.116, 76.490, 99.992, 89.231, -16.127
295, 230.000, 17.968, -15.772, 45.544, 3.301, -37.848, 0.010, 50.166, -175.015
295, 325.000,18.498, -17.355, 5929.323, 63.875, -93.870, 99.992, 88.903, -145.766
296, 230.000, -64.248, -58.470, 44.876, 35.900, 14.661, 0.010, 49.169, -67.785
296, 325.000,-67.000, -61.531, 5922.973, -209.763, -209.906, 99.992, 87.132, 135.019
297, 230.000, 2.750, 0.991, 22.832, -1.797, 54.709, 0.010, 22.641, 1.881
297, 630.000,5.764, 9.020, 4592.351, 55.523, 113.304, 60.006, 88.426, -26.107
298, 230.000, 50.633, 39.314, 7.805, -55.638, -19.004, 0.010, 7.562, 108.859
298, 325.000,50.338, 39.851, 5929.796, 52.574, 65.954, 99.992, 89.185, -38.559
299, 230.000, 72.005, 16.242, 8.482, 51.885, -27.453, 0.010, 8.222, -117.884
299, 325.000,76.391, 15.998, 5925.135, 249.249, 15.296, 99.992, 87.587, -86.488
300, 230.000, -50.012, -39.380, 29.922, -50.042, -10.870, 0.010, 30.298, 102.256
300, 325.000,-53.069, -40.886, 5927.344, -162.722, -98.481, 99.992, 88.162, 121.183
