ion,x0,y0,z0,vx0,vy0,vz0,ke0,elev0,azim0,x1,y1,z1,vx1,vy1,vz1,ke1,elev1,azim1
1, 230.000, -51.909, -26.977, 47.474, -10.002, -34.115, 0.010, 53.172, 163.660
1, 325.000,-53.603, -28.771, 5928.558, -116.586, -90.573, 99.992, 88.574, 127.843
2, 230.000, -15.153, 69.901, 35.137, 27.766, 38.886, 0.010, 36.329, -35.528
2, 325.000,-14.821, 73.617, 5926.307, -9.920, 219.958, 99.992, 87.872, 2.582
3, 230.000, -37.021, 79.282, 49.349, -32.832, 2.084, 0.010, 56.311, 86.369
3, 325.000,-40.382, 84.376, 5918.850, -183.700, 321.292, 99.992, 86.422, 29.759
4, 230.000, -47.449, 5.922, 54.716, -22.291, 5.188, 0.010, 67.301, 76.898
4, 325.000,-49.235, 6.221, 5929.322, -111.645, 16.424, 99.992, 88.910, 81.631
5, 230.000, -69.951, -28.404, 9.461, 22.093, 54.222, 0.010, 9.179, -22.168
5, 325.000,-71.985, -27.806, 5927.942, -169.228, -21.404, 99.992, 88.352, 97.208
6, 230.000, 6.461, 50.035, 13.391, -4.286, 57.619, 0.010, 13.049, 4.255
6, 325.000,6.478, 53.051, 5928.379, 7.799, 154.444, 99.992, 88.506, -2.891
7, 230.000, 0.322, 58.482, 44.247, 37.352, 12.834, 0.010, 48.247, -71.037
7, 325.000,1.511, 60.436, 5928.781, 39.386, 132.720, 99.992, 88.662, -16.529
8, 230.000, -47.910, 71.573, 44.272, -11.111, -37.871, 0.010, 48.284, 163.649
8, 325.000,-51.050, 74.579, 5922.805, -192.272, 229.783, 99.991, 87.104, 39.921
9, 230.000, -56.569, 9.219, 21.474, 40.949, -37.144, 0.010, 21.227, -132.211
9, 325.000,-56.719, 8.277, 5929.943, -70.456, -20.102, 99.992, 89.292, 105.924
10, 230.000, 34.752, -83.953, 37.716, 13.269, -43.807, 0.010, 39.488, -163.149
10, 325.000,37.854, -91.808, 5911.262, 177.547, -441.394, 99.991, 85.399, -158.088
11, 230.000, 31.366, 87.408, 44.704, -38.288, -7.292, 0.010, 48.916, 100.783
11, 325.000,32.885, 94.673, 5913.151, 118.571, 436.147, 99.992, 85.629, -15.209
12, 230.000, -17.387, 28.543, 33.100, 13.406, 47.353, 0.010, 33.924, -15.807
12, 325.000,-17.332, 30.665, 5929.343, -22.522, 109.415, 99.992, 88.921, 11.631
13, 230.000, -82.398, -48.417, 40.655, 42.607, 7.032, 0.010, 43.273, -80.628
13, 325.000,-89.798, -53.309, 5906.925, -446.198, -281.406, 99.993, 84.897, 122.239
14, 230.000, -53.811, 2.638, 10.084, -16.572, -56.048, 0.010, 9.789, 163.528
14, 325.000,-55.661, 0.920, 5928.910, -121.622, -52.949, 99.992, 88.718, 113.526
15, 230.000, 87.385, 1.307, 50.898, -15.819, 26.014, 0.010, 59.113, 31.304
15, 325.000,92.334, 2.191, 5921.150, 329.543, 32.657, 99.992, 86.799, -84.341
16, 230.000, -93.281, -5.938, 28.302, 5.385, 51.843, 0.010, 28.502, -5.930
16, 325.000,-101.508, -4.890, 5910.402, -486.389, 23.885, 99.993, 85.290, 87.189
17, 230.000, -74.928, -49.808, 41.642, -2.196, -42.176, 0.010, 44.596, 177.020
17, 325.000,-80.450, -54.730, 5914.690, -337.865, -267.763, 99.991, 85.831, 128.397
18, 230.000, -8.845, -22.822, 3.799, -48.263, -34.262, 0.010, 3.673, 125.372
18, 325.000,-10.605, -24.457, 5928.889, -79.298, -107.608, 99.992, 88.708, 143.613
19, 230.000, -69.541, -4.239, 2.657, 30.595, -50.740, 0.010, 2.568, -148.910
19, 325.000,-70.890, -5.985, 5928.477, -137.100, -63.168, 99.992, 88.541, 114.738
20, 230.000, -78.704, 31.888, 11.839, 11.215, -57.024, 0.010, 11.515, -168.873
20, 325.000,-82.693, 31.870, 5923.911, -271.844, 54.829, 99.992, 87.320, 78.597
21, 230.000, 3.038, -56.169, 38.802, 23.368, 38.288, 0.010, 40.861, -31.397
21, 325.000,3.854, -56.374, 5929.890, 30.213, -71.271, 99.992, 89.252, -157.027
22, 230.000, 62.901, -34.763, 48.496, 25.447, -22.764, 0.010, 54.853, -131.815
22, 325.000,65.964, -36.729, 5926.286, 189.195, -113.639, 99.992, 87.867, -120.991
23, 230.000, -13.840, -27.218, 38.936, -43.530, 10.334, 0.010, 41.032, 76.646
23, 325.000,-15.532, -27.484, 5929.640, -78.443, -53.333, 99.992, 89.084, 124.212
24, 230.000, -21.078, 29.395, 22.090, -18.467, -51.852, 0.010, 21.867, 160.397
24, 325.000,-22.121, 28.370, 5930.057, -62.698, 6.478, 99.992, 89.391, 84.101
25, 230.000, 41.280, 5.132, 49.170, -31.048, -11.660, 0.010, 56.000, 110.584
25, 325.000,41.189, 4.873, 5930.215, 46.337, -2.334, 99.992, 89.552, -92.884
26, 230.000, 64.838, -46.621, 33.752, 35.984, -32.918, 0.010, 34.686, -132.452
26, 325.000,68.984, -49.822, 5922.608, 243.109, -182.200, 99.992, 87.064, -126.850
27, 230.000, -28.916, -90.652, 45.579, 22.071, -30.872, 0.010, 50.218, -144.439
27, 325.000,-31.292, -101.130, 5900.760, -148.760, -573.220, 99.992, 84.269, 165.452
28, 230.000, 4.682, 99.277, 57.467, 4.835, -13.849, 0.010, 75.681, -160.754
28, 325.000,5.672, 116.848, 5863.332, 47.815, 888.999, 99.997, 81.366, -3.079
29, 230.000, 30.650, 29.805, 55.376, -20.297, 6.253, 0.010, 69.016, 72.877
29, 325.000,30.675, 30.653, 5929.957, 36.519, 62.458, 99.992, 89.301, -30.315
30, 230.000, -26.388, -74.319, 27.889, 50.275, -14.569, 0.010, 28.049, -106.161
30, 325.000,-25.980, -78.055, 5925.449, -27.274, -240.529, 99.992, 87.661, 173.531
31, 230.000, 18.639, 28.640, 33.424, 46.435, -15.628, 0.010, 34.302, -108.600
31, 325.000,20.520, 28.756, 5929.595, 87.520, 43.659, 99.992, 89.055, -63.488
32, 230.000, 45.424, 6.028, 39.349, 43.361, 9.441, 0.010, 41.563, -77.717
32, 325.000,47.818, 6.462, 5928.951, 129.196, 20.962, 99.992, 88.735, -80.784
33, 230.000, -2.497, -91.534, 27.886, 3.618, -52.220, 0.010, 28.045, -176.037
33, 325.000,-2.590, -100.587, 5909.060, -8.349, -502.516, 99.992, 85.138, 179.048
34, 230.000, 33.858, -63.144, 3.662, -40.259, -43.399, 0.010, 3.540, 137.149
34, 325.000,33.793, -66.766, 5926.603, 44.815, -207.227, 99.992, 87.951, -167.797
35, 230.000, 49.513, 42.333, 41.919, 21.762, 35.873, 0.010, 44.973, -31.243
35, 325.000,51.708, 44.754, 5927.357, 135.080, 133.441, 99.992, 88.165, -45.350
36, 230.000, -46.642, -39.531, 12.252, -55.670, -16.382, 0.010, 11.922, 106.398
36, 325.000,-49.720, -41.162, 5927.440, -157.393, -101.416, 99.992, 88.191, 122.796
37, 230.000, -69.810, -67.820, 6.554, 48.753, -33.134, 0.010, 6.345, -124.201
37, 325.000,-77.433, -77.648, 5891.951, -438.591, -512.365, 99.993, 83.470, 139.436
38, 230.000, -76.921, 48.474, 38.431, -5.987, -44.776, 0.010, 40.389, 172.383
38, 325.000,-82.905, 50.756, 5916.839, -360.175, 175.469, 99.991, 86.126, 64.026
39, 230.000, 0.662, 80.746, 42.746, -40.252, 8.381, 0.010, 46.114, 78.239
39, 325.000,-0.561, 84.834, 5924.215, -40.139, 267.659, 99.992, 87.384, 8.529
40, 230.000, 48.607, 32.023, 47.454, 20.769, -28.887, 0.010, 53.140, -144.285
40, 325.000,50.541, 31.953, 5929.073, 120.257, 35.096, 99.992, 88.790, -73.730
41, 230.000, -24.385, -44.338, 4.246, 55.181, -21.323, 0.010, 4.106, -111.127
41, 325.000,-23.197, -46.057, 5929.442, 11.052, -105.918, 99.992, 88.971, -174.043
42, 230.000, -4.420, 41.281, 39.844, -43.705, 4.461, 0.010, 42.206, 84.172
42, 325.000,-5.905, 42.317, 5929.583, -53.648, 82.321, 99.992, 89.051, 33.092
43, 230.000, 61.256, -1.833, 21.375, -54.220, -10.996, 0.010, 21.124, 101.465
43, 325.000,61.220, -2.231, 5929.937, 72.104, -15.252, 99.992, 89.288, -101.943
44, 230.000, 38.001, -85.340, 27.989, 48.005, -20.731, 0.010, 28.158, -113.358
44, 325.000,42.962, -93.823, 5905.454, 255.154, -480.212, 99.993, 84.739, -152.017
45, 230.000, 21.220, 17.587, 29.075, -20.032, -47.655, 0.010, 29.355, 157.200
45, 325.000,21.073, 16.470, 5930.234, 43.143, 2.454, 99.992, 89.583, -86.744
46, 230.000, 87.227, 34.768, 5.331, -27.779, -52.130, 0.010, 5.157, 151.948
46, 325.000,94.343, 36.349, 5912.951, 435.746, 129.934, 99.992, 85.603, -73.396
47, 230.000, -43.477, -59.901, 58.607, 5.359, -7.355, 0.010, 81.174, -143.923
47, 325.000,-44.957, -62.400, 5926.943, -111.336, -168.783, 99.992, 88.046, 146.590
48, 230.000, -51.150, -12.143, 26.756, -42.189, 31.967, 0.010, 26.816, 52.849
48, 325.000,-53.727, -11.422, 5928.687, -142.005, 9.772, 99.992, 88.625, 86.064
49, 230.000, -77.917, -54.822, 47.334, 19.619, -29.869, 0.010, 52.948, -146.702
49, 325.000,-85.513, -61.487, 5902.999, -442.843, -358.204, 99.992, 84.489, 128.969
50, 230.000, -68.714, 39.935, 44.337, -3.510, -39.237, 0.010, 48.379, 174.888
50, 325.000,-71.904, 40.501, 5925.964, -214.448, 81.354, 99.992, 87.784, 69.225
51, 230.000, -35.125, -1.156, 56.274, 12.221, -14.195, 0.010, 71.590, -139.275
51, 325.000,-35.491, -1.631, 5930.063, -60.369, -17.219, 99.992, 89.393, 105.919
52, 230.000, -9.287, -1.945, 32.204, -46.712, -17.277, 0.010, 32.887, 110.298
52, 630.000,-29.444, -7.232, 3233.156, -309.392, -78.357, 30.010, 84.362, 104.212
53, 230.000, -14.211, 21.433, 5.745, 43.032, 40.409, 0.010, 5.559, -46.800
53, 325.000,-13.158, 23.233, 5929.381, 2.467, 109.362, 99.992, 88.943, -1.292
54, 230.000, 25.216, 7.824, 44.704, 32.666, -21.262, 0.010, 48.916, -123.059
54, 325.000,26.836, 7.324, 5929.421, 106.920, -0.316, 99.991, 88.967, -90.169
55, 230.000, 81.440, -14.534, 56.026, 16.841, 9.751, 0.010, 70.846, -59.930
55, 325.000,86.138, -14.977, 5922.902, 295.378, -39.299, 99.992, 87.120, -97.579
56, 230.000, -5.891, -55.630, 29.889, -43.361, -27.279, 0.010, 30.262, 122.174
56, 325.000,-7.416, -57.911, 5928.502, -56.641, -138.780, 99.992, 88.552, 157.798
57, 230.000, 3.612, 55.206, 31.621, -33.233, 37.593, 0.010, 32.219, 41.477
57, 325.000,2.650, 57.789, 5928.488, -27.306, 147.930, 99.992, 88.546, 10.458
58, 230.000, 48.815, -44.829, 50.779, -16.148, 26.046, 0.010, 58.889, 31.798
58, 325.000,49.805, -45.385, 5929.164, 94.488, -75.111, 99.992, 88.834, -128.482
59, 230.000, -7.008, -24.301, 24.332, 9.561, 53.237, 0.010, 24.221, -10.182
59, 325.000,-6.873, -23.188, 5930.287, -16.041, -33.643, 99.992, 89.640, 154.508
60, 230.000, 50.410, -76.461, 24.711, -31.730, -43.592, 0.010, 24.623, 143.950
60, 325.000,53.474, -83.924, 5912.167, 209.384, -415.056, 99.992, 85.504, -153.230
61, 230.000, 66.559, -5.822, 39.942, -17.716, -40.105, 0.010, 42.334, 156.167
61, 325.000,68.078, -7.266, 5928.597, 135.318, -55.160, 99.992, 88.588, -112.178
62, 230.000, 18.750, 41.126, 48.402, 7.149, 33.522, 0.010, 54.696, -12.039
62, 325.000,19.393, 43.103, 5929.206, 42.199, 111.037, 99.992, 88.852, -20.809
63, 230.000, -12.361, -97.863, 52.658, -10.072, 25.364, 0.010, 62.604, 21.657
63, 325.000,-14.598, -112.459, 5879.521, -111.343, -768.758, 99.999, 82.474, 171.759
64, 230.000, -50.823, 10.846, 3.845, 59.161, -1.691, 0.010, 3.717, -91.637
64, 325.000,-50.139, 11.049, 5930.262, -35.409, 18.885, 99.992, 89.612, 61.928
65, 230.000, 22.660, 97.171, 52.142, -25.845, -11.442, 0.010, 61.540, 113.880
65, 325.000,27.958, 122.848, 5807.425, 250.855, 1182.783, 100.044, 78.239, -11.974
66, 230.000, -37.031, -73.311, 46.471, 29.692, -21.828, 0.010, 51.585, -126.322
66, 325.000,-37.956, -77.649, 5923.631, -92.400, -267.658, 99.992, 87.263, 160.954
67, 230.000, -72.590, -31.143, 23.829, 25.748, -47.821, 0.010, 23.689, -151.701
67, 325.000,-75.000, -34.019, 5925.455, -193.638, -144.797, 99.991, 87.663, 126.788
68, 230.000, 9.247, 96.975, 18.294, 42.959, 36.572, 0.010, 17.966, -49.591
68, 325.000,11.795, 111.264, 5882.584, 113.296, 744.287, 99.997, 82.707, -8.655
69, 230.000, -68.079, -55.950, 40.426, 43.254, 3.541, 0.010, 42.969, -85.320
69, 325.000,-71.101, -59.420, 5921.735, -229.853, -222.734, 99.991, 86.906, 134.099
70, 230.000, -34.914, -71.315, 39.864, 42.967, 9.071, 0.010, 42.232, -78.079
70, 325.000,-35.128, -74.208, 5926.425, -61.493, -208.105, 99.992, 87.903, 163.538
71, 230.000, -34.036, 49.036, 49.468, 15.605, -28.758, 0.010, 56.519, -151.514
71, 325.000,-34.455, 49.442, 5929.726, -53.854, 71.081, 99.992, 89.138, 37.149
72, 230.000, 63.763, -30.654, 27.203, 28.212, -44.517, 0.010, 27.301, -147.636
72, 325.000,66.887, -33.130, 5926.021, 190.942, -124.079, 99.992, 87.799, -123.017
73, 230.000, 71.569, 19.836, 9.316, -31.709, -49.248, 0.010, 9.037, 147.224
73, 325.000,73.260, 19.030, 5928.289, 157.921, 1.504, 99.992, 88.474, -89.454
74, 230.000, 20.766, 95.135, 31.688, -20.775, -45.627, 0.010, 32.296, 155.519
74, 325.000,22.803, 105.950, 5897.514, 121.910, 611.558, 99.992, 83.964, -11.274
75, 230.000, 49.382, -13.320, 17.735, 52.493, 21.157, 0.010, 17.399, -68.049
75, 325.000,52.226, -12.964, 5928.541, 148.303, -3.427, 99.992, 88.567, -91.324
76, 230.000, -53.737, -41.156, 38.715, -44.920, 0.978, 0.010, 40.750, 88.753
76, 325.000,-56.888, -42.456, 5927.037, -174.462, -96.788, 99.992, 88.072, 119.020
77, 230.000, -29.570, -74.842, 17.896, 45.527, -33.537, 0.010, 17.562, -126.377
77, 325.000,-29.536, -79.412, 5923.897, -46.449, -273.787, 99.992, 87.316, 170.371
78, 230.000, 26.371, 39.356, 55.512, -19.854, 6.469, 0.010, 69.386, 71.954
78, 325.000,26.339, 40.450, 5929.786, 28.641, 80.121, 99.992, 89.178, -19.671
79, 230.000, 52.872, 72.712, 30.749, 41.809, 28.709, 0.010, 31.228, -55.524
79, 325.000,58.036, 78.927, 5912.833, 282.468, 357.926, 99.991, 85.590, -38.280
80, 230.000, -19.084, -92.301, 13.593, 57.714, 1.384, 0.010, 13.250, -88.627
80, 325.000,-19.147, -101.079, 5908.368, -43.941, -508.746, 99.992, 85.060, 175.064
81, 230.000, 41.617, 63.841, 24.124, 54.014, 4.255, 0.010, 24.001, -85.495
81, 325.000,45.017, 66.590, 5924.846, 175.607, 187.107, 99.992, 87.520, -43.184
82, 230.000, -29.479, 56.122, 19.681, -43.738, -34.890, 0.010, 19.380, 128.580
82, 325.000,-31.716, 56.643, 5928.756, -109.730, 86.169, 99.992, 88.652, 51.858
83, 230.000, -33.875, -59.311, 11.655, -55.559, 17.175, 0.010, 11.333, 72.822
83, 325.000,-36.736, -60.702, 5927.477, -138.869, -123.947, 99.992, 88.201, 131.751
84, 230.000, -0.093, 12.621, 6.085, 58.830, 4.430, 0.010, 5.889, -85.693
84, 630.000,8.150, 31.540, 3232.184, 104.268, 312.372, 30.011, 84.182, -18.459
85, 230.000, -63.281, -53.052, 25.685, -12.993, 51.857, 0.010, 25.662, 14.066
85, 325.000,-66.862, -54.098, 5924.826, -225.675, -123.217, 99.992, 87.515, 118.634
86, 230.000, -38.425, -49.602, 26.112, 11.586, 51.977, 0.010, 26.120, -12.566
86, 325.000,-39.146, -49.362, 5929.748, -70.318, -52.337, 99.992, 89.153, 126.660
87, 230.000, -40.790, 40.925, 23.420, -9.648, -53.629, 0.010, 23.258, 169.802
87, 325.000,-42.152, 40.285, 5929.624, -91.993, 26.667, 99.992, 89.075, 73.834
88, 230.000, 48.028, -78.624, 8.234, 58.035, 9.042, 0.010, 7.980, -81.145
88, 325.000,53.809, -84.890, 5910.530, 300.316, -380.933, 99.992, 85.308, -141.749
89, 230.000, 67.023, -52.142, 22.935, 31.416, 44.774, 0.010, 22.749, -35.056
89, 325.000,71.741, -53.661, 5922.184, 277.188, -142.681, 99.991, 86.987, -117.237
90, 230.000, 5.385, 84.021, 36.671, -0.306, 46.613, 0.010, 38.192, 0.376
90, 325.000,5.672, 90.108, 5919.871, 19.138, 352.792, 99.992, 86.585, -3.105
91, 230.000, -63.660, 59.516, 53.825, -8.846, -23.286, 0.010, 65.166, 159.199
91, 325.000,-67.858, 62.468, 5920.984, -259.824, 209.588, 99.991, 86.773, 51.109
92, 230.000, 66.716, -59.845, 31.426, -49.729, -7.557, 0.010, 31.996, 98.641
92, 325.000,69.815, -64.230, 5919.777, 235.010, -266.051, 99.992, 86.568, -138.545
93, 230.000, -38.506, -62.029, 41.130, -9.884, 41.573, 0.010, 43.906, 13.374
93, 325.000,-40.218, -62.984, 5928.186, -110.611, -118.185, 99.992, 88.436, 136.896
94, 230.000, -24.433, -13.130, 14.033, -6.014, -57.311, 0.010, 13.687, 174.010
94, 325.000,-25.173, -15.262, 5929.235, -70.068, -94.960, 99.992, 88.860, 143.578
95, 230.000, 51.814, 83.734, 37.716, -45.192, 7.267, 0.010, 39.488, 80.865
95, 325.000,58.360, 96.700, 5880.979, 363.307, 673.263, 99.996, 82.588, -28.352
96, 230.000, -18.284, -54.320, 10.013, 48.178, 33.110, 0.010, 9.720, -55.502
96, 325.000,-17.222, -54.660, 5929.918, 13.454, -74.086, 99.992, 89.272, -169.707
97, 230.000, -80.078, 2.235, 34.056, 3.421, -48.437, 0.010, 35.044, -175.960
97, 325.000,-83.661, 0.826, 5925.063, -247.457, -43.819, 99.992, 87.571, 100.042
98, 230.000, -22.749, -14.692, 3.236, 33.698, -48.699, 0.010, 3.128, -145.318
98, 325.000,-22.186, -16.595, 5929.569, -29.314, -94.160, 99.992, 89.047, 162.708
99, 230.000, -30.205, -77.537, 57.172, -11.036, -11.278, 0.010, 74.570, 135.622
99, 325.000,-32.126, -81.939, 5922.639, -116.150, -280.216, 99.992, 87.068, 157.486
100, 230.000, -54.757, -48.206, 1.486, -55.865, -19.863, 0.010, 1.436, 109.573
100, 325.000,-58.570, -50.637, 5924.995, -204.365, -149.280, 99.992, 87.554, 126.147
101, 230.000, 91.545, 21.852, 24.888, 30.761, 44.181, 0.010, 24.811, -34.847
101, 325.000,101.387, 25.324, 5902.795, 545.944, 169.622, 99.992, 84.468, -72.740
102, 230.000, 24.737, -82.642, 35.303, 43.695, 19.029, 0.010, 36.529, -66.467
102, 325.000,27.555, -86.947, 5921.388, 140.450, -295.069, 99.992, 86.841, -154.546
103, 230.000, -82.613, -31.714, 7.883, -10.552, 57.829, 0.010, 7.638, 10.341
103, 325.000,-88.388, -32.014, 5919.440, -353.656, -70.267, 99.992, 86.514, 101.238
104, 230.000, 66.461, 60.286, 30.787, 46.225, 20.810, 0.010, 31.271, -65.763
104, 325.000,72.711, 65.304, 5913.087, 346.123, 291.565, 99.991, 85.623, -49.890
105, 230.000, 16.078, 13.154, 9.807, -26.112, -52.341, 0.010, 9.518, 153.486
105, 630.000,34.170, 23.645, 3226.112, 316.292, 204.296, 29.994, 83.343, -57.141
106, 230.000, -42.766, 21.945, 30.858, -10.084, 49.636, 0.010, 31.351, 11.484
106, 325.000,-44.065, 24.024, 5928.988, -90.338, 92.395, 99.992, 88.751, 44.355
107, 230.000, 74.793, 53.779, 36.568, -2.347, 46.636, 0.010, 38.066, 2.881
107, 325.000,80.947, 59.683, 5910.422, 369.085, 316.770, 99.992, 85.296, -49.362
108, 230.000, 65.172, -14.662, 53.235, -5.068, 25.651, 0.010, 63.842, 11.176
108, 325.000,67.048, -14.313, 5928.611, 145.352, -7.209, 99.992, 88.594, -92.840
109, 230.000, 36.201, -57.026, 39.558, -14.578, 41.716, 0.010, 41.835, 19.262
109, 325.000,36.882, -57.508, 5929.324, 68.975, -89.148, 99.992, 88.911, -142.270
110, 230.000, -60.484, -17.522, 0.304, 53.393, -25.820, 0.010, 0.294, -115.808
110, 325.000,-60.509, -18.840, 5929.575, -74.712, -64.524, 99.992, 89.046, 130.815
111, 230.000, -92.868, -10.326, 29.419, 11.464, 50.207, 0.010, 29.737, -12.863
111, 325.000,-100.819, -9.718, 5911.348, -475.246, -0.743, 99.993, 85.404, 90.090
112, 230.000, -21.938, 48.949, 36.080, -44.314, 15.880, 0.010, 37.469, 70.284
112, 325.000,-23.881, 50.655, 5928.688, -88.466, 111.424, 99.992, 88.625, 38.448
113, 230.000, 20.400, -78.447, 4.444, 46.146, -36.992, 0.010, 4.297, -128.717
113, 325.000,22.839, -83.428, 5921.883, 115.382, -296.036, 99.992, 86.929, -158.706
114, 230.000, 25.027, 62.140, 6.751, 47.023, 35.509, 0.010, 6.536, -52.942
114, 325.000,27.316, 65.249, 5926.581, 107.898, 183.314, 99.992, 87.944, -30.481
115, 230.000, 91.536, 6.841, 49.516, -1.122, -32.628, 0.010, 56.602, 178.031
115, 325.000,98.848, 6.392, 5913.993, 440.822, -1.624, 99.992, 85.737, -90.211
116, 230.000, 35.861, -43.751, 40.058, -42.480, -10.412, 0.010, 42.486, 103.772
116, 325.000,35.431, -45.194, 5929.530, 27.227, -97.711, 99.992, 89.020, -164.430
117, 230.000, 87.935, 46.744, 12.435, -21.536, 53.844, 0.010, 12.103, 21.800
117, 325.000,106.620, 58.613, 5836.560, 904.648, 551.154, 100.043, 79.713, -58.648
118, 230.000, -74.476, 10.924, 10.326, -19.668, -54.992, 0.010, 10.027, 160.320
118, 325.000,-78.036, 9.625, 5925.973, -227.474, -27.171, 99.992, 87.786, 96.812
119, 230.000, 49.056, -35.949, 3.206, -58.849, -6.646, 0.010, 3.098, 96.444
119, 325.000,48.525, -37.141, 5929.687, 41.266, -81.890, 99.992, 89.114, -153.256
120, 230.000, 50.435, -24.953, 4.388, -46.018, 37.159, 0.010, 4.242, 51.080
120, 325.000,50.238, -24.397, 5930.160, 51.673, -10.649, 99.992, 89.490, -101.645
121, 230.000, -49.623, -0.224, 55.543, -19.334, -7.670, 0.010, 69.470, 111.638
121, 325.000,-51.388, -0.471, 5929.306, -113.377, -8.361, 99.992, 88.902, 94.217
122, 230.000, -4.265, -72.302, 9.038, -58.481, -3.993, 0.010, 8.765, 93.906
122, 325.000,-6.264, -75.051, 5926.848, -72.135, -192.112, 99.992, 88.017, 159.420
123, 230.000, -2.984, -56.489, 18.211, -45.856, 32.912, 0.010, 17.881, 54.332
123, 325.000,-4.516, -56.879, 5929.642, -53.448, -77.955, 99.992, 89.087, 145.564
124, 230.000, -46.192, -49.604, 6.254, 23.940, -53.902, 0.010, 6.053, -156.052
124, 325.000,-46.927, -52.912, 5927.237, -84.740, -173.895, 99.992, 88.131, 154.020
125, 230.000, -26.533, -44.765, 32.063, 40.931, -28.535, 0.010, 32.725, -124.883
125, 325.000,-25.869, -46.740, 5929.273, -8.282, -115.043, 99.992, 88.886, 175.882
126, 230.000, -32.871, -45.821, 1.701, -47.074, 36.039, 0.010, 1.644, 52.563
126, 325.000,-35.206, -45.841, 5929.056, -114.132, -53.713, 99.992, 88.781, 115.203
127, 230.000, -64.715, 12.635, 50.690, -26.761, -15.232, 0.010, 58.723, 119.648
127, 325.000,-67.557, 12.546, 5927.759, -176.298, 13.149, 99.992, 88.292, 85.735
128, 230.000, 97.526, -11.062, 45.807, -5.680, -37.244, 0.010, 50.564, 171.329
128, 325.000,111.736, -13.802, 5881.426, 749.281, -125.619, 99.988, 82.640, -99.517
129, 230.000, 60.777, 48.549, 6.065, 58.780, -5.073, 0.010, 5.870, -94.933
129, 325.000,65.256, 50.492, 5923.753, 243.265, 139.780, 99.992, 87.288, -60.118
130, 230.000, -48.095, 74.603, 10.187, -38.167, 44.240, 0.010, 9.890, 40.785
130, 325.000,-52.602, 81.131, 5913.780, -247.471, 368.010, 99.991, 85.711, 33.919
131, 230.000, -97.772, -4.512, 26.104, -17.028, -50.460, 0.010, 26.113, 161.353
131, 325.000,-112.348, -6.672, 5880.581, -760.859, -88.405, 99.987, 82.579, 96.628
132, 230.000, 83.260, 9.185, 9.090, -4.595, 58.429, 0.010, 8.816, 4.496
132, 325.000,87.549, 11.498, 5922.684, 287.417, 93.782, 99.992, 87.078, -71.929
133, 230.000, -28.333, 15.155, 51.689, 28.429, -6.133, 0.010, 60.635, -102.173
133, 325.000,-28.048, 15.292, 5930.214, -35.819, 28.693, 99.992, 89.557, 51.303
134, 230.000, -48.554, -10.022, 42.353, -8.749, -40.587, 0.010, 45.570, 167.835
134, 325.000,-49.959, -11.541, 5929.233, -100.387, -60.873, 99.992, 88.866, 121.232
135, 230.000, 41.221, -30.073, 39.392, 42.712, -11.900, 0.010, 41.619, -105.568
135, 325.000,43.552, -31.164, 5928.724, 122.537, -69.455, 99.992, 88.639, -119.545
136, 230.000, 81.005, -41.774, 46.156, 32.878, -17.501, 0.010, 51.098, -118.027
136, 325.000,88.373, -45.590, 5911.563, 419.658, -216.996, 99.992, 85.431, -117.342
137, 230.000, -55.735, 49.831, 38.158, -30.229, -33.880, 0.010, 40.043, 138.259
137, 325.000,-58.840, 50.698, 5926.681, -184.026, 100.880, 99.992, 87.972, 61.269
138, 230.000, -17.075, -26.463, 54.962, 10.215, 19.811, 0.010, 67.925, -27.277
138, 325.000,-17.124, -26.413, 5930.177, -29.570, -41.643, 99.992, 89.507, 144.623
139, 230.000, -62.458, 27.308, 21.342, -4.698, 55.137, 0.010, 21.091, 4.870
139, 325.000,-64.645, 29.939, 5927.117, -154.380, 122.776, 99.992, 88.094, 51.505
140, 230.000, 32.960, 55.355, 0.186, -25.515, -53.540, 0.010, 0.180, 154.519
140, 325.000,33.113, 55.273, 5929.853, 45.814, 65.836, 99.992, 89.225, -34.833
141, 230.000, 51.108, 26.257, 7.874, -56.845, -14.977, 0.010, 7.629, 104.761
141, 325.000,50.611, 26.454, 5930.124, 43.084, 36.884, 99.992, 89.452, -49.434
142, 230.000, 68.926, -3.280, 35.251, 47.693, -0.622, 0.010, 36.466, -90.747
142, 325.000,72.738, -3.410, 5926.373, 218.274, -8.671, 99.992, 87.889, -92.275
143, 230.000, 3.129, -26.378, 57.395, -8.510, 12.291, 0.010, 75.401, 34.699
143, 325.000,2.931, -26.600, 5930.008, 0.432, -67.390, 99.992, 89.349, -179.632
144, 230.000, -18.443, -13.638, 22.857, 41.808, 35.317, 0.010, 22.668, -49.811
144, 325.000,-17.581, -12.859, 5930.156, -45.996, -29.024, 99.992, 89.475, 122.253
145, 230.000, 97.998, 6.436, 20.732, 39.830, 38.747, 0.010, 20.460, -45.790
145, 325.000,114.141, 8.576, 5872.528, 821.876, 92.767, 99.995, 81.983, -83.560
146, 230.000, 10.477, -91.622, 23.158, 41.241, 35.784, 0.010, 22.983, -49.053
146, 325.000,12.594, -97.989, 5915.467, 94.994, -409.371, 99.991, 85.936, -166.936
147, 230.000, -71.756, -25.451, 54.010, 17.906, -16.731, 0.010, 65.594, -133.057
147, 325.000,-74.082, -26.997, 5926.882, -183.429, -89.197, 99.992, 88.029, 115.933
148, 230.000, -50.648, -49.280, 3.454, -58.427, -9.591, 0.010, 3.338, 99.322
148, 325.000,-54.270, -51.310, 5925.843, -189.192, -134.781, 99.992, 87.755, 125.466
149, 230.000, -5.119, 90.622, 57.740, 6.163, -12.071, 0.010, 76.790, -152.954
149, 325.000,-5.313, 97.039, 5916.750, -16.888, 401.900, 99.992, 86.111, 2.406
150, 230.000, -29.430, 76.152, 14.958, 3.824, 57.265, 0.010, 14.608, -3.821
150, 325.000,-30.780, 81.743, 5921.288, -94.302, 314.644, 99.992, 86.825, 16.684
151, 230.000, -32.173, -13.042, 57.476, -11.105, -9.530, 0.010, 75.716, 130.634
151, 325.000,-33.214, -13.624, 5929.765, -78.027, -36.875, 99.992, 89.166, 115.295
152, 230.000, -5.974, 53.936, 6.303, 51.351, 29.000, 0.010, 6.100, -60.545
152, 325.000,-4.487, 56.194, 5928.709, 41.561, 135.230, 99.992, 88.633, -17.084
153, 230.000, -75.503, -37.364, 43.260, 5.536, 40.194, 0.010, 46.835, -7.842
153, 325.000,-79.389, -38.125, 5923.963, -261.027, -89.740, 99.992, 87.332, 108.973
154, 230.000, 57.838, 79.381, 44.797, 38.817, 2.034, 0.010, 49.052, -87.001
154, 325.000,67.727, 91.427, 5875.994, 497.864, 628.335, 99.993, 82.231, -38.392
155, 230.000, 9.131, -25.554, 38.894, -44.658, 3.247, 0.010, 40.979, 85.842
155, 325.000,7.914, -26.041, 5929.930, -20.753, -72.136, 99.992, 89.275, 163.950
156, 230.000, -36.352, 50.326, 55.769, 17.564, -9.946, 0.010, 70.103, -119.521
156, 325.000,-36.821, 51.429, 5929.301, -59.350, 97.081, 99.992, 88.901, 31.440
157, 230.000, -69.665, -5.052, 45.180, 18.027, 33.932, 0.010, 49.621, -27.980
157, 325.000,-71.435, -4.155, 5928.419, -151.428, 23.002, 99.992, 88.520, 81.363
158, 230.000, 3.826, 6.467, 29.013, 42.744, 29.134, 0.010, 29.287, -55.722
158, 630.000,15.495, 20.053, 3237.546, 170.430, 209.913, 30.009, 85.226, -39.073
159, 230.000, -41.101, -72.640, 35.050, 7.182, -47.303, 0.010, 36.225, -171.367
159, 325.000,-43.070, -77.986, 5920.947, -137.035, -305.366, 99.992, 86.765, 155.832
160, 230.000, -75.166, -43.338, 39.864, -7.219, 43.317, 0.010, 42.232, 9.462
160, 325.000,-79.927, -44.615, 5921.627, -298.559, -122.011, 99.992, 86.882, 112.228
161, 230.000, -77.659, -33.264, 0.603, 43.782, -40.006, 0.010, 0.582, -132.420
161, 325.000,-80.505, -36.318, 5923.750, -230.347, -160.585, 99.992, 87.286, 124.882
162, 230.000, -34.431, -88.185, 25.623, -28.845, 45.045, 0.010, 25.596, 32.633
162, 325.000,-38.677, -95.444, 5909.191, -224.611, -448.437, 99.993, 85.149, 153.395
163, 230.000, 85.043, 15.952, 52.030, 11.531, 26.030, 0.010, 61.313, -23.893
163, 325.000,90.546, 17.722, 5919.856, 342.120, 89.372, 99.992, 86.582, -75.360
164, 230.000, -4.866, -18.175, 29.057, -36.034, -37.080, 0.010, 29.335, 135.820
164, 325.000,-6.159, -19.865, 5928.020, -71.366, -153.149, 99.993, 88.367, 155.015
165, 230.000, -9.091, 49.876, 34.642, 40.241, 26.423, 0.010, 35.739, -56.710
165, 325.000,-8.029, 51.889, 5929.094, 24.457, 121.791, 99.992, 88.800, -11.354
166, 230.000, -26.820, -37.630, 19.310, 39.955, -39.349, 0.010, 19.000, -134.562
166, 325.000,-26.149, -39.727, 5929.356, -8.531, -110.800, 99.992, 88.926, 175.597
167, 230.000, -25.755, 22.369, 28.153, 52.187, 1.251, 0.010, 28.339, -88.627
167, 325.000,-24.646, 22.893, 5930.182, -1.707, 50.247, 99.992, 89.514, 1.945
168, 230.000, -29.553, -26.077, 1.949, 16.497, -56.936, 0.010, 1.884, -163.841
168, 325.000,-29.659, -28.459, 5929.266, -39.163, -108.801, 99.992, 88.883, 160.203
169, 230.000, -71.384, 64.614, 8.180, 27.421, 51.950, 0.010, 7.927, -27.826
169, 325.000,-78.917, 73.756, 5895.597, -432.886, 474.006, 99.993, 83.786, 42.404
170, 230.000, -31.881, -72.736, 2.983, 0.168, 59.234, 0.010, 2.883, -0.162
170, 325.000,-33.281, -74.085, 5927.506, -96.299, -157.999, 99.992, 88.212, 148.638
171, 230.000, 65.616, -8.617, 34.146, 9.632, 47.528, 0.010, 35.151, -11.456
171, 325.000,67.948, -7.385, 5928.149, 160.516, 29.662, 99.992, 88.423, -79.530
172, 230.000, -95.254, 18.824, 45.459, 33.187, 18.700, 0.010, 50.038, -60.600
172, 325.000,-106.220, 21.749, 5896.364, -615.508, 148.673, 99.987, 83.871, 76.421
173, 230.000, 26.591, -16.343, 14.587, -0.730, 57.483, 0.010, 14.238, 0.728
173, 325.000,27.154, -14.862, 5930.013, 63.396, 21.143, 99.992, 89.354, -71.556
174, 230.000, -6.626, 73.279, 0.022, -56.480, -18.102, 0.010, 0.021, 107.771
174, 325.000,-8.655, 75.435, 5927.313, -76.562, 175.344, 99.992, 88.151, 23.588
175, 230.000, 74.558, -41.580, 58.144, -7.863, -8.665, 0.010, 78.622, 137.776
175, 325.000,78.556, -44.213, 5922.140, 267.293, -162.820, 99.992, 86.975, -121.347
176, 230.000, 44.865, -74.825, 21.187, -43.491, 34.312, 0.010, 20.930, 51.728
176, 325.000,46.245, -78.312, 5923.515, 128.560, -254.777, 99.991, 87.242, -153.225
177, 230.000, -28.863, 49.800, 46.111, -20.839, 30.938, 0.010, 51.029, 33.963
177, 325.000,-30.277, 52.082, 5928.363, -80.084, 132.978, 99.992, 88.500, 31.058
178, 230.000, 39.751, -72.591, 27.198, -51.756, -9.960, 0.010, 27.295, 100.893
178, 325.000,40.155, -76.583, 5924.347, 79.865, -255.722, 99.992, 87.411, -162.656
179, 230.000, -2.862, 7.206, 27.922, 52.326, 0.171, 0.010, 28.085, -89.813
179, 630.000,0.412, 17.758, 3244.072, 25.335, 175.682, 30.011, 86.868, -8.206
180, 230.000, 12.825, -34.005, 2.844, -39.305, 44.324, 0.010, 2.748, 41.565
180, 325.000,11.842, -33.318, 5930.326, -14.261, -24.730, 99.992, 89.724, 150.029
181, 230.000, -3.813, -6.974, 16.106, -56.284, 9.505, 0.010, 15.757, 80.414
181, 630.000,-17.404, -15.798, 3239.490, -194.853, -152.242, 30.010, 85.635, 128.001
182, 230.000, 73.066, -48.762, 57.612, -1.064, -14.049, 0.010, 76.258, 175.669
182, 325.000,77.731, -52.330, 5919.157, 295.979, -213.129, 99.991, 86.474, -125.757
183, 230.000, -68.121, 67.074, 11.079, 35.074, 46.526, 0.010, 10.766, -37.011
183, 325.000,-74.480, 75.796, 5900.379, -379.510, 460.338, 99.994, 84.226, 39.503
184, 230.000, 42.454, 42.456, 1.933, -59.018, 5.545, 0.010, 1.868, 84.633
184, 325.000,41.721, 43.775, 5929.601, 26.467, 93.458, 99.992, 89.062, -15.812
185, 230.000, -67.378, -69.681, 18.522, 16.612, -53.839, 0.010, 18.198, -162.853
185, 325.000,-75.463, -80.183, 5888.674, -447.816, -539.221, 99.987, 83.212, 140.291
186, 230.000, 3.506, 32.536, 42.934, -27.218, -30.552, 0.010, 46.377, 138.303
186, 325.000,2.715, 32.272, 5930.212, -20.573, 42.141, 99.992, 89.547, 26.021
187, 230.000, -50.800, -30.086, 0.033, 48.976, 33.451, 0.010, 0.031, -55.667
187, 325.000,-50.579, -29.814, 5930.104, -52.467, -26.464, 99.992, 89.432, 116.766
188, 230.000, -13.738, 37.479, 49.302, 6.362, 32.349, 0.010, 56.229, -11.127
188, 325.000,-13.831, 39.312, 5929.443, -19.430, 104.585, 99.992, 88.972, 10.524
189, 230.000, -2.269, -10.870, 53.603, -2.339, -25.277, 0.010, 64.659, 174.713
189, 630.000,-5.896, -30.238, 3233.695, -59.058, -308.317, 30.010, 84.455, 169.156
190, 230.000, 35.260, -30.606, 54.269, -4.246, -23.548, 0.010, 66.207, 169.780
190, 325.000,35.918, -32.040, 5929.520, 61.245, -81.360, 99.992, 89.016, -143.029
191, 230.000, 4.279, -28.519, 52.886, 9.862, 24.969, 0.010, 63.086, -21.553
191, 325.000,4.690, -28.367, 5930.138, 21.976, -50.179, 99.992, 89.471, -156.349
192, 230.000, 5.807, -52.109, 39.454, 28.731, 33.699, 0.010, 41.699, -40.450
192, 325.000,6.856, -52.287, 5929.901, 40.851, -64.692, 99.992, 89.261, -147.729
193, 230.000, -65.987, 60.029, 50.106, 26.853, 16.911, 0.010, 57.652, -57.798
193, 325.000,-69.687, 64.666, 5918.603, -253.642, 274.504, 99.992, 86.387, 42.738
194, 230.000, -57.280, 38.521, 7.839, -28.656, -51.332, 0.010, 7.595, 150.828
194, 325.000,-60.077, 38.171, 5927.875, -168.134, 39.523, 99.992, 88.331, 76.772
195, 230.000, -9.044, 62.011, 19.105, 9.247, 55.382, 0.010, 18.791, -9.479
195, 325.000,-9.013, 65.563, 5927.242, -10.167, 193.110, 99.992, 88.131, 3.014
196, 230.000, 31.976, -9.707, 49.342, 31.911, 8.046, 0.010, 56.298, -75.849
196, 325.000,33.677, -9.659, 5929.521, 100.805, -12.079, 99.992, 89.019, -96.833
197, 230.000, 29.882, 29.316, 6.183, 27.495, 52.187, 0.010, 5.984, -27.783
197, 325.000,31.410, 31.621, 5928.806, 84.086, 108.631, 99.992, 88.673, -37.742
198, 230.000, 74.407, -41.458, 43.095, -37.500, 15.944, 0.010, 46.603, 66.966
198, 325.000,77.377, -43.266, 5924.412, 230.203, -133.480, 99.991, 87.428, -120.107
199, 230.000, 80.600, 17.193, 36.257, -43.579, -17.433, 0.010, 37.685, 111.803
199, 325.000,83.226, 17.500, 5926.153, 220.857, 38.560, 99.992, 87.833, -80.096
200, 230.000, -57.449, 16.487, 4.746, 52.466, 27.248, 0.010, 4.590, -62.555
200, 325.000,-57.318, 17.794, 5929.728, -63.711, 62.171, 99.992, 89.140, 45.701
201, 230.000, -71.214, -68.445, 11.620, 53.084, -23.763, 0.010, 11.299, -114.116
201, 325.000,-81.153, -80.222, 5876.198, -536.183, -595.645, 99.999, 82.234, 138.007
202, 230.000, -9.830, 94.553, 11.155, -46.804, 34.679, 0.010, 10.841, 53.464
202, 325.000,-12.292, 105.586, 5898.801, -108.707, 601.554, 99.992, 84.084, 10.243
203, 230.000, -0.144, -31.074, 18.453, -4.451, 56.190, 0.010, 18.128, 4.529
203, 325.000,-0.290, -29.966, 5930.364, -5.068, -18.833, 99.992, 89.812, 164.938
204, 230.000, 48.302, 61.169, 58.379, 7.587, -7.207, 0.010, 79.838, -133.529
204, 325.000,50.605, 63.561, 5925.932, 150.846, 173.419, 99.991, 87.779, -41.018
205, 230.000, 50.954, -57.141, 32.827, 43.697, 23.035, 0.010, 33.606, -62.204
205, 325.000,54.418, -58.768, 5925.647, 191.850, -139.747, 99.992, 87.706, -126.070
206, 230.000, 57.435, 58.349, 30.850, -49.942, 8.464, 0.010, 31.343, 80.381
206, 325.000,58.677, 61.456, 5925.479, 135.552, 199.906, 99.992, 87.666, -34.140
207, 230.000, 41.715, -4.214, 34.451, 10.874, 47.038, 0.010, 35.511, -13.016
207, 325.000,42.966, -2.809, 5929.573, 89.667, 40.863, 99.992, 89.048, -65.500
208, 230.000, -22.659, 96.958, 19.022, -23.279, -51.126, 0.010, 18.706, 155.519
208, 325.000,-27.773, 114.395, 5859.834, -243.708, 880.866, 100.001, 81.135, 15.465
209, 230.000, -12.233, 75.542, 53.708, 8.139, 23.809, 0.010, 64.897, -18.872
209, 325.000,-12.483, 79.397, 5925.399, -26.634, 241.976, 99.992, 87.647, 6.281
210, 230.000, 11.173, 13.430, 36.476, 2.042, 46.722, 0.010, 37.953, -2.502
210, 630.000,27.356, 39.134, 3212.455, 267.758, 401.122, 30.002, 81.462, -33.724
211, 230.000, -18.793, 64.376, 33.339, 1.352, 49.034, 0.010, 34.203, -1.579
211, 325.000,-19.351, 67.979, 5926.778, -42.860, 202.672, 99.992, 87.998, 11.941
212, 230.000, -38.685, -80.419, 26.182, -50.364, 17.192, 0.010, 26.196, 71.152
212, 325.000,-42.917, -85.456, 5917.240, -219.912, -328.037, 99.992, 86.182, 146.163
213, 230.000, 28.362, -53.558, 38.586, 35.756, -27.390, 0.010, 40.586, -127.454
213, 325.000,30.278, -55.909, 5927.911, 97.025, -141.576, 99.992, 88.342, -145.576
214, 230.000, 95.569, 21.596, 37.274, 40.192, 22.647, 0.010, 38.937, -60.600
214, 325.000,110.931, 25.473, 5874.793, 785.579, 192.077, 99.985, 82.162, -76.261
215, 230.000, -17.794, 21.570, 44.726, -2.815, 38.849, 0.010, 48.948, 4.145
215, 325.000,-18.282, 23.291, 5929.406, -48.931, 96.825, 99.992, 88.952, 26.810
216, 230.000, 2.839, -30.327, 38.539, 45.028, -2.195, 0.010, 40.527, -92.791
216, 325.000,4.338, -31.062, 5929.689, 54.150, -74.444, 99.992, 89.111, -143.969
217, 230.000, 37.273, 79.050, 13.767, 48.501, -31.238, 0.010, 13.422, -122.784
217, 325.000,41.106, 83.020, 5920.377, 199.433, 281.212, 99.992, 86.667, -35.344
218, 230.000, 0.618, -17.345, 21.058, -10.026, 54.531, 0.010, 20.797, 10.418
218, 630.000,0.085, -34.549, 3233.225, -3.276, -316.957, 30.007, 84.401, 179.408
219, 230.000, 55.980, 39.943, 23.031, -35.472, 41.581, 0.010, 22.850, 40.467
219, 325.000,56.697, 42.565, 5927.959, 97.527, 139.249, 99.992, 88.357, -35.007
220, 230.000, 5.770, -59.665, 34.116, 37.295, 31.030, 0.010, 35.115, -50.239
220, 325.000,7.104, -60.291, 5929.480, 50.609, -91.142, 99.992, 88.993, -150.958
221, 230.000, 24.175, -78.351, 30.456, 5.481, 50.597, 0.010, 30.898, -6.183
221, 325.000,25.521, -80.582, 5926.326, 84.710, -202.730, 99.992, 87.877, -157.323
222, 230.000, -15.932, -8.791, 35.763, 23.902, 40.833, 0.010, 37.084, -30.342
222, 630.000,-35.333, -15.589, 3228.855, -336.292, -135.909, 30.015, 83.590, 112.006
223, 230.000, 30.739, -91.006, 47.667, 34.724, -6.300, 0.010, 53.485, -100.284
223, 325.000,35.312, -101.634, 5896.674, 232.913, -586.378, 99.990, 83.893, -158.337
224, 230.000, 10.314, -31.184, 32.525, -15.162, -47.222, 0.010, 33.256, 162.199
224, 325.000,10.051, -33.360, 5929.266, 6.035, -115.507, 99.992, 88.882, -177.009
225, 230.000, 72.913, 38.437, 9.076, 0.436, 58.610, 0.010, 8.802, -0.426
225, 325.000,76.642, 42.228, 5922.103, 247.911, 192.120, 99.992, 86.968, -52.226
226, 230.000, -0.870, 77.896, 33.755, 3.408, 48.648, 0.010, 34.690, -4.007
226, 325.000,-0.801, 82.810, 5923.552, 0.960, 284.844, 99.992, 87.247, -0.193
227, 230.000, -1.041, 46.695, 48.734, 32.685, -8.622, 0.010, 55.253, -104.777
227, 325.000,-0.029, 47.470, 5929.797, 31.909, 78.140, 99.992, 89.185, -22.213
228, 230.000, 70.890, 7.724, 57.896, 9.881, -8.250, 0.010, 77.465, -129.860
228, 325.000,73.692, 7.737, 5927.339, 190.159, 10.996, 99.992, 88.159, -86.690
229, 230.000, -81.534, 14.575, 58.059, 6.988, -9.898, 0.010, 78.212, -144.780
229, 325.000,-85.474, 15.011, 5924.149, -269.303, 39.047, 99.992, 87.370, 81.750
230, 230.000, 74.700, 54.938, 12.692, -13.087, 56.438, 0.010, 12.357, 13.055
230, 325.000,80.783, 61.437, 5908.984, 369.392, 342.010, 99.992, 85.131, -47.204
231, 230.000, 32.826, -41.130, 7.175, 6.509, -58.513, 0.010, 6.948, -173.652
231, 325.000,33.831, -43.993, 5928.334, 69.961, -139.828, 99.992, 88.489, -153.419
232, 230.000, -2.907, -11.671, 42.494, 22.860, 34.486, 0.010, 45.765, -33.540
232, 630.000,-3.887, -23.737, 3241.242, -29.045, -220.210, 30.009, 86.080, 172.486
233, 230.000, -54.356, -48.711, 21.603, -51.915, -18.863, 0.010, 21.361, 109.968
233, 325.000,-58.023, -51.126, 5925.169, -199.086, -149.515, 99.992, 87.594, 126.907
234, 230.000, 47.454, 87.812, 37.772, -45.602, -3.377, 0.010, 39.558, 94.235
234, 325.000,59.298, 112.145, 5800.574, 552.152, 1109.054, 100.026, 77.944, -26.467
235, 230.000, 5.624, -87.493, 36.353, -45.575, -10.911, 0.010, 37.802, 103.464
235, 325.000,4.575, -93.413, 5919.093, -25.451, -365.177, 99.992, 86.461, 176.013
236, 230.000, -95.282, 28.178, 26.901, -51.363, 12.485, 0.010, 26.973, 76.338
236, 325.000,-114.758, 33.857, 5847.976, -948.402, 277.564, 100.008, 80.409, 73.687
237, 230.000, -75.447, 23.497, 35.716, -26.067, -39.529, 0.010, 37.027, 146.598
237, 325.000,-79.629, 23.311, 5924.694, -258.137, 30.432, 99.992, 87.488, 83.276
238, 230.000, -53.935, 80.641, 26.723, -28.287, -44.759, 0.010, 26.781, 147.707
238, 325.000,-61.525, 89.372, 5895.660, -397.515, 501.136, 99.987, 83.808, 38.422
239, 230.000, 85.283, -11.184, 48.402, 4.207, 34.017, 0.010, 54.696, -7.051
239, 325.000,90.417, -10.788, 5921.333, 327.361, -6.460, 99.991, 86.835, -91.130
240, 230.000, 11.082, 55.614, 4.315, -39.719, 43.834, 0.010, 4.172, 42.181
240, 325.000,10.105, 58.444, 5928.287, -18.961, 156.964, 99.992, 88.472, 6.888
241, 230.000, -44.554, 59.754, 16.643, -25.276, 51.008, 0.010, 16.297, 26.360
241, 325.000,-47.097, 63.702, 5924.472, -149.683, 218.640, 99.992, 87.439, 34.396
242, 230.000, -95.633, 22.509, 9.291, 36.549, 45.777, 0.010, 9.013, -38.604
242, 325.000,-108.626, 27.192, 5884.520, -701.093, 223.365, 99.990, 82.873, 72.328
243, 230.000, -48.275, -7.668, 13.735, 2.254, -57.653, 0.010, 13.390, -177.761
243, 325.000,-49.314, -9.681, 5929.276, -88.160, -74.084, 99.992, 88.887, 130.042
244, 230.000, -26.509, -0.369, 2.111, 30.811, 50.635, 0.010, 2.039, -31.320
244, 325.000,-26.140, 1.253, 5929.945, -51.293, 53.362, 99.992, 89.285, 43.868
245, 230.000, 2.149, 85.700, 38.997, -4.629, -44.446, 0.010, 41.111, 174.053
245, 325.000,2.128, 89.189, 5924.290, 3.045, 269.196, 99.992, 87.398, -0.648
246, 230.000, -54.031, 13.342, 30.865, 26.839, 42.949, 0.010, 31.359, -32.001
246, 325.000,-54.536, 15.038, 5929.456, -78.509, 70.756, 99.992, 88.979, 47.973
247, 230.000, -95.578, -16.727, 42.576, 33.940, 23.517, 0.010, 45.878, -55.282
247, 325.000,-106.406, -18.094, 5898.145, -610.369, -88.007, 99.988, 84.031, 98.205
248, 230.000, -25.205, 7.723, 44.764, 38.879, -1.484, 0.010, 49.004, -92.186
248, 325.000,-24.559, 7.858, 5930.212, -40.698, 23.722, 99.992, 89.545, 59.762
249, 230.000, -0.295, -10.375, 2.116, 17.345, 56.677, 0.010, 2.045, -17.016
249, 630.000,1.749, -17.415, 3245.384, 24.348, -149.087, 30.010, 87.335, -170.725
250, 230.000, -89.627, 9.236, 56.088, 9.638, -16.700, 0.010, 71.028, -150.009
250, 325.000,-95.789, 9.389, 5917.635, -387.806, 23.319, 99.991, 86.244, 86.559
251, 230.000, -56.483, 67.511, 51.355, -26.857, 12.612, 0.010, 59.982, 64.846
251, 325.000,-61.009, 72.320, 5917.436, -261.416, 291.845, 99.992, 86.212, 41.852
252, 230.000, 75.006, -3.065, 57.474, 14.554, -1.589, 0.010, 75.709, -96.229
252, 325.000,78.404, -3.235, 5926.205, 222.670, -10.138, 99.992, 87.846, -92.607
253, 230.000, -6.238, 54.044, 8.176, -20.048, 55.217, 0.010, 7.924, 19.955
253, 325.000,-7.031, 57.151, 5928.058, -33.005, 163.178, 99.992, 88.391, 11.434
254, 230.000, 72.516, 5.797, 50.415, -12.995, 28.409, 0.010, 58.215, 24.580
254, 325.000,74.747, 6.898, 5927.640, 175.252, 44.736, 99.992, 88.252, -75.680
255, 230.000, 8.373, -73.227, 22.175, -2.923, 54.931, 0.010, 21.955, 3.046
255, 325.000,8.590, -74.196, 5928.830, 18.940, -134.975, 99.992, 88.683, -172.012
256, 230.000, 86.352, -29.006, 7.030, -36.288, 46.383, 0.010, 6.807, 38.039
256, 325.000,91.716, -29.755, 5919.027, 357.150, -83.680, 99.991, 86.454, -103.186
257, 230.000, 22.534, 37.664, 28.572, 51.973, 0.279, 0.010, 28.799, -89.692
257, 325.000,24.683, 38.501, 5929.207, 95.737, 70.297, 99.992, 88.852, -53.711
258, 230.000, 60.412, -2.098, 2.355, 55.242, -21.456, 0.010, 2.276, -111.226
258, 325.000,63.844, -2.838, 5927.446, 185.102, -26.711, 99.992, 88.193, -98.211
259, 230.000, 74.113, -6.225, 25.073, -52.794, -10.087, 0.010, 25.008, 100.816
259, 325.000,75.240, -6.776, 5928.614, 142.717, -27.153, 99.992, 88.596, -100.772
260, 230.000, 44.866, 77.636, 42.670, -37.519, -17.007, 0.010, 46.009, 114.385
260, 325.000,46.832, 82.510, 5919.919, 153.991, 317.204, 99.992, 86.591, -25.895
261, 230.000, 41.872, -66.494, 44.771, 1.966, -38.850, 0.010, 49.014, -177.102
261, 325.000,43.789, -70.653, 5923.998, 129.460, -243.039, 99.992, 87.339, -151.957
262, 230.000, 81.056, -19.382, 5.023, -24.345, 53.849, 0.010, 4.858, 24.327
262, 325.000,84.468, -18.697, 5925.056, 251.330, -9.553, 99.992, 87.569, -92.177
263, 230.000, 34.033, -34.921, 2.997, 5.792, -58.950, 0.010, 2.897, -174.389
263, 325.000,35.004, -37.608, 5928.636, 69.783, -126.501, 99.992, 88.604, -151.117
264, 230.000, -50.377, -67.187, 43.839, -35.847, 17.628, 0.010, 47.660, 63.813
264, 325.000,-54.201, -70.255, 5922.386, -216.097, -219.298, 99.991, 87.024, 135.421
265, 230.000, 48.138, -44.139, 11.255, -24.537, -52.810, 0.010, 10.939, 155.080
265, 325.000,48.826, -47.154, 5927.784, 83.591, -154.961, 99.992, 88.299, -151.656
266, 230.000, 51.176, 85.129, 41.133, -42.387, 5.389, 0.010, 43.910, 82.754
266, 325.000,59.096, 100.542, 5864.884, 416.530, 774.369, 99.993, 81.473, -28.276
267, 230.000, 87.120, 15.272, 31.312, 20.534, 45.995, 0.010, 31.866, -24.058
267, 325.000,93.593, 17.716, 5916.651, 387.659, 112.834, 99.992, 86.096, -73.772
268, 230.000, -40.774, -70.291, 57.601, 2.546, 13.902, 0.010, 76.214, -10.380
268, 325.000,-42.647, -73.224, 5925.183, -129.046, -212.475, 99.992, 87.598, 148.728
269, 230.000, 7.855, 18.511, 55.688, -13.724, -15.105, 0.010, 69.873, 137.743
269, 325.000,7.634, 18.544, 5929.195, 42.331, 120.562, 99.998, 88.765, -19.347
270, 230.000, -27.008, -59.923, 5.246, 59.076, 0.374, 0.010, 5.074, -89.637
270, 325.000,-25.955, -61.729, 5928.860, 0.391, -135.045, 99.992, 88.695, -179.834
271, 230.000, 75.960, -41.468, 43.472, 17.890, -36.163, 0.010, 47.135, -153.679
271, 325.000,81.150, -45.118, 5918.609, 315.633, -200.191, 99.992, 86.387, -122.385
272, 230.000, 46.057, -34.297, 24.332, 28.945, -45.692, 0.010, 24.221, -147.647
272, 325.000,48.182, -36.644, 5927.959, 123.394, -116.915, 99.992, 88.357, -133.456
273, 230.000, 23.176, 12.440, 26.669, -34.234, 40.428, 0.010, 26.722, 40.258
273, 325.000,22.619, 14.026, 5929.731, 34.804, 81.819, 99.992, 89.141, -23.044
274, 230.000, -68.871, -30.474, 22.562, 39.985, 37.547, 0.010, 22.359, -46.800
274, 325.000,-70.277, -30.473, 5928.430, -146.137, -43.912, 99.992, 88.526, 106.725
275, 230.000, 83.386, 8.035, 31.196, -23.465, -44.652, 0.010, 31.735, 152.278
275, 325.000,87.040, 7.069, 5924.448, 265.005, -19.080, 99.992, 87.432, -94.118
276, 230.000, -70.208, -19.771, 37.204, 37.749, -26.619, 0.010, 38.850, -125.190
276, 325.000,-71.575, -21.325, 5928.138, -143.246, -79.209, 99.992, 88.418, 118.941
277, 230.000, -90.354, 34.765, 49.776, -22.572, -23.032, 0.010, 57.062, 135.578
277, 325.000,-102.277, 38.400, 5892.245, -637.328, 211.273, 99.991, 83.499, 71.660
278, 230.000, 90.214, -29.191, 55.992, 13.112, -14.513, 0.010, 70.745, -137.902
278, 325.000,99.809, -32.606, 5902.967, 538.414, -185.174, 99.991, 84.491, -108.979
279, 230.000, 72.160, -55.784, 7.410, 15.573, -56.747, 0.010, 7.177, -164.654
279, 325.000,78.364, -61.958, 5910.305, 361.971, -327.349, 99.993, 85.280, -132.125
280, 230.000, -89.366, 26.484, 8.560, 42.975, -39.969, 0.010, 8.298, -132.925
280, 325.000,-95.766, 27.547, 5915.400, -410.676, 92.722, 99.991, 85.929, 77.277
281, 230.000, 38.207, -60.212, 16.006, -24.212, 51.722, 0.010, 15.657, 25.085
281, 325.000,38.760, -60.656, 5929.201, 70.017, -96.201, 99.992, 88.850, -143.952
282, 230.000, 29.980, 66.366, 47.009, 13.768, 33.441, 0.010, 52.429, -22.377
282, 325.000,31.522, 69.871, 5925.925, 93.604, 210.301, 99.992, 87.775, -23.994
283, 230.000, -57.995, 49.594, 28.474, -48.269, 19.417, 0.010, 28.691, 68.087
283, 325.000,-61.905, 52.253, 5924.151, -217.695, 163.276, 99.992, 87.370, 53.129
284, 230.000, -2.214, 59.118, 48.019, 5.153, 34.428, 0.010, 54.059, -8.512
284, 325.000,-2.111, 61.797, 5928.294, 0.766, 157.928, 99.992, 88.474, -0.278
285, 230.000, -51.730, -66.618, 19.199, -46.649, -31.191, 0.010, 18.887, 123.768
285, 325.000,-56.067, -71.303, 5919.230, -237.597, -275.522, 99.992, 86.483, 139.227
286, 230.000, 84.101, -27.766, 56.522, 16.267, 7.633, 0.010, 72.364, -64.863
286, 325.000,90.229, -29.390, 5917.861, 370.024, -108.407, 99.992, 86.272, -106.329
287, 230.000, -19.783, -48.355, 38.500, 16.106, 42.143, 0.010, 40.476, -20.916
287, 325.000,-19.743, -48.169, 5930.158, -21.044, -48.562, 99.992, 89.489, 156.571
288, 230.000, -13.534, 2.054, 10.234, -58.372, 2.357, 0.010, 9.936, 87.687
288, 630.000,-41.343, 5.350, 3219.901, -429.622, 53.471, 30.010, 82.342, 82.905
289, 230.000, 21.887, 34.029, 22.407, 54.709, -4.743, 0.010, 22.197, -94.955
289, 325.000,24.103, 34.611, 5929.287, 98.083, 59.315, 99.992, 88.893, -58.837
290, 230.000, -73.515, 53.840, 49.872, -16.155, -27.739, 0.010, 57.233, 149.784
290, 325.000,-79.663, 57.131, 5915.243, -360.554, 222.063, 99.991, 85.905, 58.371
291, 230.000, -84.953, 6.439, 10.214, 51.614, 27.373, 0.010, 9.917, -62.061
291, 325.000,-88.050, 7.648, 5924.769, -252.778, 52.134, 99.991, 87.506, 78.347
292, 230.000, -37.957, -65.754, 50.931, -29.674, 6.565, 0.010, 59.174, 77.525
292, 325.000,-40.412, -68.195, 5926.092, -138.071, -178.554, 99.992, 87.819, 142.286
293, 230.000, -4.592, -89.199, 58.068, -11.610, -3.308, 0.010, 78.255, 105.903
293, 325.000,-5.267, -95.489, 5917.599, -32.101, -388.256, 99.992, 86.233, 175.274
294, 230.000, -6.891, 55.062, 37.694, -40.202, 21.922, 0.010, 39.461, 61.396
294, 325.000,-8.337, 57.146, 5928.681, -55.267, 131.480, 99.992, 88.622, 22.799
295, 230.000, 77.556, 53.694, 26.504, -17.935, -49.935, 0.010, 26.544, 160.243
295, 325.000,84.346, 57.254, 5911.542, 406.153, 241.204, 99.991, 85.431, -59.295
296, 230.000, -8.506, -1.649, 56.041, -3.420, 19.115, 0.010, 70.889, 10.143
296, 630.000,-21.402, -1.340, 3241.928, -212.889, -5.464, 30.011, 86.242, 91.470
297, 230.000, 63.800, -27.960, 13.011, 54.986, -18.025, 0.010, 12.672, -108.150
297, 325.000,67.719, -29.486, 5925.806, 215.913, -88.292, 99.992, 87.746, -112.241
298, 230.000, 97.410, 6.266, 38.844, 15.574, 42.027, 0.010, 40.914, -20.334
298, 325.000,111.317, 8.388, 5884.372, 733.081, 91.133, 99.997, 82.845, -82.914
299, 230.000, -62.250, -27.960, 6.114, -31.794, 49.693, 0.010, 5.917, 32.611
299, 325.000,-65.280, -27.297, 5927.596, -181.646, -14.963, 99.992, 88.239, 94.709
300, 230.000, 43.407, 12.778, 19.805, -53.474, -16.306, 0.010, 19.508, 106.958
300, 325.000,42.664, 12.541, 5930.334, 26.052, 7.084, 99.992, 89.739, -74.788
