ion,x0,y0,z0,vx0,vy0,vz0,ke0,elev0,azim0,x1,y1,z1,vx1,vy1,vz1,ke1,elev1,azim1
1, 230.000, -33.662, 48.937, 0.728, -56.832, -16.949, 0.010, 0.703, 106.606
1, 325.000,-36.372, 49.711, 5928.430, -128.183, 83.059, 99.992, 88.524, 57.058
2, 230.000, 93.353, -7.967, 31.082, -20.941, -45.968, 0.010, 31.605, 155.508
2, 325.000,101.226, -10.095, 5910.659, 475.135, -91.414, 99.993, 85.320, -100.890
3, 230.000, -38.363, 17.648, 18.415, -37.968, -41.676, 0.010, 18.089, 137.666
3, 325.000,-40.399, 16.699, 5929.369, -109.913, -10.720, 99.992, 88.933, 95.571
4, 230.000, 91.866, 3.066, 7.942, -55.905, -18.143, 0.010, 7.696, 107.980
4, 325.000,97.380, 2.750, 5918.392, 377.247, -4.699, 99.992, 86.353, -90.714
5, 230.000, 29.075, 48.787, 14.080, -13.455, 56.021, 0.010, 13.733, 13.505
5, 325.000,29.396, 51.822, 5928.195, 44.067, 155.411, 99.992, 88.439, -15.831
6, 230.000, -15.278, 39.849, 38.840, 42.890, -13.020, 0.010, 40.910, -106.887
6, 325.000,-14.244, 40.293, 5930.066, 16.141, 60.348, 99.992, 89.396, -14.974
7, 230.000, 75.422, 10.863, 48.384, -20.037, 27.841, 0.010, 54.666, 35.742
7, 325.000,77.825, 12.170, 5927.010, 191.156, 59.664, 99.992, 88.065, -72.666
8, 230.000, -5.958, 25.320, 2.301, 52.105, 28.238, 0.010, 2.223, -61.545
8, 325.000,-4.416, 26.798, 5929.392, 38.637, 102.313, 99.992, 88.943, -20.688
9, 230.000, -29.500, -55.361, 0.456, -48.321, -34.388, 0.010, 0.441, 125.437
9, 325.000,-31.888, -58.055, 5927.230, -114.467, -156.329, 99.992, 88.128, 143.788
10, 230.000, 62.535, 29.081, 48.837, 33.652, -0.419, 0.010, 55.429, -90.714
10, 325.000,65.670, 30.034, 5927.043, 186.680, 70.078, 99.992, 88.073, -69.424
11, 230.000, 41.635, -7.909, 43.074, 11.106, -39.230, 0.010, 46.573, -164.193
11, 325.000,42.883, -9.325, 5929.486, 88.034, -55.175, 99.992, 88.996, -122.077
12, 230.000, 13.905, -22.646, 4.829, -58.993, -3.766, 0.010, 4.670, 93.653
12, 325.000,12.325, -23.283, 5929.925, -21.525, -71.955, 99.992, 89.274, 163.346
13, 230.000, -73.434, -50.290, 42.844, -20.416, 35.570, 0.010, 46.251, 29.854
13, 325.000,-79.056, -52.615, 5918.382, -333.321, -175.818, 99.991, 86.357, 117.811
14, 230.000, 5.473, -47.377, 14.522, -42.283, -38.973, 0.010, 14.173, 132.667
14, 325.000,4.250, -49.689, 5928.925, -33.680, -127.678, 99.992, 88.724, 165.222
15, 230.000, -10.193, 30.109, 20.546, -54.208, -12.529, 0.010, 20.268, 103.014
15, 325.000,-12.143, 30.350, 5929.634, -79.077, 52.737, 99.992, 89.082, 56.300
16, 230.000, -34.034, -24.417, 47.695, -24.690, -25.165, 0.010, 53.529, 135.545
16, 325.000,-35.548, -25.740, 5929.318, -88.057, -70.894, 99.992, 88.908, 128.837
17, 230.000, 24.131, -80.113, 10.972, -54.474, -20.732, 0.010, 10.661, 110.836
17, 325.000,23.711, -85.008, 5922.641, 27.039, -302.055, 99.992, 87.069, -174.885
18, 230.000, 22.074, -46.838, 52.339, 17.862, -21.429, 0.010, 61.942, -140.187
18, 325.000,23.162, -48.627, 5929.055, 60.225, -110.741, 99.992, 88.782, -151.461
19, 230.000, 3.126, 85.880, 33.964, 42.788, -23.093, 0.010, 34.935, -118.357
19, 325.000,4.633, 90.137, 5922.667, 56.838, 297.217, 99.992, 87.075, -10.826
20, 230.000, -61.346, 3.574, 40.616, 42.946, 4.863, 0.010, 43.220, -83.540
20, 325.000,-61.677, 3.826, 5929.789, -83.828, 12.524, 99.992, 89.181, 81.503
21, 230.000, -74.565, 56.814, 58.035, -5.335, -11.003, 0.010, 78.102, 154.135
21, 325.000,-81.604, 61.720, 5909.158, -406.649, 293.797, 99.992, 85.147, 54.153
22, 230.000, -27.202, -58.342, 48.779, 21.632, 25.891, 0.010, 55.330, -39.879
22, 325.000,-27.318, -59.236, 5929.413, -37.257, -101.202, 99.992, 88.958, 159.789
23, 230.000, -34.539, 50.857, 15.898, 19.444, 53.729, 0.010, 15.548, -19.894
23, 325.000,-34.892, 53.987, 5927.890, -53.271, 163.933, 99.992, 88.334, 18.002
24, 230.000, -96.063, -22.066, 30.356, 13.898, 49.020, 0.010, 30.786, -15.829
24, 325.000,-110.459, -24.011, 5880.879, -755.947, -124.477, 99.998, 82.578, 99.351
25, 230.000, 44.181, -31.601, 49.818, -29.820, -12.108, 0.010, 57.136, 112.100
25, 325.000,44.318, -32.755, 5929.692, 54.227, -73.407, 99.992, 89.118, -143.546
26, 230.000, 30.227, -5.472, 38.500, -29.556, 34.086, 0.010, 40.476, 40.928
26, 325.000,29.940, -4.503, 5930.215, 41.177, 22.812, 99.992, 89.545, -61.013
27, 230.000, -73.539, -53.124, 37.814, -31.737, -32.872, 0.010, 39.610, 136.007
27, 325.000,-80.164, -58.215, 5911.615, -377.030, -282.921, 99.991, 85.441, 126.884
28, 230.000, 41.709, -3.568, 45.028, 4.577, -38.329, 0.010, 49.395, -173.191
28, 325.000,42.748, -4.861, 5929.648, 81.729, -46.302, 99.992, 89.092, -119.533
29, 230.000, -40.098, 76.481, 2.123, -30.728, -50.684, 0.010, 2.052, 148.773
29, 325.000,-43.411, 79.400, 5922.818, -184.350, 236.247, 99.992, 87.104, 37.966
30, 230.000, -77.612, -60.847, 48.630, 31.382, 12.957, 0.010, 55.079, -67.565
30, 325.000,-88.715, -69.897, 5881.675, -592.011, -476.624, 99.998, 82.637, 128.837
31, 230.000, -12.547, -6.469, 35.756, -29.755, -36.795, 0.010, 37.075, 141.039
31, 630.000,-27.370, -16.486, 5922.066, -265.041, -169.482, 99.992, 86.959, 122.597
32, 230.000, -82.224, 28.244, 57.022, -15.950, 3.426, 0.010, 74.034, 77.876
32, 325.000,-87.788, 30.092, 5919.481, -340.537, 114.806, 99.991, 86.526, 71.369
33, 230.000, -31.177, 62.077, 43.702, 23.119, 32.762, 0.010, 47.463, -35.210
33, 325.000,-31.496, 65.189, 5927.260, -52.064, 185.736, 99.992, 88.136, 15.659
34, 230.000, 64.621, -39.649, 2.384, -59.194, -2.834, 0.010, 2.304, 92.741
34, 325.000,65.290, -41.292, 5928.195, 116.260, -112.273, 99.992, 88.438, -134.001
35, 230.000, -80.213, -19.758, 10.527, 53.342, -23.695, 0.010, 10.224, -113.951
35, 325.000,-82.537, -21.481, 5925.968, -210.539, -90.586, 99.992, 87.785, 113.280
36, 230.000, 80.870, 1.303, 5.251, -39.009, 44.366, 0.010, 5.079, 41.324
36, 325.000,83.425, 2.754, 5926.285, 214.979, 50.704, 99.992, 87.866, -76.729
37, 230.000, -30.076, 86.436, 23.313, 53.254, 11.755, 0.010, 23.146, -77.552
37, 325.000,-30.807, 93.598, 5914.661, -86.397, 423.356, 99.993, 85.822, 11.534
38, 230.000, 6.696, -95.322, 37.868, 24.744, -38.358, 0.010, 39.678, -147.175
38, 325.000,8.185, -107.019, 5896.414, 67.886, -630.865, 99.994, 83.858, -173.858
39, 230.000, -85.379, -43.358, 49.930, -25.886, -18.829, 0.010, 57.336, 126.031
39, 325.000,-95.744, -48.793, 5896.445, -562.295, -291.624, 99.991, 83.869, 117.413
40, 230.000, -41.593, 66.093, 54.636, 22.434, -5.410, 0.010, 67.102, -103.558
40, 325.000,-42.669, 68.746, 5926.531, -99.242, 189.362, 99.991, 87.934, 27.659
41, 230.000, -85.675, -33.722, 6.456, -10.950, 57.931, 0.010, 6.250, 10.704
41, 325.000,-92.993, -34.689, 5913.847, -430.062, -103.091, 99.991, 85.723, 103.480
42, 230.000, -12.649, -30.816, 55.824, 6.338, 19.005, 0.010, 70.258, -18.444
42, 325.000,-12.716, -30.867, 5930.184, -20.411, -46.000, 99.992, 89.514, 156.072
43, 230.000, -17.668, -90.338, 54.442, -2.096, 23.436, 0.010, 66.626, 5.112
43, 325.000,-19.161, -96.926, 5915.261, -87.985, -413.585, 99.990, 85.911, 167.990
44, 230.000, 62.133, -63.266, 25.237, -20.903, 49.434, 0.010, 25.184, 22.921
44, 325.000,65.547, -65.873, 5922.164, 233.375, -207.857, 99.992, 86.979, -131.690
45, 230.000, -75.274, 55.997, 1.059, 55.768, -20.160, 0.010, 1.023, -109.875
45, 325.000,-80.344, 60.421, 5914.454, -337.669, 273.914, 99.992, 85.795, 50.951
46, 230.000, 16.644, 2.085, 38.429, 23.090, -38.829, 0.010, 40.386, -149.262
46, 630.000,34.386, -0.301, 5921.695, 324.449, -23.030, 99.999, 86.856, -94.060
47, 230.000, 43.155, 23.206, 56.028, 6.148, 18.458, 0.010, 70.851, -18.422
47, 325.000,44.336, 24.320, 5929.442, 86.358, 62.117, 99.992, 88.972, -54.273
48, 230.000, 44.331, -44.657, 7.604, 33.005, 48.688, 0.010, 7.366, -34.133
48, 325.000,46.644, -44.389, 5928.799, 129.788, -45.656, 99.992, 88.671, -109.380
49, 230.000, -2.733, 50.627, 39.025, -13.735, 42.498, 0.010, 41.146, 17.911
49, 325.000,-3.232, 53.161, 5928.734, -19.346, 139.010, 99.992, 88.644, 7.923
50, 230.000, 94.115, -0.180, 12.236, -0.003, 58.034, 0.010, 11.906, 0.003
50, 325.000,103.074, 1.574, 5907.336, 518.577, 60.896, 99.991, 84.949, -83.302
51, 230.000, 34.640, -9.665, 3.131, -56.588, 17.481, 0.010, 3.026, 72.833
51, 325.000,33.562, -9.310, 5930.382, 12.149, -1.624, 99.992, 89.882, -97.615
52, 230.000, -48.174, -30.462, 29.156, 50.741, 9.639, 0.010, 29.445, -79.244
52, 325.000,-47.788, -30.928, 5930.031, -42.513, -50.138, 99.992, 89.365, 139.705
53, 230.000, 50.446, -79.130, 20.546, 53.195, -16.304, 0.010, 20.268, -107.040
53, 325.000,56.879, -87.172, 5903.446, 335.062, -453.976, 99.990, 84.540, -143.570
54, 230.000, 80.171, -49.849, 11.090, -21.731, 54.059, 0.010, 10.777, 21.899
54, 325.000,87.119, -52.932, 5911.722, 417.526, -216.377, 99.992, 85.452, -117.395
55, 230.000, 65.939, -8.364, 20.157, 55.005, -9.262, 0.010, 19.868, -99.558
55, 325.000,69.754, -8.920, 5926.581, 210.656, -29.099, 99.992, 87.945, -97.865
56, 230.000, -59.980, 63.111, 17.101, -48.403, 29.705, 0.010, 16.759, 58.463
56, 325.000,-65.272, 68.021, 5916.369, -291.928, 284.722, 99.992, 86.057, 45.716
57, 230.000, 12.956, 91.729, 32.903, 48.701, -7.951, 0.010, 33.695, -99.273
57, 325.000,15.547, 99.291, 5911.789, 117.252, 454.904, 99.993, 85.457, -14.453
58, 230.000, 25.840, 89.247, 39.063, -32.577, 30.504, 0.010, 41.195, 46.883
58, 325.000,27.114, 98.011, 5908.886, 99.037, 494.278, 99.990, 85.124, -11.330
59, 230.000, 13.952, 77.599, 14.535, -4.925, -57.290, 0.010, 14.186, 175.086
59, 325.000,14.400, 79.151, 5927.833, 36.302, 170.575, 99.992, 88.315, -12.014
60, 230.000, 26.605, -85.643, 57.941, 6.378, -10.944, 0.010, 77.668, -149.767
60, 325.000,28.692, -92.067, 5916.404, 123.680, -387.981, 99.992, 86.063, -162.319
61, 230.000, 35.514, 3.285, 16.832, 56.267, 8.269, 0.010, 16.487, -81.639
61, 325.000,38.056, 3.618, 5929.018, 126.941, 14.928, 99.992, 88.765, -83.293
62, 230.000, -66.783, -64.113, 33.388, -45.537, 18.145, 0.010, 34.260, 68.274
62, 325.000,-73.897, -69.051, 5909.805, -387.634, -306.316, 99.993, 85.221, 128.316
63, 230.000, -23.769, 44.627, 54.839, 15.000, -16.892, 0.010, 67.611, -138.396
63, 325.000,-23.846, 45.127, 5929.958, -28.905, 65.933, 99.992, 89.304, 23.673
64, 230.000, 11.579, -32.821, 4.514, 59.071, 2.800, 0.010, 4.365, -87.286
64, 325.000,13.715, -33.421, 5929.456, 84.704, -62.717, 99.992, 88.982, -126.517
65, 230.000, -25.618, 12.036, 26.016, -52.435, 9.560, 0.010, 26.017, 79.667
65, 325.000,-27.848, 12.601, 5929.138, -116.125, 38.682, 99.992, 88.817, 71.577
66, 230.000, -36.946, 80.772, 5.325, 12.984, 57.625, 0.010, 5.151, -12.698
66, 325.000,-39.092, 88.128, 5914.560, -144.910, 407.955, 99.991, 85.814, 19.556
67, 230.000, -52.659, -64.889, 37.146, 3.205, -46.126, 0.010, 38.778, -176.026
67, 325.000,-55.374, -69.791, 5921.120, -182.077, -277.091, 99.992, 86.795, 146.691
68, 230.000, 23.171, -69.744, 32.052, 47.718, -14.605, 0.010, 32.712, -107.018
68, 325.000,25.541, -72.825, 5925.915, 111.752, -201.614, 99.992, 87.772, -151.001
69, 230.000, -42.334, 10.153, 12.084, -57.173, -10.141, 0.010, 11.756, 100.058
69, 325.000,-45.078, 10.050, 5928.818, -136.489, 8.033, 99.992, 88.679, 86.632
70, 230.000, 24.791, -1.127, 3.081, -18.377, 56.306, 0.010, 2.977, 18.076
70, 325.000,24.781, 0.659, 5929.749, 64.503, 57.197, 99.991, 89.167, -48.436
71, 230.000, -39.222, 73.674, 3.846, 9.970, 58.339, 0.010, 3.718, -9.698
71, 325.000,-41.010, 79.441, 5920.306, -127.829, 321.310, 99.992, 86.657, 21.695
72, 230.000, 27.938, -78.326, 7.997, 42.678, 40.401, 0.010, 7.749, -46.570
72, 325.000,30.705, -81.084, 5924.480, 140.118, -224.419, 99.991, 87.443, -148.021
73, 230.000, 79.226, -7.343, 24.779, -35.759, 40.310, 0.010, 24.696, 41.576
73, 325.000,81.636, -6.410, 5926.856, 203.985, 19.881, 99.992, 88.019, -84.433
74, 230.000, 43.422, 2.526, 15.441, -12.485, 55.887, 0.010, 15.091, 12.593
74, 325.000,43.963, 4.363, 5929.689, 66.962, 62.549, 99.992, 89.115, -46.951
75, 230.000, -12.266, 0.036, 47.258, -31.681, -16.751, 0.010, 52.826, 117.868
75, 630.000,-27.100, -1.785, 5924.552, -264.319, -25.033, 99.995, 87.434, 95.410
76, 230.000, -74.067, -28.433, 48.033, -34.538, -4.189, 0.010, 54.083, 96.916
76, 325.000,-78.508, -29.855, 5923.713, -265.900, -92.563, 99.992, 87.279, 109.194
77, 230.000, 70.438, -64.985, 56.274, 0.671, 18.719, 0.010, 71.590, -2.052
77, 325.000,78.224, -71.586, 5902.065, 435.778, -381.387, 99.992, 84.396, -131.192
78, 230.000, -64.305, -9.281, 53.313, 18.621, -18.128, 0.010, 64.013, -134.232
78, 325.000,-65.636, -10.128, 5928.971, -123.791, -39.490, 99.992, 88.745, 107.693
79, 230.000, -13.388, 20.705, 35.310, 14.773, -45.306, 0.010, 36.538, -161.941
79, 325.000,-13.235, 19.750, 5930.229, -33.929, 27.917, 99.992, 89.575, 50.552
80, 230.000, -36.239, -57.050, 4.540, 31.020, -50.346, 0.010, 4.390, -148.361
80, 325.000,-36.420, -60.475, 5927.207, -53.190, -186.991, 99.992, 88.121, 164.121
81, 230.000, 34.846, 62.210, 4.098, -38.418, -44.999, 0.010, 3.962, 139.511
81, 325.000,34.830, 62.926, 5929.235, 46.521, 107.643, 99.992, 88.867, -23.373
82, 230.000, -48.320, -37.229, 53.353, 25.485, 4.649, 0.010, 64.101, -79.662
82, 325.000,-48.840, -38.102, 5929.481, -74.410, -72.873, 99.992, 88.994, 134.402
83, 230.000, 6.496, 71.015, 48.971, -20.874, -26.149, 0.010, 55.657, 141.401
83, 325.000,6.067, 72.658, 5928.477, -5.482, 150.635, 99.992, 88.544, 2.084
84, 230.000, -38.569, -89.533, 22.631, -49.195, -24.193, 0.010, 22.431, 116.187
84, 325.000,-45.353, -102.580, 5881.581, -335.683, -682.715, 99.998, 82.630, 153.817
85, 230.000, 47.220, 47.222, 49.244, -20.453, 25.968, 0.010, 56.128, 38.225
85, 325.000,48.052, 49.514, 5928.183, 87.792, 136.072, 99.992, 88.435, -32.830
86, 230.000, -53.313, 59.406, 18.823, 52.134, 21.105, 0.010, 18.503, -67.961
86, 325.000,-54.096, 62.758, 5925.807, -110.076, 205.736, 99.992, 87.745, 28.148
87, 230.000, 72.667, -63.051, 48.611, 1.536, -33.946, 0.010, 55.045, -177.410
87, 325.000,81.196, -71.434, 5895.053, 470.817, -443.393, 99.993, 83.739, -133.282
88, 230.000, -16.821, 39.675, 28.593, 30.122, 42.340, 0.010, 28.823, -35.429
88, 325.000,-16.227, 41.880, 5929.251, 0.385, 116.526, 99.992, 88.874, -0.189
89, 230.000, -84.360, 51.705, 25.992, -24.409, -47.394, 0.010, 25.992, 152.750
89, 325.000,-99.394, 59.067, 5868.509, -755.125, 395.837, 99.982, 81.734, 62.336
90, 230.000, 55.876, 33.828, 41.837, 10.455, -40.718, 0.010, 44.862, -165.599
90, 325.000,57.885, 33.562, 5928.740, 136.082, 33.495, 99.992, 88.646, -76.172
91, 230.000, -59.308, 21.228, 14.873, 24.656, -51.851, 0.010, 14.523, -154.569
91, 325.000,-60.210, 20.188, 5929.522, -101.532, -8.330, 99.992, 89.016, 94.690
92, 230.000, -38.582, 11.579, 48.683, 31.588, 12.241, 0.010, 55.168, -68.818
92, 325.000,-38.400, 12.214, 5930.163, -39.914, 34.515, 99.992, 89.490, 49.149
93, 230.000, 12.437, 41.234, 37.258, -44.206, 13.239, 0.010, 38.917, 73.328
93, 325.000,11.301, 42.545, 5929.672, -22.913, 89.570, 99.992, 89.107, 14.349
94, 230.000, -21.823, 37.241, 29.049, -30.478, -41.772, 0.010, 29.327, 143.884
94, 325.000,-23.264, 36.716, 5929.906, -71.872, 25.473, 99.992, 89.263, 70.484
95, 230.000, -25.294, -29.262, 30.231, -27.120, -43.223, 0.010, 30.645, 147.894
95, 325.000,-26.692, -31.256, 5929.083, -75.282, -99.383, 99.992, 88.795, 142.856
96, 230.000, -43.610, 48.800, 53.440, 24.941, -6.309, 0.010, 64.294, -104.195
96, 325.000,-44.137, 50.069, 5929.071, -71.808, 102.799, 99.992, 88.788, 34.935
97, 230.000, -26.028, 72.863, 2.348, -7.088, 58.838, 0.010, 2.269, 6.869
97, 325.000,-27.368, 77.839, 5923.284, -84.615, 277.742, 99.992, 87.194, 16.944
98, 230.000, 39.136, 26.467, 20.441, 23.387, -50.526, 0.010, 20.160, -155.162
98, 325.000,40.755, 25.451, 5929.612, 96.273, -3.574, 99.992, 89.069, -92.126
99, 230.000, 31.065, -28.737, 4.666, -43.291, 40.271, 0.010, 4.513, 47.070
99, 325.000,30.347, -28.066, 5930.369, 13.219, -11.996, 99.992, 89.828, -132.224
100, 230.000, 21.551, -81.208, 39.233, 21.281, -39.058, 0.010, 41.414, -151.415
100, 325.000,23.390, -86.862, 5920.242, 99.689, -332.317, 99.992, 86.646, -163.302
101, 230.000, -18.669, 89.261, 35.070, -46.798, -9.884, 0.010, 36.249, 101.926
101, 325.000,-21.549, 95.860, 5914.737, -137.254, 408.203, 99.992, 85.836, 18.585
102, 230.000, 45.150, -35.615, 33.641, -27.667, 40.254, 0.010, 34.556, 34.501
102, 325.000,45.429, -35.251, 5930.012, 60.969, -28.995, 99.992, 89.348, -115.435
103, 230.000, -82.607, 43.638, 53.780, -24.880, 2.520, 0.010, 65.062, 84.216
103, 325.000,-90.894, 47.692, 5907.360, -466.756, 235.257, 99.993, 84.944, 63.251
104, 230.000, 64.460, 31.692, 50.509, 28.159, 13.173, 0.010, 58.388, -64.928
104, 325.000,67.655, 33.242, 5926.407, 195.378, 95.358, 99.992, 87.899, -63.984
105, 230.000, -38.083, -23.989, 50.790, -22.147, -21.155, 0.010, 58.909, 133.688
105, 325.000,-39.622, -25.186, 5929.308, -92.604, -65.790, 99.992, 88.902, 125.392
106, 230.000, 57.047, -29.669, 26.854, -7.351, 52.369, 0.010, 26.922, 7.990
106, 325.000,58.484, -28.882, 5929.219, 117.531, -10.698, 99.992, 88.860, -95.201
107, 230.000, -76.089, 23.873, 46.545, 36.758, -0.183, 0.010, 51.701, -90.286
107, 325.000,-78.357, 24.938, 5926.750, -194.814, 73.022, 99.992, 87.990, 69.453
108, 230.000, -18.196, 87.754, 24.097, -33.915, -42.270, 0.010, 23.972, 141.258
108, 325.000,-20.502, 92.529, 5919.955, -114.239, 332.930, 99.992, 86.597, 18.939
109, 230.000, -23.560, -55.186, 25.925, 53.335, -0.961, 0.010, 25.920, -91.033
109, 325.000,-22.505, -56.700, 5929.283, 6.798, -114.638, 99.992, 88.890, -176.606
110, 230.000, 16.578, 29.162, 39.714, 2.581, -43.975, 0.010, 42.037, -176.641
110, 325.000,17.013, 28.381, 5930.251, 38.435, 16.853, 99.992, 89.595, -66.324
111, 230.000, 8.546, 71.343, 42.726, -32.387, -25.361, 0.010, 46.087, 128.063
111, 325.000,7.831, 73.057, 5928.378, -12.117, 154.293, 99.992, 88.505, 4.490
112, 230.000, -42.584, 61.628, 48.692, 12.446, 31.493, 0.010, 55.183, -21.564
112, 325.000,-43.858, 65.021, 5926.013, -104.243, 202.602, 99.992, 87.798, 27.227
113, 230.000, 47.091, 82.800, 20.186, -28.912, 47.689, 0.010, 19.898, 31.227
113, 325.000,51.229, 93.068, 5899.597, 252.268, 548.841, 99.993, 84.154, -24.685
114, 230.000, -64.777, -10.302, 37.604, 10.733, 44.592, 0.010, 39.347, -13.533
114, 325.000,-66.395, -9.208, 5928.827, -134.506, 23.178, 99.992, 88.681, 80.223
115, 230.000, 16.389, 89.571, 18.569, 2.901, -56.253, 0.010, 18.246, -177.047
115, 325.000,17.702, 94.528, 5919.610, 77.828, 348.858, 99.992, 86.545, -12.576
116, 230.000, 33.361, 58.816, 31.236, 26.447, 42.924, 0.010, 31.780, -31.639
116, 325.000,35.274, 62.071, 5926.567, 106.757, 184.359, 99.992, 87.941, -30.074
117, 230.000, 12.953, -10.572, 20.875, -31.365, -45.805, 0.010, 20.608, 145.598
117, 630.000,21.310, -25.296, 5922.287, 177.292, -253.845, 99.991, 87.007, -145.069
118, 230.000, 54.848, -23.326, 52.518, -22.889, 15.348, 0.010, 62.312, 56.156
118, 325.000,55.587, -23.463, 5929.653, 88.394, -31.772, 99.992, 89.092, -109.770
119, 230.000, 24.894, 84.882, 7.656, 22.192, -54.466, 0.010, 7.417, -157.832
119, 325.000,27.193, 88.690, 5922.031, 125.116, 288.949, 99.992, 86.956, -23.413
120, 230.000, 2.176, -67.615, 15.711, 53.086, -21.277, 0.010, 15.361, -111.841
120, 325.000,3.923, -70.458, 5927.302, 60.394, -181.714, 99.992, 88.150, -161.615
121, 230.000, 27.354, 18.899, 24.452, -48.493, 23.836, 0.010, 24.348, 63.824
121, 325.000,26.386, 20.062, 5930.030, 8.157, 65.633, 99.992, 89.361, -7.085
122, 230.000, -69.767, -2.911, 27.366, -40.837, -33.183, 0.010, 27.478, 129.096
122, 325.000,-73.434, -4.056, 5926.337, -215.339, -41.795, 99.992, 87.880, 100.984
123, 230.000, -27.030, 16.918, 4.538, 35.869, 47.015, 0.010, 4.388, -37.341
123, 325.000,-26.457, 18.787, 5929.727, -21.975, 86.564, 99.992, 89.137, 14.244
124, 230.000, -37.472, 55.864, 27.447, 50.860, -13.322, 0.010, 27.567, -104.678
124, 325.000,-37.037, 57.188, 5929.185, -33.510, 114.964, 99.992, 88.843, 16.251
125, 230.000, -59.772, -12.816, 58.768, -1.486, -7.855, 0.010, 82.254, 169.285
125, 325.000,-61.470, -13.417, 5928.929, -127.136, -35.077, 99.992, 88.726, 105.424
126, 230.000, -54.142, -60.868, 16.149, -14.886, -55.093, 0.010, 15.800, 164.880
126, 325.000,-57.288, -65.603, 5921.480, -195.284, -259.875, 99.992, 86.858, 143.077
127, 230.000, -50.633, -63.131, 46.270, -9.926, 35.752, 0.010, 51.274, 15.516
127, 325.000,-53.327, -64.992, 5925.648, -171.763, -163.647, 99.992, 87.707, 133.614
128, 230.000, -92.752, -14.241, 36.058, 25.473, -39.605, 0.010, 37.442, -147.252
128, 325.000,-100.524, -16.759, 5910.465, -471.206, -118.702, 99.992, 85.300, 104.139
129, 230.000, -59.600, -36.876, 27.375, -19.727, 48.776, 0.010, 27.488, 22.020
129, 325.000,-62.236, -36.586, 5927.909, -166.904, -39.729, 99.992, 88.342, 103.389
130, 230.000, 51.412, 56.270, 28.271, -26.816, 44.714, 0.010, 28.468, 30.952
130, 325.000,52.661, 59.959, 5925.625, 117.979, 206.623, 99.992, 87.701, -29.726
131, 230.000, -22.376, 16.659, 56.738, 16.133, 6.181, 0.010, 73.064, -69.037
131, 325.000,-22.358, 17.225, 5930.036, -42.395, 50.865, 99.992, 89.360, 39.810
132, 230.000, -39.083, 44.934, 36.985, -46.267, -3.025, 0.010, 38.578, 93.741
132, 325.000,-41.599, 46.051, 5928.321, -128.677, 89.639, 99.992, 88.485, 55.138
133, 230.000, -38.472, 26.228, 28.325, 20.950, -47.712, 0.010, 28.528, -156.294
133, 325.000,-38.658, 25.292, 5930.193, -49.238, -1.048, 99.992, 89.524, 91.219
134, 230.000, -39.769, 51.521, 50.779, 30.621, -1.222, 0.010, 58.889, -92.285
134, 325.000,-39.993, 53.020, 5929.034, -56.802, 113.528, 99.992, 88.773, 26.580
135, 230.000, 63.137, -0.097, 46.819, -21.719, -29.222, 0.010, 52.129, 143.379
135, 325.000,64.259, -1.020, 5929.225, 113.614, -30.543, 99.992, 88.863, -105.047
136, 230.000, -52.228, -11.587, 14.437, -26.113, 51.257, 0.010, 14.088, 26.997
136, 325.000,-54.326, -10.238, 5928.952, -127.200, 30.864, 99.992, 88.735, 76.361
137, 230.000, 9.695, 0.788, 20.540, 21.418, -51.352, 0.010, 20.263, -157.359
137, 630.000,21.074, -4.190, 5926.548, 204.453, -65.067, 99.993, 87.927, -107.654
138, 230.000, -30.453, 62.782, 11.287, 26.077, 52.060, 0.010, 10.971, -26.607
138, 325.000,-30.665, 66.561, 5926.504, -48.030, 209.321, 99.992, 87.925, 12.923
139, 230.000, -17.221, -79.591, 18.014, 15.809, -54.251, 0.010, 17.681, -163.753
139, 325.000,-17.578, -85.220, 5921.579, -40.435, -320.740, 99.992, 86.875, 172.815
140, 230.000, -65.911, 27.606, 22.939, 17.294, 51.888, 0.010, 22.753, -18.433
140, 325.000,-67.686, 30.212, 5927.226, -149.094, 124.118, 99.992, 88.125, 50.223
141, 230.000, -77.461, 24.108, 23.999, 53.199, -10.561, 0.010, 23.869, -101.228
141, 325.000,-79.428, 24.907, 5926.997, -189.785, 65.360, 99.992, 88.060, 70.997
142, 230.000, 50.493, -73.996, 37.479, -45.962, 0.683, 0.010, 39.192, 89.149
142, 325.000,52.581, -79.107, 5919.459, 168.947, -318.193, 99.992, 86.517, -152.034
143, 230.000, 57.105, -48.333, 43.986, 29.205, -27.017, 0.010, 47.870, -132.771
143, 325.000,60.260, -51.076, 5925.191, 188.391, -161.854, 99.992, 87.600, -130.667
144, 230.000, -42.798, 85.378, 31.636, -7.050, -49.670, 0.010, 32.236, 171.922
144, 325.000,-47.495, 92.820, 5907.244, -261.596, 453.821, 99.993, 84.933, 29.960
145, 230.000, 75.642, -57.852, 23.339, 28.325, 46.590, 0.010, 23.173, -31.298
145, 325.000,84.396, -62.477, 5903.857, 477.925, -292.639, 99.992, 84.578, -121.480
146, 230.000, -50.380, -71.378, 4.838, 24.046, -54.000, 0.010, 4.679, -155.997
146, 325.000,-52.829, -77.585, 5917.747, -177.308, -344.361, 99.992, 86.255, 152.756
147, 230.000, 19.828, 7.069, 55.572, 19.061, 8.128, 0.010, 69.550, -66.906
147, 325.000,20.934, 7.506, 5929.262, 111.131, 41.108, 99.993, 88.855, -69.700
148, 230.000, -19.841, 9.602, 5.855, -22.986, 54.360, 0.010, 5.666, 22.921
148, 325.000,-21.056, 11.582, 5928.768, -98.446, 94.886, 99.990, 88.679, 46.055
149, 230.000, 5.124, -27.765, 49.425, -24.863, -21.369, 0.010, 56.443, 130.678
149, 325.000,4.444, -29.053, 5929.675, -13.435, -92.118, 99.992, 89.101, 171.702
150, 230.000, -86.324, -5.910, 33.403, -31.419, 37.613, 0.010, 34.277, 39.873
150, 325.000,-92.550, -5.105, 5918.859, -369.456, 16.702, 99.992, 86.425, 87.412
151, 230.000, 87.376, 44.953, 40.943, -35.066, 24.732, 0.010, 43.656, 54.804
151, 325.000,99.260, 52.341, 5883.624, 641.151, 375.728, 99.991, 82.801, -59.629
152, 230.000, 75.736, 45.101, 47.963, -8.920, 33.729, 0.010, 53.967, 14.813
152, 325.000,80.411, 49.087, 5918.547, 302.344, 221.333, 99.992, 86.377, -53.794
153, 230.000, 73.517, -40.686, 23.648, 54.390, -0.417, 0.010, 23.498, -90.439
153, 325.000,79.241, -42.929, 5919.868, 321.442, -146.609, 99.992, 86.585, -114.518
154, 230.000, -53.364, 68.154, 35.497, 28.332, -38.143, 0.010, 36.762, -143.395
154, 325.000,-55.630, 70.987, 5923.870, -172.520, 218.269, 99.992, 87.311, 38.323
155, 230.000, -4.905, 82.888, 8.549, 58.177, -7.743, 0.010, 8.287, -97.581
155, 325.000,-3.339, 86.901, 5923.861, 44.497, 274.434, 99.991, 87.313, -9.210
156, 230.000, 59.677, -72.239, 4.429, 56.180, 18.488, 0.010, 4.283, -71.784
156, 325.000,66.961, -78.409, 5906.280, 383.531, -372.034, 99.992, 84.831, -134.128
157, 230.000, -23.147, -30.225, 17.418, -48.149, -29.932, 0.010, 17.078, 121.867
157, 325.000,-25.172, -31.817, 5929.016, -93.321, -87.674, 99.992, 88.763, 133.213
158, 230.000, -84.799, 52.242, 34.541, -32.959, -35.189, 0.010, 35.618, 136.875
158, 325.000,-104.716, 62.870, 5833.736, -941.442, 520.298, 100.048, 79.553, 61.072
159, 230.000, -84.805, 7.459, 9.351, 57.657, 10.290, 0.010, 9.071, -79.881
159, 325.000,-87.673, 8.190, 5925.248, -244.078, 37.655, 99.992, 87.613, 81.230
160, 230.000, -40.129, -72.110, 21.874, 28.249, 47.340, 0.010, 21.643, -30.826
160, 325.000,-41.230, -74.196, 5926.502, -102.946, -188.590, 99.992, 87.924, 151.371
161, 230.000, 40.448, -21.751, 37.153, -30.172, 35.028, 0.010, 38.787, 40.741
161, 325.000,40.380, -21.117, 5930.237, 43.280, -3.803, 99.992, 89.580, -95.021
162, 230.000, -32.627, 67.726, 9.356, 11.479, -57.431, 0.010, 9.076, -168.697
162, 325.000,-33.518, 68.517, 5928.617, -76.411, 123.493, 99.992, 88.597, 31.747
163, 230.000, -29.363, 51.138, 40.444, 40.423, 15.745, 0.010, 42.993, -68.719
163, 325.000,-28.863, 52.988, 5929.144, -17.851, 120.391, 99.992, 88.824, 8.434
164, 230.000, 70.022, -44.625, 35.502, -47.389, -3.400, 0.010, 36.769, 94.104
164, 325.000,72.102, -46.996, 5925.448, 186.663, -154.292, 99.992, 87.660, -129.577
165, 230.000, -87.663, 17.289, 46.527, 23.153, 28.580, 0.010, 51.672, -39.011
165, 325.000,-92.983, 19.358, 5919.087, -350.986, 104.314, 99.992, 86.460, 73.448
166, 230.000, -2.106, 20.718, 35.028, -2.791, 47.780, 0.010, 36.199, 3.343
166, 325.000,-2.247, 22.761, 5928.696, -11.936, 139.937, 99.991, 88.643, 4.875
167, 230.000, 14.786, 45.319, 7.986, 58.382, -6.735, 0.010, 7.738, -96.581
167, 325.000,16.981, 46.124, 5929.252, 87.699, 76.568, 99.992, 88.875, -48.877
168, 230.000, -39.561, -22.117, 28.595, -42.462, 29.949, 0.010, 28.825, 54.804
168, 325.000,-41.782, -21.652, 5929.245, -116.416, -9.504, 99.992, 88.871, 94.667
169, 230.000, 56.588, -43.194, 48.024, -9.554, -33.467, 0.010, 54.068, 164.067
169, 325.000,58.270, -45.757, 5927.157, 133.014, -144.024, 99.992, 88.106, -137.276
170, 230.000, 27.809, 18.775, 8.592, 58.511, 4.508, 0.010, 8.330, -85.594
170, 325.000,30.266, 19.314, 5929.090, 116.882, 42.438, 99.992, 88.799, -70.045
171, 230.000, -20.383, 9.038, 45.997, 4.496, 37.171, 0.010, 50.854, -6.897
171, 325.000,-20.736, 10.448, 5929.436, -76.828, 77.201, 99.993, 88.948, 44.861
172, 230.000, -83.120, 51.384, 54.748, -6.488, -21.867, 0.010, 67.383, 163.473
172, 325.000,-94.782, 57.821, 5887.542, -618.283, 354.491, 99.996, 83.098, 60.172
173, 230.000, 22.140, -46.561, 45.861, 33.514, -17.064, 0.010, 50.646, -116.983
173, 325.000,23.725, -48.204, 5928.962, 76.487, -105.565, 99.992, 88.740, -144.075
174, 230.000, -41.660, 14.668, 27.147, 41.119, 33.014, 0.010, 27.240, -51.239
174, 325.000,-41.257, 16.038, 5929.982, -34.187, 61.236, 99.992, 89.322, 29.174
175, 230.000, -36.359, 10.942, 4.800, 46.053, -37.063, 0.010, 4.642, -128.827
175, 325.000,-35.655, 9.988, 5930.326, -23.571, -17.054, 99.992, 89.719, 125.886
176, 230.000, 83.986, -8.614, 22.874, 53.469, -11.642, 0.010, 22.685, -102.283
176, 325.000,90.349, -9.458, 5919.120, 362.939, -43.716, 99.992, 86.466, -96.868
177, 230.000, 97.926, -3.400, 8.927, 43.285, -39.552, 0.010, 8.657, -132.420
177, 325.000,113.762, -5.091, 5874.464, 808.285, -68.920, 99.986, 82.138, -94.874
178, 230.000, 19.449, -19.125, 54.218, 14.987, -18.800, 0.010, 66.086, -141.440
178, 325.000,20.355, -20.145, 5929.617, 66.556, -69.750, 99.992, 89.069, -136.343
179, 230.000, 23.300, -22.999, 7.066, 27.188, -52.235, 0.010, 6.843, -152.503
179, 325.000,24.660, -25.155, 5929.042, 75.922, -101.439, 99.992, 88.776, -143.187
180, 230.000, 59.992, -75.346, 15.992, -55.040, -15.249, 0.010, 15.642, 105.486
180, 325.000,65.229, -84.472, 5900.633, 324.023, -497.202, 99.992, 84.257, -146.908
181, 230.000, -21.074, 9.970, 11.639, 58.149, -0.914, 0.010, 11.317, -90.901
181, 325.000,-19.728, 10.190, 5930.183, -29.990, 43.895, 99.993, 89.486, 34.341
182, 230.000, 71.672, -8.283, 1.325, 55.297, -21.404, 0.010, 1.280, -111.160
182, 325.000,76.038, -9.261, 5925.167, 245.108, -44.003, 99.992, 87.593, -100.178
183, 230.000, -41.726, -50.381, 54.868, 6.259, -21.633, 0.010, 67.685, -163.863
183, 325.000,-42.795, -52.590, 5928.184, -87.710, -136.241, 99.992, 88.434, 147.227
184, 230.000, -19.759, -55.480, 16.918, -9.700, -56.012, 0.010, 16.574, 170.175
184, 325.000,-20.596, -58.745, 5927.679, -50.696, -172.195, 99.992, 88.265, 163.595
185, 230.000, -46.254, -6.739, 18.949, 31.767, 46.362, 0.010, 18.633, -34.418
185, 325.000,-46.269, -5.412, 5930.058, -52.366, 35.586, 99.992, 89.388, 55.801
186, 230.000, -94.506, -14.714, 46.766, -35.607, -7.921, 0.010, 52.046, 102.541
186, 325.000,-106.097, -16.591, 5896.457, -625.873, -99.987, 99.993, 83.865, 99.077
187, 230.000, 22.844, 24.687, 51.932, -24.733, -14.457, 0.010, 61.117, 120.307
187, 325.000,22.543, 24.752, 5930.235, 22.816, 37.485, 99.992, 89.576, -31.327
188, 230.000, -62.284, 50.392, 49.134, 19.309, -27.031, 0.010, 55.937, -144.461
188, 325.000,-64.519, 51.845, 5926.482, -173.018, 128.019, 99.992, 87.920, 53.502
189, 230.000, 40.959, 88.578, 27.196, 23.669, -47.094, 0.010, 27.293, -153.316
189, 325.000,47.099, 98.913, 5893.377, 317.525, 581.389, 99.995, 83.587, -28.641
190, 230.000, -87.263, -33.633, 5.448, -53.748, 24.476, 0.010, 5.271, 65.516
190, 325.000,-97.016, -36.009, 5904.703, -529.272, -155.805, 99.993, 84.662, 106.403
191, 230.000, -19.950, 52.186, 3.810, 40.132, 43.504, 0.010, 3.683, -42.691
191, 325.000,-19.177, 54.890, 5928.551, 2.298, 147.857, 99.992, 88.571, -0.891
192, 230.000, 6.506, 16.877, 21.083, -52.328, 18.301, 0.010, 20.823, 70.724
192, 630.000,6.636, 34.237, 5921.687, 32.735, 319.908, 99.992, 86.892, -5.843
193, 230.000, 43.226, -15.523, 27.047, 19.212, 49.163, 0.010, 27.132, -21.344
193, 325.000,44.792, -14.303, 5929.520, 99.253, 22.398, 99.992, 89.017, -77.283
194, 230.000, -88.576, -30.730, 3.542, 28.277, 52.015, 0.010, 3.424, -28.530
194, 325.000,-95.703, -31.912, 5913.256, -438.008, -106.997, 99.993, 85.640, 103.727
195, 230.000, 44.758, -86.112, 40.120, -25.882, -35.188, 0.010, 42.566, 143.664
195, 325.000,49.731, -98.231, 5889.220, 283.540, -636.535, 99.989, 83.252, -155.990
196, 230.000, 40.197, -86.711, 44.980, -22.329, 31.558, 0.010, 49.322, 35.281
196, 325.000,43.766, -94.912, 5906.681, 216.241, -484.196, 99.993, 84.870, -155.935
197, 230.000, 12.772, 11.422, 25.733, -8.765, 52.713, 0.010, 25.714, 9.440
197, 630.000,23.416, 27.629, 5920.141, 207.608, 277.987, 99.988, 86.646, -36.753
198, 230.000, -93.845, -11.164, 26.240, 28.953, 44.619, 0.010, 26.259, -32.979
198, 325.000,-102.003, -10.883, 5910.047, -490.960, -14.507, 99.993, 85.249, 91.692
199, 230.000, 28.885, 47.779, 21.612, -0.056, -55.232, 0.010, 21.370, 179.942
199, 325.000,29.601, 47.214, 5930.021, 56.214, 35.866, 99.992, 89.356, -57.461
200, 230.000, -55.206, -41.464, 43.866, 16.322, -36.428, 0.010, 47.699, -155.865
200, 325.000,-56.519, -43.981, 5927.646, -116.327, -138.068, 99.992, 88.255, 139.885
201, 230.000, 28.027, -26.298, 9.982, 53.579, 23.395, 0.010, 9.690, -66.412
201, 325.000,30.331, -26.106, 5929.347, 108.469, -25.299, 99.992, 88.924, -103.129
202, 230.000, 67.225, 73.606, 58.618, 2.593, -8.650, 0.010, 81.243, -163.314
202, 325.000,83.631, 91.230, 5823.411, 769.358, 830.024, 100.058, 79.002, -42.828
203, 230.000, -2.841, -86.488, 36.894, -41.761, -20.309, 0.010, 38.467, 115.934
203, 325.000,-4.306, -92.365, 5919.357, -55.143, -357.579, 99.992, 86.502, 171.233
204, 230.000, -47.489, -33.713, 11.101, -26.805, -51.729, 0.010, 10.788, 152.608
204, 325.000,-49.598, -36.249, 5927.827, -124.524, -122.312, 99.992, 88.313, 134.487
205, 230.000, -72.673, 32.876, 27.569, -35.603, -38.601, 0.010, 27.699, 137.314
205, 325.000,-77.117, 33.176, 5924.176, -264.232, 62.129, 99.992, 87.377, 76.768
206, 230.000, 63.922, -76.477, 48.569, -26.885, -20.878, 0.010, 54.975, 127.833
206, 325.000,78.555, -95.556, 5823.753, 696.317, -890.166, 100.059, 79.018, -141.966
207, 230.000, 43.021, 19.417, 9.503, 48.261, -33.139, 0.010, 9.220, -124.476
207, 325.000,45.526, 18.797, 5928.991, 129.099, 1.412, 99.992, 88.753, -89.373
208, 230.000, -8.609, -39.860, 32.602, -43.507, 23.703, 0.010, 33.346, 61.418
208, 325.000,-10.177, -39.955, 5929.872, -61.209, -49.894, 99.992, 89.237, 129.185
209, 230.000, 57.406, 43.662, 31.625, -3.012, 50.084, 0.010, 32.223, 3.442
209, 325.000,59.386, 46.814, 5926.306, 145.552, 165.357, 99.992, 87.871, -41.355
210, 230.000, 21.966, 13.588, 47.658, -20.628, 28.650, 0.010, 53.471, 35.753
210, 325.000,21.808, 14.812, 5929.823, 43.877, 71.504, 99.992, 89.189, -31.534
211, 230.000, 45.459, -87.419, 16.698, -21.074, 52.865, 0.010, 16.352, 21.734
211, 325.000,51.650, -98.957, 5887.404, 334.552, -630.122, 99.994, 83.091, -152.035
212, 230.000, 30.571, -45.153, 12.529, -38.545, 43.300, 0.010, 12.196, 41.675
212, 325.000,30.089, -44.875, 5930.217, 18.823, -41.920, 99.992, 89.556, -155.819
213, 230.000, -63.299, 6.584, 21.507, -49.477, -24.639, 0.010, 21.261, 116.472
213, 325.000,-66.729, 5.999, 5927.302, -191.201, -11.060, 99.992, 88.149, 93.311
214, 230.000, 4.239, 61.011, 55.445, 10.960, 17.981, 0.010, 69.203, -31.364
214, 325.000,4.702, 63.270, 5928.533, 20.310, 147.314, 99.992, 88.563, -7.850
215, 230.000, 34.042, 8.299, 15.141, -1.784, 57.317, 0.010, 14.791, 1.783
215, 325.000,34.702, 10.306, 5929.537, 66.109, 76.277, 99.992, 89.025, -40.915
216, 230.000, 60.165, -9.161, 51.398, -0.064, -29.595, 0.010, 60.066, 179.876
216, 325.000,61.817, -10.345, 5928.847, 125.900, -49.878, 99.992, 88.692, -111.612
217, 230.000, -30.402, -9.315, 5.718, -31.691, -49.806, 0.010, 5.532, 147.532
217, 325.000,-32.060, -11.108, 5929.161, -97.285, -71.723, 99.992, 88.832, 126.399
218, 230.000, 68.205, -47.123, 41.716, -19.440, -37.410, 0.010, 44.697, 152.542
218, 325.000,71.106, -50.708, 5923.199, 212.368, -200.204, 99.991, 87.179, -133.311
219, 230.000, 28.471, 49.485, 41.083, 5.991, 42.355, 0.010, 43.843, -8.050
219, 325.000,29.397, 52.104, 5928.337, 63.203, 142.955, 99.992, 88.490, -23.851
220, 230.000, -47.018, 85.220, 53.132, 17.937, -19.310, 0.010, 63.617, -137.111
220, 325.000,-52.551, 95.644, 5894.410, -309.176, 574.511, 99.992, 83.684, 28.287
221, 230.000, 9.226, -49.043, 24.157, 19.095, 50.690, 0.010, 24.035, -20.641
221, 325.000,10.044, -48.555, 5930.154, 36.935, -38.779, 99.992, 89.483, -136.395
222, 230.000, 11.761, -2.693, 28.036, 36.038, 37.854, 0.010, 28.210, -43.592
222, 630.000,26.621, -0.981, 5924.518, 262.240, 10.704, 99.989, 87.463, -87.663
223, 230.000, 0.300, 60.850, 54.667, 15.611, -16.896, 0.010, 67.179, -137.265
223, 325.000,0.800, 61.982, 5929.365, 16.816, 109.350, 99.992, 88.931, -8.743
224, 230.000, -37.021, 4.282, 43.879, 11.662, 38.161, 0.010, 47.717, -16.994
224, 325.000,-37.430, 5.586, 5929.899, -59.671, 47.974, 99.992, 89.260, 51.201
225, 230.000, -29.852, 92.485, 51.736, -27.001, -10.580, 0.010, 60.728, 111.397
225, 325.000,-34.504, 104.075, 5891.711, -236.919, 633.109, 99.991, 83.455, 20.517
226, 230.000, -9.535, -46.523, 50.683, -30.567, -3.815, 0.010, 58.710, 97.114
226, 325.000,-10.717, -47.689, 5929.515, -49.194, -89.629, 99.992, 89.012, 151.240
227, 230.000, 89.564, 10.576, 21.478, 45.996, 30.671, 0.010, 21.231, -56.304
227, 325.000,97.658, 12.310, 5912.202, 457.354, 80.794, 99.992, 85.508, -79.982
228, 230.000, -47.648, 5.178, 16.299, -55.588, -12.724, 0.010, 15.951, 102.893
228, 325.000,-50.500, 4.890, 5928.611, -145.480, -3.614, 99.992, 88.594, 91.423
229, 230.000, 60.038, -4.973, 20.620, 55.369, -5.175, 0.010, 20.345, -95.340
229, 325.000,63.445, -5.274, 5927.541, 183.337, -15.797, 99.992, 88.222, -94.925
230, 230.000, 82.205, 1.750, 4.954, -15.919, -56.918, 0.010, 4.791, 164.374
230, 325.000,85.784, 0.056, 5924.617, 256.010, -54.041, 99.992, 87.471, -101.920
231, 230.000, 76.295, 15.207, 53.409, 5.098, 25.281, 0.010, 64.225, -11.401
231, 325.000,79.711, 16.645, 5925.477, 230.582, 71.369, 99.992, 87.667, -72.802
232, 230.000, 54.945, -3.608, 11.132, 50.144, 29.653, 0.010, 10.818, -59.402
232, 325.000,57.916, -2.756, 5928.204, 159.495, 23.660, 99.992, 88.442, -81.562
233, 230.000, -49.056, -38.036, 20.403, -30.453, -46.626, 0.010, 20.121, 146.850
233, 325.000,-51.421, -40.598, 5927.372, -137.352, -130.396, 99.992, 88.170, 133.512
234, 230.000, -41.719, 81.195, 23.283, -52.484, -14.867, 0.010, 23.114, 105.815
234, 325.000,-46.594, 87.088, 5913.543, -253.156, 368.416, 99.992, 85.677, 34.495
235, 230.000, 21.119, -81.793, 15.727, 49.363, 28.872, 0.010, 15.377, -59.677
235, 325.000,23.805, -85.343, 5923.276, 127.332, -261.309, 99.992, 87.190, -154.021
236, 230.000, -70.423, 60.880, 20.812, -39.552, -38.989, 0.010, 20.542, 134.589
236, 325.000,-77.842, 65.055, 5909.958, -407.799, 274.616, 99.991, 85.245, 56.043
237, 230.000, 42.400, -20.665, 23.797, 32.919, -43.217, 0.010, 23.655, -142.703
237, 325.000,44.401, -22.504, 5928.760, 112.051, -82.735, 99.992, 88.654, -126.441
238, 230.000, 94.160, -11.907, 22.971, 54.648, 1.876, 0.010, 22.787, -88.033
238, 325.000,105.703, -13.100, 5897.657, 618.035, -68.767, 99.990, 83.981, -96.349
239, 230.000, 59.580, -62.750, 23.806, 22.183, 49.587, 0.010, 23.664, -24.102
239, 325.000,63.814, -64.947, 5922.103, 251.355, -187.722, 99.992, 86.968, -126.754
240, 230.000, 58.679, -36.267, 11.702, -45.384, -36.346, 0.010, 11.379, 128.690
240, 325.000,59.166, -38.603, 5928.350, 93.261, -124.700, 99.992, 88.495, -143.208
241, 230.000, 13.162, -15.153, 27.489, 48.748, 19.637, 0.010, 27.612, -68.060
241, 325.000,15.070, -14.913, 5928.909, 125.246, -57.788, 99.996, 88.667, -114.768
242, 230.000, 28.973, 59.950, 25.009, -19.483, 50.126, 0.010, 24.940, 21.240
242, 325.000,29.268, 63.415, 5927.123, 46.966, 191.270, 99.992, 88.097, -13.796
243, 230.000, 73.522, 21.888, 50.174, 6.293, -30.993, 0.010, 57.776, -168.522
243, 325.000,76.734, 21.818, 5926.356, 216.826, 30.166, 99.992, 87.885, -82.079
244, 230.000, 12.024, -58.866, 5.664, -17.379, 56.423, 0.010, 5.480, 17.120
244, 325.000,11.792, -58.643, 5930.068, 6.577, -61.926, 99.992, 89.398, -173.938
245, 230.000, -66.727, -37.355, 15.081, 44.933, 35.654, 0.010, 14.731, -51.569
245, 325.000,-67.980, -37.727, 5928.370, -139.601, -67.170, 99.992, 88.503, 115.695
246, 230.000, 5.106, 9.782, 57.682, 13.332, 3.552, 0.010, 76.548, -75.080
246, 630.000,11.313, 19.238, 5926.751, 110.616, 178.190, 99.994, 87.973, -31.831
247, 230.000, -4.771, 2.996, 6.094, 56.309, 17.602, 0.010, 5.898, -72.641
247, 630.000,-2.945, 7.755, 5929.878, 2.007, 80.508, 99.993, 89.222, -1.428
248, 230.000, -9.226, 20.523, 42.969, 31.104, -26.531, 0.010, 46.426, -130.464
248, 325.000,-8.462, 20.190, 5929.956, -8.560, 66.923, 99.990, 89.348, 7.289
249, 230.000, -60.232, -66.652, 38.634, -8.587, 44.174, 0.010, 40.646, 11.000
249, 325.000,-64.737, -69.985, 5919.162, -271.676, -243.772, 99.992, 86.471, 131.901
250, 230.000, -65.419, 58.466, 0.883, -12.552, 57.959, 0.010, 0.853, 12.220
250, 325.000,-70.075, 64.079, 5915.976, -282.238, 301.717, 99.991, 86.005, 43.089
251, 230.000, -52.950, -2.413, 1.026, 26.924, 52.836, 0.010, 0.991, -27.002
251, 325.000,-53.359, -0.787, 5929.738, -72.808, 50.130, 99.992, 89.146, 55.452
252, 230.000, 91.402, 40.245, 26.618, -36.879, -38.066, 0.010, 26.667, 135.908
252, 325.000,116.779, 50.766, 5796.163, 1156.006, 485.454, 99.986, 77.794, -67.220
253, 230.000, 60.779, 34.463, 3.667, -57.320, 14.785, 0.010, 3.545, 75.536
253, 325.000,60.986, 36.076, 5928.928, 87.467, 98.857, 99.992, 88.725, -41.502
254, 230.000, -33.654, -4.161, 23.527, -4.549, -54.253, 0.010, 23.371, 175.207
254, 325.000,-34.509, -5.981, 5929.573, -73.714, -65.127, 99.992, 89.050, 131.461
255, 230.000, -87.806, 28.514, 9.012, -58.586, -2.029, 0.010, 8.740, 91.983
255, 325.000,-97.130, 30.895, 5906.858, -508.555, 142.733, 99.993, 84.890, 74.322
256, 230.000, 40.790, -19.026, 41.144, 40.549, -13.439, 0.010, 43.925, -108.337
256, 325.000,42.974, -19.871, 5929.051, 116.549, -48.696, 99.992, 88.780, -112.676
257, 230.000, -65.383, -66.104, 47.275, 3.393, 35.654, 0.010, 52.852, -5.436
257, 325.000,-70.901, -70.701, 5913.695, -329.264, -298.628, 99.991, 85.701, 132.207
258, 230.000, -15.092, -53.406, 12.690, 32.269, -48.117, 0.010, 12.355, -146.153
258, 325.000,-14.446, -56.279, 5928.374, 3.794, -154.749, 99.992, 88.504, -178.595
259, 230.000, 90.821, 30.082, 9.537, -31.850, -49.115, 0.010, 9.253, 147.037
259, 325.000,99.498, 31.786, 5907.022, 510.709, 127.957, 99.993, 84.907, -75.934
260, 230.000, -23.588, 88.648, 18.967, -47.352, -30.260, 0.010, 18.651, 122.581
260, 325.000,-26.915, 94.756, 5915.186, -163.205, 392.131, 99.992, 85.893, 22.597
261, 230.000, -8.882, -49.428, 26.553, 51.822, 11.273, 0.010, 26.597, -77.728
261, 325.000,-7.441, -50.212, 5929.731, 37.074, -80.538, 99.992, 89.143, -155.282
262, 230.000, -23.726, -19.737, 11.021, 50.978, -28.238, 0.010, 10.709, -118.983
262, 325.000,-22.604, -21.068, 5929.909, -1.727, -75.746, 99.992, 89.268, 178.694
263, 230.000, 23.157, -8.502, 9.776, -33.540, -47.928, 0.010, 9.487, 145.016
263, 325.000,22.622, -10.243, 5929.685, 42.293, -80.806, 99.991, 89.119, -152.373
264, 230.000, 63.284, 69.827, 59.212, -0.600, -3.350, 0.010, 86.710, 169.846
264, 325.000,69.331, 76.417, 5907.643, 349.966, 383.283, 99.992, 84.979, -42.398
265, 230.000, -19.568, -79.657, 15.344, 0.547, 57.288, 0.010, 14.993, -0.547
265, 325.000,-20.499, -81.724, 5926.721, -63.100, -199.011, 99.992, 87.983, 162.408
266, 230.000, -53.056, -23.040, 1.743, -7.689, 58.783, 0.010, 1.684, 7.452
266, 325.000,-54.673, -21.766, 5929.278, -114.225, 14.799, 99.992, 88.887, 82.618
267, 230.000, -23.231, -91.825, 7.521, 57.560, 12.163, 0.010, 7.285, -78.068
267, 325.000,-23.768, -100.509, 5908.309, -70.129, -506.998, 99.993, 85.049, 172.125
268, 230.000, 42.647, 74.719, 34.762, 43.539, 20.338, 0.010, 35.881, -64.961
268, 325.000,46.543, 79.811, 5918.663, 209.712, 308.362, 99.992, 86.395, -34.219
269, 230.000, 65.402, -22.360, 29.915, -31.927, 40.043, 0.010, 30.290, 38.566
269, 325.000,66.529, -21.828, 5929.112, 122.835, -11.674, 99.992, 88.808, -95.429
270, 230.000, -27.003, -73.974, 49.516, -14.725, 29.138, 0.010, 56.602, 26.810
270, 325.000,-28.638, -76.288, 5926.535, -96.359, -191.192, 99.992, 87.931, 153.252
271, 230.000, 82.136, 2.174, 13.416, 57.735, -2.071, 0.010, 13.074, -92.055
271, 325.000,88.130, 2.220, 5920.659, 339.755, 5.205, 99.992, 86.715, -89.122
272, 230.000, 89.224, -22.005, 29.681, 49.571, 13.392, 0.010, 30.029, -74.882
272, 325.000,98.134, -23.417, 5908.984, 494.262, -94.656, 99.991, 85.132, -100.841
273, 230.000, 85.246, -49.685, 51.199, 28.356, 9.604, 0.010, 59.683, -71.290
273, 325.000,99.980, -57.497, 5869.801, 744.183, -405.692, 100.001, 81.783, -118.597
274, 230.000, 92.629, 22.224, 26.121, 0.590, -53.245, 0.010, 26.130, -179.366
274, 325.000,102.306, 22.927, 5904.509, 548.454, 74.581, 99.992, 84.645, -82.256
275, 230.000, -42.904, -85.386, 13.899, -57.611, -2.338, 0.010, 13.553, 92.324
275, 325.000,-49.365, -94.835, 5897.898, -325.784, -528.267, 99.994, 83.993, 148.338
276, 230.000, 52.776, 20.755, 5.586, 35.905, -46.875, 0.010, 5.404, -142.549
276, 325.000,55.267, 19.795, 5928.690, 142.001, -7.375, 99.992, 88.626, -92.973
277, 230.000, -14.143, 16.375, 47.041, -23.511, 27.422, 0.010, 52.480, 40.609
277, 325.000,-15.240, 17.650, 5929.083, -82.134, 95.313, 99.992, 88.784, 40.752
278, 230.000, -16.733, -33.190, 47.885, -29.240, -19.228, 0.010, 53.839, 123.328
278, 325.000,-18.014, -34.499, 5929.482, -62.314, -83.333, 99.992, 88.995, 143.212
279, 230.000, 12.007, -8.884, 52.754, -25.220, 9.932, 0.010, 62.806, 68.505
279, 630.000,20.273, -15.965, 5926.271, 172.087, -140.689, 99.993, 87.852, -129.267
280, 230.000, 59.191, 49.036, 1.826, -34.203, -48.420, 0.010, 1.765, 144.763
280, 325.000,60.506, 49.494, 5928.294, 131.303, 87.762, 99.992, 88.474, -56.242
281, 230.000, -78.082, 42.385, 53.751, 5.064, -24.552, 0.010, 64.996, -168.346
281, 325.000,-83.158, 44.469, 5919.692, -322.221, 151.841, 99.992, 86.556, 64.769
282, 230.000, 57.349, -73.258, 23.427, -39.987, 37.012, 0.010, 23.266, 47.212
282, 325.000,61.011, -78.366, 5915.992, 247.227, -330.773, 99.991, 86.007, -143.225
283, 230.000, -25.620, 93.043, 16.095, -20.394, -53.317, 0.010, 15.746, 159.068
283, 325.000,-29.196, 102.189, 5902.931, -185.995, 539.240, 99.993, 84.480, 19.030
284, 230.000, 99.555, -6.442, 39.101, -28.544, -34.264, 0.010, 41.244, 140.204
284, 325.000,124.784, -9.148, 5813.716, 1173.370, -114.822, 100.048, 78.536, -95.589
285, 230.000, -4.558, -34.746, 20.405, -43.173, 35.177, 0.010, 20.123, 50.827
285, 325.000,-6.034, -34.357, 5930.042, -54.409, -34.682, 99.992, 89.377, 122.514
286, 230.000, 70.166, 62.190, 31.775, -6.542, 49.650, 0.010, 32.395, 7.507
286, 325.000,76.559, 69.547, 5905.442, 375.836, 392.220, 99.991, 84.744, -43.778
287, 230.000, 80.029, 26.609, 10.487, -20.646, 54.602, 0.010, 10.185, 20.713
287, 325.000,83.737, 29.759, 5922.575, 263.709, 152.450, 99.992, 87.056, -59.968
288, 230.000, 58.881, -28.335, 23.073, 16.619, 52.049, 0.010, 22.894, -17.708
288, 325.000,61.180, -27.544, 5928.507, 149.440, -9.500, 99.992, 88.553, -93.638
289, 230.000, -59.885, -25.597, 9.028, 58.278, -6.305, 0.010, 8.756, -96.175
289, 325.000,-59.813, -26.555, 5929.621, -72.044, -63.231, 99.992, 89.074, 131.273
290, 230.000, -76.507, 49.410, 48.039, 18.794, 29.270, 0.010, 54.092, -32.705
290, 325.000,-81.805, 54.101, 5915.017, -336.926, 261.539, 99.991, 85.876, 52.180
291, 230.000, 41.310, 17.410, 29.321, -39.899, -32.650, 0.010, 29.628, 129.294
291, 325.000,40.942, 16.751, 5930.294, 34.973, -1.665, 99.992, 89.662, -92.726
292, 230.000, -64.237, -73.427, 3.864, 58.295, 10.219, 0.010, 3.736, -80.057
292, 325.000,-70.893, -82.730, 5895.746, -391.111, -507.519, 99.994, 83.798, 142.381
293, 230.000, 37.628, -9.318, 38.900, 16.838, 41.484, 0.010, 40.986, -22.091
293, 325.000,38.959, -8.196, 5929.677, 88.613, 25.444, 99.992, 89.109, -73.979
294, 230.000, 11.272, 91.712, 24.977, 20.651, -49.672, 0.010, 24.906, -157.425
294, 325.000,12.826, 97.688, 5916.649, 77.118, 396.100, 99.992, 86.098, -11.017
295, 230.000, 76.717, 20.788, 34.360, -20.277, 43.885, 0.010, 35.404, 24.800
295, 325.000,79.530, 23.093, 5925.507, 214.393, 109.876, 99.992, 87.672, -62.865
296, 230.000, -58.336, 30.659, 20.365, 2.453, 55.650, 0.010, 20.082, -2.524
296, 325.000,-60.055, 33.362, 5927.573, -130.739, 127.927, 99.992, 88.233, 45.623
297, 230.000, 36.718, -57.305, 49.481, -26.101, -19.698, 0.010, 56.541, 127.042
297, 325.000,37.081, -59.770, 5928.039, 59.694, -156.049, 99.992, 88.386, -159.067
298, 230.000, -2.312, -44.732, 33.851, 48.643, -2.371, 0.010, 34.803, -92.791
298, 325.000,-0.816, -45.786, 5929.613, 46.126, -84.534, 99.992, 89.070, -151.381
299, 230.000, -30.435, -39.996, 37.292, -18.489, -42.250, 0.010, 38.960, 156.365
299, 325.000,-31.732, -42.269, 5928.722, -76.088, -118.570, 99.992, 88.639, 147.311
300, 230.000, -19.800, 35.198, 3.837, -58.357, -9.867, 0.010, 3.710, 99.597
300, 325.000,-22.087, 35.631, 5929.342, -97.264, 55.084, 99.992, 88.920, 60.476
