ion,x0,y0,z0,vx0,vy0,vz0,ke0,elev0,azim0,x1,y1,z1,vx1,vy1,vz1,ke1,elev1,azim1
1, 230.000, -33.662, 48.937, 0.728, -56.832, -16.949, 0.010, 0.703, 106.606
1, 325.000,-36.378, 49.719, 5928.407, -128.732, 83.825, 99.992, 88.516, 56.929
2, 230.000, 93.353, -7.967, 31.082, -20.941, -45.968, 0.010, 31.605, 155.508
2, 325.000,101.229, -10.095, 5910.635, 475.430, -91.441, 99.993, 85.317, -100.887
3, 230.000, -38.363, 17.648, 18.415, -37.968, -41.676, 0.010, 18.089, 137.666
3, 325.000,-40.412, 16.704, 5929.340, -111.525, -10.035, 99.992, 88.918, 95.142
4, 230.000, 91.866, 3.066, 7.942, -55.905, -18.143, 0.010, 7.696, 107.980
4, 325.000,97.384, 2.750, 5918.371, 377.577, -4.688, 99.992, 86.349, -90.711
5, 230.000, 29.075, 48.787, 14.080, -13.455, 56.021, 0.010, 13.733, 13.505
5, 325.000,29.401, 51.831, 5928.168, 44.572, 156.286, 99.992, 88.430, -15.918
6, 230.000, -15.278, 39.849, 38.840, 42.890, -13.020, 0.010, 40.910, -106.887
6, 325.000,-14.248, 40.306, 5930.050, 15.526, 62.049, 99.992, 89.382, -14.049
7, 230.000, 75.422, 10.863, 48.384, -20.037, 27.841, 0.010, 54.666, 35.742
7, 325.000,77.831, 12.170, 5926.992, 191.702, 59.746, 99.992, 88.060, -72.690
8, 230.000, -5.958, 25.320, 2.301, 52.105, 28.238, 0.010, 2.223, -61.545
8, 325.000,-4.420, 26.819, 5929.322, 37.872, 106.686, 99.992, 88.906, -19.544
9, 230.000, -29.500, -55.361, 0.456, -48.321, -34.388, 0.010, 0.441, 125.437
9, 325.000,-31.892, -58.063, 5927.203, -114.862, -157.056, 99.992, 88.120, 143.820
10, 230.000, 62.535, 29.081, 48.837, 33.652, -0.419, 0.010, 55.429, -90.714
10, 325.000,65.677, 30.037, 5927.020, 187.309, 70.368, 99.992, 88.066, -69.410
11, 230.000, 41.635, -7.909, 43.074, 11.106, -39.230, 0.010, 46.573, -164.193
11, 325.000,42.897, -9.328, 5929.457, 89.739, -55.534, 99.992, 88.980, -121.751
12, 230.000, 13.905, -22.646, 4.829, -58.993, -3.766, 0.010, 4.670, 93.653
12, 325.000,12.335, -23.302, 5929.881, -19.281, -76.103, 99.992, 89.241, 165.783
13, 230.000, -73.434, -50.290, 42.844, -20.416, 35.570, 0.010, 46.251, 29.854
13, 325.000,-79.060, -52.617, 5918.360, -333.615, -176.017, 99.991, 86.353, 117.816
14, 230.000, 5.473, -47.377, 14.522, -42.283, -38.973, 0.010, 14.173, 132.667
14, 325.000,4.251, -49.701, 5928.896, -33.551, -129.058, 99.992, 88.712, 165.427
15, 230.000, -10.193, 30.109, 20.546, -54.208, -12.529, 0.010, 20.268, 103.014
15, 325.000,-12.150, 30.367, 5929.593, -80.171, 55.555, 99.992, 89.058, 55.280
16, 230.000, -34.034, -24.417, 47.695, -24.690, -25.165, 0.010, 53.529, 135.545
16, 325.000,-35.559, -25.748, 5929.284, -89.472, -71.916, 99.992, 88.891, 128.792
17, 230.000, 24.131, -80.113, 10.972, -54.474, -20.732, 0.010, 10.661, 110.836
17, 325.000,23.712, -85.013, 5922.620, 27.157, -302.463, 99.992, 87.065, -174.869
18, 230.000, 22.074, -46.838, 52.339, 17.862, -21.429, 0.010, 61.942, -140.187
18, 325.000,23.167, -48.637, 5929.029, 60.741, -111.827, 99.992, 88.770, -151.491
19, 230.000, 3.126, 85.880, 33.964, 42.788, -23.093, 0.010, 34.935, -118.357
19, 325.000,4.633, 90.142, 5922.647, 56.855, 297.613, 99.992, 87.071, -10.815
20, 230.000, -61.346, 3.574, 40.616, 42.946, 4.863, 0.010, 43.220, -83.540
20, 325.000,-61.686, 3.826, 5929.776, -84.752, 12.580, 99.992, 89.172, 81.557
21, 230.000, -74.565, 56.814, 58.035, -5.335, -11.003, 0.010, 78.102, 154.135
21, 325.000,-81.607, 61.722, 5909.133, -406.880, 293.972, 99.992, 85.145, 54.152
22, 230.000, -27.202, -58.342, 48.779, 21.632, 25.891, 0.010, 55.330, -39.879
22, 325.000,-27.322, -59.244, 5929.398, -37.604, -101.950, 99.992, 88.950, 159.754
23, 230.000, -34.539, 50.857, 15.898, 19.444, 53.729, 0.010, 15.548, -19.894
23, 325.000,-34.897, 53.994, 5927.866, -53.748, 164.658, 99.992, 88.326, 18.078
24, 230.000, -96.063, -22.066, 30.356, 13.898, 49.020, 0.010, 30.786, -15.829
24, 325.000,-110.462, -24.012, 5880.846, -756.193, -124.534, 99.998, 82.575, 99.352
25, 230.000, 44.181, -31.601, 49.818, -29.820, -12.108, 0.010, 57.136, 112.100
25, 325.000,44.326, -32.762, 5929.675, 55.147, -74.080, 99.992, 89.108, -143.335
26, 230.000, 30.227, -5.472, 38.500, -29.556, 34.086, 0.010, 40.476, 40.928
26, 325.000,29.959, -4.506, 5930.190, 44.640, 22.273, 99.992, 89.518, -63.483
27, 230.000, -73.539, -53.124, 37.814, -31.737, -32.872, 0.010, 39.610, 136.007
27, 325.000,-80.167, -58.217, 5911.590, -377.287, -283.107, 99.991, 85.438, 126.884
28, 230.000, 41.709, -3.568, 45.028, 4.577, -38.329, 0.010, 49.395, -173.191
28, 325.000,42.763, -4.863, 5929.622, 83.522, -46.493, 99.992, 89.076, -119.103
29, 230.000, -40.098, 76.481, 2.123, -30.728, -50.684, 0.010, 2.052, 148.773
29, 325.000,-43.413, 79.404, 5922.799, -184.534, 236.590, 99.992, 87.100, 37.953
30, 230.000, -77.612, -60.847, 48.630, 31.382, 12.957, 0.010, 55.079, -67.565
30, 325.000,-88.718, -69.899, 5881.642, -592.212, -476.782, 99.998, 82.635, 128.837
31, 230.000, -12.547, -6.469, 35.756, -29.755, -36.795, 0.010, 37.075, 141.039
31, 630.000,-39.947, -24.118, 1819.319, -389.458, -241.878, 10.008, 75.856, 121.843
32, 230.000, -82.224, 28.244, 57.022, -15.950, 3.426, 0.010, 74.034, 77.876
32, 325.000,-87.793, 30.093, 5919.458, -340.894, 114.929, 99.991, 86.522, 71.369
33, 230.000, -31.177, 62.077, 43.702, 23.119, 32.762, 0.010, 47.463, -35.210
33, 325.000,-31.500, 65.195, 5927.238, -52.364, 186.349, 99.992, 88.130, 15.695
34, 230.000, 64.621, -39.649, 2.384, -59.194, -2.834, 0.010, 2.304, 92.741
34, 325.000,65.296, -41.296, 5928.179, 116.764, -112.588, 99.992, 88.433, -133.957
35, 230.000, -80.213, -19.758, 10.527, 53.342, -23.695, 0.010, 10.224, -113.951
35, 325.000,-82.542, -21.483, 5925.951, -210.974, -90.697, 99.992, 87.781, 113.263
36, 230.000, 80.870, 1.303, 5.251, -39.009, 44.366, 0.010, 5.079, 41.324
36, 325.000,83.431, 2.754, 5926.268, 215.459, 50.716, 99.992, 87.861, -76.754
37, 230.000, -30.076, 86.436, 23.313, 53.254, 11.755, 0.010, 23.146, -77.552
37, 325.000,-30.808, 93.601, 5914.638, -86.501, 423.660, 99.993, 85.819, 11.540
38, 230.000, 6.696, -95.322, 37.868, 24.744, -38.358, 0.010, 39.678, -147.175
38, 325.000,8.185, -107.022, 5896.386, 67.905, -631.125, 99.994, 83.856, -173.859
39, 230.000, -85.379, -43.358, 49.930, -25.886, -18.829, 0.010, 57.336, 126.031
39, 325.000,-95.747, -48.794, 5896.417, -562.527, -291.742, 99.991, 83.866, 117.413
40, 230.000, -41.593, 66.093, 54.636, 22.434, -5.410, 0.010, 67.102, -103.558
40, 325.000,-42.673, 68.751, 5926.513, -99.517, 189.802, 99.991, 87.929, 27.669
41, 230.000, -85.675, -33.722, 6.456, -10.950, 57.931, 0.010, 6.250, 10.704
41, 325.000,-92.997, -34.690, 5913.824, -430.351, -103.202, 99.991, 85.720, 103.485
42, 230.000, -12.649, -30.816, 55.824, 6.338, 19.005, 0.010, 70.258, -18.444
42, 325.000,-12.723, -30.883, 5930.159, -21.512, -48.675, 99.992, 89.486, 156.157
43, 230.000, -17.668, -90.338, 54.442, -2.096, 23.436, 0.010, 66.626, 5.112
43, 325.000,-19.162, -96.929, 5915.238, -88.045, -413.893, 99.990, 85.908, 167.991
44, 230.000, 62.133, -63.266, 25.237, -20.903, 49.434, 0.010, 25.184, 22.921
44, 325.000,65.550, -65.876, 5922.145, 233.629, -208.114, 99.992, 86.976, -131.694
45, 230.000, -75.274, 55.997, 1.059, 55.768, -20.160, 0.010, 1.023, -109.875
45, 325.000,-80.348, 60.424, 5914.431, -337.916, 274.099, 99.992, 85.793, 50.953
46, 230.000, 16.644, 2.085, 38.429, 23.090, -38.829, 0.010, 40.386, -149.262
46, 630.000,50.090, -0.558, 1813.777, 482.052, -19.232, 10.015, 75.105, -92.285
47, 230.000, 43.155, 23.206, 56.028, 6.148, 18.458, 0.010, 70.851, -18.422
47, 325.000,44.347, 24.326, 5929.418, 87.548, 62.766, 99.992, 88.959, -54.362
48, 230.000, 44.331, -44.657, 7.604, 33.005, 48.688, 0.010, 7.366, -34.133
48, 325.000,46.650, -44.395, 5928.780, 130.405, -46.255, 99.992, 88.663, -109.530
49, 230.000, -2.733, 50.627, 39.025, -13.735, 42.498, 0.010, 41.146, 17.911
49, 325.000,-3.233, 53.173, 5928.705, -19.419, 140.248, 99.992, 88.632, 7.883
50, 230.000, 94.115, -0.180, 12.236, -0.003, 58.034, 0.010, 11.906, 0.003
50, 325.000,103.077, 1.573, 5907.311, 518.861, 60.898, 99.991, 84.946, -83.306
51, 230.000, 34.640, -9.665, 3.131, -56.588, 17.481, 0.010, 3.026, 72.833
51, 325.000,33.579, -9.315, 5930.377, 14.700, -2.333, 99.992, 89.856, -99.018
52, 230.000, -48.174, -30.462, 29.156, 50.741, 9.639, 0.010, 29.445, -79.244
52, 325.000,-47.796, -30.934, 5930.020, -43.406, -50.711, 99.992, 89.355, 139.439
53, 230.000, 50.446, -79.130, 20.546, 53.195, -16.304, 0.010, 20.268, -107.040
53, 325.000,56.881, -87.175, 5903.420, 335.211, -454.209, 99.990, 84.538, -143.572
54, 230.000, 80.171, -49.849, 11.090, -21.731, 54.059, 0.010, 10.777, 21.899
54, 325.000,87.122, -52.934, 5911.699, 417.775, -216.531, 99.992, 85.449, -117.397
55, 230.000, 65.939, -8.364, 20.157, 55.005, -9.262, 0.010, 19.868, -99.558
55, 325.000,69.762, -8.921, 5926.555, 211.384, -29.192, 99.992, 87.938, -97.863
56, 230.000, -59.980, 63.111, 17.101, -48.403, 29.705, 0.010, 16.759, 58.463
56, 325.000,-65.275, 68.024, 5916.344, -292.178, 284.984, 99.992, 86.054, 45.714
57, 230.000, 12.956, 91.729, 32.903, 48.701, -7.951, 0.010, 33.695, -99.273
57, 325.000,15.548, 99.295, 5911.765, 117.296, 455.205, 99.993, 85.454, -14.450
58, 230.000, 25.840, 89.247, 39.063, -32.577, 30.504, 0.010, 41.195, 46.883
58, 325.000,27.115, 98.014, 5908.861, 99.119, 494.564, 99.990, 85.121, -11.333
59, 230.000, 13.952, 77.599, 14.535, -4.925, -57.290, 0.010, 14.186, 175.086
59, 325.000,14.401, 79.156, 5927.818, 36.393, 171.081, 99.992, 88.310, -12.009
60, 230.000, 26.605, -85.643, 57.941, 6.378, -10.944, 0.010, 77.668, -149.767
60, 325.000,28.693, -92.071, 5916.380, 123.780, -388.302, 99.992, 86.059, -162.319
61, 230.000, 35.514, 3.285, 16.832, 56.267, 8.269, 0.010, 16.487, -81.639
61, 325.000,38.072, 3.619, 5928.969, 129.190, 15.141, 99.992, 88.743, -83.316
62, 230.000, -66.783, -64.113, 33.388, -45.537, 18.145, 0.010, 34.260, 68.274
62, 325.000,-73.900, -69.053, 5909.780, -387.851, -306.522, 99.993, 85.218, 128.320
63, 230.000, -23.769, 44.627, 54.839, 15.000, -16.892, 0.010, 67.611, -138.396
63, 325.000,-23.852, 45.138, 5929.942, -29.517, 67.089, 99.992, 89.292, 23.748
64, 230.000, 11.579, -32.821, 4.514, 59.071, 2.800, 0.010, 4.365, -87.286
64, 325.000,13.721, -33.437, 5929.417, 85.630, -65.040, 99.992, 88.961, -127.219
65, 230.000, -25.618, 12.036, 26.016, -52.435, 9.560, 0.010, 26.017, 79.667
65, 325.000,-27.865, 12.609, 5929.066, -119.290, 40.123, 99.992, 88.784, 71.410
66, 230.000, -36.946, 80.772, 5.325, 12.984, 57.625, 0.010, 5.151, -12.698
66, 325.000,-39.094, 88.132, 5914.535, -145.050, 408.266, 99.991, 85.810, 19.559
67, 230.000, -52.659, -64.889, 37.146, 3.205, -46.126, 0.010, 38.778, -176.026
67, 325.000,-55.377, -69.795, 5921.097, -182.337, -277.415, 99.992, 86.791, 146.684
68, 230.000, 23.171, -69.744, 32.052, 47.718, -14.605, 0.010, 32.712, -107.018
68, 325.000,25.543, -72.831, 5925.892, 111.945, -202.174, 99.992, 87.767, -151.026
69, 230.000, -42.334, 10.153, 12.084, -57.173, -10.141, 0.010, 11.756, 100.058
69, 325.000,-45.091, 10.053, 5928.782, -138.048, 8.388, 99.992, 88.664, 86.523
70, 230.000, 24.791, -1.127, 3.081, -18.377, 56.306, 0.010, 2.977, 18.076
70, 325.000,24.804, 0.659, 5929.701, 69.941, 57.290, 99.992, 89.126, -50.678
71, 230.000, -39.222, 73.674, 3.846, 9.970, 58.339, 0.010, 3.718, -9.698
71, 325.000,-41.013, 79.445, 5920.282, -128.021, 321.676, 99.992, 86.653, 21.702
72, 230.000, 27.938, -78.326, 7.997, 42.678, 40.401, 0.010, 7.749, -46.570
72, 325.000,30.706, -81.090, 5924.461, 140.273, -224.841, 99.991, 87.439, -148.041
73, 230.000, 79.226, -7.343, 24.779, -35.759, 40.310, 0.010, 24.696, 41.576
73, 325.000,81.642, -6.410, 5926.838, 204.502, 19.837, 99.992, 88.015, -84.459
74, 230.000, 43.422, 2.526, 15.441, -12.485, 55.887, 0.010, 15.091, 12.593
74, 325.000,43.978, 4.364, 5929.668, 68.679, 62.701, 99.992, 89.101, -47.605
75, 230.000, -12.266, 0.036, 47.258, -31.681, -16.751, 0.010, 52.826, 117.868
75, 630.000,-39.559, -2.647, 1836.135, -387.624, -31.163, 10.015, 78.042, 94.596
76, 230.000, -74.067, -28.433, 48.033, -34.538, -4.189, 0.010, 54.083, 96.916
76, 325.000,-78.514, -29.857, 5923.690, -266.354, -92.736, 99.992, 87.274, 109.196
77, 230.000, 70.438, -64.985, 56.274, 0.671, 18.719, 0.010, 71.590, -2.052
77, 325.000,78.227, -71.588, 5902.038, 435.977, -381.571, 99.992, 84.394, -131.193
78, 230.000, -64.305, -9.281, 53.313, 18.621, -18.128, 0.010, 64.013, -134.232
78, 325.000,-65.645, -10.129, 5928.953, -124.591, -39.611, 99.992, 88.737, 107.637
79, 230.000, -13.388, 20.705, 35.310, 14.773, -45.306, 0.010, 36.538, -161.941
79, 325.000,-13.248, 19.769, 5930.161, -37.246, 32.890, 99.991, 89.520, 48.554
80, 230.000, -36.239, -57.050, 4.540, 31.020, -50.346, 0.010, 4.390, -148.361
80, 325.000,-36.424, -60.481, 5927.185, -53.566, -187.602, 99.992, 88.115, 164.064
81, 230.000, 34.846, 62.210, 4.098, -38.418, -44.999, 0.010, 3.962, 139.511
81, 325.000,34.833, 62.932, 5929.222, 46.848, 108.230, 99.992, 88.861, -23.406
82, 230.000, -48.320, -37.229, 53.353, 25.485, 4.649, 0.010, 64.101, -79.662
82, 325.000,-48.848, -38.108, 5929.465, -75.137, -73.438, 99.992, 88.985, 134.345
83, 230.000, 6.496, 71.015, 48.971, -20.874, -26.149, 0.010, 55.657, 141.401
83, 325.000,6.068, 72.665, 5928.460, -5.424, 151.305, 99.992, 88.537, 2.053
84, 230.000, -38.569, -89.533, 22.631, -49.195, -24.193, 0.010, 22.431, 116.187
84, 325.000,-45.354, -102.583, 5881.550, -335.780, -682.937, 99.998, 82.627, 153.818
85, 230.000, 47.220, 47.222, 49.244, -20.453, 25.968, 0.010, 56.128, 38.225
85, 325.000,48.058, 49.520, 5928.163, 88.320, 136.610, 99.992, 88.428, -32.883
86, 230.000, -53.313, 59.406, 18.823, 52.134, 21.105, 0.010, 18.503, -67.961
86, 325.000,-54.100, 62.762, 5925.788, -110.404, 206.110, 99.992, 87.740, 28.176
87, 230.000, 72.667, -63.051, 48.611, 1.536, -33.946, 0.010, 55.045, -177.410
87, 325.000,81.199, -71.436, 5895.024, 471.012, -443.562, 99.993, 83.737, -133.281
88, 230.000, -16.821, 39.675, 28.593, 30.122, 42.340, 0.010, 28.823, -35.429
88, 325.000,-16.232, 41.893, 5929.220, -0.234, 118.086, 99.992, 88.859, 0.114
89, 230.000, -84.360, 51.705, 25.992, -24.409, -47.394, 0.010, 25.992, 152.750
89, 325.000,-99.397, 59.069, 5868.473, -755.336, 395.965, 99.982, 81.731, 62.335
90, 230.000, 55.876, 33.828, 41.837, 10.455, -40.718, 0.010, 44.862, -165.599
90, 325.000,57.893, 33.567, 5928.722, 136.777, 33.904, 99.992, 88.638, -76.078
91, 230.000, -59.308, 21.228, 14.873, 24.656, -51.851, 0.010, 14.523, -154.569
91, 325.000,-60.219, 20.191, 5929.508, -102.349, -8.050, 99.992, 89.008, 94.497
92, 230.000, -38.582, 11.579, 48.683, 31.588, 12.241, 0.010, 55.168, -68.818
92, 325.000,-38.414, 12.218, 5930.146, -41.844, 35.121, 99.992, 89.472, 49.992
93, 230.000, 12.437, 41.234, 37.258, -44.206, 13.239, 0.010, 38.917, 73.328
93, 325.000,11.305, 42.558, 5929.648, -22.454, 91.242, 99.992, 89.092, 13.825
94, 230.000, -21.823, 37.241, 29.049, -30.478, -41.772, 0.010, 29.327, 143.884
94, 325.000,-23.271, 36.728, 5929.888, -72.802, 26.971, 99.992, 89.250, 69.672
95, 230.000, -25.294, -29.262, 30.231, -27.120, -43.223, 0.010, 30.645, 147.894
95, 325.000,-26.701, -31.268, 5929.041, -76.569, -100.885, 99.992, 88.776, 142.802
96, 230.000, -43.610, 48.800, 53.440, 24.941, -6.309, 0.010, 64.294, -104.195
96, 325.000,-44.142, 50.076, 5929.054, -72.345, 103.405, 99.992, 88.781, 34.978
97, 230.000, -26.028, 72.863, 2.348, -7.088, 58.838, 0.010, 2.269, 6.869
97, 325.000,-27.370, 77.844, 5923.259, -84.785, 278.222, 99.992, 87.189, 16.948
98, 230.000, 39.136, 26.467, 20.441, 23.387, -50.526, 0.010, 20.160, -155.162
98, 325.000,40.766, 25.458, 5929.592, 97.521, -2.777, 99.992, 89.057, -91.631
99, 230.000, 31.065, -28.737, 4.666, -43.291, 40.271, 0.010, 4.513, 47.070
99, 325.000,30.358, -28.076, 5930.362, 14.632, -13.303, 99.992, 89.809, -132.276
100, 230.000, 21.551, -81.208, 39.233, 21.281, -39.058, 0.010, 41.414, -151.415
100, 325.000,23.391, -86.867, 5920.219, 99.794, -332.708, 99.992, 86.642, -163.304
101, 230.000, -18.669, 89.261, 35.070, -46.798, -9.884, 0.010, 36.249, 101.926
101, 325.000,-21.550, 95.864, 5914.714, -137.323, 408.521, 99.992, 85.832, 18.580
102, 230.000, 45.150, -35.615, 33.641, -27.667, 40.254, 0.010, 34.556, 34.501
102, 325.000,45.437, -35.258, 5930.000, 61.801, -29.645, 99.992, 89.338, -115.626
103, 230.000, -82.607, 43.638, 53.780, -24.880, 2.520, 0.010, 65.062, 84.216
103, 325.000,-90.897, 47.694, 5907.334, -467.012, 235.392, 99.993, 84.941, 63.250
104, 230.000, 64.460, 31.692, 50.509, 28.159, 13.173, 0.010, 58.388, -64.928
104, 325.000,67.661, 33.245, 5926.384, 195.935, 95.632, 99.992, 87.893, -63.984
105, 230.000, -38.083, -23.989, 50.790, -22.147, -21.155, 0.010, 58.909, 133.688
105, 325.000,-39.633, -25.194, 5929.278, -93.914, -66.620, 99.992, 88.887, 125.351
106, 230.000, 57.047, -29.669, 26.854, -7.351, 52.369, 0.010, 26.922, 7.990
106, 325.000,58.492, -28.886, 5929.203, 118.269, -11.070, 99.992, 88.852, -95.347
107, 230.000, -76.089, 23.873, 46.545, 36.758, -0.183, 0.010, 51.701, -90.286
107, 325.000,-78.363, 24.940, 5926.732, -195.303, 73.176, 99.992, 87.985, 69.460
108, 230.000, -18.196, 87.754, 24.097, -33.915, -42.270, 0.010, 23.972, 141.258
108, 325.000,-20.503, 92.533, 5919.934, -114.314, 333.279, 99.992, 86.594, 18.932
109, 230.000, -23.560, -55.186, 25.925, 53.335, -0.961, 0.010, 25.920, -91.033
109, 325.000,-22.509, -56.710, 5929.266, 6.440, -115.518, 99.992, 88.882, -176.809
110, 230.000, 16.578, 29.162, 39.714, 2.581, -43.975, 0.010, 42.037, -176.641
110, 325.000,17.022, 28.397, 5930.233, 39.933, 19.378, 99.992, 89.571, -64.115
111, 230.000, 8.546, 71.343, 42.726, -32.387, -25.361, 0.010, 46.087, 128.063
111, 325.000,7.831, 73.064, 5928.362, -12.044, 154.947, 99.992, 88.498, 4.445
112, 230.000, -42.584, 61.628, 48.692, 12.446, 31.493, 0.010, 55.183, -21.564
112, 325.000,-43.862, 65.026, 5925.991, -104.568, 203.079, 99.992, 87.793, 27.244
113, 230.000, 47.091, 82.800, 20.186, -28.912, 47.689, 0.010, 19.898, 31.227
113, 325.000,51.231, 93.070, 5899.569, 252.400, 549.076, 99.993, 84.151, -24.687
114, 230.000, -64.777, -10.302, 37.604, 10.733, 44.592, 0.010, 39.347, -13.533
114, 325.000,-66.404, -9.209, 5928.810, -135.301, 23.062, 99.992, 88.674, 80.327
115, 230.000, 16.389, 89.571, 18.569, 2.901, -56.253, 0.010, 18.246, -177.047
115, 325.000,17.702, 94.533, 5919.589, 77.889, 349.192, 99.992, 86.541, -12.574
116, 230.000, 33.361, 58.816, 31.236, 26.447, 42.924, 0.010, 31.780, -31.639
116, 325.000,35.277, 62.078, 5926.542, 107.104, 184.971, 99.992, 87.935, -30.072
117, 230.000, 12.953, -10.572, 20.875, -31.365, -45.805, 0.010, 20.608, 145.598
117, 630.000,30.885, -36.919, 1818.561, 280.955, -365.791, 10.008, 75.768, -142.473
118, 230.000, 54.848, -23.326, 52.518, -22.889, 15.348, 0.010, 62.312, 56.156
118, 325.000,55.596, -23.467, 5929.637, 89.298, -32.155, 99.992, 89.083, -109.803
119, 230.000, 24.894, 84.882, 7.656, 22.192, -54.466, 0.010, 7.417, -157.832
119, 325.000,27.195, 88.694, 5922.012, 125.220, 289.297, 99.992, 86.953, -23.405
120, 230.000, 2.176, -67.615, 15.711, 53.086, -21.277, 0.010, 15.361, -111.841
120, 325.000,3.923, -70.466, 5927.280, 60.428, -182.429, 99.992, 88.143, -161.673
121, 230.000, 27.354, 18.899, 24.452, -48.493, 23.836, 0.010, 24.348, 63.824
121, 325.000,26.401, 20.073, 5930.009, 10.504, 67.385, 99.992, 89.341, -8.860
122, 230.000, -69.767, -2.911, 27.366, -40.837, -33.183, 0.010, 27.478, 129.096
122, 325.000,-73.441, -4.056, 5926.313, -215.996, -41.828, 99.992, 87.874, 100.960
123, 230.000, -27.030, 16.918, 4.538, 35.869, 47.015, 0.010, 4.388, -37.341
123, 325.000,-26.472, 18.797, 5929.692, -24.491, 88.309, 99.992, 89.115, 15.500
124, 230.000, -37.472, 55.864, 27.447, 50.860, -13.322, 0.010, 27.567, -104.678
124, 325.000,-37.042, 57.195, 5929.170, -33.929, 115.603, 99.992, 88.836, 16.357
125, 230.000, -59.772, -12.816, 58.768, -1.486, -7.855, 0.010, 82.254, 169.285
125, 325.000,-61.480, -13.419, 5928.908, -128.024, -35.269, 99.992, 88.717, 105.402
126, 230.000, -54.142, -60.868, 16.149, -14.886, -55.093, 0.010, 15.800, 164.880
126, 325.000,-57.291, -65.607, 5921.455, -195.576, -260.207, 99.992, 86.854, 143.071
127, 230.000, -50.633, -63.131, 46.270, -9.926, 35.752, 0.010, 51.274, 15.516
127, 325.000,-53.331, -64.996, 5925.629, -172.066, -164.020, 99.992, 87.703, 133.629
128, 230.000, -92.752, -14.241, 36.058, 25.473, -39.605, 0.010, 37.442, -147.252
128, 325.000,-100.527, -16.759, 5910.441, -471.496, -118.748, 99.992, 85.297, 104.136
129, 230.000, -59.600, -36.876, 27.375, -19.727, 48.776, 0.010, 27.488, 22.020
129, 325.000,-62.242, -36.590, 5927.890, -167.482, -40.076, 99.992, 88.336, 103.457
130, 230.000, 51.412, 56.270, 28.271, -26.816, 44.714, 0.010, 28.468, 30.952
130, 325.000,52.665, 59.964, 5925.603, 118.339, 207.027, 99.992, 87.696, -29.753
131, 230.000, -22.376, 16.659, 56.738, 16.133, 6.181, 0.010, 73.064, -69.037
131, 325.000,-22.374, 17.238, 5929.990, -45.622, 53.338, 99.992, 89.322, 40.542
132, 230.000, -39.083, 44.934, 36.985, -46.267, -3.025, 0.010, 38.578, 93.741
132, 325.000,-41.606, 46.058, 5928.297, -129.294, 90.330, 99.992, 88.476, 55.060
133, 230.000, -38.472, 26.228, 28.325, 20.950, -47.712, 0.010, 28.528, -156.294
133, 325.000,-38.669, 25.299, 5930.182, -50.548, -0.181, 99.992, 89.512, 90.205
134, 230.000, -39.769, 51.521, 50.779, 30.621, -1.222, 0.010, 58.889, -92.285
134, 325.000,-39.998, 53.027, 5929.017, -57.292, 114.173, 99.992, 88.766, 26.648
135, 230.000, 63.137, -0.097, 46.819, -21.719, -29.222, 0.010, 52.129, 143.379
135, 325.000,64.268, -1.020, 5929.209, 114.477, -30.553, 99.992, 88.855, -104.943
136, 230.000, -52.228, -11.587, 14.437, -26.113, 51.257, 0.010, 14.088, 26.997
136, 325.000,-54.337, -10.241, 5928.929, -128.328, 30.640, 99.992, 88.725, 76.571
137, 230.000, 9.695, 0.788, 20.540, 21.418, -51.352, 0.010, 20.263, -157.359
137, 630.000,30.757, -6.243, 1850.628, 301.067, -77.842, 10.012, 80.462, -104.497
138, 230.000, -30.453, 62.782, 11.287, 26.077, 52.060, 0.010, 10.971, -26.607
138, 325.000,-30.668, 66.568, 5926.481, -48.312, 209.920, 99.992, 87.918, 12.961
139, 230.000, -17.221, -79.591, 18.014, 15.809, -54.251, 0.010, 17.681, -163.753
139, 325.000,-17.579, -85.225, 5921.555, -40.527, -321.174, 99.992, 86.871, 172.808
140, 230.000, -65.911, 27.606, 22.939, 17.294, 51.888, 0.010, 22.753, -18.433
140, 325.000,-67.693, 30.215, 5927.206, -149.691, 124.378, 99.992, 88.119, 50.277
141, 230.000, -77.461, 24.108, 23.999, 53.199, -10.561, 0.010, 23.869, -101.228
141, 325.000,-79.434, 24.909, 5926.980, -190.247, 65.504, 99.992, 88.056, 71.001
142, 230.000, 50.493, -73.996, 37.479, -45.962, 0.683, 0.010, 39.192, 89.149
142, 325.000,52.583, -79.111, 5919.437, 169.145, -318.487, 99.992, 86.514, -152.028
143, 230.000, 57.105, -48.333, 43.986, 29.205, -27.017, 0.010, 47.870, -132.771
143, 325.000,60.265, -51.080, 5925.167, 188.825, -162.222, 99.992, 87.594, -130.666
144, 230.000, -42.798, 85.378, 31.636, -7.050, -49.670, 0.010, 32.236, 171.922
144, 325.000,-47.497, 92.824, 5907.219, -261.725, 454.076, 99.993, 84.930, 29.959
145, 230.000, 75.642, -57.852, 23.339, 28.325, 46.590, 0.010, 23.173, -31.298
145, 325.000,84.398, -62.479, 5903.831, 478.148, -292.807, 99.992, 84.575, -121.482
146, 230.000, -50.380, -71.378, 4.838, 24.046, -54.000, 0.010, 4.679, -155.997
146, 325.000,-52.832, -77.588, 5917.724, -177.516, -344.660, 99.992, 86.252, 152.749
147, 230.000, 19.828, 7.069, 55.572, 19.061, 8.128, 0.010, 69.550, -66.906
147, 325.000,20.957, 7.514, 5929.120, 117.881, 43.527, 99.994, 88.786, -69.734
148, 230.000, -19.841, 9.602, 5.855, -22.986, 54.360, 0.010, 5.666, 22.921
148, 325.000,-21.076, 11.594, 5928.639, -103.635, 97.701, 99.990, 88.624, 46.688
149, 230.000, 5.124, -27.765, 49.425, -24.863, -21.369, 0.010, 56.443, 130.678
149, 325.000,4.447, -29.072, 5929.618, -12.850, -95.821, 99.992, 89.066, 172.362
150, 230.000, -86.324, -5.910, 33.403, -31.419, 37.613, 0.010, 34.277, 39.873
150, 325.000,-92.555, -5.105, 5918.836, -369.832, 16.679, 99.992, 86.421, 87.418
151, 230.000, 87.376, 44.953, 40.943, -35.066, 24.732, 0.010, 43.656, 54.804
151, 325.000,99.263, 52.342, 5883.593, 641.375, 375.844, 99.991, 82.799, -59.630
152, 230.000, 75.736, 45.101, 47.963, -8.920, 33.729, 0.010, 53.967, 14.813
152, 325.000,80.414, 49.089, 5918.525, 302.648, 221.516, 99.992, 86.374, -53.799
153, 230.000, 73.517, -40.686, 23.648, 54.390, -0.417, 0.010, 23.498, -90.439
153, 325.000,79.245, -42.932, 5919.844, 321.797, -146.803, 99.992, 86.581, -114.522
154, 230.000, -53.364, 68.154, 35.497, 28.332, -38.143, 0.010, 36.762, -143.395
154, 325.000,-55.633, 70.991, 5923.852, -172.760, 218.576, 99.992, 87.307, 38.322
155, 230.000, -4.905, 82.888, 8.549, 58.177, -7.743, 0.010, 8.287, -97.581
155, 325.000,-3.340, 86.906, 5923.840, 44.476, 274.879, 99.991, 87.309, -9.191
156, 230.000, 59.677, -72.239, 4.429, 56.180, 18.488, 0.010, 4.283, -71.784
156, 325.000,66.963, -78.412, 5906.255, 383.713, -372.252, 99.992, 84.828, -134.131
157, 230.000, -23.147, -30.225, 17.418, -48.149, -29.932, 0.010, 17.078, 121.867
157, 325.000,-25.181, -31.830, 5928.972, -94.572, -89.266, 99.992, 88.743, 133.347
158, 230.000, -84.799, 52.242, 34.541, -32.959, -35.189, 0.010, 35.618, 136.875
158, 325.000,-104.719, 62.872, 5833.692, -941.648, 520.425, 100.048, 79.551, 61.072
159, 230.000, -84.805, 7.459, 9.351, 57.657, 10.290, 0.010, 9.071, -79.881
159, 325.000,-87.678, 8.190, 5925.231, -244.499, 37.693, 99.992, 87.609, 81.236
160, 230.000, -40.129, -72.110, 21.874, 28.249, 47.340, 0.010, 21.643, -30.826
160, 325.000,-41.232, -74.201, 5926.485, -103.167, -188.988, 99.992, 87.919, 151.370
161, 230.000, 40.448, -21.751, 37.153, -30.172, 35.028, 0.010, 38.787, 40.741
161, 325.000,40.392, -21.123, 5930.225, 44.712, -4.558, 99.992, 89.566, -95.820
162, 230.000, -32.627, 67.726, 9.356, 11.479, -57.431, 0.010, 9.076, -168.697
162, 325.000,-33.520, 68.523, 5928.602, -76.669, 124.023, 99.992, 88.591, 31.723
163, 230.000, -29.363, 51.138, 40.444, 40.423, 15.745, 0.010, 42.993, -68.719
163, 325.000,-28.868, 52.997, 5929.125, -18.324, 121.246, 99.992, 88.815, 8.594
164, 230.000, 70.022, -44.625, 35.502, -47.389, -3.400, 0.010, 36.769, 94.104
164, 325.000,72.106, -46.999, 5925.429, 187.041, -154.536, 99.992, 87.655, -129.564
165, 230.000, -87.663, 17.289, 46.527, 23.153, 28.580, 0.010, 51.672, -39.011
165, 325.000,-92.987, 19.359, 5919.065, -351.335, 104.385, 99.992, 86.457, 73.453
166, 230.000, -2.106, 20.718, 35.028, -2.791, 47.780, 0.010, 36.199, 3.343
166, 325.000,-2.250, 22.785, 5928.525, -12.596, 146.601, 99.990, 88.578, 4.911
167, 230.000, 14.786, 45.319, 7.986, 58.382, -6.735, 0.010, 7.738, -96.581
167, 325.000,16.985, 46.136, 5929.227, 88.175, 77.905, 99.992, 88.863, -48.539
168, 230.000, -39.561, -22.117, 28.595, -42.462, 29.949, 0.010, 28.825, 54.804
168, 325.000,-41.794, -21.658, 5929.217, -117.779, -10.225, 99.992, 88.858, 94.962
169, 230.000, 56.588, -43.194, 48.024, -9.554, -33.467, 0.010, 54.068, 164.067
169, 325.000,58.276, -45.761, 5927.135, 133.530, -144.425, 99.992, 88.099, -137.245
170, 230.000, 27.809, 18.775, 8.592, 58.511, 4.508, 0.010, 8.330, -85.594
170, 325.000,30.280, 19.323, 5929.037, 119.015, 43.815, 99.992, 88.775, -69.789
171, 230.000, -20.383, 9.038, 45.997, 4.496, 37.171, 0.010, 50.854, -6.897
171, 325.000,-20.757, 10.458, 5929.331, -82.548, 80.044, 99.993, 88.889, 45.883
172, 230.000, -83.120, 51.384, 54.748, -6.488, -21.867, 0.010, 67.383, 163.473
172, 325.000,-94.785, 57.823, 5887.511, -618.499, 354.624, 99.996, 83.095, 60.172
173, 230.000, 22.140, -46.561, 45.861, 33.514, -17.064, 0.010, 50.646, -116.983
173, 325.000,23.730, -48.214, 5928.936, 77.018, -106.653, 99.992, 88.729, -144.166
174, 230.000, -41.660, 14.668, 27.147, 41.119, 33.014, 0.010, 27.240, -51.239
174, 325.000,-41.270, 16.043, 5929.967, -35.782, 61.841, 99.992, 89.310, 30.054
175, 230.000, -36.359, 10.942, 4.800, 46.053, -37.063, 0.010, 4.642, -128.827
175, 325.000,-35.670, 9.992, 5930.318, -25.841, -16.408, 99.992, 89.704, 122.413
176, 230.000, 83.986, -8.614, 22.874, 53.469, -11.642, 0.010, 22.685, -102.283
176, 325.000,90.353, -9.458, 5919.095, 363.336, -43.758, 99.992, 86.462, -96.867
177, 230.000, 97.926, -3.400, 8.927, 43.285, -39.552, 0.010, 8.657, -132.420
177, 325.000,113.766, -5.091, 5874.432, 808.522, -68.929, 99.986, 82.135, -94.873
178, 230.000, 19.449, -19.125, 54.218, 14.987, -18.800, 0.010, 66.086, -141.440
178, 325.000,20.370, -20.160, 5929.551, 69.375, -72.538, 99.992, 89.030, -136.277
179, 230.000, 23.300, -22.999, 7.066, 27.188, -52.235, 0.010, 6.843, -152.503
179, 325.000,24.672, -25.168, 5928.986, 77.774, -103.316, 99.992, 88.751, -143.028
180, 230.000, 59.992, -75.346, 15.992, -55.040, -15.249, 0.010, 15.642, 105.486
180, 325.000,65.231, -84.475, 5900.606, 324.188, -497.412, 99.992, 84.254, -146.906
181, 230.000, -21.074, 9.970, 11.639, 58.149, -0.914, 0.010, 11.317, -90.901
181, 325.000,-19.750, 10.201, 5930.128, -36.281, 47.114, 99.993, 89.425, 37.599
182, 230.000, 71.672, -8.283, 1.325, 55.297, -21.404, 0.010, 1.280, -111.160
182, 325.000,76.045, -9.262, 5925.141, 245.712, -44.075, 99.992, 87.587, -100.169
183, 230.000, -41.726, -50.381, 54.868, 6.259, -21.633, 0.010, 67.685, -163.863
183, 325.000,-42.800, -52.596, 5928.163, -88.206, -136.846, 99.992, 88.427, 147.196
184, 230.000, -19.759, -55.480, 16.918, -9.700, -56.012, 0.010, 16.574, 170.175
184, 325.000,-20.600, -58.754, 5927.651, -51.006, -173.074, 99.992, 88.256, 163.579
185, 230.000, -46.254, -6.739, 18.949, 31.767, 46.362, 0.010, 18.633, -34.418
185, 325.000,-46.282, -5.414, 5930.046, -53.897, 35.395, 99.992, 89.377, 56.706
186, 230.000, -94.506, -14.714, 46.766, -35.607, -7.921, 0.010, 52.046, 102.541
186, 325.000,-106.101, -16.591, 5896.430, -626.130, -100.027, 99.993, 83.862, 99.077
187, 230.000, 22.844, 24.687, 51.932, -24.733, -14.457, 0.010, 61.117, 120.307
187, 325.000,22.555, 24.765, 5930.214, 24.754, 39.606, 99.992, 89.549, -32.005
188, 230.000, -62.284, 50.392, 49.134, 19.309, -27.031, 0.010, 55.937, -144.461
188, 325.000,-64.524, 51.849, 5926.464, -173.401, 128.328, 99.992, 87.915, 53.496
189, 230.000, 40.959, 88.578, 27.196, 23.669, -47.094, 0.010, 27.293, -153.316
189, 325.000,47.100, 98.917, 5893.348, 317.636, 581.628, 99.995, 83.584, -28.640
190, 230.000, -87.263, -33.633, 5.448, -53.748, 24.476, 0.010, 5.271, 65.516
190, 325.000,-97.019, -36.010, 5904.676, -529.535, -155.905, 99.993, 84.659, 106.405
191, 230.000, -19.950, 52.186, 3.810, 40.132, 43.504, 0.010, 3.683, -42.691
191, 325.000,-19.181, 54.899, 5928.526, 1.945, 148.840, 99.992, 88.562, -0.749
192, 230.000, 6.506, 16.877, 21.083, -52.328, 18.301, 0.010, 20.823, 70.724
192, 630.000,9.479, 49.814, 1814.852, 70.676, 477.152, 10.026, 75.116, -8.425
193, 230.000, 43.226, -15.523, 27.047, 19.212, 49.163, 0.010, 27.132, -21.344
193, 325.000,44.805, -14.307, 5929.497, 100.708, 21.918, 99.992, 89.004, -77.722
194, 230.000, -88.576, -30.730, 3.542, 28.277, 52.015, 0.010, 3.424, -28.530
194, 325.000,-95.707, -31.913, 5913.233, -438.297, -107.096, 99.993, 85.637, 103.731
195, 230.000, 44.758, -86.112, 40.120, -25.882, -35.188, 0.010, 42.566, 143.664
195, 325.000,49.733, -98.234, 5889.189, 283.657, -636.761, 99.989, 83.249, -155.989
196, 230.000, 40.197, -86.711, 44.980, -22.329, 31.558, 0.010, 49.322, 35.281
196, 325.000,43.768, -94.916, 5906.655, 216.360, -484.454, 99.993, 84.867, -155.934
197, 230.000, 12.772, 11.422, 25.733, -8.765, 52.713, 0.010, 25.714, 9.440
197, 630.000,34.040, 40.363, 1806.619, 318.261, 400.094, 10.023, 74.199, -38.501
198, 230.000, -93.845, -11.164, 26.240, 28.953, 44.619, 0.010, 26.259, -32.979
198, 325.000,-102.007, -10.883, 5910.023, -491.246, -14.540, 99.993, 85.246, 91.695
199, 230.000, 28.885, 47.779, 21.612, -0.056, -55.232, 0.010, 21.370, 179.942
199, 325.000,29.607, 47.223, 5930.009, 56.808, 36.824, 99.992, 89.346, -57.048
200, 230.000, -55.206, -41.464, 43.866, 16.322, -36.428, 0.010, 47.699, -155.865
200, 325.000,-56.525, -43.985, 5927.625, -116.884, -138.496, 99.992, 88.249, 139.837
201, 230.000, 28.027, -26.298, 9.982, 53.579, 23.395, 0.010, 9.690, -66.412
201, 325.000,30.343, -26.116, 5929.313, 110.021, -26.662, 99.992, 88.906, -103.622
202, 230.000, 67.225, 73.606, 58.618, 2.593, -8.650, 0.010, 81.243, -163.314
202, 325.000,83.634, 91.233, 5823.363, 769.529, 830.211, 100.058, 78.999, -42.828
203, 230.000, -2.841, -86.488, 36.894, -41.761, -20.309, 0.010, 38.467, 115.934
203, 325.000,-4.306, -92.369, 5919.334, -55.158, -357.957, 99.992, 86.499, 171.240
204, 230.000, -47.489, -33.713, 11.101, -26.805, -51.729, 0.010, 10.788, 152.608
204, 325.000,-49.606, -36.255, 5927.799, -125.296, -122.871, 99.992, 88.304, 134.440
205, 230.000, -72.673, 32.876, 27.569, -35.603, -38.601, 0.010, 27.699, 137.314
205, 325.000,-77.122, 33.178, 5924.154, -264.672, 62.322, 99.992, 87.372, 76.750
206, 230.000, 63.922, -76.477, 48.569, -26.885, -20.878, 0.010, 54.975, 127.833
206, 325.000,78.558, -95.559, 5823.705, 696.479, -890.359, 100.059, 79.015, -141.966
207, 230.000, 43.021, 19.417, 9.503, 48.261, -33.139, 0.010, 9.220, -124.476
207, 325.000,45.538, 18.802, 5928.962, 130.409, 1.967, 99.992, 88.740, -89.136
208, 230.000, -8.609, -39.860, 32.602, -43.507, 23.703, 0.010, 33.346, 61.418
208, 325.000,-10.180, -39.970, 5929.851, -61.671, -51.777, 99.992, 89.222, 130.016
209, 230.000, 57.406, 43.662, 31.625, -3.012, 50.084, 0.010, 32.223, 3.442
209, 325.000,59.392, 46.818, 5926.283, 146.039, 165.736, 99.992, 87.865, -41.385
210, 230.000, 21.966, 13.588, 47.658, -20.628, 28.650, 0.010, 53.471, 35.753
210, 325.000,21.826, 14.824, 5929.752, 47.805, 74.137, 99.992, 89.148, -32.814
211, 230.000, 45.459, -87.419, 16.698, -21.074, 52.865, 0.010, 16.352, 21.734
211, 325.000,51.651, -98.960, 5887.372, 334.672, -630.353, 99.994, 83.088, -152.035
212, 230.000, 30.571, -45.153, 12.529, -38.545, 43.300, 0.010, 12.196, 41.675
212, 325.000,30.095, -44.884, 5930.207, 19.485, -42.904, 99.992, 89.545, -155.575
213, 230.000, -63.299, 6.584, 21.507, -49.477, -24.639, 0.010, 21.261, 116.472
213, 325.000,-66.738, 6.000, 5927.276, -191.997, -10.985, 99.992, 88.142, 93.275
214, 230.000, 4.239, 61.011, 55.445, 10.960, 17.981, 0.010, 69.203, -31.364
214, 325.000,4.702, 63.280, 5928.510, 20.375, 148.207, 99.992, 88.554, -7.828
215, 230.000, 34.042, 8.299, 15.141, -1.784, 57.317, 0.010, 14.791, 1.783
215, 325.000,34.718, 10.311, 5929.501, 68.504, 76.962, 99.992, 89.005, -41.672
216, 230.000, 60.165, -9.161, 51.398, -0.064, -29.595, 0.010, 60.066, 179.876
216, 325.000,61.826, -10.347, 5928.827, 126.800, -50.024, 99.992, 88.683, -111.530
217, 230.000, -30.402, -9.315, 5.718, -31.691, -49.806, 0.010, 5.532, 147.532
217, 325.000,-32.077, -11.114, 5929.104, -99.963, -72.630, 99.992, 88.806, 126.001
218, 230.000, 68.205, -47.123, 41.716, -19.440, -37.410, 0.010, 44.697, 152.542
218, 325.000,71.110, -50.711, 5923.177, 212.729, -200.458, 99.991, 87.175, -133.299
219, 230.000, 28.471, 49.485, 41.083, 5.991, 42.355, 0.010, 43.843, -8.050
219, 325.000,29.402, 52.112, 5928.310, 63.698, 143.825, 99.992, 88.480, -23.888
220, 230.000, -47.018, 85.220, 53.132, 17.937, -19.310, 0.010, 63.617, -137.111
220, 325.000,-52.553, 95.647, 5894.380, -309.304, 574.742, 99.992, 83.681, 28.287
221, 230.000, 9.226, -49.043, 24.157, 19.095, 50.690, 0.010, 24.035, -20.641
221, 325.000,10.047, -48.567, 5930.143, 37.209, -40.142, 99.992, 89.471, -137.172
222, 230.000, 11.761, -2.693, 28.036, 36.038, 37.854, 0.010, 28.210, -43.592
222, 630.000,38.873, -1.321, 1836.816, 382.691, 0.944, 10.009, 78.231, -89.859
223, 230.000, 0.300, 60.850, 54.667, 15.611, -16.896, 0.010, 67.179, -137.265
223, 325.000,0.800, 61.991, 5929.348, 16.826, 110.268, 99.992, 88.922, -8.676
224, 230.000, -37.021, 4.282, 43.879, 11.662, 38.161, 0.010, 47.717, -16.994
224, 325.000,-37.447, 5.588, 5929.873, -61.933, 48.295, 99.992, 89.241, 52.053
225, 230.000, -29.852, 92.485, 51.736, -27.001, -10.580, 0.010, 60.728, 111.397
225, 325.000,-34.505, 104.078, 5891.681, -236.999, 633.356, 99.991, 83.452, 20.516
226, 230.000, -9.535, -46.523, 50.683, -30.567, -3.815, 0.010, 58.710, 97.114
226, 325.000,-10.720, -47.701, 5929.491, -49.501, -91.033, 99.992, 88.999, 151.464
227, 230.000, 89.564, 10.576, 21.478, 45.996, 30.671, 0.010, 21.231, -56.304
227, 325.000,97.662, 12.311, 5912.177, 457.671, 80.833, 99.992, 85.505, -79.984
228, 230.000, -47.648, 5.178, 16.299, -55.588, -12.724, 0.010, 15.951, 102.893
228, 325.000,-50.512, 4.892, 5928.578, -146.825, -3.479, 99.992, 88.581, 91.357
229, 230.000, 60.038, -4.973, 20.620, 55.369, -5.175, 0.010, 20.345, -95.340
229, 325.000,63.454, -5.275, 5927.513, 184.225, -15.871, 99.992, 88.213, -94.924
230, 230.000, 82.205, 1.750, 4.954, -15.919, -56.918, 0.010, 4.791, 164.374
230, 325.000,85.789, 0.056, 5924.597, 256.458, -54.037, 99.992, 87.467, -101.899
231, 230.000, 76.295, 15.207, 53.409, 5.098, 25.281, 0.010, 64.225, -11.401
231, 325.000,79.717, 16.646, 5925.456, 231.088, 71.472, 99.992, 87.662, -72.814
232, 230.000, 54.945, -3.608, 11.132, 50.144, 29.653, 0.010, 10.818, -59.402
232, 325.000,57.926, -2.757, 5928.176, 160.555, 23.604, 99.992, 88.432, -81.637
233, 230.000, -49.056, -38.036, 20.403, -30.453, -46.626, 0.010, 20.121, 146.850
233, 325.000,-51.428, -40.604, 5927.345, -138.014, -130.915, 99.992, 88.162, 133.488
234, 230.000, -41.719, 81.195, 23.283, -52.484, -14.867, 0.010, 23.114, 105.815
234, 325.000,-46.596, 87.091, 5913.519, -253.304, 368.700, 99.992, 85.674, 34.490
235, 230.000, 21.119, -81.793, 15.727, 49.363, 28.872, 0.010, 15.377, -59.677
235, 325.000,23.806, -85.348, 5923.256, 127.440, -261.707, 99.992, 87.187, -154.036
236, 230.000, -70.423, 60.880, 20.812, -39.552, -38.989, 0.010, 20.542, 134.589
236, 325.000,-77.845, 65.058, 5909.933, -408.027, 274.811, 99.991, 85.242, 56.039
237, 230.000, 42.400, -20.665, 23.797, 32.919, -43.217, 0.010, 23.655, -142.703
237, 325.000,44.412, -22.510, 5928.728, 113.300, -83.362, 99.992, 88.641, -126.344
238, 230.000, 94.160, -11.907, 22.971, 54.648, 1.876, 0.010, 22.787, -88.033
238, 325.000,105.706, -13.100, 5897.629, 618.298, -68.800, 99.990, 83.978, -96.349
239, 230.000, 59.580, -62.750, 23.806, 22.183, 49.587, 0.010, 23.664, -24.102
239, 325.000,63.817, -64.951, 5922.083, 251.622, -187.999, 99.992, 86.964, -126.765
240, 230.000, 58.679, -36.267, 11.702, -45.384, -36.346, 0.010, 11.379, 128.690
240, 325.000,59.173, -38.607, 5928.332, 93.861, -125.084, 99.992, 88.489, -143.116
241, 230.000, 13.162, -15.153, 27.489, 48.748, 19.637, 0.010, 27.612, -68.060
241, 325.000,15.088, -14.931, 5928.645, 131.054, -63.616, 99.993, 88.592, -115.893
242, 230.000, 28.973, 59.950, 25.009, -19.483, 50.126, 0.010, 24.940, 21.240
242, 325.000,29.272, 63.423, 5927.099, 47.280, 191.941, 99.992, 88.090, -13.838
243, 230.000, 73.522, 21.888, 50.174, 6.293, -30.993, 0.010, 57.776, -168.522
243, 325.000,76.740, 21.820, 5926.336, 217.350, 30.318, 99.992, 87.879, -82.059
244, 230.000, 12.024, -58.866, 5.664, -17.379, 56.423, 0.010, 5.480, 17.120
244, 325.000,11.794, -58.653, 5930.058, 6.773, -62.897, 99.992, 89.389, -173.854
245, 230.000, -66.727, -37.355, 15.081, 44.933, 35.654, 0.010, 14.731, -51.569
245, 325.000,-67.986, -37.730, 5928.356, -140.095, -67.445, 99.992, 88.498, 115.707
246, 230.000, 5.106, 9.782, 57.682, 13.332, 3.552, 0.010, 76.548, -75.080
246, 630.000,16.510, 28.024, 1850.324, 162.172, 268.472, 10.014, 80.379, -31.134
247, 230.000, -4.771, 2.996, 6.094, 56.309, 17.602, 0.010, 5.898, -72.641
247, 630.000,-4.145, 11.340, 1872.946, -19.692, 114.843, 10.012, 86.440, 9.730
248, 230.000, -9.226, 20.523, 42.969, 31.104, -26.531, 0.010, 46.426, -130.464
248, 325.000,-8.471, 20.213, 5929.894, -11.517, 73.926, 99.991, 89.277, 8.855
249, 230.000, -60.232, -66.652, 38.634, -8.587, 44.174, 0.010, 40.646, 11.000
249, 325.000,-64.739, -69.989, 5919.140, -271.909, -244.027, 99.992, 86.468, 131.907
250, 230.000, -65.419, 58.466, 0.883, -12.552, 57.959, 0.010, 0.853, 12.220
250, 325.000,-70.078, 64.082, 5915.951, -282.498, 301.952, 99.991, 86.002, 43.094
251, 230.000, -52.950, -2.413, 1.026, 26.924, 52.836, 0.010, 0.991, -27.002
251, 325.000,-53.370, -0.787, 5929.723, -74.016, 50.101, 99.992, 89.136, 55.906
252, 230.000, 91.402, 40.245, 26.618, -36.879, -38.066, 0.010, 26.667, 135.908
252, 325.000,116.783, 50.768, 5796.103, 1156.258, 485.565, 99.986, 77.791, -67.220
253, 230.000, 60.779, 34.463, 3.667, -57.320, 14.785, 0.010, 3.545, 75.536
253, 325.000,60.993, 36.080, 5928.913, 88.087, 99.218, 99.992, 88.718, -41.599
254, 230.000, -33.654, -4.161, 23.527, -4.549, -54.253, 0.010, 23.371, 175.207
254, 325.000,-34.527, -5.984, 5929.535, -76.326, -65.554, 99.991, 89.028, 130.658
255, 230.000, -87.806, 28.514, 9.012, -58.586, -2.029, 0.010, 8.740, 91.983
255, 325.000,-97.134, 30.897, 5906.832, -508.833, 142.823, 99.993, 84.887, 74.321
256, 230.000, 40.790, -19.026, 41.144, 40.549, -13.439, 0.010, 43.925, -108.337
256, 325.000,42.986, -19.876, 5929.018, 117.937, -49.339, 99.992, 88.765, -112.702
257, 230.000, -65.383, -66.104, 47.275, 3.393, 35.654, 0.010, 52.852, -5.436
257, 325.000,-70.903, -70.704, 5913.672, -329.482, -298.847, 99.991, 85.698, 132.209
258, 230.000, -15.092, -53.406, 12.690, 32.269, -48.117, 0.010, 12.355, -146.153
258, 325.000,-14.449, -56.289, 5928.348, 3.525, -155.765, 99.992, 88.495, -178.703
259, 230.000, 90.821, 30.082, 9.537, -31.850, -49.115, 0.010, 9.253, 147.037
259, 325.000,99.501, 31.787, 5906.997, 510.979, 128.046, 99.993, 84.904, -75.932
260, 230.000, -23.588, 88.648, 18.967, -47.352, -30.260, 0.010, 18.651, 122.581
260, 325.000,-26.916, 94.760, 5915.163, -163.290, 392.439, 99.992, 85.890, 22.592
261, 230.000, -8.882, -49.428, 26.553, 51.822, 11.273, 0.010, 26.597, -77.728
261, 325.000,-7.443, -50.224, 5929.714, 36.868, -81.850, 99.992, 89.133, -155.752
262, 230.000, -23.726, -19.737, 11.021, 50.978, -28.238, 0.010, 10.709, -118.983
262, 325.000,-22.618, -21.080, 5929.875, -4.215, -78.019, 99.992, 89.245, 176.907
263, 230.000, 23.157, -8.502, 9.776, -33.540, -47.928, 0.010, 9.487, 145.016
263, 325.000,22.642, -10.252, 5929.610, 47.274, -83.005, 99.991, 89.077, -150.337
264, 230.000, 63.284, 69.827, 59.212, -0.600, -3.350, 0.010, 86.710, 169.846
264, 325.000,69.333, 76.420, 5907.618, 350.156, 383.493, 99.992, 84.976, -42.398
265, 230.000, -19.568, -79.657, 15.344, 0.547, 57.288, 0.010, 14.993, -0.547
265, 325.000,-20.500, -81.730, 5926.704, -63.216, -199.476, 99.992, 87.978, 162.416
266, 230.000, -53.056, -23.040, 1.743, -7.689, 58.783, 0.010, 1.684, 7.452
266, 325.000,-54.683, -21.770, 5929.261, -115.171, 14.411, 99.992, 88.879, 82.868
267, 230.000, -23.231, -91.825, 7.521, 57.560, 12.163, 0.010, 7.285, -78.068
267, 325.000,-23.769, -100.512, 5908.284, -70.197, -507.276, 99.993, 85.046, 172.121
268, 230.000, 42.647, 74.719, 34.762, 43.539, 20.338, 0.010, 35.881, -64.961
268, 325.000,46.545, 79.815, 5918.640, 209.901, 308.688, 99.992, 86.391, -34.215
269, 230.000, 65.402, -22.360, 29.915, -31.927, 40.043, 0.010, 30.290, 38.566
269, 325.000,66.537, -21.831, 5929.097, 123.513, -11.900, 99.992, 88.801, -95.503
270, 230.000, -27.003, -73.974, 49.516, -14.725, 29.138, 0.010, 56.602, 26.810
270, 325.000,-28.640, -76.294, 5926.516, -96.537, -191.672, 99.992, 87.926, 153.267
271, 230.000, 82.136, 2.174, 13.416, 57.735, -2.071, 0.010, 13.074, -92.055
271, 325.000,88.135, 2.220, 5920.634, 340.185, 5.216, 99.992, 86.711, -89.122
272, 230.000, 89.224, -22.005, 29.681, 49.571, 13.392, 0.010, 30.029, -74.882
272, 325.000,98.138, -23.418, 5908.958, 494.551, -94.726, 99.991, 85.129, -100.843
273, 230.000, 85.246, -49.685, 51.199, 28.356, 9.604, 0.010, 59.683, -71.290
273, 325.000,99.983, -57.499, 5869.767, 744.392, -405.813, 100.001, 81.781, -118.598
274, 230.000, 92.629, 22.224, 26.121, 0.590, -53.245, 0.010, 26.130, -179.366
274, 325.000,102.309, 22.928, 5904.482, 548.728, 74.646, 99.992, 84.642, -82.253
275, 230.000, -42.904, -85.386, 13.899, -57.611, -2.338, 0.010, 13.553, 92.324
275, 325.000,-49.366, -94.838, 5897.871, -325.904, -528.502, 99.994, 83.990, 148.340
276, 230.000, 52.776, 20.755, 5.586, 35.905, -46.875, 0.010, 5.404, -142.549
276, 325.000,55.277, 19.798, 5928.667, 142.971, -7.017, 99.992, 88.617, -92.810
277, 230.000, -14.143, 16.375, 47.041, -23.511, 27.422, 0.010, 52.480, 40.609
277, 325.000,-15.255, 17.668, 5928.947, -86.276, 100.111, 99.993, 88.723, 40.755
278, 230.000, -16.733, -33.190, 47.885, -29.240, -19.228, 0.010, 53.839, 123.328
278, 325.000,-18.021, -34.513, 5929.443, -63.317, -85.267, 99.992, 88.974, 143.404
279, 230.000, 12.007, -8.884, 52.754, -25.220, 9.932, 0.010, 62.806, 68.505
279, 630.000,29.416, -23.194, 1844.038, 270.739, -217.034, 10.010, 79.343, -128.717
280, 230.000, 59.191, 49.036, 1.826, -34.203, -48.420, 0.010, 1.765, 144.763
280, 325.000,60.511, 49.498, 5928.280, 131.727, 88.111, 99.992, 88.469, -56.222
281, 230.000, -78.082, 42.385, 53.751, 5.064, -24.552, 0.010, 64.996, -168.346
281, 325.000,-83.162, 44.471, 5919.670, -322.537, 152.011, 99.992, 86.553, 64.766
282, 230.000, 57.349, -73.258, 23.427, -39.987, 37.012, 0.010, 23.266, 47.212
282, 325.000,61.013, -78.369, 5915.970, 247.421, -331.022, 99.991, 86.004, -143.224
283, 230.000, -25.620, 93.043, 16.095, -20.394, -53.317, 0.010, 15.746, 159.068
283, 325.000,-29.197, 102.193, 5902.905, -186.068, 539.502, 99.993, 84.478, 19.029
284, 230.000, 99.555, -6.442, 39.101, -28.544, -34.264, 0.010, 41.244, 140.204
284, 325.000,124.788, -9.148, 5813.664, 1173.633, -114.839, 100.048, 78.534, -95.589
285, 230.000, -4.558, -34.746, 20.405, -43.173, 35.177, 0.010, 20.123, 50.827
285, 325.000,-6.037, -34.374, 5930.022, -54.844, -37.294, 99.992, 89.359, 124.216
286, 230.000, 70.166, 62.190, 31.775, -6.542, 49.650, 0.010, 32.395, 7.507
286, 325.000,76.562, 69.549, 5905.416, 376.046, 392.408, 99.991, 84.742, -43.780
287, 230.000, 80.029, 26.609, 10.487, -20.646, 54.602, 0.010, 10.185, 20.713
287, 325.000,83.742, 29.760, 5922.554, 264.098, 152.584, 99.992, 87.052, -59.983
288, 230.000, 58.881, -28.335, 23.073, 16.619, 52.049, 0.010, 22.894, -17.708
288, 325.000,61.188, -27.547, 5928.488, 150.169, -9.836, 99.992, 88.546, -93.748
289, 230.000, -59.885, -25.597, 9.028, 58.278, -6.305, 0.010, 8.756, -96.175
289, 325.000,-59.821, -26.558, 5929.608, -72.786, -63.556, 99.992, 89.066, 131.127
290, 230.000, -76.507, 49.410, 48.039, 18.794, 29.270, 0.010, 54.092, -32.705
290, 325.000,-81.809, 54.103, 5914.993, -337.199, 261.717, 99.991, 85.872, 52.183
291, 230.000, 41.310, 17.410, 29.321, -39.899, -32.650, 0.010, 29.628, 129.294
291, 325.000,40.955, 16.756, 5930.285, 36.540, -1.019, 99.992, 89.647, -91.598
292, 230.000, -64.237, -73.427, 3.864, 58.295, 10.219, 0.010, 3.736, -80.057
292, 325.000,-70.896, -82.732, 5895.717, -391.286, -507.720, 99.994, 83.795, 142.380
293, 230.000, 37.628, -9.318, 38.900, 16.838, 41.484, 0.010, 40.986, -22.091
293, 325.000,38.974, -8.199, 5929.648, 90.646, 24.999, 99.992, 89.092, -74.582
294, 230.000, 11.272, 91.712, 24.977, 20.651, -49.672, 0.010, 24.906, -157.425
294, 325.000,12.826, 97.692, 5916.628, 77.158, 396.412, 99.992, 86.095, -11.014
295, 230.000, 76.717, 20.788, 34.360, -20.277, 43.885, 0.010, 35.404, 24.800
295, 325.000,79.536, 23.094, 5925.487, 214.879, 110.013, 99.992, 87.667, -62.889
296, 230.000, -58.336, 30.659, 20.365, 2.453, 55.650, 0.010, 20.082, -2.524
296, 325.000,-60.063, 33.366, 5927.550, -131.402, 128.288, 99.992, 88.225, 45.687
297, 230.000, 36.718, -57.305, 49.481, -26.101, -19.698, 0.010, 56.541, 127.042
297, 325.000,37.085, -59.777, 5928.020, 60.073, -156.654, 99.992, 88.379, -159.019
298, 230.000, -2.312, -44.732, 33.851, 48.643, -2.371, 0.010, 34.803, -92.791
298, 325.000,-0.817, -45.800, 5929.590, 46.083, -86.143, 99.992, 89.056, -151.855
299, 230.000, -30.435, -39.996, 37.292, -18.489, -42.250, 0.010, 38.960, 156.365
299, 325.000,-31.739, -42.278, 5928.693, -76.843, -119.572, 99.992, 88.627, 147.273
300, 230.000, -19.800, 35.198, 3.837, -58.357, -9.867, 0.010, 3.710, 99.597
300, 325.000,-22.095, 35.644, 5929.310, -98.246, 56.705, 99.992, 88.904, 60.008
