ion,x0,y0,z0,vx0,vy0,vz0,ke0,elev0,azim0,x1,y1,z1,vx1,vy1,vz1,ke1,elev1,azim1
1, 230.000, -5.178, -58.014, 9.228, -26.935, -52.029, 0.010, 8.951, 152.629
1, 325.000,-6.172, -61.212, 5927.749, -38.557, -172.918, 99.992, 88.288, 167.430
2, 230.000, -9.775, -24.237, 26.211, 26.018, -46.408, 0.010, 26.228, -150.723
2, 325.000,-9.165, -26.279, 5929.198, -0.192, -118.825, 99.991, 88.852, 179.908
3, 230.000, 76.331, -25.721, 41.318, -40.431, 13.258, 0.010, 44.159, 71.845
3, 325.000,78.591, -26.494, 5926.753, 196.880, -66.727, 99.992, 87.991, -108.723
4, 230.000, -48.068, 85.373, 14.238, -48.592, -30.883, 0.010, 13.890, 122.438
4, 325.000,-56.440, 96.732, 5883.345, -417.378, 615.561, 99.984, 82.795, 34.139
5, 230.000, -4.655, -12.340, 49.561, -18.990, -26.472, 0.010, 56.681, 144.346
5, 630.000,-14.075, -33.928, 3227.564, -146.156, -344.413, 30.015, 83.388, 157.005
6, 230.000, 84.072, 31.068, 57.666, 7.413, -11.717, 0.010, 76.480, -147.680
6, 325.000,90.234, 32.902, 5917.232, 375.396, 123.412, 99.992, 86.179, -71.802
7, 230.000, 69.948, 69.524, 15.099, 56.255, -11.179, 0.010, 14.749, -101.239
7, 325.000,83.039, 80.535, 5867.690, 646.542, 570.541, 100.002, 81.640, -48.573
8, 230.000, -32.433, -69.841, 29.294, -31.174, 41.081, 0.010, 29.598, 37.193
8, 325.000,-34.745, -71.429, 5926.975, -125.650, -157.320, 99.992, 88.054, 141.386
9, 230.000, 68.108, -33.226, 35.256, 39.404, 26.869, 0.010, 36.473, -55.711
9, 325.000,72.086, -33.723, 5925.429, 233.478, -65.684, 99.992, 87.656, -105.713
10, 230.000, -22.340, 94.529, 49.116, -32.564, -6.702, 0.010, 55.906, 101.629
10, 325.000,-26.181, 106.454, 5891.573, -190.097, 649.674, 99.990, 83.446, 16.310
11, 230.000, -27.716, -73.813, 35.093, 31.740, 35.759, 0.010, 36.277, -41.593
11, 325.000,-27.927, -75.900, 5927.363, -49.587, -183.156, 99.992, 88.166, 164.851
12, 230.000, 79.006, -48.475, 14.245, -39.550, -41.839, 0.010, 13.897, 136.611
12, 325.000,84.508, -53.877, 5912.623, 356.643, -289.162, 99.993, 85.560, -129.035
13, 230.000, 87.310, -47.231, 5.345, -38.413, -44.872, 0.010, 5.171, 139.434
13, 325.000,101.722, -56.973, 5864.613, 743.050, -472.510, 99.990, 81.461, -122.453
14, 230.000, 53.138, -58.859, 11.067, -47.898, -33.181, 0.010, 10.754, 124.712
14, 325.000,54.013, -62.531, 5925.431, 112.480, -215.040, 99.992, 87.655, -152.388
15, 230.000, -14.483, -20.874, 55.013, -1.632, 22.104, 0.010, 68.056, 4.222
15, 325.000,-14.880, -20.666, 5930.001, -50.648, -46.545, 99.992, 89.335, 132.582
16, 230.000, -42.430, -81.536, 8.266, -55.095, -20.342, 0.010, 8.012, 110.265
16, 325.000,-47.643, -88.925, 5908.971, -268.841, -425.627, 99.991, 85.130, 147.722
17, 230.000, -9.661, -59.952, 41.369, 39.722, 15.113, 0.010, 44.227, -69.169
17, 325.000,-8.672, -61.116, 5929.346, 21.001, -109.722, 99.992, 88.921, -169.165
18, 230.000, -48.686, -55.780, 16.920, 46.273, -33.017, 0.010, 16.576, -125.509
18, 325.000,-49.071, -58.929, 5926.952, -82.395, -184.288, 99.992, 88.049, 155.911
19, 230.000, -29.909, -36.826, 22.892, -39.491, 37.869, 0.010, 22.704, 46.202
19, 325.000,-31.842, -36.455, 5929.536, -96.711, -29.494, 99.992, 89.023, 106.960
20, 230.000, 69.468, 12.246, 5.933, 58.727, 5.796, 0.010, 5.741, -84.364
20, 325.000,73.758, 12.859, 5925.534, 237.180, 37.058, 99.992, 87.680, -81.120
21, 230.000, 66.592, 40.823, 52.383, -23.779, 14.431, 0.010, 62.032, 58.748
21, 325.000,68.703, 43.022, 5926.326, 172.269, 135.986, 99.991, 87.879, -51.713
22, 230.000, 63.884, -39.518, 47.298, -25.642, -24.960, 0.010, 52.890, 134.227
22, 325.000,65.574, -41.840, 5926.988, 148.932, -134.791, 99.992, 88.059, -132.147
23, 230.000, 31.008, 10.416, 21.956, -32.415, 44.552, 0.010, 21.727, 36.039
23, 325.000,30.645, 12.067, 5929.871, 35.496, 70.063, 99.992, 89.241, -26.868
24, 230.000, -44.067, -23.921, 38.775, 2.423, -44.814, 0.010, 40.826, -176.905
24, 325.000,-45.021, -25.901, 5929.142, -80.648, -91.540, 99.992, 88.821, 138.620
25, 230.000, -86.622, -48.711, 34.438, 25.942, 40.727, 0.010, 35.496, -32.496
25, 325.000,-101.274, -56.180, 5869.525, -750.559, -394.008, 99.993, 81.782, 117.697
26, 230.000, -43.257, -38.929, 12.265, -39.292, 42.700, 0.010, 11.935, 42.620
26, 325.000,-45.642, -38.596, 5928.900, -128.600, -34.780, 99.992, 88.713, 105.134
27, 230.000, 33.499, 55.411, 55.610, 20.607, 0.731, 0.010, 69.656, -87.967
27, 325.000,35.152, 57.096, 5928.293, 96.480, 124.928, 99.992, 88.475, -37.678
28, 230.000, -65.898, -46.630, 19.583, -54.977, -10.569, 0.010, 19.280, 100.882
28, 325.000,-70.792, -49.208, 5921.921, -271.945, -162.659, 99.992, 86.937, 120.885
29, 230.000, -13.731, -88.217, 33.518, -9.033, 48.089, 0.010, 34.412, 10.638
29, 325.000,-14.939, -92.707, 5921.242, -67.618, -322.105, 99.991, 86.819, 168.144
30, 230.000, -79.266, 57.307, 10.828, -18.740, 55.220, 0.010, 10.519, 18.746
30, 325.000,-91.339, 67.287, 5876.073, -626.278, 497.516, 99.987, 82.249, 51.536
31, 230.000, -4.608, 44.571, 10.382, -4.220, 58.241, 0.010, 10.082, 4.145
31, 325.000,-4.845, 47.420, 5928.662, -12.905, 142.865, 99.992, 88.614, 5.161
32, 230.000, 60.364, 78.464, 1.893, 20.140, 55.753, 0.010, 1.829, -19.861
32, 325.000,71.718, 94.105, 5853.703, 562.855, 763.440, 99.980, 80.796, -36.400
33, 230.000, 76.053, 63.129, 49.150, -27.453, 18.662, 0.010, 55.965, 55.793
33, 325.000,87.817, 74.121, 5872.347, 615.001, 554.978, 99.995, 81.970, -47.937
34, 230.000, 7.836, -73.921, 56.622, -2.172, 17.518, 0.010, 72.684, 7.067
34, 325.000,8.066, -76.181, 5927.609, 18.837, -180.802, 99.992, 88.243, -174.052
35, 230.000, 14.374, -65.192, 34.016, 0.883, 48.577, 0.010, 34.997, -1.041
35, 325.000,14.846, -65.673, 5929.478, 33.828, -98.747, 99.992, 88.991, -161.090
36, 230.000, 29.310, 89.078, 24.305, 34.711, -41.497, 0.010, 24.192, -140.088
36, 325.000,33.042, 95.938, 5911.600, 193.251, 430.745, 99.993, 85.434, -24.163
37, 230.000, -84.612, -13.091, 56.647, 16.485, -6.081, 0.010, 72.767, -110.248
37, 325.000,-88.944, -14.028, 5922.724, -296.720, -55.007, 99.992, 87.083, 100.502
38, 230.000, 31.002, 91.551, 40.827, 38.141, -19.901, 0.010, 43.502, -117.555
38, 325.000,35.888, 101.996, 5896.402, 246.196, 585.236, 99.995, 83.854, -22.815
39, 230.000, -69.554, 49.418, 23.927, -49.070, 23.180, 0.010, 23.792, 64.714
39, 325.000,-75.128, 53.015, 5918.350, -313.776, 210.605, 99.992, 86.346, 56.131
40, 230.000, 17.099, -97.461, 14.086, 57.574, 2.110, 0.010, 13.739, -87.902
40, 325.000,21.740, -114.088, 5865.545, 210.697, -845.979, 99.978, 81.546, -166.015
41, 230.000, 35.671, 19.190, 29.359, 14.692, 49.395, 0.010, 29.670, -16.565
41, 325.000,36.908, 21.177, 5929.182, 82.356, 87.347, 99.992, 88.840, -43.316
42, 230.000, -8.526, 44.869, 50.989, 17.419, -24.786, 0.010, 59.284, -144.900
42, 325.000,-8.163, 45.081, 5930.110, 2.127, 58.101, 99.992, 89.438, -2.096
43, 230.000, 35.313, 83.803, 5.300, -3.829, -58.948, 0.010, 5.127, 176.284
43, 325.000,37.811, 88.194, 5919.840, 156.080, 317.501, 99.992, 86.580, -26.178
44, 230.000, 66.219, 28.507, 46.672, -29.397, -21.799, 0.010, 51.899, 126.558
44, 325.000,67.643, 28.833, 5928.575, 138.155, 49.940, 99.992, 88.581, -70.126
45, 230.000, -45.616, 82.342, 20.216, -55.350, -6.735, 0.010, 19.929, 96.938
45, 325.000,-51.701, 90.075, 5904.924, -312.958, 451.169, 99.992, 84.687, 34.748
46, 230.000, 29.495, -56.509, 37.368, -18.957, -41.975, 0.010, 39.054, 155.695
46, 325.000,29.767, -59.499, 5927.820, 45.565, -168.641, 99.992, 88.312, -164.880
47, 230.000, -12.033, -58.089, 34.717, -16.307, -45.238, 0.010, 35.827, 160.177
47, 325.000,-12.875, -61.094, 5927.879, -41.915, -167.605, 99.992, 88.331, 165.959
48, 230.000, -96.399, -22.163, 12.031, 4.092, 57.932, 0.010, 11.704, -4.040
48, 325.000,-112.382, -24.143, 5872.126, -819.055, -127.083, 99.990, 81.966, 98.820
49, 230.000, -68.608, 43.254, 6.042, -41.313, 42.123, 0.010, 5.847, 44.444
49, 325.000,-73.264, 46.693, 5921.334, -269.413, 186.756, 99.992, 86.831, 55.270
50, 230.000, 32.670, 1.191, 13.134, -0.236, 57.837, 0.010, 12.794, 0.233
50, 325.000,33.369, 3.069, 5929.629, 71.676, 63.214, 99.992, 89.077, -48.590
51, 230.000, 15.946, 58.459, 44.456, -38.714, -6.515, 0.010, 48.553, 99.553
51, 325.000,15.160, 59.851, 5929.271, -6.840, 115.400, 99.992, 88.883, 3.392
52, 230.000, 72.245, 41.387, 52.091, -0.453, 28.354, 0.010, 61.437, 0.915
52, 325.000,76.014, 44.433, 5922.602, 249.889, 173.260, 99.992, 87.061, -55.265
53, 230.000, 4.485, 5.849, 28.414, -51.373, -8.433, 0.010, 28.625, 99.322
53, 630.000,3.724, 13.198, 3246.426, 15.981, 127.169, 30.011, 87.739, -7.163
54, 230.000, -24.573, 5.674, 17.290, -23.836, -51.483, 0.010, 16.949, 155.156
54, 325.000,-25.916, 4.154, 5929.397, -103.957, -37.360, 99.993, 88.933, 109.767
55, 230.000, -8.965, -9.546, 42.677, -13.557, 38.891, 0.010, 46.019, 19.218
55, 630.000,-23.887, -17.868, 3236.020, -240.911, -160.189, 30.011, 84.891, 123.621
56, 230.000, 45.373, 53.198, 49.177, 18.981, -27.184, 0.010, 56.012, -145.076
56, 325.000,47.499, 54.139, 5928.061, 131.150, 102.267, 99.992, 88.393, -52.054
57, 230.000, 35.838, 84.823, 37.975, 29.862, 34.406, 0.010, 39.813, -40.956
57, 325.000,39.755, 92.982, 5908.771, 210.727, 460.176, 99.992, 85.104, -24.604
58, 230.000, -86.684, 27.801, 18.283, -55.135, -11.977, 0.010, 17.955, 102.256
58, 325.000,-95.187, 29.615, 5910.527, -470.258, 119.306, 99.992, 85.307, 75.764
59, 230.000, 21.301, -32.567, 17.034, 53.182, 19.978, 0.010, 16.691, -69.411
59, 325.000,23.456, -32.627, 5929.465, 96.231, -41.893, 99.992, 88.986, -113.525
60, 230.000, 16.586, -52.326, 4.116, 10.950, 58.145, 0.010, 3.979, -10.665
60, 325.000,17.343, -51.764, 5930.090, 43.629, -41.595, 99.992, 89.418, -133.633
61, 230.000, 24.041, 25.262, 35.292, 36.660, -30.466, 0.010, 36.516, -129.728
61, 325.000,25.725, 24.833, 5929.704, 88.064, 20.550, 99.992, 89.126, -76.865
62, 230.000, 57.756, -21.092, 54.890, 20.147, -9.944, 0.010, 67.740, -116.269
62, 325.000,60.012, -21.997, 5928.388, 144.059, -55.293, 99.992, 88.509, -110.998
63, 230.000, -23.211, -94.642, 16.229, 47.715, -31.265, 0.010, 15.880, -123.235
63, 325.000,-24.903, -108.321, 5885.968, -116.302, -716.325, 99.997, 82.971, 170.778
64, 230.000, 86.187, -24.494, 58.490, -3.610, -9.141, 0.010, 80.462, 158.452
64, 325.000,92.138, -26.497, 5917.596, 371.895, -116.457, 99.992, 86.232, -107.388
65, 230.000, -39.712, -49.788, 33.799, 35.213, 33.695, 0.010, 34.741, -46.262
65, 325.000,-39.746, -50.160, 5929.735, -49.754, -73.232, 99.992, 89.145, 145.807
66, 230.000, 14.312, -84.622, 21.187, -30.025, -46.554, 0.010, 20.930, 147.180
66, 325.000,14.227, -91.082, 5918.652, 22.936, -372.199, 99.991, 86.395, -176.474
67, 230.000, 4.260, 73.786, 53.633, 9.711, 23.384, 0.010, 64.728, -22.553
67, 325.000,4.726, 77.325, 5926.136, 21.642, 223.599, 99.992, 87.829, -5.529
68, 230.000, -14.084, 8.415, 42.379, 17.140, -37.788, 0.010, 45.605, -155.601
68, 630.000,-31.930, 15.177, 3231.901, -306.640, 133.598, 30.015, 84.091, 66.458
69, 230.000, -61.275, -41.345, 22.709, 51.287, -19.277, 0.010, 22.513, -110.600
69, 325.000,-61.951, -43.495, 5927.966, -109.261, -129.995, 99.992, 88.359, 139.953
70, 230.000, 3.970, -77.539, 44.681, -19.835, 33.583, 0.010, 48.881, 30.568
70, 325.000,3.516, -79.733, 5927.346, -9.232, -190.063, 99.992, 88.161, 177.219
71, 230.000, -29.116, -75.595, 10.902, -53.254, -23.723, 0.010, 10.592, 114.011
71, 325.000,-32.195, -80.005, 5922.237, -151.082, -271.873, 99.992, 86.994, 150.939
72, 230.000, 98.867, 12.734, 30.401, -49.767, -10.801, 0.010, 30.836, 102.245
72, 325.000,120.128, 15.342, 5840.249, 1028.047, 127.685, 100.026, 79.941, -82.920
73, 230.000, 24.869, 47.050, 48.583, -22.444, 25.565, 0.010, 55.000, 41.280
73, 325.000,24.764, 49.002, 5929.187, 24.716, 117.209, 99.992, 88.843, -11.908
74, 230.000, 32.017, -93.370, 34.049, -48.508, 2.304, 0.010, 35.035, 87.281
74, 325.000,35.697, -108.233, 5876.804, 212.282, -768.415, 100.000, 82.275, -164.557
75, 230.000, -10.983, -43.273, 16.095, 24.642, 51.491, 0.010, 15.746, -25.574
75, 325.000,-10.439, -42.584, 5930.327, 4.897, -27.986, 99.992, 89.726, -170.074
76, 230.000, 13.237, -56.275, 8.102, -5.055, 58.536, 0.010, 7.851, 4.936
76, 325.000,13.417, -55.865, 5930.131, 21.277, -52.053, 99.992, 89.457, -157.767
77, 230.000, 93.097, 7.802, 0.320, -52.647, 27.310, 0.010, 0.310, 62.583
77, 325.000,99.655, 9.323, 5914.700, 425.541, 69.437, 99.992, 85.831, -80.732
78, 230.000, 83.186, 28.334, 57.253, -2.402, -15.294, 0.010, 74.869, 171.076
78, 325.000,88.437, 29.676, 5920.128, 334.456, 98.618, 99.991, 86.629, -73.571
79, 230.000, -92.251, 27.281, 50.721, -0.874, -30.729, 0.010, 58.781, 178.371
79, 325.000,-102.855, 29.484, 5899.423, -588.435, 140.895, 99.991, 84.144, 76.535
80, 230.000, 95.182, 10.113, 12.799, 54.986, 18.177, 0.010, 12.462, -71.707
80, 325.000,107.664, 11.813, 5892.878, 660.413, 83.365, 99.990, 83.555, -82.806
81, 230.000, -38.297, 75.351, 46.578, -12.947, 34.359, 0.010, 51.751, 20.647
81, 325.000,-40.834, 80.618, 5920.278, -153.112, 310.618, 99.992, 86.652, 26.240
82, 230.000, 68.319, 1.350, 7.912, 21.163, -54.838, 0.010, 7.666, -158.897
82, 325.000,71.223, -0.341, 5927.242, 185.825, -53.881, 99.992, 88.130, -106.170
83, 230.000, -4.437, -19.387, 31.310, -15.482, -47.933, 0.010, 31.864, 162.100
83, 325.000,-5.050, -21.435, 5928.280, -39.589, -150.705, 99.989, 88.494, 165.281
84, 230.000, -61.965, 29.069, 37.214, -18.750, -42.204, 0.010, 38.863, 156.046
84, 325.000,-64.573, 28.687, 5927.976, -167.558, 25.509, 99.992, 88.362, 81.344
85, 230.000, 98.430, 7.887, 5.588, -58.463, 8.278, 0.010, 5.406, 81.941
85, 325.000,112.076, 9.366, 5884.214, 736.027, 72.893, 99.996, 82.836, -84.344
86, 230.000, -57.505, -60.950, 42.722, 18.608, -36.690, 0.010, 46.082, -153.107
86, 325.000,-60.007, -65.353, 5922.127, -183.257, -253.633, 99.991, 86.975, 144.151
87, 230.000, 87.884, 23.327, 9.575, -23.373, 53.662, 0.010, 9.291, 23.536
87, 325.000,93.829, 26.749, 5915.815, 381.245, 164.749, 99.991, 85.984, -66.629
88, 230.000, -10.549, 44.182, 51.713, 12.179, -26.364, 0.010, 60.682, -155.206
88, 325.000,-10.397, 44.327, 5930.135, -7.090, 55.227, 99.992, 89.462, 7.315
89, 230.000, 15.630, -43.557, 19.831, 16.429, -53.427, 0.010, 19.534, -162.907
89, 325.000,16.505, -46.239, 5928.653, 46.029, -136.186, 99.992, 88.611, -161.326
90, 230.000, -95.784, -5.783, 10.589, -13.520, 56.769, 0.010, 10.284, 13.395
90, 325.000,-107.043, -4.718, 5897.890, -618.542, 24.256, 99.988, 84.008, 87.754
91, 230.000, 36.384, -38.056, 16.728, 26.058, -50.584, 0.010, 16.383, -152.745
91, 325.000,38.097, -40.589, 5928.268, 97.108, -125.736, 99.992, 88.465, -142.321
92, 230.000, -67.263, -6.254, 26.542, 41.192, 33.412, 0.010, 26.585, -50.953
92, 325.000,-68.081, -5.397, 5929.276, -113.467, 20.226, 99.992, 88.886, 79.893
93, 230.000, -6.655, 6.557, 44.464, -22.040, -32.479, 0.010, 48.563, 145.840
93, 630.000,-19.486, 11.498, 3241.193, -201.449, 100.363, 30.012, 86.028, 63.517
94, 230.000, 94.495, -31.057, 8.665, -6.056, 58.360, 0.010, 8.401, 5.925
94, 325.000,111.559, -35.001, 5863.838, 859.215, -221.833, 99.999, 81.395, -104.477
95, 230.000, -49.508, -68.265, 26.405, -50.080, -17.676, 0.010, 26.436, 109.441
95, 325.000,-53.813, -72.602, 5919.863, -232.390, -266.274, 99.992, 86.583, 138.887
96, 230.000, 25.585, -46.467, 13.389, -25.515, 51.840, 0.010, 13.047, 26.206
96, 325.000,25.387, -45.933, 5930.248, 22.608, -35.363, 99.992, 89.594, -147.409
97, 230.000, -75.056, 12.306, 47.508, 30.080, 18.863, 0.010, 53.228, -57.908
97, 325.000,-77.110, 13.387, 5927.453, -178.633, 54.168, 99.992, 88.196, 73.131
98, 230.000, 70.221, 57.474, 48.725, -33.677, -3.066, 0.010, 55.238, 95.202
98, 325.000,74.400, 61.645, 5918.028, 283.300, 257.848, 99.992, 86.296, -47.693
99, 230.000, 61.318, -16.654, 36.221, 45.772, 10.519, 0.010, 37.641, -77.058
99, 325.000,64.569, -16.812, 5927.509, 183.161, -25.900, 99.992, 88.213, -98.049
100, 230.000, 21.782, -24.127, 48.996, -33.059, 4.914, 0.010, 55.701, 81.546
100, 325.000,21.204, -24.496, 5930.171, 14.981, -49.867, 99.992, 89.497, -163.279
101, 230.000, 61.721, 17.209, 32.079, 42.719, -25.762, 0.010, 32.744, -121.092
101, 325.000,64.906, 16.907, 5927.596, 181.890, 11.563, 99.992, 88.239, -86.362
102, 230.000, 7.665, 7.880, 20.106, -47.149, -29.839, 0.010, 19.816, 122.328
102, 630.000,12.116, 15.109, 3244.459, 100.518, 137.134, 30.010, 87.000, -36.241
103, 230.000, -30.452, -34.315, 30.704, 31.057, 40.130, 0.010, 31.177, -37.736
103, 325.000,-30.142, -33.802, 5930.302, -24.848, -22.679, 99.992, 89.675, 132.387
104, 230.000, -17.906, 55.474, 58.778, 7.591, -2.284, 0.010, 82.319, -106.744
104, 325.000,-18.137, 56.860, 5929.302, -28.500, 110.305, 99.992, 88.899, 14.487
105, 230.000, -55.560, 75.903, 58.640, 4.896, -7.417, 0.010, 81.382, -146.570
105, 325.000,-60.653, 82.838, 5908.771, -298.860, 407.508, 99.990, 85.112, 36.256
106, 230.000, 1.874, 66.576, 8.491, 58.356, -6.336, 0.010, 8.231, -96.196
106, 325.000,3.779, 68.449, 5928.220, 65.037, 146.982, 99.992, 88.447, -23.869
107, 230.000, 36.246, -24.583, 3.530, 11.804, 58.016, 0.010, 3.412, -11.500
107, 325.000,37.418, -23.268, 5929.837, 80.158, 14.095, 99.992, 89.214, -80.027
108, 230.000, 7.333, -1.438, 57.005, -11.085, -12.047, 0.010, 73.977, 137.380
108, 630.000,16.470, -5.250, 3244.551, 158.374, -56.820, 30.010, 87.031, -109.737
109, 230.000, 73.009, 60.461, 29.989, -38.028, -34.237, 0.010, 30.373, 131.997
109, 325.000,78.999, 65.337, 5911.036, 370.469, 303.866, 99.993, 85.366, -50.641
110, 230.000, 88.405, -38.501, 21.605, 3.384, 55.131, 0.010, 21.363, -3.513
110, 325.000,98.806, -41.323, 5899.594, 573.667, -189.283, 99.993, 84.154, -108.260
111, 230.000, -48.790, -1.352, 39.081, 19.259, 40.242, 0.010, 41.218, -25.574
111, 325.000,-49.297, -0.107, 5929.837, -71.533, 39.137, 99.992, 89.212, 61.316
112, 230.000, 60.052, 2.616, 50.415, 31.201, 1.569, 0.010, 58.215, -87.121
112, 325.000,62.681, 2.737, 5928.285, 158.098, 7.104, 99.992, 88.471, -87.427
113, 230.000, -54.530, -44.101, 10.060, 41.290, 41.371, 0.010, 9.766, -44.944
113, 325.000,-55.046, -44.267, 5929.371, -89.617, -64.166, 99.992, 88.935, 125.603
114, 230.000, 90.565, 10.572, 11.449, 48.973, 31.436, 0.010, 11.130, -57.304
114, 325.000,99.263, 12.379, 5909.886, 485.867, 84.052, 99.993, 85.231, -80.185
115, 230.000, 26.610, -79.031, 38.130, -23.080, -39.128, 0.010, 40.009, 149.465
115, 325.000,27.303, -84.436, 5921.482, 68.839, -317.810, 99.992, 86.857, -167.778
116, 230.000, 70.350, -17.766, 1.149, -26.573, 53.011, 0.010, 1.110, 26.623
116, 325.000,72.033, -16.729, 5928.407, 153.278, 9.613, 99.992, 88.516, -86.411
117, 230.000, 32.618, -60.470, 8.927, -57.303, -12.424, 0.010, 8.657, 102.234
117, 325.000,31.871, -62.837, 5928.276, 18.350, -157.590, 99.992, 88.467, -173.358
118, 230.000, 25.394, -78.646, 15.172, -51.932, -24.301, 0.010, 14.821, 115.077
118, 325.000,25.067, -83.414, 5923.102, 31.528, -292.432, 99.992, 87.157, -173.846
119, 230.000, 88.931, -44.510, 36.637, 27.001, 38.030, 0.010, 38.150, -35.374
119, 325.000,106.229, -51.647, 5857.145, 853.882, -372.002, 100.003, 80.965, -113.541
120, 230.000, 28.538, -15.958, 26.923, -19.513, -49.113, 0.010, 26.996, 158.332
120, 325.000,28.531, -17.872, 5929.617, 42.095, -86.395, 99.992, 89.071, -154.023
121, 230.000, -17.537, -9.281, 5.030, -49.698, 31.975, 0.010, 4.865, 57.243
121, 325.000,-19.611, -8.496, 5928.512, -152.886, -14.129, 99.995, 88.516, 95.280
122, 230.000, 36.333, 82.829, 58.685, 5.322, 6.735, 0.010, 81.678, -38.319
122, 325.000,39.191, 89.179, 5915.547, 170.707, 383.442, 99.993, 85.942, -23.998
123, 230.000, 38.851, -31.427, 50.059, 28.181, 14.752, 0.010, 57.567, -62.369
123, 325.000,40.648, -31.693, 5929.348, 102.403, -43.960, 99.992, 88.923, -113.233
124, 230.000, -59.305, -68.423, 8.089, 14.591, 56.915, 0.010, 7.839, -14.379
124, 325.000,-63.154, -71.626, 5920.119, -248.940, -244.707, 99.992, 86.626, 134.509
125, 230.000, -50.023, -40.156, 26.743, 28.833, -44.397, 0.010, 26.802, -146.999
125, 325.000,-50.591, -42.745, 5928.304, -80.897, -135.124, 99.992, 88.478, 149.091
126, 230.000, 34.730, -93.444, 0.968, 30.525, -50.842, 0.010, 0.936, -149.020
126, 325.000,45.134, -120.497, 5787.921, 465.080, -1217.574, 100.075, 77.309, -159.095
127, 230.000, -16.823, -95.405, 36.273, 45.865, -9.912, 0.010, 37.705, -102.195
127, 325.000,-17.542, -107.594, 5893.271, -65.204, -658.841, 99.990, 83.590, 174.348
128, 230.000, -18.701, -28.960, 25.064, 41.753, 33.854, 0.010, 24.998, -50.964
128, 325.000,-17.773, -28.506, 5930.329, 2.770, -27.963, 99.992, 89.729, -174.342
129, 230.000, -2.186, -66.946, 55.988, -17.516, -8.727, 0.010, 70.734, 116.483
129, 325.000,-2.805, -69.331, 5928.050, -23.313, -165.039, 99.992, 88.389, 171.960
130, 230.000, 7.164, 10.537, 30.809, -30.341, 40.594, 0.010, 31.296, 36.775
130, 630.000,13.232, 31.570, 3230.438, 117.859, 327.342, 30.014, 83.853, -19.801
131, 230.000, -60.964, -31.550, 36.460, -43.646, -16.832, 0.010, 37.933, 111.089
131, 325.000,-64.363, -33.128, 5926.490, -193.474, -94.131, 99.992, 87.921, 115.944
132, 230.000, -85.654, 29.165, 24.696, 32.436, -43.077, 0.010, 24.607, -143.022
132, 325.000,-90.866, 29.954, 5919.602, -347.630, 84.407, 99.992, 86.542, 76.352
133, 230.000, 52.649, 3.833, 50.469, 22.454, 21.594, 0.010, 58.315, -46.119
133, 325.000,54.635, 4.609, 5929.013, 124.523, 29.734, 99.992, 88.763, -76.570
134, 230.000, -20.146, -56.982, 36.610, 13.381, 44.702, 0.010, 38.117, -16.664
134, 325.000,-20.268, -57.111, 5929.895, -27.901, -71.806, 99.992, 89.256, 158.766
135, 230.000, 63.456, -66.423, 19.384, 50.849, -23.587, 0.010, 19.076, -114.885
135, 325.000,70.284, -72.661, 5908.285, 368.689, -354.400, 99.991, 85.053, -133.868
136, 230.000, -84.827, -3.263, 20.441, -10.362, 54.703, 0.010, 20.160, 10.726
136, 325.000,-89.901, -1.744, 5921.526, -320.743, 45.759, 99.991, 86.868, 81.881
137, 230.000, 1.837, -96.003, 25.237, 44.240, -30.390, 0.010, 25.184, -124.487
137, 325.000,3.386, -107.990, 5894.717, 59.072, -646.351, 99.990, 83.717, -174.778
138, 230.000, 90.535, -0.312, 43.821, 20.144, -34.519, 0.010, 47.634, -149.734
138, 325.000,97.948, -1.395, 5914.205, 436.517, -38.054, 99.992, 85.763, -94.982
139, 230.000, -43.072, 26.844, 22.283, -39.460, -38.262, 0.010, 22.068, 134.117
139, 325.000,-45.340, 26.260, 5929.120, -122.426, 11.207, 99.992, 88.812, 84.770
140, 230.000, -48.683, -0.780, 55.297, -3.906, -21.087, 0.010, 68.803, 169.505
140, 325.000,-49.924, -1.464, 5929.585, -95.226, -23.291, 99.992, 89.053, 103.744
141, 230.000, 6.892, -95.490, 15.619, -37.383, 43.315, 0.010, 15.269, 40.796
141, 325.000,6.497, -104.392, 5906.720, 1.646, -529.851, 99.993, 84.874, -179.822
142, 230.000, 18.823, -21.553, 59.239, -0.122, -2.890, 0.010, 87.204, 177.580
142, 325.000,19.240, -22.128, 5929.906, 49.067, -59.394, 99.992, 89.256, -140.439
143, 230.000, -86.099, -4.652, 54.473, 1.635, -23.402, 0.010, 66.701, -176.004
143, 325.000,-91.148, -5.650, 5921.242, -326.678, -42.435, 99.992, 86.816, 97.401
144, 230.000, -10.364, 7.853, 46.111, 26.208, 26.543, 0.010, 51.029, -44.636
144, 630.000,-21.660, 22.993, 3233.871, -202.602, 237.279, 30.010, 84.489, 40.493
145, 230.000, -79.036, 56.429, 40.138, 36.486, 23.987, 0.010, 42.590, -56.677
145, 325.000,-87.962, 64.302, 5894.199, -505.172, 414.244, 99.988, 83.675, 50.648
146, 230.000, -59.405, 22.465, 33.938, -36.894, -31.697, 0.010, 34.905, 130.667
146, 325.000,-62.310, 22.123, 5927.961, -169.118, 16.532, 99.992, 88.358, 84.417
147, 230.000, 68.120, 56.898, 0.972, 22.912, 54.697, 0.010, 0.939, -22.729
147, 325.000,73.529, 62.518, 5914.185, 316.902, 302.384, 99.991, 85.764, -46.343
148, 230.000, -69.374, -29.842, 43.061, 15.085, 37.893, 0.010, 46.555, -21.707
148, 325.000,-71.622, -29.826, 5927.639, -175.736, -42.770, 99.992, 88.252, 103.678
149, 230.000, -6.537, -66.728, 4.140, 57.364, -14.486, 0.010, 4.002, -104.173
149, 325.000,-4.927, -69.295, 5927.769, 44.454, -170.762, 99.992, 88.295, -165.408
150, 230.000, -30.182, 34.380, 4.141, -53.760, 24.706, 0.010, 4.004, 65.318
150, 325.000,-32.575, 35.939, 5928.672, -111.660, 89.352, 99.992, 88.618, 51.333
151, 230.000, 87.204, -44.316, 0.606, -52.301, -27.963, 0.010, 0.586, 118.131
151, 325.000,97.631, -51.251, 5890.950, 583.946, -355.249, 99.994, 83.382, -121.315
152, 230.000, 83.649, -44.055, 14.656, -56.788, 8.831, 0.010, 14.306, 81.161
152, 325.000,89.913, -47.996, 5912.153, 401.786, -234.080, 99.992, 85.503, -120.225
153, 230.000, -32.264, -41.550, 18.595, 4.754, 56.118, 0.010, 18.271, -4.842
153, 325.000,-32.884, -40.759, 5930.087, -56.758, -21.306, 99.992, 89.414, 110.575
154, 230.000, 56.302, -63.775, 54.144, -17.779, -16.431, 0.010, 65.909, 132.744
154, 325.000,58.919, -67.870, 5922.106, 187.530, -250.960, 99.991, 86.972, -143.231
155, 230.000, -69.527, -19.651, 53.078, -23.502, -12.168, 0.010, 63.499, 117.373
155, 325.000,-72.787, -20.746, 5926.497, -205.420, -63.825, 99.992, 87.921, 107.260
156, 230.000, 29.064, 10.293, 47.917, -33.806, -8.872, 0.010, 53.893, 104.706
156, 325.000,28.631, 10.238, 5930.266, 36.119, 16.062, 99.992, 89.618, -66.025
157, 230.000, 51.849, -11.915, 7.155, -12.892, -57.448, 0.010, 6.929, 167.352
157, 325.000,52.697, -14.034, 5929.192, 86.533, -82.471, 99.992, 88.845, -133.623
158, 230.000, 64.138, -42.786, 41.998, 24.322, 34.091, 0.010, 45.082, -35.506
158, 325.000,67.571, -43.503, 5925.971, 211.280, -88.274, 99.992, 87.787, -112.675
159, 230.000, -26.457, -12.171, 41.204, 35.967, -22.941, 0.010, 44.005, -122.532
159, 325.000,-25.904, -13.177, 5930.038, -31.826, -56.512, 99.992, 89.373, 150.613
160, 230.000, -6.716, 11.774, 14.741, 53.050, 22.046, 0.010, 14.391, -67.433
160, 630.000,-8.891, 31.949, 3232.231, -65.838, 323.486, 30.013, 84.168, 11.504
161, 230.000, -81.270, -55.565, 24.950, 28.933, -45.366, 0.010, 24.877, -147.471
161, 325.000,-92.909, -65.463, 5877.408, -619.743, -493.641, 99.998, 82.322, 128.538
162, 230.000, -24.255, 67.777, 36.941, -17.726, -42.881, 0.010, 38.525, 157.541
162, 325.000,-25.669, 68.825, 5928.479, -80.197, 127.721, 99.992, 88.543, 32.125
163, 230.000, -3.916, -44.746, 49.713, -32.071, -4.209, 0.010, 56.950, 97.476
163, 325.000,-5.019, -45.871, 5929.607, -40.508, -87.624, 99.992, 89.067, 155.189
164, 230.000, 89.091, 27.475, 9.327, 56.908, -13.861, 0.010, 9.048, -103.689
164, 325.000,98.966, 29.558, 5904.683, 536.090, 131.841, 99.993, 84.659, -76.183
165, 230.000, -20.548, -24.820, 43.588, 20.105, -34.836, 0.010, 47.300, -150.009
165, 325.000,-20.352, -26.467, 5929.649, -24.376, -91.379, 99.992, 89.086, 165.064
166, 230.000, 56.938, -73.572, 45.077, -13.667, -36.040, 0.010, 49.467, 159.232
166, 325.000,61.560, -81.182, 5908.635, 282.076, -421.644, 99.991, 85.093, -146.218
167, 230.000, 9.394, 2.580, 31.621, -18.661, -46.578, 0.010, 32.219, 158.167
167, 630.000,20.437, -0.285, 3242.981, 194.372, -21.765, 30.010, 86.549, -96.389
168, 230.000, -89.952, -17.365, 14.553, -56.566, -10.302, 0.010, 14.204, 100.322
168, 325.000,-99.058, -19.104, 5908.360, -501.510, -96.157, 99.991, 85.060, 100.854
169, 230.000, -58.482, -7.641, 32.713, 19.455, -45.486, 0.010, 33.474, -156.843
169, 325.000,-59.419, -9.283, 5929.227, -99.482, -62.802, 99.992, 88.863, 122.264
170, 230.000, -53.081, 15.443, 31.612, -46.423, -19.058, 0.010, 32.209, 112.319
170, 325.000,-55.892, 15.229, 5928.415, -152.893, 10.739, 99.992, 88.519, 85.982
171, 230.000, 62.893, -67.395, 8.411, 32.081, 49.170, 0.010, 8.153, -33.122
171, 325.000,69.034, -71.409, 5913.916, 342.752, -278.444, 99.991, 85.730, -129.090
172, 230.000, -14.742, 84.264, 42.829, -39.249, -11.952, 0.010, 46.231, 106.936
172, 325.000,-16.802, 88.722, 5922.004, -96.180, 300.580, 99.992, 86.950, 17.744
173, 230.000, 73.022, 58.883, 41.548, 38.237, -18.148, 0.010, 44.469, -115.390
173, 325.000,81.036, 63.855, 5906.425, 438.726, 301.579, 99.991, 84.849, -55.495
174, 230.000, 7.515, 65.281, 2.416, -0.060, -59.260, 0.010, 2.335, 179.942
174, 325.000,7.739, 65.363, 5929.768, 16.786, 84.734, 99.992, 89.165, -11.205
175, 230.000, 73.851, 59.062, 32.954, -2.290, 49.259, 0.010, 33.753, 2.662
175, 325.000,81.194, 66.488, 5902.436, 421.732, 391.804, 99.993, 84.430, -47.107
176, 230.000, 67.748, 35.664, 39.732, -38.643, 21.111, 0.010, 42.060, 61.352
176, 325.000,69.287, 37.771, 5927.179, 151.695, 123.220, 99.992, 88.112, -50.913
177, 230.000, 8.174, -12.079, 43.206, -40.137, 6.320, 0.010, 46.759, 81.051
177, 630.000,14.300, -28.641, 3234.323, 124.315, -279.275, 30.007, 84.601, -156.005
178, 230.000, -31.424, -53.602, 26.264, 41.100, -33.744, 0.010, 26.284, -129.387
178, 325.000,-31.015, -56.189, 5928.443, -24.818, -150.161, 99.992, 88.529, 170.615
179, 230.000, -17.567, 85.965, 33.824, 47.799, 9.422, 0.010, 34.771, -78.849
179, 325.000,-17.211, 91.740, 5919.591, -20.446, 357.299, 99.992, 86.540, 3.275
180, 230.000, 36.938, 40.836, 24.861, -15.456, 51.582, 0.010, 24.782, 16.681
180, 325.000,37.375, 43.497, 5928.618, 56.627, 133.757, 99.992, 88.597, -22.946
181, 230.000, 63.749, -67.399, 16.251, 56.438, 8.262, 0.010, 15.902, -81.672
181, 325.000,71.058, -73.045, 5907.837, 389.359, -339.317, 99.991, 85.004, -131.071
182, 230.000, -15.093, -67.926, 19.825, 49.924, -25.143, 0.010, 19.528, -116.731
182, 325.000,-14.027, -71.007, 5927.243, 15.003, -192.815, 99.992, 88.131, -175.551
183, 230.000, -18.490, -38.646, 15.472, -36.529, 44.089, 0.010, 15.122, 39.643
183, 325.000,-20.059, -38.082, 5929.887, -72.711, -27.045, 99.992, 89.250, 110.403
184, 230.000, 19.144, 48.306, 54.765, 8.194, 21.244, 0.010, 67.424, -21.092
184, 325.000,19.862, 50.134, 5929.123, 45.064, 114.297, 99.992, 88.813, -21.518
185, 230.000, 56.149, 75.110, 26.237, -51.013, -15.065, 0.010, 26.255, 106.453
185, 325.000,59.676, 81.448, 5913.109, 243.207, 381.958, 99.993, 85.621, -32.486
186, 230.000, 85.845, -32.230, 7.157, 7.999, 58.330, 0.010, 6.931, -7.809
186, 325.000,92.907, -32.994, 5914.840, 419.516, -92.322, 99.992, 85.846, -102.411
187, 230.000, -72.519, 14.635, 21.156, 46.947, 29.428, 0.010, 20.898, -57.919
187, 325.000,-73.748, 16.106, 5928.254, -143.462, 69.579, 99.992, 88.459, 64.127
188, 230.000, -53.714, -83.460, 7.942, 43.753, 39.246, 0.010, 7.696, -48.108
188, 325.000,-61.705, -96.726, 5874.518, -424.797, -690.907, 99.987, 82.139, 148.415
189, 230.000, -65.111, -39.053, 10.717, -56.468, -14.635, 0.010, 10.411, 104.530
189, 325.000,-69.554, -41.113, 5923.955, -245.421, -127.065, 99.992, 87.329, 117.372
190, 230.000, -63.887, -76.570, 23.322, -7.487, -54.015, 0.010, 23.156, 172.109
190, 325.000,-81.721, -99.294, 5788.228, -809.027, -1018.206, 100.064, 77.337, 141.531
191, 230.000, 37.411, -68.069, 36.559, 27.422, 37.803, 0.010, 38.055, -35.957
191, 325.000,39.844, -69.753, 5926.658, 137.973, -159.217, 99.992, 87.964, -139.089
192, 230.000, -4.123, -82.547, 22.271, 16.599, 52.403, 0.010, 22.055, -17.576
192, 325.000,-3.810, -85.017, 5926.340, 3.744, -219.322, 99.992, 87.880, -179.022
193, 230.000, 15.273, 26.463, 38.726, 25.220, 37.174, 0.010, 40.764, -34.155
193, 325.000,16.409, 28.223, 5929.255, 61.138, 99.086, 99.992, 88.875, -31.676
194, 230.000, 69.245, -22.994, 18.008, 55.042, 12.794, 0.010, 17.676, -76.915
194, 325.000,73.564, -23.450, 5925.275, 241.771, -47.828, 99.992, 87.618, -101.190
195, 230.000, 19.399, 10.465, 12.037, -21.991, -53.751, 0.010, 11.709, 157.749
195, 325.000,19.208, 9.011, 5929.886, 82.517, -3.586, 99.994, 89.202, -92.489
196, 230.000, -91.762, -34.381, 42.742, 17.479, -37.218, 0.010, 46.109, -154.843
196, 325.000,-104.468, -40.447, 5883.355, -679.493, -301.519, 99.983, 82.799, 113.929
197, 230.000, 83.145, 38.452, 36.460, -18.144, 43.117, 0.010, 37.933, 22.822
197, 325.000,89.199, 42.830, 5913.804, 379.282, 230.118, 99.993, 85.710, -58.754
198, 230.000, 84.556, -2.855, 55.699, -18.374, -8.814, 0.010, 69.904, 115.626
198, 325.000,88.608, -3.283, 5923.594, 283.499, -19.506, 99.992, 87.253, -93.936
199, 230.000, 9.756, -38.860, 3.473, 23.096, 54.518, 0.010, 3.357, -22.959
199, 325.000,10.705, -37.953, 5930.210, 42.975, -18.863, 99.992, 89.547, -113.698
200, 230.000, -5.132, 62.948, 21.650, -11.822, -53.937, 0.010, 21.410, 167.637
200, 325.000,-5.653, 63.035, 5929.815, -23.333, 79.610, 99.992, 89.198, 16.335
201, 230.000, 9.291, -32.697, 46.775, 19.324, -30.924, 0.010, 52.060, -147.999
201, 325.000,10.104, -34.381, 5929.422, 39.389, -99.932, 99.992, 88.962, -158.488
202, 230.000, 32.336, 0.527, 41.367, -17.568, -38.701, 0.010, 44.224, 155.585
202, 325.000,32.480, -0.695, 5930.010, 55.114, -39.417, 99.992, 89.345, -125.572
203, 230.000, 56.962, -31.139, 16.591, -48.051, -30.552, 0.010, 16.244, 122.449
203, 325.000,57.138, -33.034, 5929.035, 76.982, -101.140, 99.992, 88.772, -142.724
204, 230.000, 17.492, 40.276, 0.139, 41.719, 42.156, 0.010, 0.135, -44.702
204, 325.000,19.212, 42.512, 5928.735, 75.628, 118.281, 99.992, 88.643, -32.595
205, 230.000, -21.651, 83.359, 14.171, -50.339, -27.978, 0.010, 13.823, 119.065
205, 325.000,-24.485, 87.378, 5921.950, -135.048, 285.848, 99.991, 86.944, 25.288
206, 230.000, -38.420, 18.720, 39.265, 7.118, -43.877, 0.010, 41.455, -170.785
206, 325.000,-39.031, 17.734, 5930.029, -65.040, -10.217, 99.992, 89.364, 98.927
207, 230.000, 35.363, -13.626, 29.200, -47.189, 20.934, 0.010, 29.493, 66.077
207, 325.000,34.619, -13.251, 5930.354, 22.117, -5.656, 99.992, 89.779, -104.344
208, 230.000, 81.399, -33.097, 11.821, 48.460, -32.086, 0.010, 11.497, -123.509
208, 325.000,88.268, -36.275, 5915.141, 389.010, -171.283, 99.992, 85.890, -113.764
209, 230.000, 72.494, 39.252, 44.290, -38.295, -9.464, 0.010, 48.310, 103.882
209, 325.000,74.901, 40.906, 5925.786, 200.421, 120.362, 99.992, 87.741, -59.013
210, 230.000, 87.274, 46.996, 57.930, -11.805, 4.728, 0.010, 77.619, 68.175
210, 325.000,102.142, 55.329, 5866.416, 758.177, 420.163, 99.982, 81.595, -61.006
211, 230.000, 29.617, -8.356, 13.431, 56.226, -13.262, 0.010, 13.088, -103.272
211, 325.000,32.058, -8.961, 5928.997, 124.807, -32.484, 99.992, 88.754, -104.589
212, 230.000, -61.402, -22.617, 45.713, -20.347, -31.843, 0.010, 50.421, 147.422
212, 325.000,-63.922, -24.312, 5927.606, -161.008, -84.621, 99.992, 88.242, 117.725
213, 230.000, -58.335, 56.412, 10.967, 58.099, -4.678, 0.010, 10.656, -94.603
213, 325.000,-59.265, 58.924, 5926.496, -124.931, 174.898, 99.992, 87.923, 35.538
214, 230.000, 4.278, 84.195, 13.107, -52.624, -24.013, 0.010, 12.767, 114.528
214, 325.000,2.868, 87.977, 5923.991, -40.300, 272.517, 99.992, 87.338, 8.412
215, 230.000, 16.493, -30.816, 17.290, -4.762, 56.533, 0.010, 16.949, 4.815
215, 325.000,16.698, -29.675, 5930.315, 30.665, -7.456, 99.992, 89.695, -103.665
216, 230.000, -74.357, -62.119, 9.161, 35.427, -46.676, 0.010, 8.885, -142.802
216, 325.000,-82.582, -71.292, 5892.856, -468.329, -472.962, 99.989, 83.556, 135.282
217, 230.000, 12.971, 88.522, 52.975, -21.372, -15.956, 0.010, 63.276, 126.745
217, 325.000,13.212, 94.159, 5919.128, 33.201, 364.110, 99.992, 86.465, -5.210
218, 230.000, 21.787, -57.007, 46.545, -36.653, 2.778, 0.010, 51.701, 85.666
218, 325.000,21.232, -58.491, 5929.234, 7.781, -116.981, 99.992, 88.867, -176.194
219, 230.000, -30.274, 82.887, 8.969, -43.155, 39.684, 0.010, 8.698, 47.399
219, 325.000,-33.642, 89.676, 5915.014, -172.966, 390.457, 99.992, 85.871, 23.893
220, 230.000, -23.843, 36.891, 46.639, 35.010, -10.804, 0.010, 51.848, -107.150
220, 325.000,-23.255, 37.357, 5930.105, -8.413, 57.968, 99.992, 89.434, 8.258
221, 230.000, -37.316, -32.510, 3.142, -51.201, -29.770, 0.010, 3.037, 120.175
221, 325.000,-39.820, -34.219, 5928.400, -123.282, -92.038, 99.992, 88.513, 126.744
222, 230.000, -50.045, 38.268, 14.450, 50.093, 28.277, 0.010, 14.101, -60.556
222, 325.000,-49.891, 40.260, 5929.069, -56.204, 112.127, 99.992, 88.788, 26.622
223, 230.000, 58.728, 77.593, 17.709, -54.187, 16.364, 0.010, 17.373, 73.196
223, 325.000,64.698, 88.122, 5893.317, 352.805, 560.367, 99.992, 83.589, -32.194
224, 230.000, 15.782, -88.949, 28.191, -50.579, -12.830, 0.010, 28.381, 104.233
224, 325.000,15.387, -95.889, 5915.836, 17.599, -415.170, 99.992, 85.982, -177.573
225, 230.000, -71.443, -51.360, 3.716, 12.390, -57.882, 0.010, 3.592, -167.917
225, 325.000,-75.726, -56.512, 5917.442, -281.047, -272.735, 99.991, 86.214, 134.140
226, 230.000, -50.707, 6.922, 43.512, 34.577, -20.707, 0.010, 47.192, -120.916
226, 325.000,-50.803, 6.428, 5930.083, -60.300, -8.324, 99.992, 89.412, 97.860
227, 230.000, 2.336, 68.136, 37.423, 21.275, -40.799, 0.010, 39.122, -152.459
227, 325.000,3.081, 69.031, 5929.158, 27.638, 117.908, 99.992, 88.830, -13.192
228, 230.000, 59.671, -66.248, 46.167, -34.797, 13.243, 0.010, 51.115, 69.164
228, 325.000,62.638, -70.323, 5920.484, 215.448, -266.062, 99.991, 86.691, -141.001
229, 230.000, -61.416, 24.623, 54.106, 11.410, -21.448, 0.010, 65.819, -151.987
229, 325.000,-62.942, 24.705, 5928.909, -128.225, 33.868, 99.992, 88.719, 75.205
230, 230.000, -34.520, -1.281, 19.358, -34.629, 44.087, 0.010, 19.050, 38.148
230, 325.000,-36.365, 0.100, 5929.280, -106.722, 43.357, 99.992, 88.887, 67.890
231, 230.000, 0.710, -86.604, 48.925, 12.888, 30.949, 0.010, 55.580, -22.608
231, 325.000,1.150, -90.800, 5922.860, 16.315, -298.625, 99.992, 87.109, -176.873
232, 230.000, -26.528, -17.936, 22.274, 34.074, -43.133, 0.010, 22.059, -141.692
232, 325.000,-26.015, -19.706, 5929.722, -24.325, -85.889, 99.992, 89.138, 164.187
233, 230.000, -9.512, -41.128, 33.135, 2.025, 49.149, 0.010, 33.964, -2.359
233, 325.000,-9.654, -40.457, 5930.311, -15.996, -27.247, 99.992, 89.695, 149.583
234, 230.000, 63.391, 13.382, 23.969, -13.427, -52.563, 0.010, 23.836, 165.671
234, 325.000,64.851, 12.119, 5928.984, 127.101, -24.847, 99.992, 88.749, -101.061
235, 230.000, 18.387, 62.606, 42.190, -16.675, -38.204, 0.010, 45.345, 156.420
235, 325.000,18.411, 63.274, 5929.502, 23.740, 100.130, 99.992, 89.006, -13.338
236, 230.000, 42.682, 37.568, 26.387, -52.346, 9.016, 0.010, 26.417, 80.227
236, 325.000,42.111, 38.812, 5929.722, 30.658, 84.082, 99.992, 89.135, -20.033
237, 230.000, -64.080, 21.109, 17.825, -49.092, -28.104, 0.010, 17.490, 119.790
237, 325.000,-67.694, 20.900, 5926.887, -202.898, 20.740, 99.992, 88.029, 84.164
238, 230.000, 40.461, -61.140, 2.045, -30.545, 50.798, 0.010, 1.976, 31.018
238, 325.000,40.969, -61.761, 5928.994, 73.342, -105.980, 99.992, 88.755, -145.315
239, 230.000, -56.433, -79.146, 38.577, 42.372, 15.299, 0.010, 40.575, -70.147
239, 325.000,-62.303, -88.701, 5896.845, -342.670, -527.826, 99.989, 83.909, 147.008
240, 230.000, 36.473, -38.062, 2.226, -47.715, -35.156, 0.010, 2.151, 126.382
240, 325.000,35.831, -40.099, 5929.352, 20.530, -109.431, 99.992, 88.924, -169.374
241, 230.000, 3.038, 93.288, 9.097, -55.920, -17.545, 0.010, 8.823, 107.419
241, 325.000,1.595, 101.020, 5911.764, -43.714, 467.792, 99.992, 85.456, 5.339
242, 230.000, 56.575, 27.546, 20.510, 8.691, -54.968, 0.010, 20.231, -171.016
242, 325.000,58.470, 26.595, 5928.940, 131.394, 2.496, 99.992, 88.730, -88.912
243, 230.000, 6.924, -45.902, 53.780, -0.164, -25.006, 0.010, 65.062, 179.624
243, 325.000,7.074, -47.725, 5929.339, 12.705, -111.246, 99.992, 88.918, -173.485
244, 230.000, -12.659, -79.524, 26.845, -14.674, 50.810, 0.010, 26.912, 16.109
244, 325.000,-13.700, -81.594, 5926.920, -54.992, -195.422, 99.992, 88.038, 164.283
245, 230.000, -70.999, 54.054, 13.313, 42.524, 39.142, 0.010, 12.971, -47.372
245, 325.000,-74.560, 58.976, 5918.469, -258.695, 272.711, 99.992, 86.366, 43.489
246, 230.000, -15.517, 26.076, 53.490, 18.029, -18.204, 0.010, 64.407, -135.276
246, 325.000,-15.287, 26.076, 5930.192, -19.650, 45.792, 99.992, 89.519, 23.225
247, 230.000, 47.356, 4.014, 1.423, 55.978, 19.547, 0.010, 1.375, -70.751
247, 325.000,50.223, 4.730, 5928.527, 146.250, 27.727, 99.992, 88.562, -79.265
248, 230.000, 68.999, 35.649, 36.319, -46.393, 6.805, 0.010, 37.760, 81.656
248, 325.000,70.433, 37.353, 5927.425, 151.756, 110.623, 99.992, 88.185, -53.910
249, 230.000, 98.651, 14.074, 5.209, -28.043, -52.001, 0.010, 5.039, 151.663
249, 325.000,120.142, 15.717, 5839.753, 1035.240, 96.025, 100.032, 79.905, -84.701
250, 230.000, 43.008, -58.040, 4.567, 50.580, -30.635, 0.010, 4.416, -121.202
250, 325.000,46.182, -61.135, 5925.218, 165.666, -184.276, 99.992, 87.605, -138.044
251, 230.000, -26.825, -77.286, 11.881, 11.148, 57.028, 0.010, 11.556, -11.061
251, 325.000,-27.765, -79.215, 5926.875, -75.075, -190.128, 99.992, 88.025, 158.453
252, 230.000, 64.863, -3.324, 25.920, 49.051, 20.972, 0.010, 25.914, -66.851
252, 325.000,68.387, -2.762, 5927.069, 198.124, 14.267, 99.992, 88.081, -85.881
253, 230.000, 18.397, 45.575, 9.452, 44.931, 37.544, 0.010, 9.170, -50.118
253, 325.000,20.256, 47.830, 5928.535, 81.087, 124.489, 99.992, 88.564, -33.079
254, 230.000, -6.411, -2.888, 25.572, -7.316, -53.011, 0.010, 25.542, 172.142
254, 630.000,-16.815, -14.660, 3240.147, -169.168, -166.434, 30.009, 85.811, 134.533
255, 230.000, 40.415, 63.691, 39.330, -38.240, -22.549, 0.010, 41.540, 120.526
255, 325.000,40.791, 65.466, 5928.038, 71.019, 151.337, 99.992, 88.385, -25.140
256, 230.000, -16.879, 30.331, 13.041, 48.187, 32.025, 0.010, 12.702, -56.392
256, 325.000,-15.699, 32.007, 5929.594, 15.239, 96.436, 99.992, 89.057, -8.980
257, 230.000, 96.050, 20.546, 4.254, 59.067, -3.254, 0.010, 4.113, -93.153
257, 325.000,112.645, 23.620, 5869.431, 833.790, 161.290, 99.997, 81.767, -79.052
258, 230.000, -19.994, 93.273, 5.026, 30.535, -50.596, 0.010, 4.862, -148.889
258, 325.000,-21.126, 101.342, 5909.314, -84.512, 492.320, 99.991, 85.168, 9.740
259, 230.000, 66.849, -67.574, 2.610, -17.865, -56.495, 0.010, 2.522, 162.452
259, 325.000,73.309, -76.375, 5900.299, 377.792, -461.562, 99.991, 84.228, -140.699
260, 230.000, 18.564, -20.491, 0.139, 33.129, -49.195, 0.010, 0.135, -146.043
260, 325.000,20.041, -22.527, 5928.918, 81.842, -103.690, 99.992, 88.724, -141.716
261, 230.000, 71.748, -58.151, 2.925, -37.125, -46.161, 0.010, 2.827, 141.192
261, 325.000,76.597, -64.424, 5912.214, 317.687, -338.611, 99.992, 85.510, -136.826
262, 230.000, 9.681, -51.952, 5.564, -54.581, -22.529, 0.010, 5.383, 112.429
262, 325.000,8.177, -53.927, 5928.992, -37.929, -123.242, 99.992, 88.754, 162.894
263, 230.000, -43.531, -20.431, 44.723, -37.599, 10.192, 0.010, 48.943, 74.833
263, 325.000,-45.718, -20.576, 5929.112, -120.255, -27.619, 99.992, 88.808, 102.935
264, 230.000, -69.819, 40.738, 56.274, 18.320, -3.904, 0.010, 71.590, -102.030
264, 325.000,-72.535, 42.534, 5925.582, -203.242, 125.708, 99.992, 87.691, 58.263
265, 230.000, -61.403, 33.453, 16.812, -15.415, 54.748, 0.010, 16.467, 15.725
265, 325.000,-63.993, 36.326, 5926.334, -168.790, 140.281, 99.992, 87.879, 50.270
266, 230.000, 62.191, -25.957, 48.924, 17.659, 28.501, 0.010, 55.577, -31.782
266, 325.000,64.724, -25.887, 5928.042, 164.216, -31.218, 99.992, 88.385, -100.764
267, 230.000, -36.539, 42.700, 21.261, 14.857, 53.337, 0.010, 21.006, -15.565
267, 325.000,-37.002, 45.484, 5928.458, -57.391, 140.348, 99.992, 88.535, 22.241
268, 230.000, 87.829, -23.456, 42.802, -32.643, -24.901, 0.010, 46.193, 127.338
268, 325.000,93.424, -25.981, 5917.445, 368.082, -133.963, 99.992, 86.213, -109.999
269, 230.000, -15.211, -97.478, 18.220, 17.064, 53.800, 0.010, 17.891, -17.598
269, 325.000,-17.038, -110.842, 5885.463, -103.402, -722.263, 99.996, 82.933, 171.853
270, 230.000, 56.487, -61.682, 19.574, 52.938, -18.224, 0.010, 19.270, -108.996
270, 325.000,61.188, -65.582, 5920.044, 256.493, -238.378, 99.992, 86.615, -132.904
271, 230.000, 62.371, -60.165, 56.455, 13.851, -11.773, 0.010, 72.152, -130.365
271, 325.000,66.601, -64.196, 5919.624, 257.991, -247.190, 99.992, 86.546, -133.775
272, 230.000, 9.571, -89.307, 50.795, -30.412, -3.547, 0.010, 58.919, 96.652
272, 325.000,9.319, -95.783, 5917.068, 9.938, -397.167, 99.992, 86.159, -178.567
273, 230.000, -73.671, 7.963, 21.965, 7.014, -54.644, 0.010, 21.737, -172.686
273, 325.000,-76.236, 6.546, 5927.226, -190.366, -35.717, 99.992, 88.128, 100.627
274, 230.000, 88.663, 20.805, 42.818, -35.048, 21.352, 0.010, 46.215, 58.650
274, 325.000,94.302, 23.035, 5917.503, 371.914, 118.649, 99.991, 86.226, -72.306
275, 230.000, -54.279, 53.919, 31.616, 28.451, 41.335, 0.010, 32.213, -34.539
275, 325.000,-55.613, 57.424, 5925.780, -125.531, 197.535, 99.992, 87.738, 32.436
276, 230.000, -80.249, -15.173, 8.104, 11.824, 57.551, 0.010, 7.853, -11.610
276, 325.000,-83.769, -14.107, 5925.153, -249.246, 11.006, 99.992, 87.589, 87.472
277, 230.000, 43.431, 19.582, 48.312, -14.178, -31.346, 0.010, 54.545, 155.662
277, 325.000,43.964, 19.032, 5930.021, 66.475, 4.131, 99.992, 89.357, -86.444
278, 230.000, -68.910, 59.710, 32.548, -31.530, 38.264, 0.010, 33.284, 39.489
278, 325.000,-75.336, 65.614, 5910.306, -363.003, 326.168, 99.993, 85.280, 48.059
279, 230.000, 69.024, -68.657, 22.553, -54.838, 1.341, 0.010, 22.350, 88.599
279, 325.000,76.246, -77.438, 5896.182, 421.622, -476.368, 99.992, 83.842, -138.489
280, 230.000, -97.188, 14.750, 57.467, 12.963, 6.865, 0.010, 75.681, -62.094
280, 325.000,-111.318, 17.157, 5881.937, -746.733, 122.803, 99.993, 82.669, 80.661
281, 230.000, -28.864, -57.171, 26.586, 52.643, 6.288, 0.010, 26.632, -83.188
281, 325.000,-28.044, -58.642, 5929.195, -8.682, -118.981, 99.992, 88.847, 175.827
282, 230.000, -68.323, 15.888, 10.038, 57.996, 7.300, 0.010, 9.745, -82.826
282, 325.000,-68.776, 16.649, 5929.268, -105.968, 46.298, 99.992, 88.883, 66.399
283, 230.000, -16.431, 80.323, 25.263, -36.145, 39.660, 0.010, 25.211, 42.345
283, 325.000,-18.387, 85.613, 5921.434, -93.368, 312.298, 99.992, 86.849, 16.645
284, 230.000, -61.227, -0.429, 44.947, -37.915, 7.735, 0.010, 49.274, 78.469
284, 325.000,-64.140, -0.197, 5927.961, -169.812, 7.115, 99.992, 88.358, 87.601
285, 230.000, -68.716, 21.748, 54.669, -17.437, 14.998, 0.010, 67.183, 49.300
285, 325.000,-71.740, 23.002, 5926.719, -196.058, 71.940, 99.992, 87.982, 69.850
286, 230.000, -14.179, -3.993, 7.571, 24.114, 53.655, 0.010, 7.334, -24.201
286, 630.000,-31.250, -2.135, 3234.986, -297.732, 0.924, 30.006, 84.742, 89.822
287, 230.000, -95.858, -6.028, 37.475, -16.957, 42.728, 0.010, 39.187, 21.646
287, 325.000,-107.341, -5.428, 5897.015, -627.645, 7.364, 99.989, 83.924, 89.328
288, 230.000, -14.061, 52.884, 16.670, 41.079, -39.399, 0.010, 16.324, -133.804
288, 325.000,-13.102, 52.933, 5930.053, 15.226, 61.989, 99.992, 89.383, -13.800
289, 230.000, -60.461, -50.275, 6.049, 56.784, 16.020, 0.010, 5.854, -74.245
289, 325.000,-61.274, -51.931, 5927.715, -119.677, -132.204, 99.992, 88.277, 137.847
290, 230.000, 2.715, -82.394, 31.366, -21.131, 45.687, 0.010, 31.928, 24.822
290, 325.000,2.191, -85.046, 5926.117, -13.220, -224.784, 99.992, 87.824, 176.634
291, 230.000, -70.357, -56.812, 21.592, 48.722, 26.031, 0.010, 21.349, -61.885
291, 325.000,-73.919, -60.098, 5920.433, -260.266, -224.269, 99.992, 86.679, 130.751
292, 230.000, -67.648, 22.428, 3.821, 57.132, 15.458, 0.010, 3.694, -74.860
292, 325.000,-68.176, 23.690, 5928.949, -109.268, 72.094, 99.992, 88.735, 56.584
293, 230.000, -17.717, -7.860, 26.562, 52.516, 7.359, 0.010, 26.606, -82.024
293, 630.000,-35.551, -18.024, 3227.721, -326.188, -173.316, 30.008, 83.472, 117.983
294, 230.000, 17.446, 60.689, 24.506, -14.807, -51.941, 0.010, 24.405, 164.089
294, 325.000,17.474, 60.776, 5929.857, 22.196, 76.767, 99.992, 89.228, -16.126
295, 230.000, 17.968, -15.772, 45.544, 3.301, -37.848, 0.010, 50.166, -175.015
295, 325.000,18.503, -17.360, 5929.291, 65.138, -95.046, 99.992, 88.887, -145.576
296, 230.000, -64.248, -58.470, 44.876, 35.900, 14.661, 0.010, 49.169, -67.785
296, 325.000,-67.002, -61.532, 5922.967, -209.859, -209.993, 99.992, 87.131, 135.018
297, 230.000, 2.750, 0.991, 22.832, -1.797, 54.709, 0.010, 22.641, 1.881
297, 630.000,6.523, 10.248, 3245.968, 63.857, 123.665, 30.011, 87.545, -27.310
298, 230.000, 50.633, 39.314, 7.805, -55.638, -19.004, 0.010, 7.562, 108.859
298, 325.000,50.340, 39.853, 5929.792, 52.802, 66.133, 99.992, 89.182, -38.605
299, 230.000, 72.005, 16.242, 8.482, 51.885, -27.453, 0.010, 8.222, -117.884
299, 325.000,76.393, 15.998, 5925.127, 249.437, 15.336, 99.992, 87.585, -86.482
300, 230.000, -50.012, -39.380, 29.922, -50.042, -10.870, 0.010, 30.298, 102.256
300, 325.000,-53.071, -40.887, 5927.336, -162.932, -98.644, 99.992, 88.160, 121.192
