ion,x0,y0,z0,vx0,vy0,vz0,ke0,elev0,azim0,x1,y1,z1,vx1,vy1,vz1,ke1,elev1,azim1
1, 230.000, -33.662, 48.937, 0.728, -56.832, -16.949, 0.010, 0.703, 106.606
1, 325.000,-36.375, 49.715, 5928.420, -128.427, 83.400, 99.992, 88.520, 57.001
2, 230.000, 93.353, -7.967, 31.082, -20.941, -45.968, 0.010, 31.605, 155.508
2, 325.000,101.227, -10.095, 5910.649, 475.266, -91.426, 99.993, 85.319, -100.889
3, 230.000, -38.363, 17.648, 18.415, -37.968, -41.676, 0.010, 18.089, 137.666
3, 325.000,-40.404, 16.701, 5929.356, -110.630, -10.416, 99.992, 88.926, 95.378
4, 230.000, 91.866, 3.066, 7.942, -55.905, -18.143, 0.010, 7.696, 107.980
4, 325.000,97.382, 2.750, 5918.383, 377.394, -4.694, 99.992, 86.351, -90.713
5, 230.000, 29.075, 48.787, 14.080, -13.455, 56.021, 0.010, 13.733, 13.505
5, 325.000,29.398, 51.826, 5928.183, 44.292, 155.800, 99.992, 88.435, -15.870
6, 230.000, -15.278, 39.849, 38.840, 42.890, -13.020, 0.010, 40.910, -106.887
6, 325.000,-14.246, 40.299, 5930.059, 15.868, 61.104, 99.992, 89.390, -14.557
7, 230.000, 75.422, 10.863, 48.384, -20.037, 27.841, 0.010, 54.666, 35.742
7, 325.000,77.828, 12.170, 5927.002, 191.399, 59.701, 99.992, 88.063, -72.676
8, 230.000, -5.958, 25.320, 2.301, 52.105, 28.238, 0.010, 2.223, -61.545
8, 325.000,-4.418, 26.807, 5929.361, 38.297, 104.257, 99.992, 88.927, -20.170
9, 230.000, -29.500, -55.361, 0.456, -48.321, -34.388, 0.010, 0.441, 125.437
9, 325.000,-31.890, -58.059, 5927.218, -114.643, -156.652, 99.992, 88.124, 143.802
10, 230.000, 62.535, 29.081, 48.837, 33.652, -0.419, 0.010, 55.429, -90.714
10, 325.000,65.673, 30.035, 5927.033, 186.960, 70.207, 99.992, 88.070, -69.418
11, 230.000, 41.635, -7.909, 43.074, 11.106, -39.230, 0.010, 46.573, -164.193
11, 325.000,42.889, -9.326, 5929.473, 88.792, -55.335, 99.992, 88.989, -121.931
12, 230.000, 13.905, -22.646, 4.829, -58.993, -3.766, 0.010, 4.670, 93.653
12, 325.000,12.330, -23.292, 5929.906, -20.527, -73.800, 99.992, 89.260, 164.456
13, 230.000, -73.434, -50.290, 42.844, -20.416, 35.570, 0.010, 46.251, 29.854
13, 325.000,-79.058, -52.616, 5918.372, -333.451, -175.906, 99.991, 86.355, 117.813
14, 230.000, 5.473, -47.377, 14.522, -42.283, -38.973, 0.010, 14.173, 132.667
14, 325.000,4.250, -49.694, 5928.912, -33.623, -128.291, 99.992, 88.719, 165.314
15, 230.000, -10.193, 30.109, 20.546, -54.208, -12.529, 0.010, 20.268, 103.014
15, 325.000,-12.146, 30.357, 5929.617, -79.563, 53.990, 99.992, 89.071, 55.840
16, 230.000, -34.034, -24.417, 47.695, -24.690, -25.165, 0.010, 53.529, 135.545
16, 325.000,-35.553, -25.743, 5929.303, -88.686, -71.348, 99.992, 88.900, 128.817
17, 230.000, 24.131, -80.113, 10.972, -54.474, -20.732, 0.010, 10.661, 110.836
17, 325.000,23.711, -85.010, 5922.632, 27.091, -302.236, 99.992, 87.067, -174.878
18, 230.000, 22.074, -46.838, 52.339, 17.862, -21.429, 0.010, 61.942, -140.187
18, 325.000,23.165, -48.632, 5929.043, 60.454, -111.224, 99.992, 88.777, -151.474
19, 230.000, 3.126, 85.880, 33.964, 42.788, -23.093, 0.010, 34.935, -118.357
19, 325.000,4.633, 90.139, 5922.658, 56.845, 297.393, 99.992, 87.073, -10.821
20, 230.000, -61.346, 3.574, 40.616, 42.946, 4.863, 0.010, 43.220, -83.540
20, 325.000,-61.681, 3.826, 5929.783, -84.239, 12.549, 99.992, 89.177, 81.527
21, 230.000, -74.565, 56.814, 58.035, -5.335, -11.003, 0.010, 78.102, 154.135
21, 325.000,-81.605, 61.721, 5909.147, -406.752, 293.875, 99.992, 85.146, 54.152
22, 230.000, -27.202, -58.342, 48.779, 21.632, 25.891, 0.010, 55.330, -39.879
22, 325.000,-27.320, -59.239, 5929.407, -37.411, -101.534, 99.992, 88.955, 159.773
23, 230.000, -34.539, 50.857, 15.898, 19.444, 53.729, 0.010, 15.548, -19.894
23, 325.000,-34.895, 53.990, 5927.879, -53.483, 164.255, 99.992, 88.331, 18.036
24, 230.000, -96.063, -22.066, 30.356, 13.898, 49.020, 0.010, 30.786, -15.829
24, 325.000,-110.460, -24.012, 5880.864, -756.057, -124.502, 99.998, 82.577, 99.351
25, 230.000, 44.181, -31.601, 49.818, -29.820, -12.108, 0.010, 57.136, 112.100
25, 325.000,44.322, -32.758, 5929.685, 54.636, -73.706, 99.992, 89.114, -143.452
26, 230.000, 30.227, -5.472, 38.500, -29.556, 34.086, 0.010, 40.476, 40.928
26, 325.000,29.948, -4.505, 5930.202, 42.717, 22.573, 99.992, 89.533, -62.147
27, 230.000, -73.539, -53.124, 37.814, -31.737, -32.872, 0.010, 39.610, 136.007
27, 325.000,-80.165, -58.216, 5911.604, -377.144, -283.004, 99.991, 85.440, 126.884
28, 230.000, 41.709, -3.568, 45.028, 4.577, -38.329, 0.010, 49.395, -173.191
28, 325.000,42.755, -4.862, 5929.636, 82.526, -46.387, 99.992, 89.085, -119.340
29, 230.000, -40.098, 76.481, 2.123, -30.728, -50.684, 0.010, 2.052, 148.773
29, 325.000,-43.412, 79.402, 5922.810, -184.431, 236.399, 99.992, 87.102, 37.960
30, 230.000, -77.612, -60.847, 48.630, 31.382, 12.957, 0.010, 55.079, -67.565
30, 325.000,-88.716, -69.898, 5881.660, -592.100, -476.694, 99.998, 82.636, 128.837
31, 230.000, -12.547, -6.469, 35.756, -29.755, -36.795, 0.010, 37.075, 141.039
31, 630.000,-30.788, -18.548, 4579.226, -312.041, -196.723, 60.005, 85.395, 122.229
32, 230.000, -82.224, 28.244, 57.022, -15.950, 3.426, 0.010, 74.034, 77.876
32, 325.000,-87.790, 30.093, 5919.471, -340.695, 114.860, 99.991, 86.524, 71.369
33, 230.000, -31.177, 62.077, 43.702, 23.119, 32.762, 0.010, 47.463, -35.210
33, 325.000,-31.498, 65.192, 5927.250, -52.197, 186.009, 99.992, 88.133, 15.675
34, 230.000, 64.621, -39.649, 2.384, -59.194, -2.834, 0.010, 2.304, 92.741
34, 325.000,65.292, -41.294, 5928.188, 116.484, -112.413, 99.992, 88.436, -133.981
35, 230.000, -80.213, -19.758, 10.527, 53.342, -23.695, 0.010, 10.224, -113.951
35, 325.000,-82.539, -21.482, 5925.960, -210.732, -90.635, 99.992, 87.783, 113.272
36, 230.000, 80.870, 1.303, 5.251, -39.009, 44.366, 0.010, 5.079, 41.324
36, 325.000,83.428, 2.754, 5926.278, 215.192, 50.709, 99.992, 87.864, -76.740
37, 230.000, -30.076, 86.436, 23.313, 53.254, 11.755, 0.010, 23.146, -77.552
37, 325.000,-30.807, 93.599, 5914.651, -86.443, 423.491, 99.993, 85.820, 11.537
38, 230.000, 6.696, -95.322, 37.868, 24.744, -38.358, 0.010, 39.678, -147.175
38, 325.000,8.185, -107.021, 5896.402, 67.894, -630.981, 99.994, 83.857, -173.859
39, 230.000, -85.379, -43.358, 49.930, -25.886, -18.829, 0.010, 57.336, 126.031
39, 325.000,-95.745, -48.794, 5896.432, -562.398, -291.677, 99.991, 83.867, 117.413
40, 230.000, -41.593, 66.093, 54.636, 22.434, -5.410, 0.010, 67.102, -103.558
40, 325.000,-42.671, 68.748, 5926.523, -99.365, 189.557, 99.991, 87.932, 27.663
41, 230.000, -85.675, -33.722, 6.456, -10.950, 57.931, 0.010, 6.250, 10.704
41, 325.000,-92.995, -34.689, 5913.837, -430.190, -103.140, 99.991, 85.722, 103.482
42, 230.000, -12.649, -30.816, 55.824, 6.338, 19.005, 0.010, 70.258, -18.444
42, 325.000,-12.719, -30.874, 5930.173, -20.901, -47.190, 99.992, 89.501, 156.111
43, 230.000, -17.668, -90.338, 54.442, -2.096, 23.436, 0.010, 66.626, 5.112
43, 325.000,-19.161, -96.927, 5915.251, -88.012, -413.722, 99.990, 85.910, 167.990
44, 230.000, 62.133, -63.266, 25.237, -20.903, 49.434, 0.010, 25.184, 22.921
44, 325.000,65.548, -65.874, 5922.156, 233.488, -207.972, 99.992, 86.978, -131.692
45, 230.000, -75.274, 55.997, 1.059, 55.768, -20.160, 0.010, 1.023, -109.875
45, 325.000,-80.346, 60.423, 5914.444, -337.779, 273.996, 99.992, 85.794, 50.952
46, 230.000, 16.644, 2.085, 38.429, 23.090, -38.829, 0.010, 40.386, -149.262
46, 630.000,38.659, -0.344, 4578.200, 384.064, -21.376, 60.012, 85.197, -93.186
47, 230.000, 43.155, 23.206, 56.028, 6.148, 18.458, 0.010, 70.851, -18.422
47, 325.000,44.340, 24.323, 5929.431, 86.887, 62.405, 99.992, 88.966, -54.313
48, 230.000, 44.331, -44.657, 7.604, 33.005, 48.688, 0.010, 7.366, -34.133
48, 325.000,46.647, -44.391, 5928.790, 130.062, -45.922, 99.992, 88.667, -109.447
49, 230.000, -2.733, 50.627, 39.025, -13.735, 42.498, 0.010, 41.146, 17.911
49, 325.000,-3.233, 53.167, 5928.721, -19.378, 139.560, 99.992, 88.639, 7.905
50, 230.000, 94.115, -0.180, 12.236, -0.003, 58.034, 0.010, 11.906, 0.003
50, 325.000,103.075, 1.573, 5907.325, 518.703, 60.897, 99.991, 84.948, -83.304
51, 230.000, 34.640, -9.665, 3.131, -56.588, 17.481, 0.010, 3.026, 72.833
51, 325.000,33.570, -9.312, 5930.380, 13.284, -1.940, 99.992, 89.870, -98.307
52, 230.000, -48.174, -30.462, 29.156, 50.741, 9.639, 0.010, 29.445, -79.244
52, 325.000,-47.791, -30.931, 5930.026, -42.910, -50.393, 99.992, 89.361, 139.585
53, 230.000, 50.446, -79.130, 20.546, 53.195, -16.304, 0.010, 20.268, -107.040
53, 325.000,56.880, -87.173, 5903.435, 335.128, -454.080, 99.990, 84.539, -143.571
54, 230.000, 80.171, -49.849, 11.090, -21.731, 54.059, 0.010, 10.777, 21.899
54, 325.000,87.120, -52.933, 5911.712, 417.637, -216.445, 99.992, 85.451, -117.396
55, 230.000, 65.939, -8.364, 20.157, 55.005, -9.262, 0.010, 19.868, -99.558
55, 325.000,69.757, -8.921, 5926.570, 210.980, -29.140, 99.992, 87.942, -97.864
56, 230.000, -59.980, 63.111, 17.101, -48.403, 29.705, 0.010, 16.759, 58.463
56, 325.000,-65.274, 68.023, 5916.358, -292.039, 284.838, 99.992, 86.056, 45.715
57, 230.000, 12.956, 91.729, 32.903, 48.701, -7.951, 0.010, 33.695, -99.273
57, 325.000,15.548, 99.293, 5911.778, 117.271, 455.038, 99.993, 85.455, -14.452
58, 230.000, 25.840, 89.247, 39.063, -32.577, 30.504, 0.010, 41.195, 46.883
58, 325.000,27.114, 98.012, 5908.875, 99.073, 494.405, 99.990, 85.122, -11.331
59, 230.000, 13.952, 77.599, 14.535, -4.925, -57.290, 0.010, 14.186, 175.086
59, 325.000,14.400, 79.153, 5927.827, 36.342, 170.800, 99.992, 88.313, -12.012
60, 230.000, 26.605, -85.643, 57.941, 6.378, -10.944, 0.010, 77.668, -149.767
60, 325.000,28.692, -92.069, 5916.393, 123.725, -388.124, 99.992, 86.061, -162.319
61, 230.000, 35.514, 3.285, 16.832, 56.267, 8.269, 0.010, 16.487, -81.639
61, 325.000,38.063, 3.619, 5928.996, 127.941, 15.022, 99.992, 88.755, -83.303
62, 230.000, -66.783, -64.113, 33.388, -45.537, 18.145, 0.010, 34.260, 68.274
62, 325.000,-73.898, -69.052, 5909.794, -387.730, -306.407, 99.993, 85.220, 128.318
63, 230.000, -23.769, 44.627, 54.839, 15.000, -16.892, 0.010, 67.611, -138.396
63, 325.000,-23.848, 45.132, 5929.951, -29.177, 66.447, 99.992, 89.299, 23.707
64, 230.000, 11.579, -32.821, 4.514, 59.071, 2.800, 0.010, 4.365, -87.286
64, 325.000,13.718, -33.428, 5929.439, 85.116, -63.750, 99.992, 88.973, -126.832
65, 230.000, -25.618, 12.036, 26.016, -52.435, 9.560, 0.010, 26.017, 79.667
65, 325.000,-27.855, 12.605, 5929.106, -117.532, 39.323, 99.992, 88.803, 71.501
66, 230.000, -36.946, 80.772, 5.325, 12.984, 57.625, 0.010, 5.151, -12.698
66, 325.000,-39.093, 88.130, 5914.549, -144.972, 408.093, 99.991, 85.812, 19.557
67, 230.000, -52.659, -64.889, 37.146, 3.205, -46.126, 0.010, 38.778, -176.026
67, 325.000,-55.376, -69.793, 5921.110, -182.193, -277.235, 99.992, 86.793, 146.688
68, 230.000, 23.171, -69.744, 32.052, 47.718, -14.605, 0.010, 32.712, -107.018
68, 325.000,25.541, -72.828, 5925.905, 111.838, -201.863, 99.992, 87.770, -151.012
69, 230.000, -42.334, 10.153, 12.084, -57.173, -10.141, 0.010, 11.756, 100.058
69, 325.000,-45.084, 10.051, 5928.802, -137.182, 8.191, 99.992, 88.672, 86.583
70, 230.000, 24.791, -1.127, 3.081, -18.377, 56.306, 0.010, 2.977, 18.076
70, 325.000,24.791, 0.659, 5929.730, 66.945, 57.239, 99.991, 89.149, -49.469
71, 230.000, -39.222, 73.674, 3.846, 9.970, 58.339, 0.010, 3.718, -9.698
71, 325.000,-41.011, 79.443, 5920.295, -127.914, 321.472, 99.992, 86.655, 21.698
72, 230.000, 27.938, -78.326, 7.997, 42.678, 40.401, 0.010, 7.749, -46.570
72, 325.000,30.705, -81.087, 5924.472, 140.187, -224.607, 99.991, 87.441, -148.030
73, 230.000, 79.226, -7.343, 24.779, -35.759, 40.310, 0.010, 24.696, 41.576
73, 325.000,81.638, -6.410, 5926.848, 204.215, 19.862, 99.992, 88.017, -84.445
74, 230.000, 43.422, 2.526, 15.441, -12.485, 55.887, 0.010, 15.091, 12.593
74, 325.000,43.970, 4.363, 5929.679, 67.725, 62.617, 99.992, 89.109, -47.244
75, 230.000, -12.266, 0.036, 47.258, -31.681, -16.751, 0.010, 52.826, 117.868
75, 630.000,-30.495, -2.010, 4583.625, -310.905, -27.266, 60.010, 86.105, 95.012
76, 230.000, -74.067, -28.433, 48.033, -34.538, -4.189, 0.010, 54.083, 96.916
76, 325.000,-78.511, -29.856, 5923.703, -266.102, -92.640, 99.992, 87.277, 109.195
77, 230.000, 70.438, -64.985, 56.274, 0.671, 18.719, 0.010, 71.590, -2.052
77, 325.000,78.225, -71.587, 5902.053, 435.867, -381.469, 99.992, 84.395, -131.192
78, 230.000, -64.305, -9.281, 53.313, 18.621, -18.128, 0.010, 64.013, -134.232
78, 325.000,-65.640, -10.128, 5928.963, -124.146, -39.544, 99.992, 88.741, 107.668
79, 230.000, -13.388, 20.705, 35.310, 14.773, -45.306, 0.010, 36.538, -161.941
79, 325.000,-13.241, 19.759, 5930.199, -35.407, 30.133, 99.991, 89.551, 49.601
80, 230.000, -36.239, -57.050, 4.540, 31.020, -50.346, 0.010, 4.390, -148.361
80, 325.000,-36.422, -60.477, 5927.197, -53.357, -187.262, 99.992, 88.118, 164.096
81, 230.000, 34.846, 62.210, 4.098, -38.418, -44.999, 0.010, 3.962, 139.511
81, 325.000,34.831, 62.929, 5929.229, 46.667, 107.904, 99.992, 88.864, -23.388
82, 230.000, -48.320, -37.229, 53.353, 25.485, 4.649, 0.010, 64.101, -79.662
82, 325.000,-48.844, -38.104, 5929.474, -74.733, -73.124, 99.992, 88.990, 134.376
83, 230.000, 6.496, 71.015, 48.971, -20.874, -26.149, 0.010, 55.657, 141.401
83, 325.000,6.067, 72.661, 5928.470, -5.456, 150.933, 99.992, 88.541, 2.070
84, 230.000, -38.569, -89.533, 22.631, -49.195, -24.193, 0.010, 22.431, 116.187
84, 325.000,-45.354, -102.581, 5881.567, -335.726, -682.814, 99.998, 82.629, 153.818
85, 230.000, 47.220, 47.222, 49.244, -20.453, 25.968, 0.010, 56.128, 38.225
85, 325.000,48.055, 49.517, 5928.174, 88.027, 136.311, 99.992, 88.432, -32.853
86, 230.000, -53.313, 59.406, 18.823, 52.134, 21.105, 0.010, 18.503, -67.961
86, 325.000,-54.098, 62.759, 5925.799, -110.222, 205.902, 99.992, 87.743, 28.161
87, 230.000, 72.667, -63.051, 48.611, 1.536, -33.946, 0.010, 55.045, -177.410
87, 325.000,81.197, -71.435, 5895.040, 470.904, -443.468, 99.993, 83.738, -133.281
88, 230.000, -16.821, 39.675, 28.593, 30.122, 42.340, 0.010, 28.823, -35.429
88, 325.000,-16.229, 41.886, 5929.237, 0.110, 117.220, 99.992, 88.867, -0.054
89, 230.000, -84.360, 51.705, 25.992, -24.409, -47.394, 0.010, 25.992, 152.750
89, 325.000,-99.395, 59.068, 5868.493, -755.219, 395.894, 99.982, 81.733, 62.336
90, 230.000, 55.876, 33.828, 41.837, 10.455, -40.718, 0.010, 44.862, -165.599
90, 325.000,57.889, 33.564, 5928.732, 136.391, 33.677, 99.992, 88.643, -76.130
91, 230.000, -59.308, 21.228, 14.873, 24.656, -51.851, 0.010, 14.523, -154.569
91, 325.000,-60.214, 20.189, 5929.516, -101.895, -8.206, 99.992, 89.012, 94.604
92, 230.000, -38.582, 11.579, 48.683, 31.588, 12.241, 0.010, 55.168, -68.818
92, 325.000,-38.406, 12.216, 5930.155, -40.772, 34.784, 99.992, 89.482, 49.531
93, 230.000, 12.437, 41.234, 37.258, -44.206, 13.239, 0.010, 38.917, 73.328
93, 325.000,11.303, 42.551, 5929.662, -22.709, 90.313, 99.992, 89.100, 14.114
94, 230.000, -21.823, 37.241, 29.049, -30.478, -41.772, 0.010, 29.327, 143.884
94, 325.000,-23.267, 36.721, 5929.898, -72.285, 26.139, 99.992, 89.257, 70.119
95, 230.000, -25.294, -29.262, 30.231, -27.120, -43.223, 0.010, 30.645, 147.894
95, 325.000,-26.696, -31.261, 5929.064, -75.854, -100.050, 99.992, 88.787, 142.832
96, 230.000, -43.610, 48.800, 53.440, 24.941, -6.309, 0.010, 64.294, -104.195
96, 325.000,-44.139, 50.072, 5929.063, -72.047, 103.068, 99.992, 88.785, 34.954
97, 230.000, -26.028, 72.863, 2.348, -7.088, 58.838, 0.010, 2.269, 6.869
97, 325.000,-27.369, 77.841, 5923.273, -84.691, 277.955, 99.992, 87.192, 16.946
98, 230.000, 39.136, 26.467, 20.441, 23.387, -50.526, 0.010, 20.160, -155.162
98, 325.000,40.760, 25.454, 5929.603, 96.828, -3.220, 99.992, 89.064, -91.904
99, 230.000, 31.065, -28.737, 4.666, -43.291, 40.271, 0.010, 4.513, 47.070
99, 325.000,30.352, -28.071, 5930.366, 13.847, -12.577, 99.992, 89.819, -132.248
100, 230.000, 21.551, -81.208, 39.233, 21.281, -39.058, 0.010, 41.414, -151.415
100, 325.000,23.390, -86.864, 5920.232, 99.735, -332.490, 99.992, 86.644, -163.303
101, 230.000, -18.669, 89.261, 35.070, -46.798, -9.884, 0.010, 36.249, 101.926
101, 325.000,-21.549, 95.862, 5914.727, -137.284, 408.344, 99.992, 85.834, 18.583
102, 230.000, 45.150, -35.615, 33.641, -27.667, 40.254, 0.010, 34.556, 34.501
102, 325.000,45.432, -35.254, 5930.007, 61.339, -29.284, 99.992, 89.343, -115.521
103, 230.000, -82.607, 43.638, 53.780, -24.880, 2.520, 0.010, 65.062, 84.216
103, 325.000,-90.895, 47.693, 5907.348, -466.870, 235.317, 99.993, 84.942, 63.250
104, 230.000, 64.460, 31.692, 50.509, 28.159, 13.173, 0.010, 58.388, -64.928
104, 325.000,67.657, 33.243, 5926.397, 195.625, 95.480, 99.992, 87.896, -63.984
105, 230.000, -38.083, -23.989, 50.790, -22.147, -21.155, 0.010, 58.909, 133.688
105, 325.000,-39.627, -25.190, 5929.295, -93.186, -66.159, 99.992, 88.896, 125.373
106, 230.000, 57.047, -29.669, 26.854, -7.351, 52.369, 0.010, 26.922, 7.990
106, 325.000,58.488, -28.884, 5929.212, 117.859, -10.863, 99.992, 88.856, -95.266
107, 230.000, -76.089, 23.873, 46.545, 36.758, -0.183, 0.010, 51.701, -90.286
107, 325.000,-78.360, 24.939, 5926.742, -195.032, 73.090, 99.992, 87.987, 69.456
108, 230.000, -18.196, 87.754, 24.097, -33.915, -42.270, 0.010, 23.972, 141.258
108, 325.000,-20.503, 92.530, 5919.946, -114.272, 333.085, 99.992, 86.596, 18.936
109, 230.000, -23.560, -55.186, 25.925, 53.335, -0.961, 0.010, 25.920, -91.033
109, 325.000,-22.507, -56.705, 5929.276, 6.639, -115.029, 99.992, 88.887, -176.697
110, 230.000, 16.578, 29.162, 39.714, 2.581, -43.975, 0.010, 42.037, -176.641
110, 325.000,17.017, 28.388, 5930.242, 39.101, 17.976, 99.992, 89.584, -65.311
111, 230.000, 8.546, 71.343, 42.726, -32.387, -25.361, 0.010, 46.087, 128.063
111, 325.000,7.831, 73.060, 5928.371, -12.085, 154.584, 99.992, 88.502, 4.470
112, 230.000, -42.584, 61.628, 48.692, 12.446, 31.493, 0.010, 55.183, -21.564
112, 325.000,-43.860, 65.023, 5926.003, -104.387, 202.814, 99.992, 87.796, 27.235
113, 230.000, 47.091, 82.800, 20.186, -28.912, 47.689, 0.010, 19.898, 31.227
113, 325.000,51.230, 93.069, 5899.585, 252.327, 548.946, 99.993, 84.153, -24.686
114, 230.000, -64.777, -10.302, 37.604, 10.733, 44.592, 0.010, 39.347, -13.533
114, 325.000,-66.399, -9.208, 5928.820, -134.860, 23.127, 99.992, 88.678, 80.269
115, 230.000, 16.389, 89.571, 18.569, 2.901, -56.253, 0.010, 18.246, -177.047
115, 325.000,17.702, 94.530, 5919.600, 77.855, 349.007, 99.992, 86.543, -12.575
116, 230.000, 33.361, 58.816, 31.236, 26.447, 42.924, 0.010, 31.780, -31.639
116, 325.000,35.275, 62.074, 5926.556, 106.911, 184.631, 99.992, 87.938, -30.073
117, 230.000, 12.953, -10.572, 20.875, -31.365, -45.805, 0.010, 20.608, 145.598
117, 630.000,23.942, -28.433, 4579.616, 216.634, -295.902, 60.011, 85.422, -143.792
118, 230.000, 54.848, -23.326, 52.518, -22.889, 15.348, 0.010, 62.312, 56.156
118, 325.000,55.591, -23.465, 5929.646, 88.796, -31.942, 99.992, 89.088, -109.785
119, 230.000, 24.894, 84.882, 7.656, 22.192, -54.466, 0.010, 7.417, -157.832
119, 325.000,27.194, 88.692, 5922.022, 125.162, 289.104, 99.992, 86.955, -23.409
120, 230.000, 2.176, -67.615, 15.711, 53.086, -21.277, 0.010, 15.361, -111.841
120, 325.000,3.923, -70.462, 5927.292, 60.409, -182.032, 99.992, 88.147, -161.641
121, 230.000, 27.354, 18.899, 24.452, -48.493, 23.836, 0.010, 24.348, 63.824
121, 325.000,26.393, 20.067, 5930.020, 9.201, 66.412, 99.992, 89.352, -7.888
122, 230.000, -69.767, -2.911, 27.366, -40.837, -33.183, 0.010, 27.478, 129.096
122, 325.000,-73.437, -4.056, 5926.326, -215.631, -41.809, 99.992, 87.877, 100.973
123, 230.000, -27.030, 16.918, 4.538, 35.869, 47.015, 0.010, 4.388, -37.341
123, 325.000,-26.463, 18.792, 5929.710, -23.094, 87.340, 99.992, 89.127, 14.811
124, 230.000, -37.472, 55.864, 27.447, 50.860, -13.322, 0.010, 27.567, -104.678
124, 325.000,-37.040, 57.191, 5929.178, -33.697, 115.248, 99.992, 88.840, 16.298
125, 230.000, -59.772, -12.816, 58.768, -1.486, -7.855, 0.010, 82.254, 169.285
125, 325.000,-61.474, -13.418, 5928.920, -127.531, -35.162, 99.992, 88.722, 105.414
126, 230.000, -54.142, -60.868, 16.149, -14.886, -55.093, 0.010, 15.800, 164.880
126, 325.000,-57.289, -65.605, 5921.469, -195.414, -260.022, 99.992, 86.856, 143.074
127, 230.000, -50.633, -63.131, 46.270, -9.926, 35.752, 0.010, 51.274, 15.516
127, 325.000,-53.329, -64.994, 5925.639, -171.898, -163.813, 99.992, 87.705, 133.620
128, 230.000, -92.752, -14.241, 36.058, 25.473, -39.605, 0.010, 37.442, -147.252
128, 325.000,-100.525, -16.759, 5910.454, -471.335, -118.722, 99.992, 85.299, 104.138
129, 230.000, -59.600, -36.876, 27.375, -19.727, 48.776, 0.010, 27.488, 22.020
129, 325.000,-62.238, -36.588, 5927.901, -167.161, -39.883, 99.992, 88.339, 103.419
130, 230.000, 51.412, 56.270, 28.271, -26.816, 44.714, 0.010, 28.468, 30.952
130, 325.000,52.663, 59.961, 5925.615, 118.139, 206.802, 99.992, 87.698, -29.738
131, 230.000, -22.376, 16.659, 56.738, 16.133, 6.181, 0.010, 73.064, -69.037
131, 325.000,-22.365, 17.231, 5930.022, -43.829, 51.964, 99.992, 89.343, 40.146
132, 230.000, -39.083, 44.934, 36.985, -46.267, -3.025, 0.010, 38.578, 93.741
132, 325.000,-41.602, 46.054, 5928.311, -128.952, 89.946, 99.992, 88.481, 55.103
133, 230.000, -38.472, 26.228, 28.325, 20.950, -47.712, 0.010, 28.528, -156.294
133, 325.000,-38.663, 25.295, 5930.188, -49.820, -0.663, 99.992, 89.519, 90.762
134, 230.000, -39.769, 51.521, 50.779, 30.621, -1.222, 0.010, 58.889, -92.285
134, 325.000,-39.995, 53.023, 5929.026, -57.020, 113.814, 99.992, 88.770, 26.610
135, 230.000, 63.137, -0.097, 46.819, -21.719, -29.222, 0.010, 52.129, 143.379
135, 325.000,64.263, -1.020, 5929.218, 113.997, -30.548, 99.992, 88.860, -105.001
136, 230.000, -52.228, -11.587, 14.437, -26.113, 51.257, 0.010, 14.088, 26.997
136, 325.000,-54.331, -10.239, 5928.942, -127.702, 30.765, 99.992, 88.731, 76.455
137, 230.000, 9.695, 0.788, 20.540, 21.418, -51.352, 0.010, 20.263, -157.359
137, 630.000,23.722, -4.719, 4587.283, 240.986, -69.632, 60.007, 86.870, -106.116
138, 230.000, -30.453, 62.782, 11.287, 26.077, 52.060, 0.010, 10.971, -26.607
138, 325.000,-30.667, 66.564, 5926.494, -48.155, 209.587, 99.992, 87.922, 12.940
139, 230.000, -17.221, -79.591, 18.014, 15.809, -54.251, 0.010, 17.681, -163.753
139, 325.000,-17.579, -85.222, 5921.568, -40.476, -320.933, 99.992, 86.873, 172.812
140, 230.000, -65.911, 27.606, 22.939, 17.294, 51.888, 0.010, 22.753, -18.433
140, 325.000,-67.689, 30.213, 5927.217, -149.359, 124.233, 99.992, 88.123, 50.247
141, 230.000, -77.461, 24.108, 23.999, 53.199, -10.561, 0.010, 23.869, -101.228
141, 325.000,-79.431, 24.908, 5926.989, -189.991, 65.424, 99.992, 88.058, 70.999
142, 230.000, 50.493, -73.996, 37.479, -45.962, 0.683, 0.010, 39.192, 89.149
142, 325.000,52.582, -79.109, 5919.449, 169.035, -318.324, 99.992, 86.516, -152.031
143, 230.000, 57.105, -48.333, 43.986, 29.205, -27.017, 0.010, 47.870, -132.771
143, 325.000,60.263, -51.078, 5925.180, 188.584, -162.018, 99.992, 87.597, -130.667
144, 230.000, -42.798, 85.378, 31.636, -7.050, -49.670, 0.010, 32.236, 171.922
144, 325.000,-47.496, 92.822, 5907.233, -261.653, 453.934, 99.993, 84.931, 29.960
145, 230.000, 75.642, -57.852, 23.339, 28.325, 46.590, 0.010, 23.173, -31.298
145, 325.000,84.397, -62.478, 5903.846, 478.024, -292.713, 99.992, 84.576, -121.481
146, 230.000, -50.380, -71.378, 4.838, 24.046, -54.000, 0.010, 4.679, -155.997
146, 325.000,-52.831, -77.586, 5917.737, -177.400, -344.494, 99.992, 86.254, 152.753
147, 230.000, 19.828, 7.069, 55.572, 19.061, 8.128, 0.010, 69.550, -66.906
147, 325.000,20.944, 7.510, 5929.200, 114.135, 42.185, 99.993, 88.824, -69.715
148, 230.000, -19.841, 9.602, 5.855, -22.986, 54.360, 0.010, 5.666, 22.921
148, 325.000,-21.065, 11.587, 5928.711, -100.754, 96.138, 99.990, 88.654, 46.343
149, 230.000, 5.124, -27.765, 49.425, -24.863, -21.369, 0.010, 56.443, 130.678
149, 325.000,4.445, -29.061, 5929.650, -13.175, -93.765, 99.992, 89.085, 172.002
150, 230.000, -86.324, -5.910, 33.403, -31.419, 37.613, 0.010, 34.277, 39.873
150, 325.000,-92.552, -5.105, 5918.849, -369.623, 16.692, 99.992, 86.423, 87.414
151, 230.000, 87.376, 44.953, 40.943, -35.066, 24.732, 0.010, 43.656, 54.804
151, 325.000,99.262, 52.341, 5883.610, 641.251, 375.780, 99.991, 82.800, -59.629
152, 230.000, 75.736, 45.101, 47.963, -8.920, 33.729, 0.010, 53.967, 14.813
152, 325.000,80.412, 49.088, 5918.537, 302.479, 221.414, 99.992, 86.376, -53.796
153, 230.000, 73.517, -40.686, 23.648, 54.390, -0.417, 0.010, 23.498, -90.439
153, 325.000,79.243, -42.930, 5919.857, 321.600, -146.696, 99.992, 86.583, -114.520
154, 230.000, -53.364, 68.154, 35.497, 28.332, -38.143, 0.010, 36.762, -143.395
154, 325.000,-55.631, 70.989, 5923.862, -172.627, 218.406, 99.992, 87.309, 38.323
155, 230.000, -4.905, 82.888, 8.549, 58.177, -7.743, 0.010, 8.287, -97.581
155, 325.000,-3.340, 86.903, 5923.852, 44.488, 274.632, 99.991, 87.311, -9.201
156, 230.000, 59.677, -72.239, 4.429, 56.180, 18.488, 0.010, 4.283, -71.784
156, 325.000,66.962, -78.410, 5906.269, 383.612, -372.131, 99.992, 84.829, -134.130
157, 230.000, -23.147, -30.225, 17.418, -48.149, -29.932, 0.010, 17.078, 121.867
157, 325.000,-25.176, -31.823, 5928.996, -93.877, -88.382, 99.992, 88.754, 133.273
158, 230.000, -84.799, 52.242, 34.541, -32.959, -35.189, 0.010, 35.618, 136.875
158, 325.000,-104.717, 62.871, 5833.716, -941.534, 520.354, 100.048, 79.552, 61.072
159, 230.000, -84.805, 7.459, 9.351, 57.657, 10.290, 0.010, 9.071, -79.881
159, 325.000,-87.676, 8.190, 5925.241, -244.265, 37.672, 99.992, 87.611, 81.233
160, 230.000, -40.129, -72.110, 21.874, 28.249, 47.340, 0.010, 21.643, -30.826
160, 325.000,-41.231, -74.198, 5926.494, -103.044, -188.767, 99.992, 87.922, 151.371
161, 230.000, 40.448, -21.751, 37.153, -30.172, 35.028, 0.010, 38.787, 40.741
161, 325.000,40.385, -21.120, 5930.232, 43.917, -4.138, 99.992, 89.574, -95.383
162, 230.000, -32.627, 67.726, 9.356, 11.479, -57.431, 0.010, 9.076, -168.697
162, 325.000,-33.519, 68.519, 5928.610, -76.525, 123.729, 99.992, 88.594, 31.736
163, 230.000, -29.363, 51.138, 40.444, 40.423, 15.745, 0.010, 42.993, -68.719
163, 325.000,-28.865, 52.992, 5929.136, -18.061, 120.771, 99.992, 88.820, 8.506
164, 230.000, 70.022, -44.625, 35.502, -47.389, -3.400, 0.010, 36.769, 94.104
164, 325.000,72.104, -46.997, 5925.439, 186.831, -154.400, 99.992, 87.658, -129.571
165, 230.000, -87.663, 17.289, 46.527, 23.153, 28.580, 0.010, 51.672, -39.011
165, 325.000,-92.985, 19.358, 5919.077, -351.141, 104.345, 99.992, 86.459, 73.450
166, 230.000, -2.106, 20.718, 35.028, -2.791, 47.780, 0.010, 36.199, 3.343
166, 325.000,-2.248, 22.772, 5928.621, -12.230, 142.902, 99.990, 88.614, 4.892
167, 230.000, 14.786, 45.319, 7.986, 58.382, -6.735, 0.010, 7.738, -96.581
167, 325.000,16.983, 46.130, 5929.241, 87.911, 77.162, 99.992, 88.870, -48.726
168, 230.000, -39.561, -22.117, 28.595, -42.462, 29.949, 0.010, 28.825, 54.804
168, 325.000,-41.787, -21.654, 5929.233, -117.022, -9.824, 99.992, 88.865, 94.799
169, 230.000, 56.588, -43.194, 48.024, -9.554, -33.467, 0.010, 54.068, 164.067
169, 325.000,58.273, -45.759, 5927.147, 133.243, -144.202, 99.992, 88.103, -137.262
170, 230.000, 27.809, 18.775, 8.592, 58.511, 4.508, 0.010, 8.330, -85.594
170, 325.000,30.272, 19.318, 5929.067, 117.830, 43.050, 99.992, 88.788, -69.930
171, 230.000, -20.383, 9.038, 45.997, 4.496, 37.171, 0.010, 50.854, -6.897
171, 325.000,-20.745, 10.453, 5929.388, -79.386, 78.472, 99.993, 88.921, 45.332
172, 230.000, -83.120, 51.384, 54.748, -6.488, -21.867, 0.010, 67.383, 163.473
172, 325.000,-94.783, 57.822, 5887.528, -618.379, 354.551, 99.996, 83.097, 60.172
173, 230.000, 22.140, -46.561, 45.861, 33.514, -17.064, 0.010, 50.646, -116.983
173, 325.000,23.727, -48.209, 5928.951, 76.723, -106.049, 99.992, 88.735, -144.115
174, 230.000, -41.660, 14.668, 27.147, 41.119, 33.014, 0.010, 27.240, -51.239
174, 325.000,-41.263, 16.040, 5929.975, -34.896, 61.505, 99.992, 89.317, 29.569
175, 230.000, -36.359, 10.942, 4.800, 46.053, -37.063, 0.010, 4.642, -128.827
175, 325.000,-35.662, 9.990, 5930.323, -24.580, -16.767, 99.992, 89.713, 124.300
176, 230.000, 83.986, -8.614, 22.874, 53.469, -11.642, 0.010, 22.685, -102.283
176, 325.000,90.351, -9.458, 5919.109, 363.116, -43.735, 99.992, 86.464, -96.868
177, 230.000, 97.926, -3.400, 8.927, 43.285, -39.552, 0.010, 8.657, -132.420
177, 325.000,113.764, -5.091, 5874.450, 808.390, -68.924, 99.986, 82.137, -94.873
178, 230.000, 19.449, -19.125, 54.218, 14.987, -18.800, 0.010, 66.086, -141.440
178, 325.000,20.362, -20.152, 5929.588, 67.809, -70.990, 99.992, 89.051, -136.313
179, 230.000, 23.300, -22.999, 7.066, 27.188, -52.235, 0.010, 6.843, -152.503
179, 325.000,24.665, -25.161, 5929.017, 76.746, -102.274, 99.992, 88.765, -143.116
180, 230.000, 59.992, -75.346, 15.992, -55.040, -15.249, 0.010, 15.642, 105.486
180, 325.000,65.230, -84.474, 5900.621, 324.096, -497.295, 99.992, 84.256, -146.907
181, 230.000, -21.074, 9.970, 11.639, 58.149, -0.914, 0.010, 11.317, -90.901
181, 325.000,-19.738, 10.195, 5930.131, -32.755, 45.310, 99.992, 89.460, 35.863
182, 230.000, 71.672, -8.283, 1.325, 55.297, -21.404, 0.010, 1.280, -111.160
182, 325.000,76.041, -9.262, 5925.155, 245.377, -44.035, 99.992, 87.591, -100.174
183, 230.000, -41.726, -50.381, 54.868, 6.259, -21.633, 0.010, 67.685, -163.863
183, 325.000,-42.797, -52.592, 5928.175, -87.931, -136.510, 99.992, 88.431, 147.213
184, 230.000, -19.759, -55.480, 16.918, -9.700, -56.012, 0.010, 16.574, 170.175
184, 325.000,-20.598, -58.749, 5927.667, -50.834, -172.586, 99.992, 88.261, 163.588
185, 230.000, -46.254, -6.739, 18.949, 31.767, 46.362, 0.010, 18.633, -34.418
185, 325.000,-46.275, -5.413, 5930.053, -53.047, 35.502, 99.992, 89.383, 56.208
186, 230.000, -94.506, -14.714, 46.766, -35.607, -7.921, 0.010, 52.046, 102.541
186, 325.000,-106.099, -16.591, 5896.445, -625.987, -100.005, 99.993, 83.864, 99.077
187, 230.000, 22.844, 24.687, 51.932, -24.733, -14.457, 0.010, 61.117, 120.307
187, 325.000,22.548, 24.758, 5930.225, 23.678, 38.428, 99.992, 89.564, -31.639
188, 230.000, -62.284, 50.392, 49.134, 19.309, -27.031, 0.010, 55.937, -144.461
188, 325.000,-64.521, 51.847, 5926.474, -173.189, 128.156, 99.992, 87.918, 53.499
189, 230.000, 40.959, 88.578, 27.196, 23.669, -47.094, 0.010, 27.293, -153.316
189, 325.000,47.100, 98.915, 5893.364, 317.574, 581.495, 99.995, 83.585, -28.640
190, 230.000, -87.263, -33.633, 5.448, -53.748, 24.476, 0.010, 5.271, 65.516
190, 325.000,-97.017, -36.009, 5904.691, -529.389, -155.849, 99.993, 84.661, 106.404
191, 230.000, -19.950, 52.186, 3.810, 40.132, 43.504, 0.010, 3.683, -42.691
191, 325.000,-19.179, 54.894, 5928.540, 2.141, 148.294, 99.992, 88.567, -0.827
192, 230.000, 6.506, 16.877, 21.083, -52.328, 18.301, 0.010, 20.823, 70.724
192, 630.000,7.448, 38.475, 4578.604, 47.383, 379.334, 60.018, 85.227, -7.120
193, 230.000, 43.226, -15.523, 27.047, 19.212, 49.163, 0.010, 27.132, -21.344
193, 325.000,44.798, -14.305, 5929.510, 99.900, 22.185, 99.992, 89.011, -77.479
194, 230.000, -88.576, -30.730, 3.542, 28.277, 52.015, 0.010, 3.424, -28.530
194, 325.000,-95.705, -31.912, 5913.246, -438.137, -107.041, 99.993, 85.638, 103.729
195, 230.000, 44.758, -86.112, 40.120, -25.882, -35.188, 0.010, 42.566, 143.664
195, 325.000,49.732, -98.233, 5889.206, 283.592, -636.635, 99.989, 83.251, -155.989
196, 230.000, 40.197, -86.711, 44.980, -22.329, 31.558, 0.010, 49.322, 35.281
196, 325.000,43.767, -94.914, 5906.670, 216.294, -484.311, 99.993, 84.869, -155.934
197, 230.000, 12.772, 11.422, 25.733, -8.765, 52.713, 0.010, 25.714, 9.440
197, 630.000,26.312, 31.057, 4576.253, 249.451, 323.825, 60.016, 84.896, -37.608
198, 230.000, -93.845, -11.164, 26.240, 28.953, 44.619, 0.010, 26.259, -32.979
198, 325.000,-102.005, -10.883, 5910.036, -491.087, -14.522, 99.993, 85.248, 91.694
199, 230.000, 28.885, 47.779, 21.612, -0.056, -55.232, 0.010, 21.370, 179.942
199, 325.000,29.604, 47.218, 5930.016, 56.478, 36.292, 99.992, 89.351, -57.276
200, 230.000, -55.206, -41.464, 43.866, 16.322, -36.428, 0.010, 47.699, -155.865
200, 325.000,-56.522, -43.983, 5927.636, -116.575, -138.258, 99.992, 88.253, 139.863
201, 230.000, 28.027, -26.298, 9.982, 53.579, 23.395, 0.010, 9.690, -66.412
201, 325.000,30.336, -26.110, 5929.332, 109.159, -25.905, 99.992, 88.916, -103.350
202, 230.000, 67.225, 73.606, 58.618, 2.593, -8.650, 0.010, 81.243, -163.314
202, 325.000,83.633, 91.231, 5823.389, 769.434, 830.107, 100.058, 79.001, -42.828
203, 230.000, -2.841, -86.488, 36.894, -41.761, -20.309, 0.010, 38.467, 115.934
203, 325.000,-4.306, -92.367, 5919.347, -55.150, -357.747, 99.992, 86.501, 171.236
204, 230.000, -47.489, -33.713, 11.101, -26.805, -51.729, 0.010, 10.788, 152.608
204, 325.000,-49.602, -36.251, 5927.814, -124.867, -122.561, 99.992, 88.309, 134.466
205, 230.000, -72.673, 32.876, 27.569, -35.603, -38.601, 0.010, 27.699, 137.314
205, 325.000,-77.120, 33.177, 5924.166, -264.427, 62.215, 99.992, 87.375, 76.760
206, 230.000, 63.922, -76.477, 48.569, -26.885, -20.878, 0.010, 54.975, 127.833
206, 325.000,78.556, -95.557, 5823.732, 696.389, -890.252, 100.059, 79.017, -141.966
207, 230.000, 43.021, 19.417, 9.503, 48.261, -33.139, 0.010, 9.220, -124.476
207, 325.000,45.531, 18.799, 5928.978, 129.681, 1.659, 99.992, 88.747, -89.267
208, 230.000, -8.609, -39.860, 32.602, -43.507, 23.703, 0.010, 33.346, 61.418
208, 325.000,-10.178, -39.962, 5929.863, -61.415, -50.731, 99.992, 89.230, 129.558
209, 230.000, 57.406, 43.662, 31.625, -3.012, 50.084, 0.010, 32.223, 3.442
209, 325.000,59.389, 46.816, 5926.296, 145.768, 165.526, 99.992, 87.869, -41.368
210, 230.000, 21.966, 13.588, 47.658, -20.628, 28.650, 0.010, 53.471, 35.753
210, 325.000,21.816, 14.818, 5929.781, 45.621, 72.673, 99.992, 89.171, -32.119
211, 230.000, 45.459, -87.419, 16.698, -21.074, 52.865, 0.010, 16.352, 21.734
211, 325.000,51.650, -98.958, 5887.390, 334.606, -630.225, 99.994, 83.090, -152.035
212, 230.000, 30.571, -45.153, 12.529, -38.545, 43.300, 0.010, 12.196, 41.675
212, 325.000,30.092, -44.879, 5930.213, 19.117, -42.357, 99.992, 89.551, -155.709
213, 230.000, -63.299, 6.584, 21.507, -49.477, -24.639, 0.010, 21.261, 116.472
213, 325.000,-66.733, 5.999, 5927.290, -191.555, -11.027, 99.992, 88.146, 93.295
214, 230.000, 4.239, 61.011, 55.445, 10.960, 17.981, 0.010, 69.203, -31.364
214, 325.000,4.702, 63.275, 5928.523, 20.339, 147.711, 99.992, 88.559, -7.840
215, 230.000, 34.042, 8.299, 15.141, -1.784, 57.317, 0.010, 14.791, 1.783
215, 325.000,34.709, 10.308, 5929.521, 67.174, 76.581, 99.992, 89.016, -41.256
216, 230.000, 60.165, -9.161, 51.398, -0.064, -29.595, 0.010, 60.066, 179.876
216, 325.000,61.821, -10.346, 5928.838, 126.300, -49.943, 99.992, 88.688, -111.575
217, 230.000, -30.402, -9.315, 5.718, -31.691, -49.806, 0.010, 5.532, 147.532
217, 325.000,-32.068, -11.111, 5929.136, -98.476, -72.126, 99.992, 88.821, 126.220
218, 230.000, 68.205, -47.123, 41.716, -19.440, -37.410, 0.010, 44.697, 152.542
218, 325.000,71.107, -50.709, 5923.189, 212.529, -200.317, 99.991, 87.177, -133.306
219, 230.000, 28.471, 49.485, 41.083, 5.991, 42.355, 0.010, 43.843, -8.050
219, 325.000,29.399, 52.108, 5928.325, 63.423, 143.342, 99.992, 88.485, -23.868
220, 230.000, -47.018, 85.220, 53.132, 17.937, -19.310, 0.010, 63.617, -137.111
220, 325.000,-52.552, 95.645, 5894.397, -309.233, 574.614, 99.992, 83.683, 28.287
221, 230.000, 9.226, -49.043, 24.157, 19.095, 50.690, 0.010, 24.035, -20.641
221, 325.000,10.046, -48.561, 5930.149, 37.057, -39.385, 99.992, 89.478, -136.744
222, 230.000, 11.761, -2.693, 28.036, 36.038, 37.854, 0.010, 28.210, -43.592
222, 630.000,29.957, -1.100, 4583.681, 307.717, 6.795, 60.004, 86.158, -88.735
223, 230.000, 0.300, 60.850, 54.667, 15.611, -16.896, 0.010, 67.179, -137.265
223, 325.000,0.800, 61.986, 5929.357, 16.821, 109.758, 99.992, 88.927, -8.713
224, 230.000, -37.021, 4.282, 43.879, 11.662, 38.161, 0.010, 47.717, -16.994
224, 325.000,-37.438, 5.587, 5929.888, -60.677, 48.117, 99.992, 89.252, 51.585
225, 230.000, -29.852, 92.485, 51.736, -27.001, -10.580, 0.010, 60.728, 111.397
225, 325.000,-34.505, 104.076, 5891.697, -236.955, 633.219, 99.991, 83.454, 20.516
226, 230.000, -9.535, -46.523, 50.683, -30.567, -3.815, 0.010, 58.710, 97.114
226, 325.000,-10.718, -47.694, 5929.505, -49.330, -90.253, 99.992, 89.006, 151.340
227, 230.000, 89.564, 10.576, 21.478, 45.996, 30.671, 0.010, 21.231, -56.304
227, 325.000,97.660, 12.310, 5912.191, 457.495, 80.811, 99.992, 85.507, -79.983
228, 230.000, -47.648, 5.178, 16.299, -55.588, -12.724, 0.010, 15.951, 102.893
228, 325.000,-50.505, 4.891, 5928.596, -146.078, -3.554, 99.992, 88.588, 91.394
229, 230.000, 60.038, -4.973, 20.620, 55.369, -5.175, 0.010, 20.345, -95.340
229, 325.000,63.449, -5.274, 5927.528, 183.732, -15.830, 99.992, 88.218, -94.924
230, 230.000, 82.205, 1.750, 4.954, -15.919, -56.918, 0.010, 4.791, 164.374
230, 325.000,85.786, 0.056, 5924.608, 256.209, -54.039, 99.992, 87.469, -101.910
231, 230.000, 76.295, 15.207, 53.409, 5.098, 25.281, 0.010, 64.225, -11.401
231, 325.000,79.714, 16.645, 5925.468, 230.807, 71.415, 99.992, 87.665, -72.807
232, 230.000, 54.945, -3.608, 11.132, 50.144, 29.653, 0.010, 10.818, -59.402
232, 325.000,57.920, -2.756, 5928.192, 159.966, 23.635, 99.992, 88.438, -81.595
233, 230.000, -49.056, -38.036, 20.403, -30.453, -46.626, 0.010, 20.121, 146.850
233, 325.000,-51.424, -40.601, 5927.360, -137.646, -130.627, 99.992, 88.166, 133.501
234, 230.000, -41.719, 81.195, 23.283, -52.484, -14.867, 0.010, 23.114, 105.815
234, 325.000,-46.595, 87.089, 5913.532, -253.222, 368.542, 99.992, 85.676, 34.493
235, 230.000, 21.119, -81.793, 15.727, 49.363, 28.872, 0.010, 15.377, -59.677
235, 325.000,23.806, -85.345, 5923.267, 127.380, -261.486, 99.992, 87.189, -154.027
236, 230.000, -70.423, 60.880, 20.812, -39.552, -38.989, 0.010, 20.542, 134.589
236, 325.000,-77.843, 65.056, 5909.947, -407.900, 274.703, 99.991, 85.243, 56.041
237, 230.000, 42.400, -20.665, 23.797, 32.919, -43.217, 0.010, 23.655, -142.703
237, 325.000,44.406, -22.507, 5928.746, 112.606, -83.014, 99.992, 88.648, -126.398
238, 230.000, 94.160, -11.907, 22.971, 54.648, 1.876, 0.010, 22.787, -88.033
238, 325.000,105.705, -13.100, 5897.644, 618.152, -68.782, 99.990, 83.980, -96.349
239, 230.000, 59.580, -62.750, 23.806, 22.183, 49.587, 0.010, 23.664, -24.102
239, 325.000,63.815, -64.949, 5922.094, 251.474, -187.845, 99.992, 86.966, -126.759
240, 230.000, 58.679, -36.267, 11.702, -45.384, -36.346, 0.010, 11.379, 128.690
240, 325.000,59.169, -38.605, 5928.342, 93.528, -124.871, 99.992, 88.493, -143.167
241, 230.000, 13.162, -15.153, 27.489, 48.748, 19.637, 0.010, 27.612, -68.060
241, 325.000,15.078, -14.921, 5928.822, 127.951, -60.501, 99.996, 88.632, -115.307
242, 230.000, 28.973, 59.950, 25.009, -19.483, 50.126, 0.010, 24.940, 21.240
242, 325.000,29.270, 63.419, 5927.112, 47.105, 191.568, 99.992, 88.094, -13.815
243, 230.000, 73.522, 21.888, 50.174, 6.293, -30.993, 0.010, 57.776, -168.522
243, 325.000,76.736, 21.819, 5926.347, 217.059, 30.234, 99.992, 87.882, -82.070
244, 230.000, 12.024, -58.866, 5.664, -17.379, 56.423, 0.010, 5.480, 17.120
244, 325.000,11.793, -58.648, 5930.064, 6.664, -62.357, 99.992, 89.394, -173.900
245, 230.000, -66.727, -37.355, 15.081, 44.933, 35.654, 0.010, 14.731, -51.569
245, 325.000,-67.982, -37.728, 5928.364, -139.820, -67.293, 99.992, 88.501, 115.701
246, 230.000, 5.106, 9.782, 57.682, 13.332, 3.552, 0.010, 76.548, -75.080
246, 630.000,12.732, 21.652, 4587.427, 130.101, 212.418, 60.009, 86.892, -31.486
247, 230.000, -4.771, 2.996, 6.094, 56.309, 17.602, 0.010, 5.898, -72.641
247, 630.000,-3.315, 8.732, 4593.174, -6.535, 93.442, 60.007, 88.832, 4.001
248, 230.000, -9.226, 20.523, 42.969, 31.104, -26.531, 0.010, 46.426, -130.464
248, 325.000,-8.466, 20.200, 5929.948, -9.856, 69.993, 99.991, 89.317, 8.015
249, 230.000, -60.232, -66.652, 38.634, -8.587, 44.174, 0.010, 40.646, 11.000
249, 325.000,-64.738, -69.987, 5919.152, -271.779, -243.885, 99.992, 86.470, 131.904
250, 230.000, -65.419, 58.466, 0.883, -12.552, 57.959, 0.010, 0.853, 12.220
250, 325.000,-70.076, 64.080, 5915.965, -282.353, 301.821, 99.991, 86.004, 43.091
251, 230.000, -52.950, -2.413, 1.026, 26.924, 52.836, 0.010, 0.991, -27.002
251, 325.000,-53.364, -0.787, 5929.732, -73.345, 50.117, 99.992, 89.142, 55.655
252, 230.000, 91.402, 40.245, 26.618, -36.879, -38.066, 0.010, 26.667, 135.908
252, 325.000,116.781, 50.767, 5796.136, 1156.118, 485.503, 99.986, 77.793, -67.220
253, 230.000, 60.779, 34.463, 3.667, -57.320, 14.785, 0.010, 3.545, 75.536
253, 325.000,60.989, 36.077, 5928.922, 87.743, 99.018, 99.992, 88.722, -41.545
254, 230.000, -33.654, -4.161, 23.527, -4.549, -54.253, 0.010, 23.371, 175.207
254, 325.000,-34.517, -5.983, 5929.556, -74.875, -65.317, 99.991, 89.040, 131.100
255, 230.000, -87.806, 28.514, 9.012, -58.586, -2.029, 0.010, 8.740, 91.983
255, 325.000,-97.132, 30.896, 5906.846, -508.679, 142.773, 99.993, 84.889, 74.322
256, 230.000, 40.790, -19.026, 41.144, 40.549, -13.439, 0.010, 43.925, -108.337
256, 325.000,42.980, -19.873, 5929.037, 117.166, -48.982, 99.992, 88.773, -112.688
257, 230.000, -65.383, -66.104, 47.275, 3.393, 35.654, 0.010, 52.852, -5.436
257, 325.000,-70.902, -70.702, 5913.685, -329.361, -298.725, 99.991, 85.700, 132.208
258, 230.000, -15.092, -53.406, 12.690, 32.269, -48.117, 0.010, 12.355, -146.153
258, 325.000,-14.447, -56.284, 5928.363, 3.675, -155.201, 99.992, 88.500, -178.644
259, 230.000, 90.821, 30.082, 9.537, -31.850, -49.115, 0.010, 9.253, 147.037
259, 325.000,99.499, 31.786, 5907.011, 510.829, 127.996, 99.993, 84.905, -75.933
260, 230.000, -23.588, 88.648, 18.967, -47.352, -30.260, 0.010, 18.651, 122.581
260, 325.000,-26.916, 94.758, 5915.176, -163.243, 392.268, 99.992, 85.892, 22.595
261, 230.000, -8.882, -49.428, 26.553, 51.822, 11.273, 0.010, 26.597, -77.728
261, 325.000,-7.442, -50.217, 5929.724, 36.982, -81.121, 99.992, 89.139, -155.492
262, 230.000, -23.726, -19.737, 11.021, 50.978, -28.238, 0.010, 10.709, -118.983
262, 325.000,-22.611, -21.073, 5929.893, -2.835, -76.758, 99.992, 89.258, 177.885
263, 230.000, 23.157, -8.502, 9.776, -33.540, -47.928, 0.010, 9.487, 145.016
263, 325.000,22.631, -10.247, 5929.652, 44.506, -81.783, 99.991, 89.100, -151.445
264, 230.000, 63.284, 69.827, 59.212, -0.600, -3.350, 0.010, 86.710, 169.846
264, 325.000,69.332, 76.418, 5907.632, 350.051, 383.377, 99.992, 84.978, -42.398
265, 230.000, -19.568, -79.657, 15.344, 0.547, 57.288, 0.010, 14.993, -0.547
265, 325.000,-20.500, -81.726, 5926.714, -63.152, -199.218, 99.992, 87.980, 162.411
266, 230.000, -53.056, -23.040, 1.743, -7.689, 58.783, 0.010, 1.684, 7.452
266, 325.000,-54.678, -21.768, 5929.270, -114.645, 14.626, 99.992, 88.883, 82.729
267, 230.000, -23.231, -91.825, 7.521, 57.560, 12.163, 0.010, 7.285, -78.068
267, 325.000,-23.769, -100.510, 5908.298, -70.159, -507.121, 99.993, 85.048, 172.123
268, 230.000, 42.647, 74.719, 34.762, 43.539, 20.338, 0.010, 35.881, -64.961
268, 325.000,46.544, 79.813, 5918.653, 209.796, 308.507, 99.992, 86.393, -34.217
269, 230.000, 65.402, -22.360, 29.915, -31.927, 40.043, 0.010, 30.290, 38.566
269, 325.000,66.533, -21.829, 5929.105, 123.136, -11.774, 99.992, 88.805, -95.462
270, 230.000, -27.003, -73.974, 49.516, -14.725, 29.138, 0.010, 56.602, 26.810
270, 325.000,-28.639, -76.291, 5926.527, -96.438, -191.406, 99.992, 87.929, 153.259
271, 230.000, 82.136, 2.174, 13.416, 57.735, -2.071, 0.010, 13.074, -92.055
271, 325.000,88.132, 2.220, 5920.648, 339.946, 5.210, 99.992, 86.713, -89.122
272, 230.000, 89.224, -22.005, 29.681, 49.571, 13.392, 0.010, 30.029, -74.882
272, 325.000,98.136, -23.417, 5908.973, 494.391, -94.687, 99.991, 85.131, -100.842
273, 230.000, 85.246, -49.685, 51.199, 28.356, 9.604, 0.010, 59.683, -71.290
273, 325.000,99.982, -57.498, 5869.786, 744.276, -405.746, 100.001, 81.782, -118.597
274, 230.000, 92.629, 22.224, 26.121, 0.590, -53.245, 0.010, 26.130, -179.366
274, 325.000,102.307, 22.927, 5904.497, 548.576, 74.610, 99.992, 84.643, -82.255
275, 230.000, -42.904, -85.386, 13.899, -57.611, -2.338, 0.010, 13.553, 92.324
275, 325.000,-49.365, -94.836, 5897.886, -325.837, -528.372, 99.994, 83.992, 148.339
276, 230.000, 52.776, 20.755, 5.586, 35.905, -46.875, 0.010, 5.404, -142.549
276, 325.000,55.271, 19.796, 5928.680, 142.432, -7.216, 99.992, 88.622, -92.900
277, 230.000, -14.143, 16.375, 47.041, -23.511, 27.422, 0.010, 52.480, 40.609
277, 325.000,-15.247, 17.658, 5929.023, -83.977, 97.448, 99.992, 88.757, 40.754
278, 230.000, -16.733, -33.190, 47.885, -29.240, -19.228, 0.010, 53.839, 123.328
278, 325.000,-18.017, -34.505, 5929.465, -62.760, -84.193, 99.992, 88.985, 143.298
279, 230.000, 12.007, -8.884, 52.754, -25.220, 9.932, 0.010, 62.806, 68.505
279, 630.000,22.800, -17.956, 4586.226, 209.625, -169.686, 60.008, 86.635, -128.989
280, 230.000, 59.191, 49.036, 1.826, -34.203, -48.420, 0.010, 1.765, 144.763
280, 325.000,60.508, 49.496, 5928.288, 131.491, 87.917, 99.992, 88.472, -56.233
281, 230.000, -78.082, 42.385, 53.751, 5.064, -24.552, 0.010, 64.996, -168.346
281, 325.000,-83.159, 44.470, 5919.682, -322.362, 151.917, 99.992, 86.555, 64.767
282, 230.000, 57.349, -73.258, 23.427, -39.987, 37.012, 0.010, 23.266, 47.212
282, 325.000,61.012, -78.367, 5915.982, 247.313, -330.884, 99.991, 86.006, -143.224
283, 230.000, -25.620, 93.043, 16.095, -20.394, -53.317, 0.010, 15.746, 159.068
283, 325.000,-29.197, 102.191, 5902.919, -186.028, 539.356, 99.993, 84.479, 19.030
284, 230.000, 99.555, -6.442, 39.101, -28.544, -34.264, 0.010, 41.244, 140.204
284, 325.000,124.786, -9.148, 5813.693, 1173.487, -114.830, 100.048, 78.535, -95.589
285, 230.000, -4.558, -34.746, 20.405, -43.173, 35.177, 0.010, 20.123, 50.827
285, 325.000,-6.035, -34.365, 5930.034, -54.603, -35.843, 99.992, 89.369, 123.282
286, 230.000, 70.166, 62.190, 31.775, -6.542, 49.650, 0.010, 32.395, 7.507
286, 325.000,76.561, 69.548, 5905.431, 375.929, 392.304, 99.991, 84.743, -43.779
287, 230.000, 80.029, 26.609, 10.487, -20.646, 54.602, 0.010, 10.185, 20.713
287, 325.000,83.739, 29.759, 5922.566, 263.882, 152.510, 99.992, 87.054, -59.974
288, 230.000, 58.881, -28.335, 23.073, 16.619, 52.049, 0.010, 22.894, -17.708
288, 325.000,61.183, -27.545, 5928.498, 149.764, -9.650, 99.992, 88.550, -93.687
289, 230.000, -59.885, -25.597, 9.028, 58.278, -6.305, 0.010, 8.756, -96.175
289, 325.000,-59.817, -26.556, 5929.615, -72.374, -63.375, 99.992, 89.071, 131.208
290, 230.000, -76.507, 49.410, 48.039, 18.794, 29.270, 0.010, 54.092, -32.705
290, 325.000,-81.807, 54.101, 5915.006, -337.047, 261.618, 99.991, 85.874, 52.181
291, 230.000, 41.310, 17.410, 29.321, -39.899, -32.650, 0.010, 29.628, 129.294
291, 325.000,40.948, 16.753, 5930.291, 35.670, -1.378, 99.992, 89.655, -92.213
292, 230.000, -64.237, -73.427, 3.864, 58.295, 10.219, 0.010, 3.736, -80.057
292, 325.000,-70.894, -82.731, 5895.733, -391.189, -507.608, 99.994, 83.796, 142.380
293, 230.000, 37.628, -9.318, 38.900, 16.838, 41.484, 0.010, 40.986, -22.091
293, 325.000,38.966, -8.197, 5929.665, 89.517, 25.247, 99.992, 89.101, -74.250
294, 230.000, 11.272, 91.712, 24.977, 20.651, -49.672, 0.010, 24.906, -157.425
294, 325.000,12.826, 97.690, 5916.639, 77.136, 396.238, 99.992, 86.097, -11.016
295, 230.000, 76.717, 20.788, 34.360, -20.277, 43.885, 0.010, 35.404, 24.800
295, 325.000,79.533, 23.094, 5925.498, 214.609, 109.937, 99.992, 87.670, -62.876
296, 230.000, -58.336, 30.659, 20.365, 2.453, 55.650, 0.010, 20.082, -2.524
296, 325.000,-60.059, 33.364, 5927.563, -131.033, 128.088, 99.992, 88.229, 45.651
297, 230.000, 36.718, -57.305, 49.481, -26.101, -19.698, 0.010, 56.541, 127.042
297, 325.000,37.083, -59.773, 5928.031, 59.863, -156.318, 99.992, 88.383, -159.045
298, 230.000, -2.312, -44.732, 33.851, 48.643, -2.371, 0.010, 34.803, -92.791
298, 325.000,-0.817, -45.792, 5929.603, 46.107, -85.249, 99.992, 89.064, -151.593
299, 230.000, -30.435, -39.996, 37.292, -18.489, -42.250, 0.010, 38.960, 156.365
299, 325.000,-31.735, -42.273, 5928.709, -76.423, -119.016, 99.992, 88.633, 147.294
300, 230.000, -19.800, 35.198, 3.837, -58.357, -9.867, 0.010, 3.710, 99.597
300, 325.000,-22.091, 35.637, 5929.328, -97.701, 55.804, 99.992, 88.913, 60.266
