ion,x0,y0,z0,vx0,vy0,vz0,ke0,elev0,azim0,x1,y1,z1,vx1,vy1,vz1,ke1,elev1,azim1
1, 230.000, -33.662, 48.937, 0.728, -56.832, -16.949, 0.010, 0.703, 106.606
1, 325.000,-36.376, 49.716, 5928.415, -128.549, 83.570, 99.992, 88.518, 56.972
2, 230.000, 93.353, -7.967, 31.082, -20.941, -45.968, 0.010, 31.605, 155.508
2, 325.000,101.228, -10.095, 5910.643, 475.331, -91.432, 99.993, 85.318, -100.888
3, 230.000, -38.363, 17.648, 18.415, -37.968, -41.676, 0.010, 18.089, 137.666
3, 325.000,-40.407, 16.702, 5929.350, -110.988, -10.263, 99.992, 88.923, 95.283
4, 230.000, 91.866, 3.066, 7.942, -55.905, -18.143, 0.010, 7.696, 107.980
4, 325.000,97.383, 2.750, 5918.378, 377.467, -4.692, 99.992, 86.350, -90.712
5, 230.000, 29.075, 48.787, 14.080, -13.455, 56.021, 0.010, 13.733, 13.505
5, 325.000,29.399, 51.828, 5928.177, 44.404, 155.995, 99.992, 88.433, -15.889
6, 230.000, -15.278, 39.849, 38.840, 42.890, -13.020, 0.010, 40.910, -106.887
6, 325.000,-14.247, 40.302, 5930.056, 15.731, 61.482, 99.992, 89.387, -14.352
7, 230.000, 75.422, 10.863, 48.384, -20.037, 27.841, 0.010, 54.666, 35.742
7, 325.000,77.829, 12.170, 5926.998, 191.520, 59.719, 99.992, 88.061, -72.682
8, 230.000, -5.958, 25.320, 2.301, 52.105, 28.238, 0.010, 2.223, -61.545
8, 325.000,-4.419, 26.812, 5929.346, 38.127, 105.229, 99.992, 88.919, -19.917
9, 230.000, -29.500, -55.361, 0.456, -48.321, -34.388, 0.010, 0.441, 125.437
9, 325.000,-31.891, -58.060, 5927.212, -114.730, -156.814, 99.992, 88.122, 143.810
10, 230.000, 62.535, 29.081, 48.837, 33.652, -0.419, 0.010, 55.429, -90.714
10, 325.000,65.674, 30.036, 5927.027, 187.099, 70.271, 99.992, 88.069, -69.415
11, 230.000, 41.635, -7.909, 43.074, 11.106, -39.230, 0.010, 46.573, -164.193
11, 325.000,42.892, -9.327, 5929.467, 89.171, -55.414, 99.992, 88.986, -121.858
12, 230.000, 13.905, -22.646, 4.829, -58.993, -3.766, 0.010, 4.670, 93.653
12, 325.000,12.332, -23.296, 5929.896, -20.028, -74.721, 99.992, 89.253, 164.995
13, 230.000, -73.434, -50.290, 42.844, -20.416, 35.570, 0.010, 46.251, 29.854
13, 325.000,-79.059, -52.617, 5918.367, -333.517, -175.951, 99.991, 86.354, 117.814
14, 230.000, 5.473, -47.377, 14.522, -42.283, -38.973, 0.010, 14.173, 132.667
14, 325.000,4.250, -49.697, 5928.906, -33.594, -128.598, 99.992, 88.716, 165.360
15, 230.000, -10.193, 30.109, 20.546, -54.208, -12.529, 0.010, 20.268, 103.014
15, 325.000,-12.148, 30.361, 5929.607, -79.806, 54.616, 99.992, 89.066, 55.614
16, 230.000, -34.034, -24.417, 47.695, -24.690, -25.165, 0.010, 53.529, 135.545
16, 325.000,-35.555, -25.745, 5929.296, -89.001, -71.575, 99.992, 88.896, 128.807
17, 230.000, 24.131, -80.113, 10.972, -54.474, -20.732, 0.010, 10.661, 110.836
17, 325.000,23.712, -85.011, 5922.627, 27.118, -302.327, 99.992, 87.066, -174.874
18, 230.000, 22.074, -46.838, 52.339, 17.862, -21.429, 0.010, 61.942, -140.187
18, 325.000,23.166, -48.634, 5929.038, 60.569, -111.465, 99.992, 88.774, -151.481
19, 230.000, 3.126, 85.880, 33.964, 42.788, -23.093, 0.010, 34.935, -118.357
19, 325.000,4.633, 90.140, 5922.654, 56.849, 297.481, 99.992, 87.073, -10.819
20, 230.000, -61.346, 3.574, 40.616, 42.946, 4.863, 0.010, 43.220, -83.540
20, 325.000,-61.683, 3.826, 5929.780, -84.444, 12.562, 99.992, 89.175, 81.539
21, 230.000, -74.565, 56.814, 58.035, -5.335, -11.003, 0.010, 78.102, 154.135
21, 325.000,-81.606, 61.721, 5909.142, -406.803, 293.914, 99.992, 85.145, 54.152
22, 230.000, -27.202, -58.342, 48.779, 21.632, 25.891, 0.010, 55.330, -39.879
22, 325.000,-27.320, -59.241, 5929.403, -37.488, -101.701, 99.992, 88.953, 159.765
23, 230.000, -34.539, 50.857, 15.898, 19.444, 53.729, 0.010, 15.548, -19.894
23, 325.000,-34.896, 53.992, 5927.874, -53.589, 164.416, 99.992, 88.329, 18.053
24, 230.000, -96.063, -22.066, 30.356, 13.898, 49.020, 0.010, 30.786, -15.829
24, 325.000,-110.461, -24.012, 5880.857, -756.111, -124.515, 99.998, 82.576, 99.351
25, 230.000, 44.181, -31.601, 49.818, -29.820, -12.108, 0.010, 57.136, 112.100
25, 325.000,44.323, -32.760, 5929.681, 54.840, -73.856, 99.992, 89.111, -143.405
26, 230.000, 30.227, -5.472, 38.500, -29.556, 34.086, 0.010, 40.476, 40.928
26, 325.000,29.952, -4.505, 5930.197, 43.488, 22.452, 99.992, 89.527, -62.693
27, 230.000, -73.539, -53.124, 37.814, -31.737, -32.872, 0.010, 39.610, 136.007
27, 325.000,-80.166, -58.217, 5911.598, -377.201, -283.045, 99.991, 85.439, 126.884
28, 230.000, 41.709, -3.568, 45.028, 4.577, -38.329, 0.010, 49.395, -173.191
28, 325.000,42.758, -4.862, 5929.631, 82.924, -46.429, 99.992, 89.082, -119.244
29, 230.000, -40.098, 76.481, 2.123, -30.728, -50.684, 0.010, 2.052, 148.773
29, 325.000,-43.413, 79.403, 5922.806, -184.472, 236.476, 99.992, 87.101, 37.957
30, 230.000, -77.612, -60.847, 48.630, 31.382, 12.957, 0.010, 55.079, -67.565
30, 325.000,-88.717, -69.899, 5881.653, -592.145, -476.729, 99.998, 82.635, 128.837
31, 230.000, -12.547, -6.469, 35.756, -29.755, -36.795, 0.010, 37.075, 141.039
31, 630.000,-33.249, -20.038, 3729.828, -339.265, -212.553, 40.008, 83.873, 122.068
32, 230.000, -82.224, 28.244, 57.022, -15.950, 3.426, 0.010, 74.034, 77.876
32, 325.000,-87.791, 30.093, 5919.466, -340.775, 114.888, 99.991, 86.523, 71.369
33, 230.000, -31.177, 62.077, 43.702, 23.119, 32.762, 0.010, 47.463, -35.210
33, 325.000,-31.499, 65.193, 5927.245, -52.264, 186.145, 99.992, 88.132, 15.683
34, 230.000, 64.621, -39.649, 2.384, -59.194, -2.834, 0.010, 2.304, 92.741
34, 325.000,65.294, -41.295, 5928.185, 116.596, -112.483, 99.992, 88.435, -133.971
35, 230.000, -80.213, -19.758, 10.527, 53.342, -23.695, 0.010, 10.224, -113.951
35, 325.000,-82.540, -21.482, 5925.957, -210.829, -90.660, 99.992, 87.782, 113.268
36, 230.000, 80.870, 1.303, 5.251, -39.009, 44.366, 0.010, 5.079, 41.324
36, 325.000,83.429, 2.754, 5926.274, 215.299, 50.712, 99.992, 87.862, -76.746
37, 230.000, -30.076, 86.436, 23.313, 53.254, 11.755, 0.010, 23.146, -77.552
37, 325.000,-30.808, 93.600, 5914.646, -86.466, 423.558, 99.993, 85.820, 11.538
38, 230.000, 6.696, -95.322, 37.868, 24.744, -38.358, 0.010, 39.678, -147.175
38, 325.000,8.185, -107.021, 5896.396, 67.899, -631.038, 99.994, 83.856, -173.859
39, 230.000, -85.379, -43.358, 49.930, -25.886, -18.829, 0.010, 57.336, 126.031
39, 325.000,-95.746, -48.794, 5896.426, -562.450, -291.703, 99.991, 83.867, 117.413
40, 230.000, -41.593, 66.093, 54.636, 22.434, -5.410, 0.010, 67.102, -103.558
40, 325.000,-42.672, 68.749, 5926.519, -99.426, 189.655, 99.991, 87.931, 27.665
41, 230.000, -85.675, -33.722, 6.456, -10.950, 57.931, 0.010, 6.250, 10.704
41, 325.000,-92.996, -34.690, 5913.832, -430.255, -103.165, 99.991, 85.721, 103.484
42, 230.000, -12.649, -30.816, 55.824, 6.338, 19.005, 0.010, 70.258, -18.444
42, 325.000,-12.721, -30.878, 5930.167, -21.145, -47.784, 99.992, 89.495, 156.130
43, 230.000, -17.668, -90.338, 54.442, -2.096, 23.436, 0.010, 66.626, 5.112
43, 325.000,-19.161, -96.928, 5915.246, -88.025, -413.790, 99.990, 85.909, 167.991
44, 230.000, 62.133, -63.266, 25.237, -20.903, 49.434, 0.010, 25.184, 22.921
44, 325.000,65.549, -65.875, 5922.151, 233.545, -208.029, 99.992, 86.977, -131.693
45, 230.000, -75.274, 55.997, 1.059, 55.768, -20.160, 0.010, 1.023, -109.875
45, 325.000,-80.347, 60.423, 5914.439, -337.834, 274.037, 99.992, 85.794, 50.952
46, 230.000, 16.644, 2.085, 38.429, 23.090, -38.829, 0.010, 40.386, -149.262
46, 630.000,41.733, -0.387, 3728.106, 418.553, -20.523, 40.015, 83.587, -92.807
47, 230.000, 43.155, 23.206, 56.028, 6.148, 18.458, 0.010, 70.851, -18.422
47, 325.000,44.343, 24.324, 5929.426, 87.152, 62.550, 99.992, 88.964, -54.333
48, 230.000, 44.331, -44.657, 7.604, 33.005, 48.688, 0.010, 7.366, -34.133
48, 325.000,46.648, -44.393, 5928.786, 130.199, -46.055, 99.992, 88.666, -109.480
49, 230.000, -2.733, 50.627, 39.025, -13.735, 42.498, 0.010, 41.146, 17.911
49, 325.000,-3.233, 53.169, 5928.715, -19.395, 139.835, 99.992, 88.636, 7.896
50, 230.000, 94.115, -0.180, 12.236, -0.003, 58.034, 0.010, 11.906, 0.003
50, 325.000,103.076, 1.573, 5907.319, 518.766, 60.897, 99.991, 84.947, -83.305
51, 230.000, 34.640, -9.665, 3.131, -56.588, 17.481, 0.010, 3.026, 72.833
51, 325.000,33.573, -9.313, 5930.379, 13.850, -2.097, 99.992, 89.865, -98.609
52, 230.000, -48.174, -30.462, 29.156, 50.741, 9.639, 0.010, 29.445, -79.244
52, 325.000,-47.793, -30.932, 5930.024, -43.108, -50.520, 99.992, 89.358, 139.526
53, 230.000, 50.446, -79.130, 20.546, 53.195, -16.304, 0.010, 20.268, -107.040
53, 325.000,56.880, -87.174, 5903.429, 335.161, -454.131, 99.990, 84.539, -143.572
54, 230.000, 80.171, -49.849, 11.090, -21.731, 54.059, 0.010, 10.777, 21.899
54, 325.000,87.121, -52.934, 5911.707, 417.692, -216.479, 99.992, 85.450, -117.397
55, 230.000, 65.939, -8.364, 20.157, 55.005, -9.262, 0.010, 19.868, -99.558
55, 325.000,69.759, -8.921, 5926.564, 211.142, -29.161, 99.992, 87.940, -97.863
56, 230.000, -59.980, 63.111, 17.101, -48.403, 29.705, 0.010, 16.759, 58.463
56, 325.000,-65.274, 68.023, 5916.353, -292.095, 284.897, 99.992, 86.055, 45.715
57, 230.000, 12.956, 91.729, 32.903, 48.701, -7.951, 0.010, 33.695, -99.273
57, 325.000,15.548, 99.294, 5911.773, 117.281, 455.105, 99.993, 85.455, -14.451
58, 230.000, 25.840, 89.247, 39.063, -32.577, 30.504, 0.010, 41.195, 46.883
58, 325.000,27.114, 98.013, 5908.870, 99.091, 494.469, 99.990, 85.122, -11.332
59, 230.000, 13.952, 77.599, 14.535, -4.925, -57.290, 0.010, 14.186, 175.086
59, 325.000,14.400, 79.154, 5927.823, 36.363, 170.912, 99.992, 88.312, -12.011
60, 230.000, 26.605, -85.643, 57.941, 6.378, -10.944, 0.010, 77.668, -149.767
60, 325.000,28.693, -92.070, 5916.388, 123.747, -388.195, 99.992, 86.060, -162.319
61, 230.000, 35.514, 3.285, 16.832, 56.267, 8.269, 0.010, 16.487, -81.639
61, 325.000,38.067, 3.619, 5928.985, 128.441, 15.070, 99.992, 88.750, -83.308
62, 230.000, -66.783, -64.113, 33.388, -45.537, 18.145, 0.010, 34.260, 68.274
62, 325.000,-73.899, -69.052, 5909.789, -387.779, -306.453, 99.993, 85.219, 128.319
63, 230.000, -23.769, 44.627, 54.839, 15.000, -16.892, 0.010, 67.611, -138.396
63, 325.000,-23.850, 45.134, 5929.948, -29.313, 66.703, 99.992, 89.296, 23.723
64, 230.000, 11.579, -32.821, 4.514, 59.071, 2.800, 0.010, 4.365, -87.286
64, 325.000,13.719, -33.432, 5929.430, 85.321, -64.266, 99.992, 88.968, -126.988
65, 230.000, -25.618, 12.036, 26.016, -52.435, 9.560, 0.010, 26.017, 79.667
65, 325.000,-27.859, 12.606, 5929.090, -118.235, 39.643, 99.992, 88.795, 71.464
66, 230.000, -36.946, 80.772, 5.325, 12.984, 57.625, 0.010, 5.151, -12.698
66, 325.000,-39.093, 88.131, 5914.544, -145.003, 408.162, 99.991, 85.811, 19.558
67, 230.000, -52.659, -64.889, 37.146, 3.205, -46.126, 0.010, 38.778, -176.026
67, 325.000,-55.376, -69.794, 5921.104, -182.250, -277.307, 99.992, 86.792, 146.686
68, 230.000, 23.171, -69.744, 32.052, 47.718, -14.605, 0.010, 32.712, -107.018
68, 325.000,25.542, -72.829, 5925.900, 111.881, -201.987, 99.992, 87.769, -151.018
69, 230.000, -42.334, 10.153, 12.084, -57.173, -10.141, 0.010, 11.756, 100.058
69, 325.000,-45.087, 10.052, 5928.794, -137.528, 8.269, 99.992, 88.669, 86.559
70, 230.000, 24.791, -1.127, 3.081, -18.377, 56.306, 0.010, 2.977, 18.076
70, 325.000,24.796, 0.659, 5929.717, 68.144, 57.260, 99.991, 89.140, -49.961
71, 230.000, -39.222, 73.674, 3.846, 9.970, 58.339, 0.010, 3.718, -9.698
71, 325.000,-41.012, 79.444, 5920.290, -127.957, 321.554, 99.992, 86.655, 21.699
72, 230.000, 27.938, -78.326, 7.997, 42.678, 40.401, 0.010, 7.749, -46.570
72, 325.000,30.706, -81.088, 5924.467, 140.221, -224.700, 99.991, 87.440, -148.034
73, 230.000, 79.226, -7.343, 24.779, -35.759, 40.310, 0.010, 24.696, 41.576
73, 325.000,81.640, -6.410, 5926.844, 204.330, 19.852, 99.992, 88.016, -84.451
74, 230.000, 43.422, 2.526, 15.441, -12.485, 55.887, 0.010, 15.091, 12.593
74, 325.000,43.973, 4.363, 5929.675, 68.106, 62.651, 99.992, 89.106, -47.389
75, 230.000, -12.266, 0.036, 47.258, -31.681, -16.751, 0.010, 52.826, 117.868
75, 630.000,-32.938, -2.176, 3736.160, -337.890, -28.599, 40.014, 84.814, 94.838
76, 230.000, -74.067, -28.433, 48.033, -34.538, -4.189, 0.010, 54.083, 96.916
76, 325.000,-78.512, -29.857, 5923.698, -266.203, -92.678, 99.992, 87.276, 109.196
77, 230.000, 70.438, -64.985, 56.274, 0.671, 18.719, 0.010, 71.590, -2.052
77, 325.000,78.226, -71.588, 5902.047, 435.911, -381.510, 99.992, 84.394, -131.192
78, 230.000, -64.305, -9.281, 53.313, 18.621, -18.128, 0.010, 64.013, -134.232
78, 325.000,-65.642, -10.128, 5928.959, -124.324, -39.571, 99.992, 88.739, 107.656
79, 230.000, -13.388, 20.705, 35.310, 14.773, -45.306, 0.010, 36.538, -161.941
79, 325.000,-13.244, 19.763, 5930.198, -36.141, 31.234, 99.992, 89.538, 49.166
80, 230.000, -36.239, -57.050, 4.540, 31.020, -50.346, 0.010, 4.390, -148.361
80, 325.000,-36.423, -60.479, 5927.192, -53.440, -187.398, 99.992, 88.117, 164.083
81, 230.000, 34.846, 62.210, 4.098, -38.418, -44.999, 0.010, 3.962, 139.511
81, 325.000,34.832, 62.930, 5929.226, 46.739, 108.034, 99.992, 88.863, -23.395
82, 230.000, -48.320, -37.229, 53.353, 25.485, 4.649, 0.010, 64.101, -79.662
82, 325.000,-48.845, -38.106, 5929.470, -74.895, -73.250, 99.992, 88.988, 134.364
83, 230.000, 6.496, 71.015, 48.971, -20.874, -26.149, 0.010, 55.657, 141.401
83, 325.000,6.068, 72.663, 5928.466, -5.443, 151.081, 99.992, 88.539, 2.063
84, 230.000, -38.569, -89.533, 22.631, -49.195, -24.193, 0.010, 22.431, 116.187
84, 325.000,-45.354, -102.582, 5881.560, -335.747, -682.863, 99.998, 82.628, 153.818
85, 230.000, 47.220, 47.222, 49.244, -20.453, 25.968, 0.010, 56.128, 38.225
85, 325.000,48.056, 49.518, 5928.170, 88.144, 136.431, 99.992, 88.431, -32.865
86, 230.000, -53.313, 59.406, 18.823, 52.134, 21.105, 0.010, 18.503, -67.961
86, 325.000,-54.099, 62.760, 5925.795, -110.295, 205.985, 99.992, 87.742, 28.167
87, 230.000, 72.667, -63.051, 48.611, 1.536, -33.946, 0.010, 55.045, -177.410
87, 325.000,81.198, -71.435, 5895.034, 470.947, -443.506, 99.993, 83.738, -133.281
88, 230.000, -16.821, 39.675, 28.593, 30.122, 42.340, 0.010, 28.823, -35.429
88, 325.000,-16.230, 41.889, 5929.230, -0.028, 117.566, 99.992, 88.864, 0.013
89, 230.000, -84.360, 51.705, 25.992, -24.409, -47.394, 0.010, 25.992, 152.750
89, 325.000,-99.396, 59.068, 5868.485, -755.266, 395.922, 99.982, 81.732, 62.336
90, 230.000, 55.876, 33.828, 41.837, 10.455, -40.718, 0.010, 44.862, -165.599
90, 325.000,57.890, 33.565, 5928.728, 136.545, 33.768, 99.992, 88.641, -76.109
91, 230.000, -59.308, 21.228, 14.873, 24.656, -51.851, 0.010, 14.523, -154.569
91, 325.000,-60.216, 20.190, 5929.513, -102.077, -8.144, 99.992, 89.011, 94.561
92, 230.000, -38.582, 11.579, 48.683, 31.588, 12.241, 0.010, 55.168, -68.818
92, 325.000,-38.409, 12.217, 5930.152, -41.201, 34.919, 99.992, 89.478, 49.718
93, 230.000, 12.437, 41.234, 37.258, -44.206, 13.239, 0.010, 38.917, 73.328
93, 325.000,11.304, 42.554, 5929.656, -22.607, 90.685, 99.992, 89.097, 13.998
94, 230.000, -21.823, 37.241, 29.049, -30.478, -41.772, 0.010, 29.327, 143.884
94, 325.000,-23.269, 36.724, 5929.894, -72.492, 26.472, 99.992, 89.254, 69.939
95, 230.000, -25.294, -29.262, 30.231, -27.120, -43.223, 0.010, 30.645, 147.894
95, 325.000,-26.698, -31.264, 5929.055, -76.140, -100.384, 99.992, 88.783, 142.820
96, 230.000, -43.610, 48.800, 53.440, 24.941, -6.309, 0.010, 64.294, -104.195
96, 325.000,-44.140, 50.074, 5929.059, -72.166, 103.203, 99.992, 88.783, 34.964
97, 230.000, -26.028, 72.863, 2.348, -7.088, 58.838, 0.010, 2.269, 6.869
97, 325.000,-27.369, 77.843, 5923.267, -84.729, 278.062, 99.992, 87.190, 16.947
98, 230.000, 39.136, 26.467, 20.441, 23.387, -50.526, 0.010, 20.160, -155.162
98, 325.000,40.763, 25.455, 5929.598, 97.105, -3.042, 99.992, 89.061, -91.795
99, 230.000, 31.065, -28.737, 4.666, -43.291, 40.271, 0.010, 4.513, 47.070
99, 325.000,30.355, -28.073, 5930.365, 14.161, -12.868, 99.992, 89.815, -132.260
100, 230.000, 21.551, -81.208, 39.233, 21.281, -39.058, 0.010, 41.414, -151.415
100, 325.000,23.391, -86.865, 5920.227, 99.759, -332.577, 99.992, 86.643, -163.303
101, 230.000, -18.669, 89.261, 35.070, -46.798, -9.884, 0.010, 36.249, 101.926
101, 325.000,-21.549, 95.863, 5914.722, -137.300, 408.415, 99.992, 85.833, 18.581
102, 230.000, 45.150, -35.615, 33.641, -27.667, 40.254, 0.010, 34.556, 34.501
102, 325.000,45.434, -35.255, 5930.004, 61.524, -29.428, 99.992, 89.341, -115.563
103, 230.000, -82.607, 43.638, 53.780, -24.880, 2.520, 0.010, 65.062, 84.216
103, 325.000,-90.896, 47.694, 5907.343, -466.927, 235.347, 99.993, 84.942, 63.250
104, 230.000, 64.460, 31.692, 50.509, 28.159, 13.173, 0.010, 58.388, -64.928
104, 325.000,67.659, 33.244, 5926.392, 195.749, 95.541, 99.992, 87.895, -63.984
105, 230.000, -38.083, -23.989, 50.790, -22.147, -21.155, 0.010, 58.909, 133.688
105, 325.000,-39.629, -25.191, 5929.288, -93.477, -66.344, 99.992, 88.892, 125.364
106, 230.000, 57.047, -29.669, 26.854, -7.351, 52.369, 0.010, 26.922, 7.990
106, 325.000,58.490, -28.885, 5929.209, 118.023, -10.946, 99.992, 88.855, -95.299
107, 230.000, -76.089, 23.873, 46.545, 36.758, -0.183, 0.010, 51.701, -90.286
107, 325.000,-78.361, 24.940, 5926.738, -195.140, 73.125, 99.992, 87.986, 69.458
108, 230.000, -18.196, 87.754, 24.097, -33.915, -42.270, 0.010, 23.972, 141.258
108, 325.000,-20.503, 92.531, 5919.941, -114.289, 333.163, 99.992, 86.595, 18.934
109, 230.000, -23.560, -55.186, 25.925, 53.335, -0.961, 0.010, 25.920, -91.033
109, 325.000,-22.508, -56.707, 5929.272, 6.559, -115.225, 99.992, 88.885, -176.742
110, 230.000, 16.578, 29.162, 39.714, 2.581, -43.975, 0.010, 42.037, -176.641
110, 325.000,17.019, 28.391, 5930.240, 39.434, 18.536, 99.992, 89.579, -64.824
111, 230.000, 8.546, 71.343, 42.726, -32.387, -25.361, 0.010, 46.087, 128.063
111, 325.000,7.831, 73.062, 5928.367, -12.068, 154.729, 99.992, 88.500, 4.460
112, 230.000, -42.584, 61.628, 48.692, 12.446, 31.493, 0.010, 55.183, -21.564
112, 325.000,-43.861, 65.025, 5925.998, -104.459, 202.920, 99.992, 87.794, 27.239
113, 230.000, 47.091, 82.800, 20.186, -28.912, 47.689, 0.010, 19.898, 31.227
113, 325.000,51.230, 93.069, 5899.578, 252.356, 548.998, 99.993, 84.152, -24.687
114, 230.000, -64.777, -10.302, 37.604, 10.733, 44.592, 0.010, 39.347, -13.533
114, 325.000,-66.401, -9.209, 5928.816, -135.036, 23.101, 99.992, 88.676, 80.292
115, 230.000, 16.389, 89.571, 18.569, 2.901, -56.253, 0.010, 18.246, -177.047
115, 325.000,17.702, 94.531, 5919.596, 77.869, 349.081, 99.992, 86.542, -12.575
116, 230.000, 33.361, 58.816, 31.236, 26.447, 42.924, 0.010, 31.780, -31.639
116, 325.000,35.276, 62.076, 5926.550, 106.988, 184.767, 99.992, 87.937, -30.073
117, 230.000, 12.953, -10.572, 20.875, -31.365, -45.805, 0.010, 20.608, 145.598
117, 630.000,25.836, -30.715, 3729.907, 239.542, -320.582, 40.010, 83.876, -143.232
118, 230.000, 54.848, -23.326, 52.518, -22.889, 15.348, 0.010, 62.312, 56.156
118, 325.000,55.593, -23.465, 5929.643, 88.997, -32.027, 99.992, 89.086, -109.792
119, 230.000, 24.894, 84.882, 7.656, 22.192, -54.466, 0.010, 7.417, -157.832
119, 325.000,27.194, 88.692, 5922.018, 125.185, 289.181, 99.992, 86.954, -23.408
120, 230.000, 2.176, -67.615, 15.711, 53.086, -21.277, 0.010, 15.361, -111.841
120, 325.000,3.923, -70.464, 5927.287, 60.417, -182.191, 99.992, 88.145, -161.654
121, 230.000, 27.354, 18.899, 24.452, -48.493, 23.836, 0.010, 24.348, 63.824
121, 325.000,26.396, 20.070, 5930.015, 9.721, 66.801, 99.992, 89.348, -8.280
122, 230.000, -69.767, -2.911, 27.366, -40.837, -33.183, 0.010, 27.478, 129.096
122, 325.000,-73.439, -4.056, 5926.321, -215.777, -41.817, 99.992, 87.876, 100.968
123, 230.000, -27.030, 16.918, 4.538, 35.869, 47.015, 0.010, 4.388, -37.341
123, 325.000,-26.467, 18.794, 5929.703, -23.654, 87.729, 99.992, 89.122, 15.090
124, 230.000, -37.472, 55.864, 27.447, 50.860, -13.322, 0.010, 27.567, -104.678
124, 325.000,-37.041, 57.192, 5929.175, -33.790, 115.390, 99.992, 88.838, 16.322
125, 230.000, -59.772, -12.816, 58.768, -1.486, -7.855, 0.010, 82.254, 169.285
125, 325.000,-61.476, -13.419, 5928.915, -127.728, -35.205, 99.992, 88.720, 105.410
126, 230.000, -54.142, -60.868, 16.149, -14.886, -55.093, 0.010, 15.800, 164.880
126, 325.000,-57.290, -65.606, 5921.464, -195.479, -260.096, 99.992, 86.855, 143.073
127, 230.000, -50.633, -63.131, 46.270, -9.926, 35.752, 0.010, 51.274, 15.516
127, 325.000,-53.329, -64.995, 5925.635, -171.965, -163.896, 99.992, 87.704, 133.624
128, 230.000, -92.752, -14.241, 36.058, 25.473, -39.605, 0.010, 37.442, -147.252
128, 325.000,-100.526, -16.759, 5910.449, -471.400, -118.733, 99.992, 85.298, 104.137
129, 230.000, -59.600, -36.876, 27.375, -19.727, 48.776, 0.010, 27.488, 22.020
129, 325.000,-62.240, -36.589, 5927.897, -167.290, -39.960, 99.992, 88.338, 103.434
130, 230.000, 51.412, 56.270, 28.271, -26.816, 44.714, 0.010, 28.468, 30.952
130, 325.000,52.664, 59.962, 5925.610, 118.219, 206.892, 99.992, 87.697, -29.744
131, 230.000, -22.376, 16.659, 56.738, 16.133, 6.181, 0.010, 73.064, -69.037
131, 325.000,-22.369, 17.233, 5930.011, -44.546, 52.514, 99.992, 89.335, 40.307
132, 230.000, -39.083, 44.934, 36.985, -46.267, -3.025, 0.010, 38.578, 93.741
132, 325.000,-41.604, 46.056, 5928.305, -129.089, 90.100, 99.992, 88.479, 55.086
133, 230.000, -38.472, 26.228, 28.325, 20.950, -47.712, 0.010, 28.528, -156.294
133, 325.000,-38.665, 25.297, 5930.186, -50.112, -0.470, 99.992, 89.516, 90.537
134, 230.000, -39.769, 51.521, 50.779, 30.621, -1.222, 0.010, 58.889, -92.285
134, 325.000,-39.997, 53.024, 5929.022, -57.128, 113.958, 99.992, 88.768, 26.625
135, 230.000, 63.137, -0.097, 46.819, -21.719, -29.222, 0.010, 52.129, 143.379
135, 325.000,64.265, -1.020, 5929.214, 114.189, -30.550, 99.992, 88.858, -104.978
136, 230.000, -52.228, -11.587, 14.437, -26.113, 51.257, 0.010, 14.088, 26.997
136, 325.000,-54.334, -10.240, 5928.936, -127.952, 30.715, 99.992, 88.729, 76.502
137, 230.000, 9.695, 0.788, 20.540, 21.418, -51.352, 0.010, 20.263, -157.359
137, 630.000,25.624, -5.114, 3741.514, 262.135, -72.401, 40.011, 85.843, -105.440
138, 230.000, -30.453, 62.782, 11.287, 26.077, 52.060, 0.010, 10.971, -26.607
138, 325.000,-30.667, 66.566, 5926.488, -48.218, 209.720, 99.992, 87.920, 12.948
139, 230.000, -17.221, -79.591, 18.014, 15.809, -54.251, 0.010, 17.681, -163.753
139, 325.000,-17.579, -85.224, 5921.563, -40.496, -321.029, 99.992, 86.872, 172.810
140, 230.000, -65.911, 27.606, 22.939, 17.294, 51.888, 0.010, 22.753, -18.433
140, 325.000,-67.691, 30.214, 5927.212, -149.492, 124.291, 99.992, 88.121, 50.259
141, 230.000, -77.461, 24.108, 23.999, 53.199, -10.561, 0.010, 23.869, -101.228
141, 325.000,-79.432, 24.909, 5926.986, -190.093, 65.456, 99.992, 88.057, 71.000
142, 230.000, 50.493, -73.996, 37.479, -45.962, 0.683, 0.010, 39.192, 89.149
142, 325.000,52.582, -79.110, 5919.444, 169.079, -318.389, 99.992, 86.515, -152.030
143, 230.000, 57.105, -48.333, 43.986, 29.205, -27.017, 0.010, 47.870, -132.771
143, 325.000,60.264, -51.078, 5925.175, 188.681, -162.099, 99.992, 87.596, -130.667
144, 230.000, -42.798, 85.378, 31.636, -7.050, -49.670, 0.010, 32.236, 171.922
144, 325.000,-47.496, 92.823, 5907.227, -261.682, 453.991, 99.993, 84.931, 29.959
145, 230.000, 75.642, -57.852, 23.339, 28.325, 46.590, 0.010, 23.173, -31.298
145, 325.000,84.397, -62.478, 5903.840, 478.074, -292.751, 99.992, 84.576, -121.481
146, 230.000, -50.380, -71.378, 4.838, 24.046, -54.000, 0.010, 4.679, -155.997
146, 325.000,-52.831, -77.587, 5917.732, -177.446, -344.560, 99.992, 86.253, 152.752
147, 230.000, 19.828, 7.069, 55.572, 19.061, 8.128, 0.010, 69.550, -66.906
147, 325.000,20.950, 7.512, 5929.168, 115.634, 42.722, 99.994, 88.809, -69.723
148, 230.000, -19.841, 9.602, 5.855, -22.986, 54.360, 0.010, 5.666, 22.921
148, 325.000,-21.069, 11.590, 5928.682, -101.907, 96.764, 99.990, 88.642, 46.483
149, 230.000, 5.124, -27.765, 49.425, -24.863, -21.369, 0.010, 56.443, 130.678
149, 325.000,4.446, -29.066, 5929.637, -13.045, -94.588, 99.992, 89.077, 172.148
150, 230.000, -86.324, -5.910, 33.403, -31.419, 37.613, 0.010, 34.277, 39.873
150, 325.000,-92.553, -5.105, 5918.843, -369.707, 16.687, 99.992, 86.422, 87.416
151, 230.000, 87.376, 44.953, 40.943, -35.066, 24.732, 0.010, 43.656, 54.804
151, 325.000,99.262, 52.342, 5883.603, 641.300, 375.806, 99.991, 82.800, -59.629
152, 230.000, 75.736, 45.101, 47.963, -8.920, 33.729, 0.010, 53.967, 14.813
152, 325.000,80.413, 49.089, 5918.532, 302.547, 221.455, 99.992, 86.375, -53.797
153, 230.000, 73.517, -40.686, 23.648, 54.390, -0.417, 0.010, 23.498, -90.439
153, 325.000,79.244, -42.931, 5919.852, 321.679, -146.739, 99.992, 86.582, -114.521
154, 230.000, -53.364, 68.154, 35.497, 28.332, -38.143, 0.010, 36.762, -143.395
154, 325.000,-55.632, 70.990, 5923.858, -172.680, 218.474, 99.992, 87.309, 38.323
155, 230.000, -4.905, 82.888, 8.549, 58.177, -7.743, 0.010, 8.287, -97.581
155, 325.000,-3.340, 86.904, 5923.847, 44.483, 274.731, 99.991, 87.310, -9.197
156, 230.000, 59.677, -72.239, 4.429, 56.180, 18.488, 0.010, 4.283, -71.784
156, 325.000,66.962, -78.411, 5906.263, 383.653, -372.179, 99.992, 84.829, -134.130
157, 230.000, -23.147, -30.225, 17.418, -48.149, -29.932, 0.010, 17.078, 121.867
157, 325.000,-25.178, -31.826, 5928.987, -94.155, -88.736, 99.992, 88.750, 133.303
158, 230.000, -84.799, 52.242, 34.541, -32.959, -35.189, 0.010, 35.618, 136.875
158, 325.000,-104.718, 62.871, 5833.707, -941.580, 520.383, 100.048, 79.551, 61.072
159, 230.000, -84.805, 7.459, 9.351, 57.657, 10.290, 0.010, 9.071, -79.881
159, 325.000,-87.677, 8.190, 5925.237, -244.359, 37.680, 99.992, 87.611, 81.234
160, 230.000, -40.129, -72.110, 21.874, 28.249, 47.340, 0.010, 21.643, -30.826
160, 325.000,-41.231, -74.199, 5926.491, -103.094, -188.856, 99.992, 87.921, 151.370
161, 230.000, 40.448, -21.751, 37.153, -30.172, 35.028, 0.010, 38.787, 40.741
161, 325.000,40.388, -21.121, 5930.229, 44.235, -4.306, 99.992, 89.571, -95.560
162, 230.000, -32.627, 67.726, 9.356, 11.479, -57.431, 0.010, 9.076, -168.697
162, 325.000,-33.520, 68.521, 5928.607, -76.583, 123.847, 99.992, 88.593, 31.731
163, 230.000, -29.363, 51.138, 40.444, 40.423, 15.745, 0.010, 42.993, -68.719
163, 325.000,-28.866, 52.994, 5929.132, -18.167, 120.961, 99.992, 88.818, 8.541
164, 230.000, 70.022, -44.625, 35.502, -47.389, -3.400, 0.010, 36.769, 94.104
164, 325.000,72.105, -46.998, 5925.435, 186.915, -154.455, 99.992, 87.657, -129.568
165, 230.000, -87.663, 17.289, 46.527, 23.153, 28.580, 0.010, 51.672, -39.011
165, 325.000,-92.986, 19.358, 5919.073, -351.219, 104.361, 99.992, 86.458, 73.451
166, 230.000, -2.106, 20.718, 35.028, -2.791, 47.780, 0.010, 36.199, 3.343
166, 325.000,-2.249, 22.777, 5928.583, -12.376, 144.383, 99.990, 88.600, 4.899
167, 230.000, 14.786, 45.319, 7.986, 58.382, -6.735, 0.010, 7.738, -96.581
167, 325.000,16.984, 46.132, 5929.235, 88.016, 77.459, 99.992, 88.867, -48.651
168, 230.000, -39.561, -22.117, 28.595, -42.462, 29.949, 0.010, 28.825, 54.804
168, 325.000,-41.790, -21.656, 5929.227, -117.325, -9.984, 99.992, 88.862, 94.864
169, 230.000, 56.588, -43.194, 48.024, -9.554, -33.467, 0.010, 54.068, 164.067
169, 325.000,58.274, -45.759, 5927.142, 133.358, -144.292, 99.992, 88.101, -137.255
170, 230.000, 27.809, 18.775, 8.592, 58.511, 4.508, 0.010, 8.330, -85.594
170, 325.000,30.275, 19.320, 5929.055, 118.304, 43.356, 99.992, 88.783, -69.873
171, 230.000, -20.383, 9.038, 45.997, 4.496, 37.171, 0.010, 50.854, -6.897
171, 325.000,-20.750, 10.455, 5929.364, -80.654, 79.102, 99.993, 88.908, 45.556
172, 230.000, -83.120, 51.384, 54.748, -6.488, -21.867, 0.010, 67.383, 163.473
172, 325.000,-94.784, 57.823, 5887.521, -618.427, 354.580, 99.996, 83.096, 60.172
173, 230.000, 22.140, -46.561, 45.861, 33.514, -17.064, 0.010, 50.646, -116.983
173, 325.000,23.729, -48.211, 5928.945, 76.841, -106.290, 99.992, 88.733, -144.136
174, 230.000, -41.660, 14.668, 27.147, 41.119, 33.014, 0.010, 27.240, -51.239
174, 325.000,-41.266, 16.041, 5929.972, -35.251, 61.639, 99.992, 89.314, 29.765
175, 230.000, -36.359, 10.942, 4.800, 46.053, -37.063, 0.010, 4.642, -128.827
175, 325.000,-35.665, 9.991, 5930.321, -25.084, -16.624, 99.992, 89.709, 123.533
176, 230.000, 83.986, -8.614, 22.874, 53.469, -11.642, 0.010, 22.685, -102.283
176, 325.000,90.352, -9.458, 5919.103, 363.204, -43.744, 99.992, 86.463, -96.868
177, 230.000, 97.926, -3.400, 8.927, 43.285, -39.552, 0.010, 8.657, -132.420
177, 325.000,113.765, -5.091, 5874.443, 808.443, -68.926, 99.986, 82.136, -94.873
178, 230.000, 19.449, -19.125, 54.218, 14.987, -18.800, 0.010, 66.086, -141.440
178, 325.000,20.365, -20.155, 5929.573, 68.436, -71.609, 99.992, 89.043, -136.298
179, 230.000, 23.300, -22.999, 7.066, 27.188, -52.235, 0.010, 6.843, -152.503
179, 325.000,24.668, -25.163, 5929.005, 77.157, -102.691, 99.992, 88.759, -143.080
180, 230.000, 59.992, -75.346, 15.992, -55.040, -15.249, 0.010, 15.642, 105.486
180, 325.000,65.230, -84.474, 5900.615, 324.133, -497.342, 99.992, 84.255, -146.906
181, 230.000, -21.074, 9.970, 11.639, 58.149, -0.914, 0.010, 11.317, -90.901
181, 325.000,-19.743, 10.197, 5930.143, -34.229, 46.065, 99.993, 89.446, 36.615
182, 230.000, 71.672, -8.283, 1.325, 55.297, -21.404, 0.010, 1.280, -111.160
182, 325.000,76.042, -9.262, 5925.150, 245.511, -44.051, 99.992, 87.589, -100.172
183, 230.000, -41.726, -50.381, 54.868, 6.259, -21.633, 0.010, 67.685, -163.863
183, 325.000,-42.799, -52.594, 5928.170, -88.041, -136.644, 99.992, 88.429, 147.206
184, 230.000, -19.759, -55.480, 16.918, -9.700, -56.012, 0.010, 16.574, 170.175
184, 325.000,-20.599, -58.751, 5927.660, -50.903, -172.781, 99.992, 88.259, 163.585
185, 230.000, -46.254, -6.739, 18.949, 31.767, 46.362, 0.010, 18.633, -34.418
185, 325.000,-46.277, -5.413, 5930.050, -53.387, 35.459, 99.992, 89.381, 56.408
186, 230.000, -94.506, -14.714, 46.766, -35.607, -7.921, 0.010, 52.046, 102.541
186, 325.000,-106.100, -16.591, 5896.439, -626.044, -100.014, 99.993, 83.863, 99.077
187, 230.000, 22.844, 24.687, 51.932, -24.733, -14.457, 0.010, 61.117, 120.307
187, 325.000,22.551, 24.761, 5930.220, 24.109, 38.900, 99.992, 89.558, -31.789
188, 230.000, -62.284, 50.392, 49.134, 19.309, -27.031, 0.010, 55.937, -144.461
188, 325.000,-64.522, 51.848, 5926.470, -173.274, 128.225, 99.992, 87.917, 53.498
189, 230.000, 40.959, 88.578, 27.196, 23.669, -47.094, 0.010, 27.293, -153.316
189, 325.000,47.100, 98.916, 5893.357, 317.599, 581.548, 99.995, 83.585, -28.640
190, 230.000, -87.263, -33.633, 5.448, -53.748, 24.476, 0.010, 5.271, 65.516
190, 325.000,-97.018, -36.009, 5904.685, -529.447, -155.871, 99.993, 84.660, 106.405
191, 230.000, -19.950, 52.186, 3.810, 40.132, 43.504, 0.010, 3.683, -42.691
191, 325.000,-19.180, 54.896, 5928.535, 2.063, 148.512, 99.992, 88.565, -0.796
192, 230.000, 6.506, 16.877, 21.083, -52.328, 18.301, 0.010, 20.823, 70.724
192, 630.000,8.015, 41.528, 3728.644, 55.735, 413.811, 40.023, 83.610, -7.671
193, 230.000, 43.226, -15.523, 27.047, 19.212, 49.163, 0.010, 27.132, -21.344
193, 325.000,44.801, -14.305, 5929.504, 100.223, 22.078, 99.992, 89.008, -77.577
194, 230.000, -88.576, -30.730, 3.542, 28.277, 52.015, 0.010, 3.424, -28.530
194, 325.000,-95.705, -31.913, 5913.241, -438.201, -107.063, 99.993, 85.638, 103.730
195, 230.000, 44.758, -86.112, 40.120, -25.882, -35.188, 0.010, 42.566, 143.664
195, 325.000,49.732, -98.233, 5889.199, 283.618, -636.685, 99.989, 83.250, -155.989
196, 230.000, 40.197, -86.711, 44.980, -22.329, 31.558, 0.010, 49.322, 35.281
196, 325.000,43.767, -94.915, 5906.664, 216.320, -484.368, 99.993, 84.868, -155.934
197, 230.000, 12.772, 11.422, 25.733, -8.765, 52.713, 0.010, 25.714, 9.440
197, 630.000,28.401, 33.549, 3725.173, 273.790, 350.642, 40.017, 83.190, -37.984
198, 230.000, -93.845, -11.164, 26.240, 28.953, 44.619, 0.010, 26.259, -32.979
198, 325.000,-102.006, -10.883, 5910.031, -491.151, -14.529, 99.993, 85.247, 91.694
199, 230.000, 28.885, 47.779, 21.612, -0.056, -55.232, 0.010, 21.370, 179.942
199, 325.000,29.605, 47.220, 5930.013, 56.610, 36.505, 99.992, 89.349, -57.184
200, 230.000, -55.206, -41.464, 43.866, 16.322, -36.428, 0.010, 47.699, -155.865
200, 325.000,-56.523, -43.984, 5927.632, -116.699, -138.353, 99.992, 88.251, 139.853
201, 230.000, 28.027, -26.298, 9.982, 53.579, 23.395, 0.010, 9.690, -66.412
201, 325.000,30.339, -26.112, 5929.324, 109.504, -26.208, 99.992, 88.912, -103.459
202, 230.000, 67.225, 73.606, 58.618, 2.593, -8.650, 0.010, 81.243, -163.314
202, 325.000,83.633, 91.232, 5823.379, 769.472, 830.149, 100.058, 79.000, -42.828
203, 230.000, -2.841, -86.488, 36.894, -41.761, -20.309, 0.010, 38.467, 115.934
203, 325.000,-4.306, -92.368, 5919.342, -55.153, -357.831, 99.992, 86.500, 171.238
204, 230.000, -47.489, -33.713, 11.101, -26.805, -51.729, 0.010, 10.788, 152.608
204, 325.000,-49.603, -36.253, 5927.808, -125.039, -122.685, 99.992, 88.307, 134.456
205, 230.000, -72.673, 32.876, 27.569, -35.603, -38.601, 0.010, 27.699, 137.314
205, 325.000,-77.121, 33.178, 5924.161, -264.525, 62.258, 99.992, 87.374, 76.756
206, 230.000, 63.922, -76.477, 48.569, -26.885, -20.878, 0.010, 54.975, 127.833
206, 325.000,78.557, -95.558, 5823.721, 696.425, -890.294, 100.059, 79.016, -141.966
207, 230.000, 43.021, 19.417, 9.503, 48.261, -33.139, 0.010, 9.220, -124.476
207, 325.000,45.534, 18.800, 5928.971, 129.972, 1.782, 99.992, 88.744, -89.214
208, 230.000, -8.609, -39.860, 32.602, -43.507, 23.703, 0.010, 33.346, 61.418
208, 325.000,-10.179, -39.965, 5929.858, -61.517, -51.150, 99.992, 89.227, 129.742
209, 230.000, 57.406, 43.662, 31.625, -3.012, 50.084, 0.010, 32.223, 3.442
209, 325.000,59.390, 46.817, 5926.291, 145.877, 165.610, 99.992, 87.867, -41.375
210, 230.000, 21.966, 13.588, 47.658, -20.628, 28.650, 0.010, 53.471, 35.753
210, 325.000,21.820, 14.820, 5929.771, 46.501, 73.263, 99.992, 89.162, -32.404
211, 230.000, 45.459, -87.419, 16.698, -21.074, 52.865, 0.010, 16.352, 21.734
211, 325.000,51.651, -98.959, 5887.383, 334.632, -630.276, 99.994, 83.089, -152.035
212, 230.000, 30.571, -45.153, 12.529, -38.545, 43.300, 0.010, 12.196, 41.675
212, 325.000,30.093, -44.881, 5930.210, 19.264, -42.576, 99.992, 89.549, -155.655
213, 230.000, -63.299, 6.584, 21.507, -49.477, -24.639, 0.010, 21.261, 116.472
213, 325.000,-66.735, 5.999, 5927.285, -191.732, -11.010, 99.992, 88.144, 93.287
214, 230.000, 4.239, 61.011, 55.445, 10.960, 17.981, 0.010, 69.203, -31.364
214, 325.000,4.702, 63.277, 5928.518, 20.353, 147.909, 99.992, 88.557, -7.835
215, 230.000, 34.042, 8.299, 15.141, -1.784, 57.317, 0.010, 14.791, 1.783
215, 325.000,34.712, 10.309, 5929.513, 67.706, 76.734, 99.992, 89.011, -41.424
216, 230.000, 60.165, -9.161, 51.398, -0.064, -29.595, 0.010, 60.066, 179.876
216, 325.000,61.823, -10.346, 5928.833, 126.500, -49.976, 99.992, 88.686, -111.557
217, 230.000, -30.402, -9.315, 5.718, -31.691, -49.806, 0.010, 5.532, 147.532
217, 325.000,-32.072, -11.112, 5929.123, -99.071, -72.328, 99.992, 88.815, 126.132
218, 230.000, 68.205, -47.123, 41.716, -19.440, -37.410, 0.010, 44.697, 152.542
218, 325.000,71.108, -50.710, 5923.184, 212.609, -200.374, 99.991, 87.176, -133.303
219, 230.000, 28.471, 49.485, 41.083, 5.991, 42.355, 0.010, 43.843, -8.050
219, 325.000,29.400, 52.109, 5928.319, 63.533, 143.535, 99.992, 88.483, -23.876
220, 230.000, -47.018, 85.220, 53.132, 17.937, -19.310, 0.010, 63.617, -137.111
220, 325.000,-52.553, 95.646, 5894.390, -309.261, 574.665, 99.992, 83.682, 28.287
221, 230.000, 9.226, -49.043, 24.157, 19.095, 50.690, 0.010, 24.035, -20.641
221, 325.000,10.046, -48.563, 5930.147, 37.118, -39.688, 99.992, 89.475, -136.917
222, 230.000, 11.761, -2.693, 28.036, 36.038, 37.854, 0.010, 28.210, -43.592
222, 630.000,32.358, -1.174, 3736.314, 334.075, 4.637, 40.008, 84.890, -89.205
223, 230.000, 0.300, 60.850, 54.667, 15.611, -16.896, 0.010, 67.179, -137.265
223, 325.000,0.800, 61.988, 5929.353, 16.823, 109.962, 99.992, 88.925, -8.698
224, 230.000, -37.021, 4.282, 43.879, 11.662, 38.161, 0.010, 47.717, -16.994
224, 325.000,-37.441, 5.587, 5929.882, -61.179, 48.188, 99.992, 89.248, 51.774
225, 230.000, -29.852, 92.485, 51.736, -27.001, -10.580, 0.010, 60.728, 111.397
225, 325.000,-34.505, 104.077, 5891.691, -236.972, 633.273, 99.991, 83.453, 20.516
226, 230.000, -9.535, -46.523, 50.683, -30.567, -3.815, 0.010, 58.710, 97.114
226, 325.000,-10.719, -47.697, 5929.499, -49.399, -90.565, 99.992, 89.003, 151.390
227, 230.000, 89.564, 10.576, 21.478, 45.996, 30.671, 0.010, 21.231, -56.304
227, 325.000,97.661, 12.310, 5912.186, 457.565, 80.820, 99.992, 85.506, -79.983
228, 230.000, -47.648, 5.178, 16.299, -55.588, -12.724, 0.010, 15.951, 102.893
228, 325.000,-50.508, 4.891, 5928.589, -146.377, -3.524, 99.992, 88.585, 91.379
229, 230.000, 60.038, -4.973, 20.620, 55.369, -5.175, 0.010, 20.345, -95.340
229, 325.000,63.451, -5.275, 5927.522, 183.929, -15.846, 99.992, 88.216, -94.924
230, 230.000, 82.205, 1.750, 4.954, -15.919, -56.918, 0.010, 4.791, 164.374
230, 325.000,85.787, 0.056, 5924.604, 256.308, -54.039, 99.992, 87.468, -101.906
231, 230.000, 76.295, 15.207, 53.409, 5.098, 25.281, 0.010, 64.225, -11.401
231, 325.000,79.715, 16.645, 5925.463, 230.919, 71.438, 99.992, 87.664, -72.810
232, 230.000, 54.945, -3.608, 11.132, 50.144, 29.653, 0.010, 10.818, -59.402
232, 325.000,57.923, -2.756, 5928.185, 160.202, 23.622, 99.992, 88.435, -81.612
233, 230.000, -49.056, -38.036, 20.403, -30.453, -46.626, 0.010, 20.121, 146.850
233, 325.000,-51.425, -40.602, 5927.354, -137.793, -130.742, 99.992, 88.165, 133.496
234, 230.000, -41.719, 81.195, 23.283, -52.484, -14.867, 0.010, 23.114, 105.815
234, 325.000,-46.595, 87.090, 5913.527, -253.255, 368.605, 99.992, 85.675, 34.491
235, 230.000, 21.119, -81.793, 15.727, 49.363, 28.872, 0.010, 15.377, -59.677
235, 325.000,23.806, -85.346, 5923.262, 127.404, -261.575, 99.992, 87.188, -154.031
236, 230.000, -70.423, 60.880, 20.812, -39.552, -38.989, 0.010, 20.542, 134.589
236, 325.000,-77.844, 65.057, 5909.942, -407.951, 274.746, 99.991, 85.243, 56.041
237, 230.000, 42.400, -20.665, 23.797, 32.919, -43.217, 0.010, 23.655, -142.703
237, 325.000,44.409, -22.508, 5928.739, 112.884, -83.153, 99.992, 88.645, -126.376
238, 230.000, 94.160, -11.907, 22.971, 54.648, 1.876, 0.010, 22.787, -88.033
238, 325.000,105.705, -13.100, 5897.638, 618.210, -68.789, 99.990, 83.979, -96.349
239, 230.000, 59.580, -62.750, 23.806, 22.183, 49.587, 0.010, 23.664, -24.102
239, 325.000,63.816, -64.950, 5922.090, 251.533, -187.906, 99.992, 86.965, -126.761
240, 230.000, 58.679, -36.267, 11.702, -45.384, -36.346, 0.010, 11.379, 128.690
240, 325.000,59.171, -38.605, 5928.338, 93.661, -124.956, 99.992, 88.491, -143.147
241, 230.000, 13.162, -15.153, 27.489, 48.748, 19.637, 0.010, 27.612, -68.060
241, 325.000,15.082, -14.925, 5928.832, 129.146, -61.701, 99.997, 88.617, -115.537
242, 230.000, 28.973, 59.950, 25.009, -19.483, 50.126, 0.010, 24.940, 21.240
242, 325.000,29.270, 63.420, 5927.107, 47.175, 191.717, 99.992, 88.092, -13.824
243, 230.000, 73.522, 21.888, 50.174, 6.293, -30.993, 0.010, 57.776, -168.522
243, 325.000,76.738, 21.819, 5926.343, 217.176, 30.268, 99.992, 87.881, -82.066
244, 230.000, 12.024, -58.866, 5.664, -17.379, 56.423, 0.010, 5.480, 17.120
244, 325.000,11.794, -58.650, 5930.061, 6.707, -62.573, 99.992, 89.392, -173.882
245, 230.000, -66.727, -37.355, 15.081, 44.933, 35.654, 0.010, 14.731, -51.569
245, 325.000,-67.984, -37.729, 5928.361, -139.930, -67.354, 99.992, 88.499, 115.703
246, 230.000, 5.106, 9.782, 57.682, 13.332, 3.552, 0.010, 76.548, -75.080
246, 630.000,13.753, 23.380, 3741.586, 141.386, 232.191, 40.012, 85.844, -31.338
247, 230.000, -4.771, 2.996, 6.094, 56.309, 17.602, 0.010, 5.898, -72.641
247, 630.000,-3.561, 9.437, 3750.000, -11.321, 100.956, 40.011, 88.448, 6.398
248, 230.000, -9.226, 20.523, 42.969, 31.104, -26.531, 0.010, 46.426, -130.464
248, 325.000,-8.468, 20.205, 5929.896, -10.503, 71.526, 99.990, 89.302, 8.354
249, 230.000, -60.232, -66.652, 38.634, -8.587, 44.174, 0.010, 40.646, 11.000
249, 325.000,-64.738, -69.988, 5919.147, -271.831, -243.942, 99.992, 86.469, 131.905
250, 230.000, -65.419, 58.466, 0.883, -12.552, 57.959, 0.010, 0.853, 12.220
250, 325.000,-70.077, 64.081, 5915.960, -282.411, 301.873, 99.991, 86.003, 43.092
251, 230.000, -52.950, -2.413, 1.026, 26.924, 52.836, 0.010, 0.991, -27.002
251, 325.000,-53.366, -0.787, 5929.728, -73.614, 50.111, 99.992, 89.140, 55.756
252, 230.000, 91.402, 40.245, 26.618, -36.879, -38.066, 0.010, 26.667, 135.908
252, 325.000,116.782, 50.767, 5796.123, 1156.174, 485.528, 99.986, 77.792, -67.220
253, 230.000, 60.779, 34.463, 3.667, -57.320, 14.785, 0.010, 3.545, 75.536
253, 325.000,60.991, 36.078, 5928.918, 87.881, 99.098, 99.992, 88.720, -41.567
254, 230.000, -33.654, -4.161, 23.527, -4.549, -54.253, 0.010, 23.371, 175.207
254, 325.000,-34.521, -5.983, 5929.548, -75.456, -65.412, 99.991, 89.035, 130.922
255, 230.000, -87.806, 28.514, 9.012, -58.586, -2.029, 0.010, 8.740, 91.983
255, 325.000,-97.133, 30.896, 5906.840, -508.741, 142.793, 99.993, 84.888, 74.322
256, 230.000, 40.790, -19.026, 41.144, 40.549, -13.439, 0.010, 43.925, -108.337
256, 325.000,42.982, -19.874, 5929.029, 117.475, -49.125, 99.992, 88.770, -112.693
257, 230.000, -65.383, -66.104, 47.275, 3.393, 35.654, 0.010, 52.852, -5.436
257, 325.000,-70.902, -70.703, 5913.679, -329.410, -298.774, 99.991, 85.699, 132.208
258, 230.000, -15.092, -53.406, 12.690, 32.269, -48.117, 0.010, 12.355, -146.153
258, 325.000,-14.448, -56.286, 5928.357, 3.615, -155.426, 99.992, 88.498, -178.668
259, 230.000, 90.821, 30.082, 9.537, -31.850, -49.115, 0.010, 9.253, 147.037
259, 325.000,99.500, 31.787, 5907.005, 510.889, 128.016, 99.993, 84.905, -75.933
260, 230.000, -23.588, 88.648, 18.967, -47.352, -30.260, 0.010, 18.651, 122.581
260, 325.000,-26.916, 94.759, 5915.171, -163.261, 392.336, 99.992, 85.891, 22.593
261, 230.000, -8.882, -49.428, 26.553, 51.822, 11.273, 0.010, 26.597, -77.728
261, 325.000,-7.443, -50.220, 5929.720, 36.936, -81.413, 99.992, 89.136, -155.597
262, 230.000, -23.726, -19.737, 11.021, 50.978, -28.238, 0.010, 10.709, -118.983
262, 325.000,-22.614, -21.076, 5929.886, -3.386, -77.261, 99.992, 89.253, 177.491
263, 230.000, 23.157, -8.502, 9.776, -33.540, -47.928, 0.010, 9.487, 145.016
263, 325.000,22.636, -10.249, 5929.639, 45.600, -82.266, 99.991, 89.091, -151.000
264, 230.000, 63.284, 69.827, 59.212, -0.600, -3.350, 0.010, 86.710, 169.846
264, 325.000,69.332, 76.419, 5907.627, 350.093, 383.423, 99.992, 84.977, -42.398
265, 230.000, -19.568, -79.657, 15.344, 0.547, 57.288, 0.010, 14.993, -0.547
265, 325.000,-20.500, -81.728, 5926.710, -63.177, -199.321, 99.992, 87.979, 162.413
266, 230.000, -53.056, -23.040, 1.743, -7.689, 58.783, 0.010, 1.684, 7.452
266, 325.000,-54.680, -21.769, 5929.267, -114.856, 14.540, 99.992, 88.881, 82.785
267, 230.000, -23.231, -91.825, 7.521, 57.560, 12.163, 0.010, 7.285, -78.068
267, 325.000,-23.769, -100.511, 5908.293, -70.174, -507.183, 99.993, 85.047, 172.123
268, 230.000, 42.647, 74.719, 34.762, 43.539, 20.338, 0.010, 35.881, -64.961
268, 325.000,46.544, 79.814, 5918.648, 209.838, 308.580, 99.992, 86.392, -34.216
269, 230.000, 65.402, -22.360, 29.915, -31.927, 40.043, 0.010, 30.290, 38.566
269, 325.000,66.534, -21.830, 5929.102, 123.287, -11.825, 99.992, 88.803, -95.479
270, 230.000, -27.003, -73.974, 49.516, -14.725, 29.138, 0.010, 56.602, 26.810
270, 325.000,-28.639, -76.292, 5926.522, -96.478, -191.512, 99.992, 87.928, 153.262
271, 230.000, 82.136, 2.174, 13.416, 57.735, -2.071, 0.010, 13.074, -92.055
271, 325.000,88.133, 2.220, 5920.643, 340.042, 5.213, 99.992, 86.713, -89.122
272, 230.000, 89.224, -22.005, 29.681, 49.571, 13.392, 0.010, 30.029, -74.882
272, 325.000,98.136, -23.418, 5908.967, 494.455, -94.702, 99.991, 85.130, -100.842
273, 230.000, 85.246, -49.685, 51.199, 28.356, 9.604, 0.010, 59.683, -71.290
273, 325.000,99.982, -57.498, 5869.778, 744.322, -405.773, 100.001, 81.782, -118.597
274, 230.000, 92.629, 22.224, 26.121, 0.590, -53.245, 0.010, 26.130, -179.366
274, 325.000,102.308, 22.927, 5904.491, 548.637, 74.624, 99.992, 84.643, -82.254
275, 230.000, -42.904, -85.386, 13.899, -57.611, -2.338, 0.010, 13.553, 92.324
275, 325.000,-49.366, -94.837, 5897.880, -325.864, -528.424, 99.994, 83.991, 148.339
276, 230.000, 52.776, 20.755, 5.586, 35.905, -46.875, 0.010, 5.404, -142.549
276, 325.000,55.273, 19.797, 5928.674, 142.648, -7.136, 99.992, 88.620, -92.864
277, 230.000, -14.143, 16.375, 47.041, -23.511, 27.422, 0.010, 52.480, 40.609
277, 325.000,-15.250, 17.662, 5928.993, -84.897, 98.514, 99.993, 88.743, 40.754
278, 230.000, -16.733, -33.190, 47.885, -29.240, -19.228, 0.010, 53.839, 123.328
278, 325.000,-18.019, -34.508, 5929.456, -62.982, -84.623, 99.992, 88.981, 143.341
279, 230.000, 12.007, -8.884, 52.754, -25.220, 9.932, 0.010, 62.806, 68.505
279, 630.000,24.604, -19.380, 3739.656, 231.273, -186.434, 40.012, 85.458, -128.873
280, 230.000, 59.191, 49.036, 1.826, -34.203, -48.420, 0.010, 1.765, 144.763
280, 325.000,60.509, 49.497, 5928.285, 131.586, 87.994, 99.992, 88.470, -56.228
281, 230.000, -78.082, 42.385, 53.751, 5.064, -24.552, 0.010, 64.996, -168.346
281, 325.000,-83.160, 44.471, 5919.677, -322.432, 151.954, 99.992, 86.554, 64.767
282, 230.000, 57.349, -73.258, 23.427, -39.987, 37.012, 0.010, 23.266, 47.212
282, 325.000,61.013, -78.368, 5915.977, 247.356, -330.939, 99.991, 86.005, -143.224
283, 230.000, -25.620, 93.043, 16.095, -20.394, -53.317, 0.010, 15.746, 159.068
283, 325.000,-29.197, 102.191, 5902.914, -186.044, 539.414, 99.993, 84.479, 19.029
284, 230.000, 99.555, -6.442, 39.101, -28.544, -34.264, 0.010, 41.244, 140.204
284, 325.000,124.787, -9.148, 5813.681, 1173.545, -114.833, 100.048, 78.535, -95.589
285, 230.000, -4.558, -34.746, 20.405, -43.173, 35.177, 0.010, 20.123, 50.827
285, 325.000,-6.036, -34.369, 5930.029, -54.699, -36.423, 99.992, 89.365, 123.659
286, 230.000, 70.166, 62.190, 31.775, -6.542, 49.650, 0.010, 32.395, 7.507
286, 325.000,76.561, 69.549, 5905.425, 375.976, 392.345, 99.991, 84.743, -43.779
287, 230.000, 80.029, 26.609, 10.487, -20.646, 54.602, 0.010, 10.185, 20.713
287, 325.000,83.740, 29.759, 5922.561, 263.968, 152.539, 99.992, 87.053, -59.978
288, 230.000, 58.881, -28.335, 23.073, 16.619, 52.049, 0.010, 22.894, -17.708
288, 325.000,61.185, -27.546, 5928.494, 149.926, -9.724, 99.992, 88.548, -93.711
289, 230.000, -59.885, -25.597, 9.028, 58.278, -6.305, 0.010, 8.756, -96.175
289, 325.000,-59.819, -26.557, 5929.613, -72.538, -63.448, 99.992, 89.069, 131.175
290, 230.000, -76.507, 49.410, 48.039, 18.794, 29.270, 0.010, 54.092, -32.705
290, 325.000,-81.807, 54.102, 5915.001, -337.108, 261.658, 99.991, 85.874, 52.182
291, 230.000, 41.310, 17.410, 29.321, -39.899, -32.650, 0.010, 29.628, 129.294
291, 325.000,40.951, 16.755, 5930.289, 36.018, -1.235, 99.992, 89.652, -91.963
292, 230.000, -64.237, -73.427, 3.864, 58.295, 10.219, 0.010, 3.736, -80.057
292, 325.000,-70.895, -82.732, 5895.727, -391.228, -507.653, 99.994, 83.796, 142.380
293, 230.000, 37.628, -9.318, 38.900, 16.838, 41.484, 0.010, 40.986, -22.091
293, 325.000,38.969, -8.198, 5929.658, 89.968, 25.148, 99.992, 89.097, -74.383
294, 230.000, 11.272, 91.712, 24.977, 20.651, -49.672, 0.010, 24.906, -157.425
294, 325.000,12.826, 97.691, 5916.635, 77.145, 396.308, 99.992, 86.096, -11.015
295, 230.000, 76.717, 20.788, 34.360, -20.277, 43.885, 0.010, 35.404, 24.800
295, 325.000,79.534, 23.094, 5925.493, 214.717, 109.967, 99.992, 87.669, -62.881
296, 230.000, -58.336, 30.659, 20.365, 2.453, 55.650, 0.010, 20.082, -2.524
296, 325.000,-60.060, 33.365, 5927.558, -131.181, 128.168, 99.992, 88.228, 45.666
297, 230.000, 36.718, -57.305, 49.481, -26.101, -19.698, 0.010, 56.541, 127.042
297, 325.000,37.084, -59.774, 5928.026, 59.947, -156.452, 99.992, 88.381, -159.035
298, 230.000, -2.312, -44.732, 33.851, 48.643, -2.371, 0.010, 34.803, -92.791
298, 325.000,-0.817, -45.795, 5929.598, 46.097, -85.607, 99.992, 89.061, -151.699
299, 230.000, -30.435, -39.996, 37.292, -18.489, -42.250, 0.010, 38.960, 156.365
299, 325.000,-31.736, -42.275, 5928.703, -76.591, -119.238, 99.992, 88.631, 147.286
300, 230.000, -19.800, 35.198, 3.837, -58.357, -9.867, 0.010, 3.710, 99.597
300, 325.000,-22.092, 35.639, 5929.321, -97.919, 56.165, 99.992, 88.909, 60.162
