ion,x0,y0,z0,vx0,vy0,vz0,ke0,elev0,azim0,x1,y1,z1,vx1,vy1,vz1,ke1,elev1,azim1
1, 230.000, -33.662, 48.937, 0.728, -56.832, -16.949, 0.010, 0.703, 106.606
1, 325.000,-36.373, 49.712, 5928.427, -128.244, 83.144, 99.992, 88.523, 57.043
2, 230.000, 93.353, -7.967, 31.082, -20.941, -45.968, 0.010, 31.605, 155.508
2, 325.000,101.226, -10.095, 5910.657, 475.168, -91.417, 99.993, 85.320, -100.890
3, 230.000, -38.363, 17.648, 18.415, -37.968, -41.676, 0.010, 18.089, 137.666
3, 325.000,-40.400, 16.699, 5929.366, -110.092, -10.644, 99.992, 88.931, 95.522
4, 230.000, 91.866, 3.066, 7.942, -55.905, -18.143, 0.010, 7.696, 107.980
4, 325.000,97.380, 2.750, 5918.390, 377.283, -4.698, 99.992, 86.352, -90.713
5, 230.000, 29.075, 48.787, 14.080, -13.455, 56.021, 0.010, 13.733, 13.505
5, 325.000,29.396, 51.823, 5928.192, 44.123, 155.508, 99.992, 88.438, -15.841
6, 230.000, -15.278, 39.849, 38.840, 42.890, -13.020, 0.010, 40.910, -106.887
6, 325.000,-14.244, 40.294, 5930.065, 16.072, 60.537, 99.992, 89.395, -14.869
7, 230.000, 75.422, 10.863, 48.384, -20.037, 27.841, 0.010, 54.666, 35.742
7, 325.000,77.826, 12.170, 5927.008, 191.217, 59.673, 99.992, 88.064, -72.668
8, 230.000, -5.958, 25.320, 2.301, 52.105, 28.238, 0.010, 2.223, -61.545
8, 325.000,-4.417, 26.800, 5929.384, 38.552, 102.799, 99.992, 88.939, -20.557
9, 230.000, -29.500, -55.361, 0.456, -48.321, -34.388, 0.010, 0.441, 125.437
9, 325.000,-31.889, -58.056, 5927.227, -114.511, -156.410, 99.992, 88.127, 143.791
10, 230.000, 62.535, 29.081, 48.837, 33.652, -0.419, 0.010, 55.429, -90.714
10, 325.000,65.670, 30.034, 5927.040, 186.750, 70.111, 99.992, 88.072, -69.423
11, 230.000, 41.635, -7.909, 43.074, 11.106, -39.230, 0.010, 46.573, -164.193
11, 325.000,42.885, -9.325, 5929.483, 88.224, -55.215, 99.992, 88.994, -122.040
12, 230.000, 13.905, -22.646, 4.829, -58.993, -3.766, 0.010, 4.670, 93.653
12, 325.000,12.326, -23.286, 5929.920, -21.276, -72.417, 99.992, 89.271, 163.628
13, 230.000, -73.434, -50.290, 42.844, -20.416, 35.570, 0.010, 46.251, 29.854
13, 325.000,-79.057, -52.615, 5918.380, -333.353, -175.840, 99.991, 86.356, 117.811
14, 230.000, 5.473, -47.377, 14.522, -42.283, -38.973, 0.010, 14.173, 132.667
14, 325.000,4.250, -49.690, 5928.922, -33.666, -127.831, 99.992, 88.723, 165.245
15, 230.000, -10.193, 30.109, 20.546, -54.208, -12.529, 0.010, 20.268, 103.014
15, 325.000,-12.144, 30.351, 5929.630, -79.198, 53.050, 99.992, 89.079, 56.184
16, 230.000, -34.034, -24.417, 47.695, -24.690, -25.165, 0.010, 53.529, 135.545
16, 325.000,-35.549, -25.741, 5929.314, -88.215, -71.007, 99.992, 88.906, 128.832
17, 230.000, 24.131, -80.113, 10.972, -54.474, -20.732, 0.010, 10.661, 110.836
17, 325.000,23.711, -85.008, 5922.639, 27.052, -302.100, 99.992, 87.068, -174.883
18, 230.000, 22.074, -46.838, 52.339, 17.862, -21.429, 0.010, 61.942, -140.187
18, 325.000,23.163, -48.628, 5929.052, 60.282, -110.862, 99.992, 88.781, -151.464
19, 230.000, 3.126, 85.880, 33.964, 42.788, -23.093, 0.010, 34.935, -118.357
19, 325.000,4.633, 90.137, 5922.665, 56.840, 297.261, 99.992, 87.075, -10.825
20, 230.000, -61.346, 3.574, 40.616, 42.946, 4.863, 0.010, 43.220, -83.540
20, 325.000,-61.678, 3.826, 5929.788, -83.931, 12.530, 99.992, 89.180, 81.509
21, 230.000, -74.565, 56.814, 58.035, -5.335, -11.003, 0.010, 78.102, 154.135
21, 325.000,-81.604, 61.720, 5909.155, -406.675, 293.816, 99.992, 85.147, 54.152
22, 230.000, -27.202, -58.342, 48.779, 21.632, 25.891, 0.010, 55.330, -39.879
22, 325.000,-27.318, -59.237, 5929.412, -37.296, -101.285, 99.992, 88.957, 159.785
23, 230.000, -34.539, 50.857, 15.898, 19.444, 53.729, 0.010, 15.548, -19.894
23, 325.000,-34.893, 53.988, 5927.887, -53.324, 164.013, 99.992, 88.334, 18.010
24, 230.000, -96.063, -22.066, 30.356, 13.898, 49.020, 0.010, 30.786, -15.829
24, 325.000,-110.459, -24.011, 5880.875, -755.974, -124.484, 99.998, 82.577, 99.351
25, 230.000, 44.181, -31.601, 49.818, -29.820, -12.108, 0.010, 57.136, 112.100
25, 325.000,44.319, -32.756, 5929.690, 54.329, -73.482, 99.992, 89.117, -143.522
26, 230.000, 30.227, -5.472, 38.500, -29.556, 34.086, 0.010, 40.476, 40.928
26, 325.000,29.942, -4.504, 5930.211, 41.562, 22.752, 99.992, 89.542, -61.302
27, 230.000, -73.539, -53.124, 37.814, -31.737, -32.872, 0.010, 39.610, 136.007
27, 325.000,-80.164, -58.215, 5911.612, -377.059, -282.942, 99.991, 85.441, 126.884
28, 230.000, 41.709, -3.568, 45.028, 4.577, -38.329, 0.010, 49.395, -173.191
28, 325.000,42.750, -4.861, 5929.645, 81.929, -46.323, 99.992, 89.091, -119.484
29, 230.000, -40.098, 76.481, 2.123, -30.728, -50.684, 0.010, 2.052, 148.773
29, 325.000,-43.412, 79.401, 5922.816, -184.370, 236.285, 99.992, 87.103, 37.964
30, 230.000, -77.612, -60.847, 48.630, 31.382, 12.957, 0.010, 55.079, -67.565
30, 325.000,-88.715, -69.898, 5881.671, -592.033, -476.641, 99.998, 82.637, 128.837
31, 230.000, -12.547, -6.469, 35.756, -29.755, -36.795, 0.010, 37.075, 141.039
31, 630.000,-28.103, -16.927, 5616.661, -276.089, -175.876, 89.997, 86.664, 122.498
32, 230.000, -82.224, 28.244, 57.022, -15.950, 3.426, 0.010, 74.034, 77.876
32, 325.000,-87.789, 30.092, 5919.478, -340.576, 114.820, 99.991, 86.525, 71.369
33, 230.000, -31.177, 62.077, 43.702, 23.119, 32.762, 0.010, 47.463, -35.210
33, 325.000,-31.497, 65.189, 5927.258, -52.097, 185.804, 99.992, 88.135, 15.663
34, 230.000, 64.621, -39.649, 2.384, -59.194, -2.834, 0.010, 2.304, 92.741
34, 325.000,65.290, -41.293, 5928.193, 116.316, -112.308, 99.992, 88.438, -133.996
35, 230.000, -80.213, -19.758, 10.527, 53.342, -23.695, 0.010, 10.224, -113.951
35, 325.000,-82.537, -21.481, 5925.966, -210.587, -90.598, 99.992, 87.785, 113.278
36, 230.000, 80.870, 1.303, 5.251, -39.009, 44.366, 0.010, 5.079, 41.324
36, 325.000,83.426, 2.754, 5926.283, 215.033, 50.705, 99.992, 87.865, -76.732
37, 230.000, -30.076, 86.436, 23.313, 53.254, 11.755, 0.010, 23.146, -77.552
37, 325.000,-30.807, 93.598, 5914.659, -86.409, 423.389, 99.993, 85.821, 11.535
38, 230.000, 6.696, -95.322, 37.868, 24.744, -38.358, 0.010, 39.678, -147.175
38, 325.000,8.185, -107.020, 5896.411, 67.888, -630.894, 99.994, 83.858, -173.858
39, 230.000, -85.379, -43.358, 49.930, -25.886, -18.829, 0.010, 57.336, 126.031
39, 325.000,-95.744, -48.793, 5896.442, -562.321, -291.638, 99.991, 83.868, 117.413
40, 230.000, -41.593, 66.093, 54.636, 22.434, -5.410, 0.010, 67.102, -103.558
40, 325.000,-42.670, 68.747, 5926.529, -99.273, 189.410, 99.991, 87.933, 27.660
41, 230.000, -85.675, -33.722, 6.456, -10.950, 57.931, 0.010, 6.250, 10.704
41, 325.000,-92.994, -34.689, 5913.845, -430.094, -103.103, 99.991, 85.723, 103.481
42, 230.000, -12.649, -30.816, 55.824, 6.338, 19.005, 0.010, 70.258, -18.444
42, 325.000,-12.717, -30.869, 5930.181, -20.533, -46.298, 99.992, 89.511, 156.082
43, 230.000, -17.668, -90.338, 54.442, -2.096, 23.436, 0.010, 66.626, 5.112
43, 325.000,-19.161, -96.926, 5915.258, -87.991, -413.619, 99.990, 85.911, 167.990
44, 230.000, 62.133, -63.266, 25.237, -20.903, 49.434, 0.010, 25.184, 22.921
44, 325.000,65.547, -65.873, 5922.162, 233.404, -207.886, 99.992, 86.979, -131.691
45, 230.000, -75.274, 55.997, 1.059, 55.768, -20.160, 0.010, 1.023, -109.875
45, 325.000,-80.345, 60.422, 5914.451, -337.697, 273.935, 99.992, 85.795, 50.952
46, 230.000, 16.644, 2.085, 38.429, 23.090, -38.829, 0.010, 40.386, -149.262
46, 630.000,35.303, -0.308, 5616.175, 338.470, -22.623, 90.004, 86.543, -93.824
47, 230.000, 43.155, 23.206, 56.028, 6.148, 18.458, 0.010, 70.851, -18.422
47, 325.000,44.337, 24.321, 5929.439, 86.490, 62.189, 99.992, 88.971, -54.283
48, 230.000, 44.331, -44.657, 7.604, 33.005, 48.688, 0.010, 7.366, -34.133
48, 325.000,46.644, -44.389, 5928.797, 129.856, -45.722, 99.992, 88.670, -109.397
49, 230.000, -2.733, 50.627, 39.025, -13.735, 42.498, 0.010, 41.146, 17.911
49, 325.000,-3.232, 53.163, 5928.731, -19.354, 139.148, 99.992, 88.643, 7.919
50, 230.000, 94.115, -0.180, 12.236, -0.003, 58.034, 0.010, 11.906, 0.003
50, 325.000,103.074, 1.574, 5907.333, 518.608, 60.896, 99.991, 84.949, -83.303
51, 230.000, 34.640, -9.665, 3.131, -56.588, 17.481, 0.010, 3.026, 72.833
51, 325.000,33.564, -9.311, 5930.382, 12.433, -1.703, 99.992, 89.879, -97.801
52, 230.000, -48.174, -30.462, 29.156, 50.741, 9.639, 0.010, 29.445, -79.244
52, 325.000,-47.789, -30.929, 5930.030, -42.612, -50.202, 99.992, 89.364, 139.675
53, 230.000, 50.446, -79.130, 20.546, 53.195, -16.304, 0.010, 20.268, -107.040
53, 325.000,56.879, -87.172, 5903.443, 335.078, -454.002, 99.990, 84.540, -143.571
54, 230.000, 80.171, -49.849, 11.090, -21.731, 54.059, 0.010, 10.777, 21.899
54, 325.000,87.119, -52.932, 5911.720, 417.554, -216.394, 99.992, 85.452, -117.395
55, 230.000, 65.939, -8.364, 20.157, 55.005, -9.262, 0.010, 19.868, -99.558
55, 325.000,69.755, -8.920, 5926.578, 210.737, -29.109, 99.992, 87.944, -97.865
56, 230.000, -59.980, 63.111, 17.101, -48.403, 29.705, 0.010, 16.759, 58.463
56, 325.000,-65.273, 68.022, 5916.366, -291.956, 284.751, 99.992, 86.057, 45.716
57, 230.000, 12.956, 91.729, 32.903, 48.701, -7.951, 0.010, 33.695, -99.273
57, 325.000,15.547, 99.292, 5911.786, 117.257, 454.937, 99.993, 85.456, -14.453
58, 230.000, 25.840, 89.247, 39.063, -32.577, 30.504, 0.010, 41.195, 46.883
58, 325.000,27.114, 98.011, 5908.884, 99.046, 494.310, 99.990, 85.123, -11.330
59, 230.000, 13.952, 77.599, 14.535, -4.925, -57.290, 0.010, 14.186, 175.086
59, 325.000,14.400, 79.151, 5927.832, 36.312, 170.631, 99.992, 88.314, -12.014
60, 230.000, 26.605, -85.643, 57.941, 6.378, -10.944, 0.010, 77.668, -149.767
60, 325.000,28.692, -92.067, 5916.401, 123.692, -388.017, 99.992, 86.062, -162.319
61, 230.000, 35.514, 3.285, 16.832, 56.267, 8.269, 0.010, 16.487, -81.639
61, 325.000,38.058, 3.618, 5929.012, 127.191, 14.952, 99.992, 88.763, -83.296
62, 230.000, -66.783, -64.113, 33.388, -45.537, 18.145, 0.010, 34.260, 68.274
62, 325.000,-73.897, -69.051, 5909.803, -387.658, -306.339, 99.993, 85.221, 128.317
63, 230.000, -23.769, 44.627, 54.839, 15.000, -16.892, 0.010, 67.611, -138.396
63, 325.000,-23.847, 45.128, 5929.957, -28.973, 66.061, 99.992, 89.303, 23.681
64, 230.000, 11.579, -32.821, 4.514, 59.071, 2.800, 0.010, 4.365, -87.286
64, 325.000,13.715, -33.423, 5929.452, 84.807, -62.975, 99.992, 88.979, -126.596
65, 230.000, -25.618, 12.036, 26.016, -52.435, 9.560, 0.010, 26.017, 79.667
65, 325.000,-27.849, 12.602, 5929.130, -116.477, 38.842, 99.992, 88.814, 71.558
66, 230.000, -36.946, 80.772, 5.325, 12.984, 57.625, 0.010, 5.151, -12.698
66, 325.000,-39.092, 88.129, 5914.557, -144.925, 407.989, 99.991, 85.813, 19.556
67, 230.000, -52.659, -64.889, 37.146, 3.205, -46.126, 0.010, 38.778, -176.026
67, 325.000,-55.375, -69.791, 5921.117, -182.106, -277.127, 99.992, 86.795, 146.690
68, 230.000, 23.171, -69.744, 32.052, 47.718, -14.605, 0.010, 32.712, -107.018
68, 325.000,25.541, -72.826, 5925.912, 111.774, -201.676, 99.992, 87.772, -151.004
69, 230.000, -42.334, 10.153, 12.084, -57.173, -10.141, 0.010, 11.756, 100.058
69, 325.000,-45.080, 10.050, 5928.814, -136.662, 8.073, 99.992, 88.677, 86.619
70, 230.000, 24.791, -1.127, 3.081, -18.377, 56.306, 0.010, 2.977, 18.076
70, 325.000,24.784, 0.659, 5929.745, 65.112, 57.207, 99.991, 89.163, -48.698
71, 230.000, -39.222, 73.674, 3.846, 9.970, 58.339, 0.010, 3.718, -9.698
71, 325.000,-41.011, 79.442, 5920.303, -127.850, 321.350, 99.992, 86.657, 21.695
72, 230.000, 27.938, -78.326, 7.997, 42.678, 40.401, 0.010, 7.749, -46.570
72, 325.000,30.705, -81.085, 5924.478, 140.135, -224.466, 99.991, 87.443, -148.023
73, 230.000, 79.226, -7.343, 24.779, -35.759, 40.310, 0.010, 24.696, 41.576
73, 325.000,81.636, -6.410, 5926.854, 204.042, 19.876, 99.992, 88.019, -84.436
74, 230.000, 43.422, 2.526, 15.441, -12.485, 55.887, 0.010, 15.091, 12.593
74, 325.000,43.965, 4.363, 5929.686, 67.153, 62.566, 99.992, 89.113, -47.025
75, 230.000, -12.266, 0.036, 47.258, -31.681, -16.751, 0.010, 52.826, 117.868
75, 630.000,-27.828, -1.833, 5619.497, -275.268, -25.551, 90.000, 87.184, 95.303
76, 230.000, -74.067, -28.433, 48.033, -34.538, -4.189, 0.010, 54.083, 96.916
76, 325.000,-78.509, -29.856, 5923.711, -265.950, -92.582, 99.992, 87.278, 109.194
77, 230.000, 70.438, -64.985, 56.274, 0.671, 18.719, 0.010, 71.590, -2.052
77, 325.000,78.225, -71.586, 5902.062, 435.800, -381.408, 99.992, 84.396, -131.192
78, 230.000, -64.305, -9.281, 53.313, 18.621, -18.128, 0.010, 64.013, -134.232
78, 325.000,-65.637, -10.128, 5928.969, -123.880, -39.504, 99.992, 88.744, 107.687
79, 230.000, -13.388, 20.705, 35.310, 14.773, -45.306, 0.010, 36.538, -161.941
79, 325.000,-13.237, 19.752, 5930.227, -34.286, 28.453, 99.992, 89.570, 50.312
80, 230.000, -36.239, -57.050, 4.540, 31.020, -50.346, 0.010, 4.390, -148.361
80, 325.000,-36.420, -60.475, 5927.205, -53.232, -187.059, 99.992, 88.121, 164.115
81, 230.000, 34.846, 62.210, 4.098, -38.418, -44.999, 0.010, 3.962, 139.511
81, 325.000,34.830, 62.927, 5929.233, 46.558, 107.708, 99.992, 88.866, -23.377
82, 230.000, -48.320, -37.229, 53.353, 25.485, 4.649, 0.010, 64.101, -79.662
82, 325.000,-48.841, -38.102, 5929.479, -74.491, -72.936, 99.992, 88.993, 134.396
83, 230.000, 6.496, 71.015, 48.971, -20.874, -26.149, 0.010, 55.657, 141.401
83, 325.000,6.067, 72.659, 5928.476, -5.475, 150.709, 99.992, 88.543, 2.081
84, 230.000, -38.569, -89.533, 22.631, -49.195, -24.193, 0.010, 22.431, 116.187
84, 325.000,-45.353, -102.580, 5881.578, -335.694, -682.739, 99.998, 82.629, 153.817
85, 230.000, 47.220, 47.222, 49.244, -20.453, 25.968, 0.010, 56.128, 38.225
85, 325.000,48.053, 49.515, 5928.181, 87.851, 136.132, 99.992, 88.434, -32.836
86, 230.000, -53.313, 59.406, 18.823, 52.134, 21.105, 0.010, 18.503, -67.961
86, 325.000,-54.097, 62.758, 5925.805, -110.113, 205.778, 99.992, 87.745, 28.151
87, 230.000, 72.667, -63.051, 48.611, 1.536, -33.946, 0.010, 55.045, -177.410
87, 325.000,81.196, -71.434, 5895.049, 470.839, -443.412, 99.993, 83.739, -133.282
88, 230.000, -16.821, 39.675, 28.593, 30.122, 42.340, 0.010, 28.823, -35.429
88, 325.000,-16.227, 41.882, 5929.248, 0.316, 116.699, 99.992, 88.872, -0.155
89, 230.000, -84.360, 51.705, 25.992, -24.409, -47.394, 0.010, 25.992, 152.750
89, 325.000,-99.394, 59.067, 5868.505, -755.149, 395.851, 99.982, 81.734, 62.336
90, 230.000, 55.876, 33.828, 41.837, 10.455, -40.718, 0.010, 44.862, -165.599
90, 325.000,57.886, 33.563, 5928.738, 136.159, 33.541, 99.992, 88.645, -76.162
91, 230.000, -59.308, 21.228, 14.873, 24.656, -51.851, 0.010, 14.523, -154.569
91, 325.000,-60.211, 20.188, 5929.520, -101.623, -8.299, 99.992, 89.015, 94.669
92, 230.000, -38.582, 11.579, 48.683, 31.588, 12.241, 0.010, 55.168, -68.818
92, 325.000,-38.401, 12.214, 5930.161, -40.129, 34.583, 99.992, 89.488, 49.246
93, 230.000, 12.437, 41.234, 37.258, -44.206, 13.239, 0.010, 38.917, 73.328
93, 325.000,11.302, 42.546, 5929.669, -22.862, 89.756, 99.992, 89.105, 14.290
94, 230.000, -21.823, 37.241, 29.049, -30.478, -41.772, 0.010, 29.327, 143.884
94, 325.000,-23.265, 36.717, 5929.904, -71.975, 25.640, 99.992, 89.262, 70.392
95, 230.000, -25.294, -29.262, 30.231, -27.120, -43.223, 0.010, 30.645, 147.894
95, 325.000,-26.693, -31.257, 5929.078, -75.425, -99.550, 99.992, 88.793, 142.850
96, 230.000, -43.610, 48.800, 53.440, 24.941, -6.309, 0.010, 64.294, -104.195
96, 325.000,-44.137, 50.070, 5929.069, -71.868, 102.866, 99.992, 88.788, 34.940
97, 230.000, -26.028, 72.863, 2.348, -7.088, 58.838, 0.010, 2.269, 6.869
97, 325.000,-27.368, 77.840, 5923.281, -84.634, 277.796, 99.992, 87.193, 16.944
98, 230.000, 39.136, 26.467, 20.441, 23.387, -50.526, 0.010, 20.160, -155.162
98, 325.000,40.757, 25.451, 5929.609, 96.412, -3.485, 99.992, 89.068, -92.070
99, 230.000, 31.065, -28.737, 4.666, -43.291, 40.271, 0.010, 4.513, 47.070
99, 325.000,30.348, -28.067, 5930.368, 13.376, -12.141, 99.992, 89.825, -132.230
100, 230.000, 21.551, -81.208, 39.233, 21.281, -39.058, 0.010, 41.414, -151.415
100, 325.000,23.390, -86.863, 5920.240, 99.701, -332.360, 99.992, 86.646, -163.302
101, 230.000, -18.669, 89.261, 35.070, -46.798, -9.884, 0.010, 36.249, 101.926
101, 325.000,-21.549, 95.861, 5914.735, -137.261, 408.238, 99.992, 85.835, 18.584
102, 230.000, 45.150, -35.615, 33.641, -27.667, 40.254, 0.010, 34.556, 34.501
102, 325.000,45.430, -35.252, 5930.011, 61.061, -29.068, 99.992, 89.347, -115.456
103, 230.000, -82.607, 43.638, 53.780, -24.880, 2.520, 0.010, 65.062, 84.216
103, 325.000,-90.894, 47.693, 5907.357, -466.785, 235.272, 99.993, 84.943, 63.251
104, 230.000, 64.460, 31.692, 50.509, 28.159, 13.173, 0.010, 58.388, -64.928
104, 325.000,67.655, 33.242, 5926.404, 195.440, 95.389, 99.992, 87.898, -63.984
105, 230.000, -38.083, -23.989, 50.790, -22.147, -21.155, 0.010, 58.909, 133.688
105, 325.000,-39.623, -25.187, 5929.305, -92.749, -65.882, 99.992, 88.901, 125.387
106, 230.000, 57.047, -29.669, 26.854, -7.351, 52.369, 0.010, 26.922, 7.990
106, 325.000,58.485, -28.883, 5929.217, 117.613, -10.740, 99.992, 88.859, -95.217
107, 230.000, -76.089, 23.873, 46.545, 36.758, -0.183, 0.010, 51.701, -90.286
107, 325.000,-78.358, 24.939, 5926.748, -194.869, 73.039, 99.992, 87.989, 69.453
108, 230.000, -18.196, 87.754, 24.097, -33.915, -42.270, 0.010, 23.972, 141.258
108, 325.000,-20.502, 92.529, 5919.953, -114.247, 332.969, 99.992, 86.597, 18.938
109, 230.000, -23.560, -55.186, 25.925, 53.335, -0.961, 0.010, 25.920, -91.033
109, 325.000,-22.506, -56.701, 5929.281, 6.758, -114.736, 99.992, 88.890, -176.629
110, 230.000, 16.578, 29.162, 39.714, 2.581, -43.975, 0.010, 42.037, -176.641
110, 325.000,17.014, 28.383, 5930.249, 38.601, 17.133, 99.992, 89.592, -66.066
111, 230.000, 8.546, 71.343, 42.726, -32.387, -25.361, 0.010, 46.087, 128.063
111, 325.000,7.831, 73.058, 5928.377, -12.109, 154.366, 99.992, 88.504, 4.485
112, 230.000, -42.584, 61.628, 48.692, 12.446, 31.493, 0.010, 55.183, -21.564
112, 325.000,-43.858, 65.022, 5926.010, -104.279, 202.655, 99.992, 87.798, 27.229
113, 230.000, 47.091, 82.800, 20.186, -28.912, 47.689, 0.010, 19.898, 31.227
113, 325.000,51.229, 93.068, 5899.594, 252.283, 548.867, 99.993, 84.154, -24.686
114, 230.000, -64.777, -10.302, 37.604, 10.733, 44.592, 0.010, 39.347, -13.533
114, 325.000,-66.396, -9.208, 5928.825, -134.595, 23.165, 99.992, 88.680, 80.234
115, 230.000, 16.389, 89.571, 18.569, 2.901, -56.253, 0.010, 18.246, -177.047
115, 325.000,17.702, 94.529, 5919.607, 77.835, 348.896, 99.992, 86.544, -12.576
116, 230.000, 33.361, 58.816, 31.236, 26.447, 42.924, 0.010, 31.780, -31.639
116, 325.000,35.274, 62.072, 5926.564, 106.795, 184.427, 99.992, 87.941, -30.074
117, 230.000, 12.953, -10.572, 20.875, -31.365, -45.805, 0.010, 20.608, 145.598
117, 630.000,21.873, -25.964, 5616.879, 186.485, -263.642, 89.995, 86.710, -144.727
118, 230.000, 54.848, -23.326, 52.518, -22.889, 15.348, 0.010, 62.312, 56.156
118, 325.000,55.588, -23.463, 5929.651, 88.494, -31.815, 99.992, 89.091, -109.774
119, 230.000, 24.894, 84.882, 7.656, 22.192, -54.466, 0.010, 7.417, -157.832
119, 325.000,27.194, 88.690, 5922.029, 125.127, 288.988, 99.992, 86.956, -23.412
120, 230.000, 2.176, -67.615, 15.711, 53.086, -21.277, 0.010, 15.361, -111.841
120, 325.000,3.923, -70.459, 5927.299, 60.398, -181.793, 99.992, 88.149, -161.622
121, 230.000, 27.354, 18.899, 24.452, -48.493, 23.836, 0.010, 24.348, 63.824
121, 325.000,26.388, 20.064, 5930.029, 8.417, 65.828, 99.992, 89.359, -7.287
122, 230.000, -69.767, -2.911, 27.366, -40.837, -33.183, 0.010, 27.478, 129.096
122, 325.000,-73.435, -4.056, 5926.334, -215.412, -41.798, 99.992, 87.880, 100.981
123, 230.000, -27.030, 16.918, 4.538, 35.869, 47.015, 0.010, 4.388, -37.341
123, 325.000,-26.458, 18.788, 5929.725, -22.255, 86.758, 99.992, 89.135, 14.387
124, 230.000, -37.472, 55.864, 27.447, 50.860, -13.322, 0.010, 27.567, -104.678
124, 325.000,-37.038, 57.188, 5929.183, -33.557, 115.035, 99.992, 88.842, 16.262
125, 230.000, -59.772, -12.816, 58.768, -1.486, -7.855, 0.010, 82.254, 169.285
125, 325.000,-61.471, -13.418, 5928.926, -127.235, -35.098, 99.992, 88.725, 105.422
126, 230.000, -54.142, -60.868, 16.149, -14.886, -55.093, 0.010, 15.800, 164.880
126, 325.000,-57.288, -65.604, 5921.477, -195.316, -259.912, 99.992, 86.857, 143.076
127, 230.000, -50.633, -63.131, 46.270, -9.926, 35.752, 0.010, 51.274, 15.516
127, 325.000,-53.327, -64.992, 5925.646, -171.797, -163.689, 99.992, 87.707, 133.616
128, 230.000, -92.752, -14.241, 36.058, 25.473, -39.605, 0.010, 37.442, -147.252
128, 325.000,-100.524, -16.759, 5910.462, -471.239, -118.707, 99.992, 85.300, 104.139
129, 230.000, -59.600, -36.876, 27.375, -19.727, 48.776, 0.010, 27.488, 22.020
129, 325.000,-62.236, -36.586, 5927.907, -166.969, -39.768, 99.992, 88.341, 103.397
130, 230.000, 51.412, 56.270, 28.271, -26.816, 44.714, 0.010, 28.468, 30.952
130, 325.000,52.661, 59.960, 5925.622, 118.019, 206.668, 99.992, 87.700, -29.729
131, 230.000, -22.376, 16.659, 56.738, 16.133, 6.181, 0.010, 73.064, -69.037
131, 325.000,-22.360, 17.227, 5930.031, -42.754, 51.140, 99.992, 89.356, 39.896
132, 230.000, -39.083, 44.934, 36.985, -46.267, -3.025, 0.010, 38.578, 93.741
132, 325.000,-41.600, 46.052, 5928.319, -128.746, 89.716, 99.992, 88.484, 55.130
133, 230.000, -38.472, 26.228, 28.325, 20.950, -47.712, 0.010, 28.528, -156.294
133, 325.000,-38.659, 25.293, 5930.192, -49.383, -0.952, 99.992, 89.523, 91.104
134, 230.000, -39.769, 51.521, 50.779, 30.621, -1.222, 0.010, 58.889, -92.285
134, 325.000,-39.994, 53.021, 5929.032, -56.856, 113.599, 99.992, 88.773, 26.588
135, 230.000, 63.137, -0.097, 46.819, -21.719, -29.222, 0.010, 52.129, 143.379
135, 325.000,64.260, -1.020, 5929.224, 113.710, -30.544, 99.992, 88.862, -105.036
136, 230.000, -52.228, -11.587, 14.437, -26.113, 51.257, 0.010, 14.088, 26.997
136, 325.000,-54.328, -10.239, 5928.949, -127.326, 30.839, 99.992, 88.734, 76.385
137, 230.000, 9.695, 0.788, 20.540, 21.418, -51.352, 0.010, 20.263, -157.359
137, 630.000,21.642, -4.301, 5621.795, 213.041, -66.118, 89.997, 87.728, -107.242
138, 230.000, -30.453, 62.782, 11.287, 26.077, 52.060, 0.010, 10.971, -26.607
138, 325.000,-30.666, 66.562, 5926.501, -48.062, 209.388, 99.992, 87.924, 12.927
139, 230.000, -17.221, -79.591, 18.014, 15.809, -54.251, 0.010, 17.681, -163.753
139, 325.000,-17.578, -85.221, 5921.576, -40.445, -320.788, 99.992, 86.875, 172.814
140, 230.000, -65.911, 27.606, 22.939, 17.294, 51.888, 0.010, 22.753, -18.433
140, 325.000,-67.687, 30.212, 5927.224, -149.161, 124.147, 99.992, 88.125, 50.229
141, 230.000, -77.461, 24.108, 23.999, 53.199, -10.561, 0.010, 23.869, -101.228
141, 325.000,-79.429, 24.908, 5926.995, -189.837, 65.376, 99.992, 88.060, 70.997
142, 230.000, 50.493, -73.996, 37.479, -45.962, 0.683, 0.010, 39.192, 89.149
142, 325.000,52.581, -79.108, 5919.456, 168.969, -318.226, 99.992, 86.517, -152.033
143, 230.000, 57.105, -48.333, 43.986, 29.205, -27.017, 0.010, 47.870, -132.771
143, 325.000,60.261, -51.076, 5925.188, 188.440, -161.895, 99.992, 87.599, -130.667
144, 230.000, -42.798, 85.378, 31.636, -7.050, -49.670, 0.010, 32.236, 171.922
144, 325.000,-47.495, 92.821, 5907.241, -261.610, 453.849, 99.993, 84.932, 29.960
145, 230.000, 75.642, -57.852, 23.339, 28.325, 46.590, 0.010, 23.173, -31.298
145, 325.000,84.396, -62.477, 5903.854, 477.950, -292.657, 99.992, 84.577, -121.480
146, 230.000, -50.380, -71.378, 4.838, 24.046, -54.000, 0.010, 4.679, -155.997
146, 325.000,-52.830, -77.585, 5917.745, -177.331, -344.394, 99.992, 86.255, 152.756
147, 230.000, 19.828, 7.069, 55.572, 19.061, 8.128, 0.010, 69.550, -66.906
147, 325.000,20.937, 7.507, 5929.246, 111.882, 41.377, 99.993, 88.847, -69.704
148, 230.000, -19.841, 9.602, 5.855, -22.986, 54.360, 0.010, 5.666, 22.921
148, 325.000,-21.058, 11.584, 5928.754, -99.023, 95.199, 99.990, 88.673, 46.128
149, 230.000, 5.124, -27.765, 49.425, -24.863, -21.369, 0.010, 56.443, 130.678
149, 325.000,4.444, -29.055, 5929.669, -13.370, -92.530, 99.992, 89.097, 171.778
150, 230.000, -86.324, -5.910, 33.403, -31.419, 37.613, 0.010, 34.277, 39.873
150, 325.000,-92.551, -5.105, 5918.856, -369.498, 16.700, 99.992, 86.424, 87.412
151, 230.000, 87.376, 44.953, 40.943, -35.066, 24.732, 0.010, 43.656, 54.804
151, 325.000,99.261, 52.341, 5883.621, 641.176, 375.741, 99.991, 82.801, -59.629
152, 230.000, 75.736, 45.101, 47.963, -8.920, 33.729, 0.010, 53.967, 14.813
152, 325.000,80.411, 49.088, 5918.545, 302.378, 221.353, 99.992, 86.377, -53.794
153, 230.000, 73.517, -40.686, 23.648, 54.390, -0.417, 0.010, 23.498, -90.439
153, 325.000,79.241, -42.929, 5919.865, 321.482, -146.631, 99.992, 86.584, -114.518
154, 230.000, -53.364, 68.154, 35.497, 28.332, -38.143, 0.010, 36.762, -143.395
154, 325.000,-55.630, 70.988, 5923.868, -172.547, 218.303, 99.992, 87.311, 38.323
155, 230.000, -4.905, 82.888, 8.549, 58.177, -7.743, 0.010, 8.287, -97.581
155, 325.000,-3.339, 86.902, 5923.859, 44.495, 274.483, 99.991, 87.313, -9.208
156, 230.000, 59.677, -72.239, 4.429, 56.180, 18.488, 0.010, 4.283, -71.784
156, 325.000,66.961, -78.409, 5906.278, 383.552, -372.058, 99.992, 84.830, -134.129
157, 230.000, -23.147, -30.225, 17.418, -48.149, -29.932, 0.010, 17.078, 121.867
157, 325.000,-25.173, -31.819, 5929.011, -93.460, -87.851, 99.992, 88.761, 133.228
158, 230.000, -84.799, 52.242, 34.541, -32.959, -35.189, 0.010, 35.618, 136.875
158, 325.000,-104.716, 62.870, 5833.731, -941.465, 520.312, 100.048, 79.553, 61.072
159, 230.000, -84.805, 7.459, 9.351, 57.657, 10.290, 0.010, 9.071, -79.881
159, 325.000,-87.674, 8.190, 5925.246, -244.125, 37.659, 99.992, 87.613, 81.231
160, 230.000, -40.129, -72.110, 21.874, 28.249, 47.340, 0.010, 21.643, -30.826
160, 325.000,-41.230, -74.196, 5926.500, -102.971, -188.635, 99.992, 87.923, 151.371
161, 230.000, 40.448, -21.751, 37.153, -30.172, 35.028, 0.010, 38.787, 40.741
161, 325.000,40.381, -21.118, 5930.235, 43.439, -3.887, 99.992, 89.579, -95.113
162, 230.000, -32.627, 67.726, 9.356, 11.479, -57.431, 0.010, 9.076, -168.697
162, 325.000,-33.518, 68.517, 5928.615, -76.439, 123.552, 99.992, 88.596, 31.744
163, 230.000, -29.363, 51.138, 40.444, 40.423, 15.745, 0.010, 42.993, -68.719
163, 325.000,-28.864, 52.989, 5929.142, -17.903, 120.486, 99.992, 88.823, 8.452
164, 230.000, 70.022, -44.625, 35.502, -47.389, -3.400, 0.010, 36.769, 94.104
164, 325.000,72.102, -46.996, 5925.446, 186.705, -154.319, 99.992, 87.659, -129.575
165, 230.000, -87.663, 17.289, 46.527, 23.153, 28.580, 0.010, 51.672, -39.011
165, 325.000,-92.983, 19.358, 5919.085, -351.025, 104.322, 99.992, 86.460, 73.448
166, 230.000, -2.106, 20.718, 35.028, -2.791, 47.780, 0.010, 36.199, 3.343
166, 325.000,-2.247, 22.764, 5928.677, -12.010, 140.679, 99.990, 88.636, 4.879
167, 230.000, 14.786, 45.319, 7.986, 58.382, -6.735, 0.010, 7.738, -96.581
167, 325.000,16.982, 46.126, 5929.249, 87.752, 76.716, 99.992, 88.874, -48.839
168, 230.000, -39.561, -22.117, 28.595, -42.462, 29.949, 0.010, 28.825, 54.804
168, 325.000,-41.783, -21.652, 5929.242, -116.568, -9.584, 99.992, 88.870, 94.700
169, 230.000, 56.588, -43.194, 48.024, -9.554, -33.467, 0.010, 54.068, 164.067
169, 325.000,58.271, -45.757, 5927.154, 133.071, -144.069, 99.992, 88.105, -137.272
170, 230.000, 27.809, 18.775, 8.592, 58.511, 4.508, 0.010, 8.330, -85.594
170, 325.000,30.267, 19.315, 5929.085, 117.119, 42.591, 99.992, 88.796, -70.016
171, 230.000, -20.383, 9.038, 45.997, 4.496, 37.171, 0.010, 50.854, -6.897
171, 325.000,-20.738, 10.449, 5929.425, -77.471, 77.521, 99.993, 88.941, 44.981
172, 230.000, -83.120, 51.384, 54.748, -6.488, -21.867, 0.010, 67.383, 163.473
172, 325.000,-94.782, 57.822, 5887.538, -618.307, 354.506, 99.996, 83.098, 60.172
173, 230.000, 22.140, -46.561, 45.861, 33.514, -17.064, 0.010, 50.646, -116.983
173, 325.000,23.726, -48.205, 5928.959, 76.546, -105.686, 99.992, 88.739, -144.085
174, 230.000, -41.660, 14.668, 27.147, 41.119, 33.014, 0.010, 27.240, -51.239
174, 325.000,-41.259, 16.038, 5929.980, -34.364, 61.303, 99.992, 89.321, 29.273
175, 230.000, -36.359, 10.942, 4.800, 46.053, -37.063, 0.010, 4.642, -128.827
175, 325.000,-35.656, 9.988, 5930.325, -23.824, -16.983, 99.992, 89.717, 125.483
176, 230.000, 83.986, -8.614, 22.874, 53.469, -11.642, 0.010, 22.685, -102.283
176, 325.000,90.349, -9.458, 5919.117, 362.983, -43.721, 99.992, 86.465, -96.868
177, 230.000, 97.926, -3.400, 8.927, 43.285, -39.552, 0.010, 8.657, -132.420
177, 325.000,113.763, -5.091, 5874.461, 808.311, -68.921, 99.986, 82.137, -94.874
178, 230.000, 19.449, -19.125, 54.218, 14.987, -18.800, 0.010, 66.086, -141.440
178, 325.000,20.357, -20.147, 5929.610, 66.869, -70.060, 99.992, 89.064, -136.335
179, 230.000, 23.300, -22.999, 7.066, 27.188, -52.235, 0.010, 6.843, -152.503
179, 325.000,24.661, -25.157, 5929.036, 76.128, -101.648, 99.992, 88.773, -143.169
180, 230.000, 59.992, -75.346, 15.992, -55.040, -15.249, 0.010, 15.642, 105.486
180, 325.000,65.229, -84.473, 5900.630, 324.041, -497.225, 99.992, 84.256, -146.908
181, 230.000, -21.074, 9.970, 11.639, 58.149, -0.914, 0.010, 11.317, -90.901
181, 325.000,-19.731, 10.191, 5930.177, -30.691, 44.254, 99.993, 89.480, 34.742
182, 230.000, 71.672, -8.283, 1.325, 55.297, -21.404, 0.010, 1.280, -111.160
182, 325.000,76.039, -9.261, 5925.164, 245.176, -44.011, 99.992, 87.593, -100.177
183, 230.000, -41.726, -50.381, 54.868, 6.259, -21.633, 0.010, 67.685, -163.863
183, 325.000,-42.796, -52.590, 5928.182, -87.766, -136.308, 99.992, 88.434, 147.223
184, 230.000, -19.759, -55.480, 16.918, -9.700, -56.012, 0.010, 16.574, 170.175
184, 325.000,-20.597, -58.746, 5927.676, -50.731, -172.293, 99.992, 88.264, 163.593
185, 230.000, -46.254, -6.739, 18.949, 31.767, 46.362, 0.010, 18.633, -34.418
185, 325.000,-46.270, -5.413, 5930.057, -52.536, 35.565, 99.992, 89.387, 55.903
186, 230.000, -94.506, -14.714, 46.766, -35.607, -7.921, 0.010, 52.046, 102.541
186, 325.000,-106.098, -16.591, 5896.454, -625.901, -99.992, 99.993, 83.865, 99.077
187, 230.000, 22.844, 24.687, 51.932, -24.733, -14.457, 0.010, 61.117, 120.307
187, 325.000,22.544, 24.753, 5930.232, 23.031, 37.721, 99.992, 89.573, -31.407
188, 230.000, -62.284, 50.392, 49.134, 19.309, -27.031, 0.010, 55.937, -144.461
188, 325.000,-64.520, 51.846, 5926.480, -173.061, 128.053, 99.992, 87.920, 53.501
189, 230.000, 40.959, 88.578, 27.196, 23.669, -47.094, 0.010, 27.293, -153.316
189, 325.000,47.099, 98.914, 5893.374, 317.537, 581.416, 99.995, 83.586, -28.641
190, 230.000, -87.263, -33.633, 5.448, -53.748, 24.476, 0.010, 5.271, 65.516
190, 325.000,-97.016, -36.009, 5904.700, -529.301, -155.816, 99.993, 84.662, 106.403
191, 230.000, -19.950, 52.186, 3.810, 40.132, 43.504, 0.010, 3.683, -42.691
191, 325.000,-19.178, 54.891, 5928.548, 2.259, 147.966, 99.992, 88.570, -0.875
192, 230.000, 6.506, 16.877, 21.083, -52.328, 18.301, 0.010, 20.823, 70.724
192, 630.000,6.813, 35.148, 5616.199, 36.212, 333.906, 89.998, 86.578, -6.189
193, 230.000, 43.226, -15.523, 27.047, 19.212, 49.163, 0.010, 27.132, -21.344
193, 325.000,44.794, -14.303, 5929.517, 99.414, 22.345, 99.992, 89.016, -77.332
194, 230.000, -88.576, -30.730, 3.542, 28.277, 52.015, 0.010, 3.424, -28.530
194, 325.000,-95.703, -31.912, 5913.254, -438.041, -107.008, 99.993, 85.639, 103.728
195, 230.000, 44.758, -86.112, 40.120, -25.882, -35.188, 0.010, 42.566, 143.664
195, 325.000,49.731, -98.232, 5889.216, 283.553, -636.560, 99.989, 83.252, -155.990
196, 230.000, 40.197, -86.711, 44.980, -22.329, 31.558, 0.010, 49.322, 35.281
196, 325.000,43.766, -94.913, 5906.678, 216.254, -484.225, 99.993, 84.870, -155.935
197, 230.000, 12.772, 11.422, 25.733, -8.765, 52.713, 0.010, 25.714, 9.440
197, 630.000,24.042, 28.367, 5614.613, 217.535, 288.830, 89.998, 86.315, -36.986
198, 230.000, -93.845, -11.164, 26.240, 28.953, 44.619, 0.010, 26.259, -32.979
198, 325.000,-102.004, -10.883, 5910.044, -490.992, -14.511, 99.993, 85.249, 91.693
199, 230.000, 28.885, 47.779, 21.612, -0.056, -55.232, 0.010, 21.370, 179.942
199, 325.000,29.602, 47.215, 5930.020, 56.280, 35.972, 99.992, 89.355, -57.415
200, 230.000, -55.206, -41.464, 43.866, 16.322, -36.428, 0.010, 47.699, -155.865
200, 325.000,-56.519, -43.981, 5927.643, -116.389, -138.115, 99.992, 88.255, 139.879
201, 230.000, 28.027, -26.298, 9.982, 53.579, 23.395, 0.010, 9.690, -66.412
201, 325.000,30.332, -26.107, 5929.343, 108.641, -25.450, 99.992, 88.922, -103.184
202, 230.000, 67.225, 73.606, 58.618, 2.593, -8.650, 0.010, 81.243, -163.314
202, 325.000,83.632, 91.230, 5823.406, 769.377, 830.044, 100.058, 79.002, -42.828
203, 230.000, -2.841, -86.488, 36.894, -41.761, -20.309, 0.010, 38.467, 115.934
203, 325.000,-4.306, -92.365, 5919.355, -55.145, -357.621, 99.992, 86.502, 171.234
204, 230.000, -47.489, -33.713, 11.101, -26.805, -51.729, 0.010, 10.788, 152.608
204, 325.000,-49.599, -36.250, 5927.824, -124.610, -122.374, 99.992, 88.312, 134.481
205, 230.000, -72.673, 32.876, 27.569, -35.603, -38.601, 0.010, 27.699, 137.314
205, 325.000,-77.118, 33.176, 5924.173, -264.280, 62.150, 99.992, 87.376, 76.766
206, 230.000, 63.922, -76.477, 48.569, -26.885, -20.878, 0.010, 54.975, 127.833
206, 325.000,78.556, -95.556, 5823.748, 696.335, -890.187, 100.059, 79.017, -141.966
207, 230.000, 43.021, 19.417, 9.503, 48.261, -33.139, 0.010, 9.220, -124.476
207, 325.000,45.527, 18.797, 5928.988, 129.244, 1.474, 99.992, 88.751, -89.347
208, 230.000, -8.609, -39.860, 32.602, -43.507, 23.703, 0.010, 33.346, 61.418
208, 325.000,-10.177, -39.957, 5929.870, -61.261, -50.103, 99.992, 89.235, 129.279
209, 230.000, 57.406, 43.662, 31.625, -3.012, 50.084, 0.010, 32.223, 3.442
209, 325.000,59.387, 46.815, 5926.303, 145.606, 165.400, 99.992, 87.871, -41.358
210, 230.000, 21.966, 13.588, 47.658, -20.628, 28.650, 0.010, 53.471, 35.753
210, 325.000,21.810, 14.814, 5929.814, 44.312, 71.796, 99.992, 89.185, -31.683
211, 230.000, 45.459, -87.419, 16.698, -21.074, 52.865, 0.010, 16.352, 21.734
211, 325.000,51.650, -98.957, 5887.400, 334.566, -630.148, 99.994, 83.090, -152.035
212, 230.000, 30.571, -45.153, 12.529, -38.545, 43.300, 0.010, 12.196, 41.675
212, 325.000,30.090, -44.876, 5930.216, 18.897, -42.029, 99.992, 89.555, -155.791
213, 230.000, -63.299, 6.584, 21.507, -49.477, -24.639, 0.010, 21.261, 116.472
213, 325.000,-66.730, 5.999, 5927.299, -191.289, -11.052, 99.992, 88.148, 93.307
214, 230.000, 4.239, 61.011, 55.445, 10.960, 17.981, 0.010, 69.203, -31.364
214, 325.000,4.702, 63.271, 5928.530, 20.317, 147.413, 99.992, 88.562, -7.847
215, 230.000, 34.042, 8.299, 15.141, -1.784, 57.317, 0.010, 14.791, 1.783
215, 325.000,34.703, 10.307, 5929.533, 66.375, 76.353, 99.992, 89.023, -41.001
216, 230.000, 60.165, -9.161, 51.398, -0.064, -29.595, 0.010, 60.066, 179.876
216, 325.000,61.818, -10.346, 5928.845, 126.000, -49.894, 99.992, 88.691, -111.603
217, 230.000, -30.402, -9.315, 5.718, -31.691, -49.806, 0.010, 5.532, 147.532
217, 325.000,-32.062, -11.109, 5929.154, -97.583, -71.823, 99.992, 88.829, 126.354
218, 230.000, 68.205, -47.123, 41.716, -19.440, -37.410, 0.010, 44.697, 152.542
218, 325.000,71.106, -50.708, 5923.196, 212.408, -200.233, 99.991, 87.179, -133.310
219, 230.000, 28.471, 49.485, 41.083, 5.991, 42.355, 0.010, 43.843, -8.050
219, 325.000,29.397, 52.105, 5928.334, 63.258, 143.051, 99.992, 88.489, -23.855
220, 230.000, -47.018, 85.220, 53.132, 17.937, -19.310, 0.010, 63.617, -137.111
220, 325.000,-52.552, 95.644, 5894.407, -309.190, 574.536, 99.992, 83.684, 28.287
221, 230.000, 9.226, -49.043, 24.157, 19.095, 50.690, 0.010, 24.035, -20.641
221, 325.000,10.045, -48.557, 5930.153, 36.965, -38.930, 99.992, 89.481, -136.483
222, 230.000, 11.761, -2.693, 28.036, 36.038, 37.854, 0.010, 28.210, -43.592
222, 630.000,27.337, -1.008, 5619.479, 272.926, 9.767, 89.994, 87.218, -87.950
223, 230.000, 0.300, 60.850, 54.667, 15.611, -16.896, 0.010, 67.179, -137.265
223, 325.000,0.800, 61.983, 5929.363, 16.817, 109.452, 99.992, 88.930, -8.735
224, 230.000, -37.021, 4.282, 43.879, 11.662, 38.161, 0.010, 47.717, -16.994
224, 325.000,-37.432, 5.586, 5929.896, -59.923, 48.010, 99.992, 89.258, 51.298
225, 230.000, -29.852, 92.485, 51.736, -27.001, -10.580, 0.010, 60.728, 111.397
225, 325.000,-34.504, 104.075, 5891.707, -236.928, 633.136, 99.991, 83.455, 20.517
226, 230.000, -9.535, -46.523, 50.683, -30.567, -3.815, 0.010, 58.710, 97.114
226, 325.000,-10.717, -47.690, 5929.513, -49.228, -89.785, 99.992, 89.011, 151.265
227, 230.000, 89.564, 10.576, 21.478, 45.996, 30.671, 0.010, 21.231, -56.304
227, 325.000,97.659, 12.310, 5912.200, 457.390, 80.799, 99.992, 85.508, -79.982
228, 230.000, -47.648, 5.178, 16.299, -55.588, -12.724, 0.010, 15.951, 102.893
228, 325.000,-50.501, 4.890, 5928.607, -145.630, -3.599, 99.992, 88.592, 91.416
229, 230.000, 60.038, -4.973, 20.620, 55.369, -5.175, 0.010, 20.345, -95.340
229, 325.000,63.446, -5.274, 5927.537, 183.435, -15.805, 99.992, 88.221, -94.925
230, 230.000, 82.205, 1.750, 4.954, -15.919, -56.918, 0.010, 4.791, 164.374
230, 325.000,85.784, 0.056, 5924.614, 256.059, -54.041, 99.992, 87.471, -101.917
231, 230.000, 76.295, 15.207, 53.409, 5.098, 25.281, 0.010, 64.225, -11.401
231, 325.000,79.712, 16.645, 5925.475, 230.638, 71.380, 99.992, 87.667, -72.803
232, 230.000, 54.945, -3.608, 11.132, 50.144, 29.653, 0.010, 10.818, -59.402
232, 325.000,57.917, -2.756, 5928.201, 159.613, 23.654, 99.992, 88.441, -81.570
233, 230.000, -49.056, -38.036, 20.403, -30.453, -46.626, 0.010, 20.121, 146.850
233, 325.000,-51.421, -40.599, 5927.369, -137.426, -130.453, 99.992, 88.169, 133.509
234, 230.000, -41.719, 81.195, 23.283, -52.484, -14.867, 0.010, 23.114, 105.815
234, 325.000,-46.594, 87.088, 5913.540, -253.172, 368.448, 99.992, 85.677, 34.494
235, 230.000, 21.119, -81.793, 15.727, 49.363, 28.872, 0.010, 15.377, -59.677
235, 325.000,23.805, -85.343, 5923.274, 127.344, -261.353, 99.992, 87.190, -154.022
236, 230.000, -70.423, 60.880, 20.812, -39.552, -38.989, 0.010, 20.542, 134.589
236, 325.000,-77.842, 65.055, 5909.955, -407.824, 274.638, 99.991, 85.244, 56.043
237, 230.000, 42.400, -20.665, 23.797, 32.919, -43.217, 0.010, 23.655, -142.703
237, 325.000,44.402, -22.505, 5928.757, 112.189, -82.805, 99.992, 88.653, -126.430
238, 230.000, 94.160, -11.907, 22.971, 54.648, 1.876, 0.010, 22.787, -88.033
238, 325.000,105.704, -13.100, 5897.654, 618.064, -68.771, 99.990, 83.981, -96.349
239, 230.000, 59.580, -62.750, 23.806, 22.183, 49.587, 0.010, 23.664, -24.102
239, 325.000,63.814, -64.948, 5922.101, 251.385, -187.753, 99.992, 86.967, -126.755
240, 230.000, 58.679, -36.267, 11.702, -45.384, -36.346, 0.010, 11.379, 128.690
240, 325.000,59.167, -38.603, 5928.348, 93.328, -124.743, 99.992, 88.495, -143.198
241, 230.000, 13.162, -15.153, 27.489, 48.748, 19.637, 0.010, 27.612, -68.060
241, 325.000,15.072, -14.915, 5928.950, 125.925, -58.469, 99.998, 88.659, -114.906
242, 230.000, 28.973, 59.950, 25.009, -19.483, 50.126, 0.010, 24.940, 21.240
242, 325.000,29.269, 63.416, 5927.120, 47.001, 191.344, 99.992, 88.096, -13.801
243, 230.000, 73.522, 21.888, 50.174, 6.293, -30.993, 0.010, 57.776, -168.522
243, 325.000,76.734, 21.818, 5926.354, 216.885, 30.183, 99.992, 87.884, -82.077
244, 230.000, 12.024, -58.866, 5.664, -17.379, 56.423, 0.010, 5.480, 17.120
244, 325.000,11.793, -58.644, 5930.067, 6.598, -62.033, 99.992, 89.397, -173.928
245, 230.000, -66.727, -37.355, 15.081, 44.933, 35.654, 0.010, 14.731, -51.569
245, 325.000,-67.981, -37.727, 5928.369, -139.655, -67.201, 99.992, 88.502, 115.696
246, 230.000, 5.106, 9.782, 57.682, 13.332, 3.552, 0.010, 76.548, -75.080
246, 630.000,11.617, 19.757, 5621.989, 115.196, 186.243, 89.998, 87.769, -31.738
247, 230.000, -4.771, 2.996, 6.094, 56.309, 17.602, 0.010, 5.898, -72.641
247, 630.000,-3.027, 7.964, 5625.593, -0.029, 83.544, 89.997, 89.149, 0.020
248, 230.000, -9.226, 20.523, 42.969, 31.104, -26.531, 0.010, 46.426, -130.464
248, 325.000,-8.463, 20.193, 5929.961, -8.897, 67.722, 99.990, 89.340, 7.484
249, 230.000, -60.232, -66.652, 38.634, -8.587, 44.174, 0.010, 40.646, 11.000
249, 325.000,-64.737, -69.986, 5919.159, -271.702, -243.800, 99.992, 86.471, 131.902
250, 230.000, -65.419, 58.466, 0.883, -12.552, 57.959, 0.010, 0.853, 12.220
250, 325.000,-70.075, 64.079, 5915.973, -282.267, 301.743, 99.991, 86.005, 43.090
251, 230.000, -52.950, -2.413, 1.026, 26.924, 52.836, 0.010, 0.991, -27.002
251, 325.000,-53.360, -0.787, 5929.736, -72.943, 50.127, 99.992, 89.145, 55.503
252, 230.000, 91.402, 40.245, 26.618, -36.879, -38.066, 0.010, 26.667, 135.908
252, 325.000,116.780, 50.766, 5796.156, 1156.034, 485.466, 99.986, 77.794, -67.220
253, 230.000, 60.779, 34.463, 3.667, -57.320, 14.785, 0.010, 3.545, 75.536
253, 325.000,60.987, 36.076, 5928.927, 87.536, 98.897, 99.992, 88.724, -41.513
254, 230.000, -33.654, -4.161, 23.527, -4.549, -54.253, 0.010, 23.371, 175.207
254, 325.000,-34.511, -5.982, 5929.569, -74.005, -65.175, 99.992, 89.047, 131.370
255, 230.000, -87.806, 28.514, 9.012, -58.586, -2.029, 0.010, 8.740, 91.983
255, 325.000,-97.131, 30.896, 5906.855, -508.586, 142.743, 99.993, 84.890, 74.322
256, 230.000, 40.790, -19.026, 41.144, 40.549, -13.439, 0.010, 43.925, -108.337
256, 325.000,42.976, -19.871, 5929.047, 116.704, -48.767, 99.992, 88.778, -112.679
257, 230.000, -65.383, -66.104, 47.275, 3.393, 35.654, 0.010, 52.852, -5.436
257, 325.000,-70.901, -70.701, 5913.692, -329.288, -298.652, 99.991, 85.701, 132.207
258, 230.000, -15.092, -53.406, 12.690, 32.269, -48.117, 0.010, 12.355, -146.153
258, 325.000,-14.446, -56.280, 5928.372, 3.764, -154.862, 99.992, 88.503, -178.608
259, 230.000, 90.821, 30.082, 9.537, -31.850, -49.115, 0.010, 9.253, 147.037
259, 325.000,99.498, 31.786, 5907.019, 510.739, 127.967, 99.993, 84.906, -75.934
260, 230.000, -23.588, 88.648, 18.967, -47.352, -30.260, 0.010, 18.651, 122.581
260, 325.000,-26.915, 94.757, 5915.184, -163.215, 392.165, 99.992, 85.893, 22.597
261, 230.000, -8.882, -49.428, 26.553, 51.822, 11.273, 0.010, 26.597, -77.728
261, 325.000,-7.441, -50.213, 5929.729, 37.051, -80.684, 99.992, 89.142, -155.335
262, 230.000, -23.726, -19.737, 11.021, 50.978, -28.238, 0.010, 10.709, -118.983
262, 325.000,-22.606, -21.069, 5929.903, -2.004, -75.999, 99.992, 89.265, 178.490
263, 230.000, 23.157, -8.502, 9.776, -33.540, -47.928, 0.010, 9.487, 145.016
263, 325.000,22.624, -10.244, 5929.665, 42.843, -81.049, 99.991, 89.114, -152.139
264, 230.000, 63.284, 69.827, 59.212, -0.600, -3.350, 0.010, 86.710, 169.846
264, 325.000,69.331, 76.417, 5907.640, 349.987, 383.307, 99.992, 84.979, -42.398
265, 230.000, -19.568, -79.657, 15.344, 0.547, 57.288, 0.010, 14.993, -0.547
265, 325.000,-20.499, -81.725, 5926.719, -63.113, -199.063, 99.992, 87.982, 162.409
266, 230.000, -53.056, -23.040, 1.743, -7.689, 58.783, 0.010, 1.684, 7.452
266, 325.000,-54.674, -21.766, 5929.276, -114.330, 14.756, 99.992, 88.886, 82.646
267, 230.000, -23.231, -91.825, 7.521, 57.560, 12.163, 0.010, 7.285, -78.068
267, 325.000,-23.768, -100.509, 5908.306, -70.136, -507.029, 99.993, 85.049, 172.124
268, 230.000, 42.647, 74.719, 34.762, 43.539, 20.338, 0.010, 35.881, -64.961
268, 325.000,46.543, 79.812, 5918.661, 209.733, 308.398, 99.992, 86.394, -34.219
269, 230.000, 65.402, -22.360, 29.915, -31.927, 40.043, 0.010, 30.290, 38.566
269, 325.000,66.530, -21.829, 5929.110, 122.910, -11.699, 99.992, 88.807, -95.437
270, 230.000, -27.003, -73.974, 49.516, -14.725, 29.138, 0.010, 56.602, 26.810
270, 325.000,-28.638, -76.289, 5926.533, -96.379, -191.246, 99.992, 87.930, 153.254
271, 230.000, 82.136, 2.174, 13.416, 57.735, -2.071, 0.010, 13.074, -92.055
271, 325.000,88.130, 2.220, 5920.656, 339.802, 5.206, 99.992, 86.715, -89.122
272, 230.000, 89.224, -22.005, 29.681, 49.571, 13.392, 0.010, 30.029, -74.882
272, 325.000,98.135, -23.417, 5908.981, 494.294, -94.663, 99.991, 85.132, -100.842
273, 230.000, 85.246, -49.685, 51.199, 28.356, 9.604, 0.010, 59.683, -71.290
273, 325.000,99.981, -57.497, 5869.797, 744.206, -405.706, 100.001, 81.783, -118.597
274, 230.000, 92.629, 22.224, 26.121, 0.590, -53.245, 0.010, 26.130, -179.366
274, 325.000,102.306, 22.927, 5904.506, 548.485, 74.589, 99.992, 84.644, -82.256
275, 230.000, -42.904, -85.386, 13.899, -57.611, -2.338, 0.010, 13.553, 92.324
275, 325.000,-49.365, -94.835, 5897.895, -325.797, -528.293, 99.994, 83.992, 148.338
276, 230.000, 52.776, 20.755, 5.586, 35.905, -46.875, 0.010, 5.404, -142.549
276, 325.000,55.268, 19.795, 5928.687, 142.109, -7.335, 99.992, 88.625, -92.955
277, 230.000, -14.143, 16.375, 47.041, -23.511, 27.422, 0.010, 52.480, 40.609
277, 325.000,-15.241, 17.652, 5929.068, -82.595, 95.847, 99.992, 88.778, 40.753
278, 230.000, -16.733, -33.190, 47.885, -29.240, -19.228, 0.010, 53.839, 123.328
278, 325.000,-18.015, -34.500, 5929.478, -62.426, -83.548, 99.992, 88.992, 143.233
279, 230.000, 12.007, -8.884, 52.754, -25.220, 9.932, 0.010, 62.806, 68.505
279, 630.000,20.819, -16.395, 5621.371, 180.974, -147.549, 89.997, 87.621, -129.190
280, 230.000, 59.191, 49.036, 1.826, -34.203, -48.420, 0.010, 1.765, 144.763
280, 325.000,60.507, 49.494, 5928.293, 131.350, 87.800, 99.992, 88.473, -56.239
281, 230.000, -78.082, 42.385, 53.751, 5.064, -24.552, 0.010, 64.996, -168.346
281, 325.000,-83.158, 44.469, 5919.689, -322.256, 151.860, 99.992, 86.556, 64.768
282, 230.000, 57.349, -73.258, 23.427, -39.987, 37.012, 0.010, 23.266, 47.212
282, 325.000,61.011, -78.366, 5915.989, 247.249, -330.801, 99.991, 86.007, -143.225
283, 230.000, -25.620, 93.043, 16.095, -20.394, -53.317, 0.010, 15.746, 159.068
283, 325.000,-29.197, 102.189, 5902.928, -186.004, 539.269, 99.993, 84.480, 19.030
284, 230.000, 99.555, -6.442, 39.101, -28.544, -34.264, 0.010, 41.244, 140.204
284, 325.000,124.784, -9.148, 5813.711, 1173.399, -114.824, 100.048, 78.536, -95.589
285, 230.000, -4.558, -34.746, 20.405, -43.173, 35.177, 0.010, 20.123, 50.827
285, 325.000,-6.034, -34.359, 5930.040, -54.458, -34.972, 99.992, 89.375, 122.708
286, 230.000, 70.166, 62.190, 31.775, -6.542, 49.650, 0.010, 32.395, 7.507
286, 325.000,76.560, 69.547, 5905.439, 375.859, 392.241, 99.991, 84.744, -43.778
287, 230.000, 80.029, 26.609, 10.487, -20.646, 54.602, 0.010, 10.185, 20.713
287, 325.000,83.738, 29.759, 5922.573, 263.752, 152.465, 99.992, 87.055, -59.969
288, 230.000, 58.881, -28.335, 23.073, 16.619, 52.049, 0.010, 22.894, -17.708
288, 325.000,61.181, -27.544, 5928.504, 149.521, -9.538, 99.992, 88.552, -93.650
289, 230.000, -59.885, -25.597, 9.028, 58.278, -6.305, 0.010, 8.756, -96.175
289, 325.000,-59.814, -26.555, 5929.619, -72.126, -63.267, 99.992, 89.073, 131.256
290, 230.000, -76.507, 49.410, 48.039, 18.794, 29.270, 0.010, 54.092, -32.705
290, 325.000,-81.805, 54.101, 5915.014, -336.956, 261.559, 99.991, 85.875, 52.180
291, 230.000, 41.310, 17.410, 29.321, -39.899, -32.650, 0.010, 29.628, 129.294
291, 325.000,40.944, 16.752, 5930.293, 35.147, -1.594, 99.992, 89.660, -92.596
292, 230.000, -64.237, -73.427, 3.864, 58.295, 10.219, 0.010, 3.736, -80.057
292, 325.000,-70.894, -82.730, 5895.743, -391.130, -507.541, 99.994, 83.797, 142.381
293, 230.000, 37.628, -9.318, 38.900, 16.838, 41.484, 0.010, 40.986, -22.091
293, 325.000,38.961, -8.196, 5929.674, 88.839, 25.395, 99.992, 89.107, -74.047
294, 230.000, 11.272, 91.712, 24.977, 20.651, -49.672, 0.010, 24.906, -157.425
294, 325.000,12.826, 97.689, 5916.647, 77.123, 396.134, 99.992, 86.098, -11.017
295, 230.000, 76.717, 20.788, 34.360, -20.277, 43.885, 0.010, 35.404, 24.800
295, 325.000,79.531, 23.093, 5925.505, 214.447, 109.891, 99.992, 87.671, -62.868
296, 230.000, -58.336, 30.659, 20.365, 2.453, 55.650, 0.010, 20.082, -2.524
296, 325.000,-60.056, 33.363, 5927.570, -130.813, 127.967, 99.992, 88.232, 45.630
297, 230.000, 36.718, -57.305, 49.481, -26.101, -19.698, 0.010, 56.541, 127.042
297, 325.000,37.081, -59.771, 5928.037, 59.736, -156.116, 99.992, 88.385, -159.061
298, 230.000, -2.312, -44.732, 33.851, 48.643, -2.371, 0.010, 34.803, -92.791
298, 325.000,-0.816, -45.788, 5929.611, 46.121, -84.713, 99.992, 89.068, -151.434
299, 230.000, -30.435, -39.996, 37.292, -18.489, -42.250, 0.010, 38.960, 156.365
299, 325.000,-31.732, -42.270, 5928.719, -76.172, -118.682, 99.992, 88.637, 147.307
300, 230.000, -19.800, 35.198, 3.837, -58.357, -9.867, 0.010, 3.710, 99.597
300, 325.000,-22.088, 35.632, 5929.338, -97.373, 55.264, 99.992, 88.918, 60.423
