ion,x0,y0,z0,vx0,vy0,vz0,ke0,elev0,azim0,x1,y1,z1,vx1,vy1,vz1,ke1,elev1,azim1
1, 230.000, 40.434, 41.792, 9.041, -48.254, -33.278, 0.010, 8.768, 124.592
1, 325.000,39.943, 41.812, 5930.112, 30.794, 49.032, 99.992, 89.441, -32.130
2, 230.000, -53.552, 56.478, 28.870, 20.274, -47.677, 0.010, 29.129, -156.964
2, 325.000,-55.158, 57.347, 5927.786, -134.154, 113.954, 99.992, 88.299, 49.655
3, 230.000, 32.453, 2.475, 38.373, -41.481, 18.013, 0.010, 40.315, 66.527
3, 325.000,31.827, 3.103, 5930.269, 29.401, 24.456, 99.992, 89.631, -50.247
4, 230.000, 12.324, -71.613, 40.914, 5.336, -42.605, 0.010, 43.617, -172.861
4, 325.000,12.946, -75.591, 5925.691, 38.023, -233.056, 99.992, 87.718, -170.734
5, 230.000, -12.141, -0.563, 26.700, 1.287, -52.944, 0.010, 26.755, -178.607
5, 630.000,-23.851, -7.146, 5621.137, -221.795, -93.422, 90.000, 87.548, 112.841
6, 230.000, 62.576, -76.134, 0.749, -59.042, 5.581, 0.010, 0.724, 84.600
6, 325.000,70.309, -87.518, 5884.447, 432.646, -597.493, 99.995, 82.855, -144.092
7, 230.000, -22.604, 13.919, 24.182, -50.095, 20.576, 0.010, 24.062, 67.670
7, 325.000,-24.706, 14.885, 5929.050, -111.891, 58.017, 99.992, 88.782, 62.592
8, 230.000, 25.557, -41.605, 29.732, -2.530, 51.257, 0.010, 30.086, 2.826
8, 325.000,26.056, -40.920, 5930.178, 44.827, -24.173, 99.992, 89.508, -118.336
9, 230.000, -25.871, 91.148, 32.402, -48.126, -12.316, 0.010, 33.114, 104.354
9, 325.000,-29.931, 99.931, 5905.012, -200.000, 510.575, 99.992, 84.695, 21.391
10, 230.000, -17.269, -47.280, 21.664, -55.207, -0.683, 0.010, 21.425, 90.709
10, 325.000,-19.426, -48.403, 5929.050, -89.489, -89.245, 99.992, 88.779, 134.922
11, 230.000, 94.731, 5.146, 37.500, 44.216, -12.502, 0.010, 39.219, -105.788
11, 325.000,105.921, 5.301, 5899.247, 606.174, 17.013, 99.990, 84.131, -88.392
12, 230.000, -3.055, 72.960, 13.262, -57.541, 5.550, 0.010, 12.921, 84.490
12, 325.000,-4.981, 75.822, 5926.709, -68.113, 197.580, 99.992, 87.980, 19.021
13, 230.000, -11.878, 17.606, 6.236, 8.092, 58.423, 0.010, 6.035, -7.886
13, 325.000,-11.909, 19.921, 5928.746, -39.426, 136.173, 99.993, 88.630, 16.147
14, 230.000, -73.102, 50.186, 43.059, 14.962, 37.943, 0.010, 46.553, -21.520
14, 325.000,-77.552, 54.727, 5917.898, -291.624, 251.233, 99.992, 86.279, 49.255
15, 230.000, 13.738, -50.591, 22.912, -53.568, 11.099, 0.010, 22.725, 78.294
15, 325.000,12.363, -51.441, 5929.721, -29.417, -84.432, 99.992, 89.136, 160.791
16, 230.000, -29.676, 21.490, 32.552, -17.659, 46.327, 0.010, 33.288, 20.866
16, 325.000,-30.864, 23.418, 5929.244, -75.319, 89.392, 99.992, 88.871, 40.116
17, 230.000, -68.240, 27.359, 33.359, -40.927, 27.014, 0.010, 34.226, 56.573
17, 325.000,-72.110, 29.243, 5925.201, -226.288, 101.803, 99.992, 87.602, 65.778
18, 230.000, -57.021, 79.712, 45.457, -21.572, 31.399, 0.010, 50.035, 34.490
18, 325.000,-66.109, 92.454, 5875.729, -465.962, 652.721, 99.985, 82.228, 35.522
19, 230.000, 67.900, -4.381, 26.358, -47.017, -24.745, 0.010, 26.386, 117.758
19, 325.000,68.573, -5.300, 5929.272, 109.745, -35.983, 99.992, 88.884, -108.153
20, 230.000, 10.486, -60.933, 35.401, 32.232, -35.007, 0.010, 36.647, -137.364
20, 325.000,11.801, -63.764, 5927.783, 55.925, -166.884, 99.992, 88.299, -161.473
21, 230.000, 65.867, -42.889, 0.027, -46.864, -36.351, 0.010, 0.026, 127.800
21, 325.000,67.253, -45.893, 5926.228, 147.754, -166.302, 99.992, 87.850, -138.380
22, 230.000, -32.346, 49.380, 31.042, 32.336, -38.838, 0.010, 31.560, -140.220
22, 325.000,-32.172, 49.447, 5930.009, -31.949, 59.686, 99.992, 89.346, 28.159
23, 230.000, -24.713, -61.993, 9.798, -36.685, -45.561, 0.010, 9.509, 141.159
23, 325.000,-26.658, -65.402, 5926.494, -96.011, -192.484, 99.992, 87.921, 153.490
24, 230.000, -31.115, -51.524, 46.869, 7.921, 35.471, 0.010, 52.209, -12.588
24, 325.000,-31.703, -51.791, 5929.725, -55.901, -69.386, 99.992, 89.139, 141.143
25, 230.000, -2.350, 88.639, 1.359, 50.852, -30.494, 0.010, 1.313, -120.949
25, 325.000,-0.929, 93.534, 5920.793, 44.092, 334.695, 99.992, 86.737, -7.505
26, 230.000, -16.551, 89.535, 16.249, -32.570, 46.828, 0.010, 15.900, 34.819
26, 325.000,-18.856, 98.023, 5910.213, -113.343, 475.687, 99.992, 85.270, 13.402
27, 230.000, -19.796, 4.241, 21.726, -43.923, 33.413, 0.010, 21.488, 52.739
27, 325.000,-21.706, 5.422, 5928.577, -138.266, 56.425, 99.994, 88.557, 67.800
28, 230.000, -2.287, -16.709, 43.255, 36.723, -17.266, 0.010, 46.828, -115.181
28, 630.000,-0.328, -34.774, 5616.654, 15.659, -330.682, 90.003, 86.627, -177.289
29, 230.000, 18.147, -96.059, 37.367, -34.318, -30.718, 0.010, 39.052, 131.832
29, 325.000,19.692, -110.586, 5881.500, 99.379, -753.778, 99.993, 82.634, -172.489
30, 230.000, 4.656, -84.298, 24.343, 4.297, -53.913, 0.010, 24.233, -175.443
30, 325.000,5.050, -90.691, 5919.143, 21.526, -364.548, 99.992, 86.470, -176.621
31, 230.000, 17.760, 0.678, 11.818, -51.561, -26.822, 0.010, 11.493, 117.483
31, 630.000,29.056, -1.717, 5620.785, 243.316, -29.570, 89.994, 87.503, -96.929
32, 230.000, -31.338, -48.043, 3.977, 1.393, -59.160, 0.010, 3.845, -178.651
32, 325.000,-32.111, -51.177, 5927.966, -61.683, -158.116, 99.992, 88.360, 158.688
33, 230.000, 18.349, 72.617, 5.542, 20.975, -55.199, 0.010, 5.362, -159.194
33, 325.000,19.710, 73.649, 5928.354, 71.451, 138.342, 99.992, 88.496, -27.315
34, 230.000, -22.646, -90.314, 18.705, 54.757, 13.016, 0.010, 18.384, -76.629
34, 325.000,-22.940, -97.765, 5912.980, -57.990, -449.840, 99.990, 85.614, 172.654
35, 230.000, -6.405, -53.168, 1.463, -56.985, -16.378, 0.010, 1.413, 106.035
35, 325.000,-8.377, -54.985, 5928.768, -71.345, -119.210, 99.992, 88.658, 149.100
36, 230.000, 11.326, -56.445, 22.794, 13.689, 53.016, 0.010, 22.602, -14.478
36, 325.000,12.050, -56.208, 5930.006, 36.704, -57.275, 99.992, 89.343, -147.347
37, 230.000, -36.125, 74.656, 49.313, 32.559, 5.079, 0.010, 56.248, -81.134
37, 325.000,-36.962, 78.633, 5924.057, -88.605, 259.213, 99.991, 87.352, 18.872
38, 230.000, 90.940, 11.571, 14.028, -19.583, -54.197, 0.010, 13.681, 160.133
38, 325.000,97.493, 10.816, 5916.131, 411.403, -2.580, 99.992, 86.022, -90.359
39, 230.000, -83.871, 43.099, 17.027, 49.079, -28.618, 0.010, 16.684, -120.246
39, 325.000,-90.229, 46.263, 5913.091, -403.871, 203.918, 99.991, 85.625, 63.210
40, 230.000, -19.800, -55.495, 3.828, 7.434, 58.717, 0.010, 3.701, -7.215
40, 325.000,-20.082, -55.080, 5930.088, -32.261, -51.142, 99.992, 89.416, 147.756
41, 230.000, -41.095, -16.778, 16.821, 38.145, -42.186, 0.010, 16.476, -137.880
41, 325.000,-40.775, -18.489, 5929.814, -36.283, -74.653, 99.992, 89.198, 154.079
42, 230.000, 57.793, 80.906, 9.602, -58.104, 7.025, 0.010, 9.317, 83.106
42, 325.000,66.529, 95.747, 5865.455, 463.353, 743.592, 99.996, 81.504, -31.928
43, 230.000, 31.632, -39.884, 23.132, 22.464, 49.778, 0.010, 22.956, -24.289
43, 325.000,33.083, -39.232, 5929.776, 82.596, -23.285, 99.992, 89.171, -105.744
44, 230.000, 18.306, -15.338, 10.028, 10.686, -57.471, 0.010, 9.734, -169.467
44, 325.000,19.073, -17.540, 5928.953, 69.171, -110.172, 99.991, 88.743, -147.878
45, 230.000, -40.296, -82.912, 46.625, -25.992, -25.849, 0.010, 51.825, 134.842
45, 325.000,-44.472, -90.660, 5909.483, -229.101, -442.009, 99.992, 85.184, 152.602
46, 230.000, 11.702, -76.485, 41.207, 42.499, -3.668, 0.010, 44.010, -94.933
46, 325.000,13.523, -79.820, 5925.524, 78.675, -227.229, 99.992, 87.676, -160.902
47, 230.000, -44.478, 28.677, 33.866, -25.569, 41.436, 0.010, 34.820, 31.677
47, 325.000,-46.366, 30.685, 5928.538, -111.667, 97.832, 99.992, 88.566, 48.778
48, 230.000, -54.172, 58.509, 18.495, -55.945, 6.764, 0.010, 18.170, 83.106
48, 325.000,-58.431, 61.429, 5922.873, -229.222, 191.244, 99.992, 87.115, 50.161
49, 230.000, -35.913, 55.125, 26.488, 43.221, -30.789, 0.010, 26.526, -125.465
49, 325.000,-35.628, 55.811, 5929.583, -35.563, 91.538, 99.992, 89.051, 21.232
50, 230.000, -9.202, 7.745, 55.074, -3.135, 21.786, 0.010, 68.216, 8.188
50, 630.000,-18.543, 17.782, 5620.742, -174.480, 176.825, 89.998, 87.469, 44.617
51, 230.000, -20.669, -61.680, 46.055, -37.364, -0.734, 0.010, 50.942, 91.126
51, 325.000,-22.468, -63.561, 5928.148, -85.232, -139.236, 99.992, 88.423, 148.528
52, 230.000, -20.108, 91.488, 31.705, 2.784, 50.047, 0.010, 32.314, -3.183
52, 325.000,-21.920, 101.645, 5903.469, -107.085, 554.083, 99.991, 84.539, 10.938
53, 230.000, 13.857, -92.952, 1.139, 3.214, 59.212, 0.010, 1.100, -3.106
53, 325.000,15.219, -99.617, 5914.129, 77.248, -432.121, 99.992, 85.755, -169.865
54, 230.000, 82.948, -27.086, 19.098, -56.145, 0.824, 0.010, 18.784, 89.160
54, 325.000,86.248, -28.706, 5923.631, 263.008, -104.375, 99.991, 87.265, -111.646
55, 230.000, 26.288, 89.635, 31.853, -47.518, -15.653, 0.010, 32.484, 108.232
55, 325.000,27.170, 97.104, 5912.626, 86.484, 450.690, 99.992, 85.562, -10.863
56, 230.000, -53.515, -18.348, 10.775, 41.192, -41.289, 0.010, 10.467, -135.067
56, 325.000,-53.560, -20.124, 5929.537, -62.882, -78.981, 99.992, 89.025, 141.474
57, 230.000, -43.074, 47.720, 46.234, 0.540, -37.145, 0.010, 51.218, -179.168
57, 325.000,-44.318, 47.947, 5929.278, -94.032, 66.217, 99.992, 88.889, 54.847
58, 230.000, -81.852, 3.856, 34.049, -47.104, -11.814, 0.010, 35.035, 104.079
58, 325.000,-87.439, 3.682, 5921.506, -324.625, 0.536, 99.992, 86.862, 89.905
59, 230.000, 62.896, -50.459, 49.945, -3.966, -31.740, 0.010, 57.362, 172.878
59, 325.000,65.747, -53.834, 5923.918, 197.117, -194.800, 99.992, 87.322, -134.661
60, 230.000, -60.546, 6.591, 45.990, -4.786, -37.144, 0.010, 50.843, 172.658
60, 325.000,-62.362, 5.601, 5928.876, -131.829, -24.721, 99.992, 88.704, 100.621
61, 230.000, -31.521, 73.248, 23.703, -6.213, -54.011, 0.010, 23.556, 173.438
61, 325.000,-33.123, 74.831, 5927.151, -102.824, 167.173, 99.992, 88.103, 31.595
62, 230.000, 0.409, -9.169, 29.589, -37.278, -35.391, 0.010, 29.926, 133.513
62, 630.000,-3.441, -22.193, 5621.513, -50.974, -225.236, 89.999, 87.648, 167.248
63, 230.000, 45.380, -73.149, 0.896, -15.984, 57.108, 0.010, 0.866, 15.637
63, 325.000,47.486, -75.568, 5924.677, 151.750, -211.543, 99.992, 87.484, -144.346
64, 230.000, -53.627, 37.932, 52.824, -10.164, 24.979, 0.010, 62.955, 22.141
64, 325.000,-55.590, 39.879, 5927.847, -132.621, 112.299, 99.992, 88.321, 49.743
65, 230.000, 8.562, 82.581, 48.819, -8.729, 32.530, 0.010, 55.398, 15.022
65, 325.000,8.738, 87.901, 5921.737, 20.415, 319.732, 99.992, 86.903, -3.653
66, 230.000, 30.015, -70.889, 53.434, 23.773, -9.863, 0.010, 64.281, -112.534
66, 325.000,32.008, -74.152, 5925.409, 111.879, -215.792, 99.992, 87.651, -152.595
67, 230.000, 28.717, -36.785, 34.905, 35.181, 32.582, 0.010, 36.052, -47.196
67, 325.000,30.474, -36.570, 5929.627, 89.330, -34.043, 99.992, 89.076, -110.862
68, 230.000, -2.797, 14.630, 1.783, 50.018, -31.823, 0.010, 1.723, -122.466
68, 630.000,0.186, 25.241, 5621.723, 27.076, 218.941, 89.992, 87.753, -7.050
69, 230.000, 14.584, -58.376, 8.304, 58.418, -6.003, 0.010, 8.049, -95.867
69, 325.000,16.836, -60.158, 5928.323, 90.975, -127.752, 99.992, 88.485, -144.545
70, 230.000, -36.711, -88.951, 26.675, -9.559, 52.103, 0.010, 26.728, 10.396
70, 325.000,-41.135, -97.399, 5904.077, -240.775, -502.946, 99.990, 84.605, 154.418
71, 230.000, 44.649, 40.845, 10.601, -30.367, 49.830, 0.010, 10.297, 31.359
71, 325.000,44.909, 43.545, 5928.493, 61.736, 137.009, 99.992, 88.548, -24.256
72, 230.000, -57.944, 75.634, 29.598, 9.037, 50.596, 0.010, 29.936, -10.127
72, 325.000,-63.880, 85.274, 5898.577, -340.458, 511.060, 99.994, 84.057, 33.671
73, 230.000, -19.915, 42.247, 27.395, -46.630, 24.348, 0.010, 27.510, 62.429
73, 325.000,-21.844, 43.968, 5928.894, -84.894, 102.902, 99.992, 88.711, 39.523
74, 230.000, 56.047, -5.520, 32.937, -27.389, -41.019, 0.010, 33.735, 146.268
74, 325.000,56.593, -6.958, 5929.588, 81.900, -53.357, 99.992, 89.056, -123.084
75, 230.000, 20.369, -87.654, 21.424, 53.167, -15.231, 0.010, 21.175, -105.986
75, 325.000,23.494, -94.516, 5914.410, 147.714, -409.134, 99.991, 85.794, -160.148
76, 230.000, 1.118, -47.112, 16.647, 56.400, -7.715, 0.010, 16.301, -97.790
76, 325.000,2.939, -48.414, 5929.331, 60.452, -94.814, 99.992, 88.914, -147.479
77, 230.000, -82.947, 18.452, 47.257, 30.998, -17.988, 0.010, 52.823, -120.125
77, 325.000,-86.561, 18.912, 5924.222, -266.320, 47.559, 99.992, 87.385, 79.875
78, 230.000, -8.012, -0.717, 14.397, 51.456, -25.741, 0.010, 14.049, -116.577
78, 630.000,-10.012, -4.366, 5625.533, -67.879, -53.877, 89.997, 89.117, 128.439
79, 230.000, -53.636, -58.942, 32.342, -49.455, 5.087, 0.010, 33.045, 84.128
79, 325.000,-57.645, -61.492, 5923.612, -219.734, -179.107, 99.992, 87.260, 129.184
80, 230.000, 53.906, 54.995, 54.024, -22.272, -10.147, 0.010, 65.628, 114.495
80, 325.000,55.428, 56.939, 5927.123, 131.100, 146.902, 99.992, 88.097, -41.747
81, 230.000, 13.522, -58.750, 54.810, 19.712, 11.177, 0.010, 67.538, -60.446
81, 325.000,14.510, -59.993, 5929.173, 48.490, -110.270, 99.992, 88.836, -156.263
82, 230.000, 46.885, -26.632, 1.620, -51.179, 29.928, 0.010, 1.565, 59.682
82, 325.000,46.385, -26.321, 5930.250, 36.702, -19.961, 99.992, 89.596, -118.540
83, 230.000, -36.709, -61.773, 50.379, -29.252, -11.133, 0.010, 58.149, 110.836
83, 325.000,-38.941, -64.335, 5926.622, -124.969, -170.561, 99.992, 87.957, 143.770
84, 230.000, -4.056, 51.581, 20.949, -28.848, -47.398, 0.010, 20.684, 148.674
84, 325.000,-5.068, 51.285, 5930.083, -37.509, 48.093, 99.992, 89.411, 37.951
85, 230.000, -69.335, 54.941, 16.013, -56.661, 7.127, 0.010, 15.664, 82.831
85, 325.000,-75.785, 58.882, 5914.975, -353.604, 240.188, 99.992, 85.867, 55.813
86, 230.000, -20.336, 77.927, 46.837, -34.728, -10.859, 0.010, 52.157, 107.364
86, 325.000,-22.369, 81.234, 5924.855, -100.947, 235.766, 99.992, 87.521, 23.179
87, 230.000, 1.367, -91.687, 57.880, -11.834, -5.247, 0.010, 77.393, 113.912
87, 325.000,1.115, -99.189, 5913.502, -5.979, -447.444, 99.992, 85.673, 179.234
88, 230.000, -9.426, -47.804, 51.838, 15.964, -23.992, 0.010, 60.929, -146.362
88, 325.000,-9.136, -49.654, 5929.309, -0.960, -113.483, 99.992, 88.903, 179.515
89, 230.000, -85.123, -41.275, 46.371, 3.736, 36.788, 0.010, 51.431, -5.798
89, 325.000,-93.342, -44.200, 5908.199, -475.384, -193.216, 99.993, 85.036, 112.119
90, 230.000, 33.439, -86.796, 38.590, -44.080, 9.239, 0.010, 40.591, 78.162
90, 325.000,34.983, -94.011, 5913.181, 123.974, -433.683, 99.990, 85.638, -164.047
91, 230.000, -0.827, 91.305, 5.103, -9.110, 58.383, 0.010, 4.935, 8.869
91, 325.000,-1.174, 100.435, 5909.016, -13.684, 503.203, 99.993, 85.131, 1.558
92, 230.000, -56.796, 19.973, 54.408, 4.022, 23.264, 0.010, 66.543, -9.808
92, 325.000,-58.212, 21.249, 5928.943, -113.728, 65.587, 99.992, 88.732, 60.028
93, 230.000, -10.610, 7.227, 47.664, -19.527, -29.402, 0.010, 53.479, 146.411
93, 630.000,-23.181, 10.935, 5620.916, -225.953, 87.044, 89.995, 87.533, 68.932
94, 230.000, -23.741, 31.764, 50.191, -16.604, -26.885, 0.010, 57.806, 148.301
94, 325.000,-24.772, 31.585, 5929.984, -62.121, 32.158, 99.992, 89.324, 62.631
95, 230.000, -56.887, -59.949, 40.051, -41.585, 13.575, 0.010, 42.476, 71.921
95, 325.000,-61.091, -62.594, 5922.610, -237.292, -189.691, 99.992, 87.064, 128.639
96, 230.000, -59.955, 37.143, 58.122, 10.599, 5.206, 0.010, 78.516, -63.841
96, 325.000,-61.674, 38.577, 5928.000, -137.638, 97.534, 99.992, 88.370, 54.678
97, 230.000, -80.296, 58.640, 56.394, 13.077, -12.899, 0.010, 71.959, -134.606
97, 325.000,-94.507, 68.920, 5863.638, -719.245, 521.671, 99.998, 81.384, 54.047
98, 230.000, 36.793, 40.378, 35.748, -39.512, -26.048, 0.010, 37.066, 123.394
98, 325.000,36.440, 40.540, 5930.102, 30.033, 50.890, 99.992, 89.429, -30.547
99, 230.000, 69.113, 43.230, 26.562, -52.825, 4.646, 0.010, 26.606, 84.974
99, 325.000,70.765, 45.440, 5926.290, 167.109, 144.106, 99.992, 87.868, -49.227
100, 230.000, 11.840, 77.585, 28.852, -49.076, 16.637, 0.010, 29.109, 71.273
100, 325.000,10.822, 81.496, 5925.078, -15.833, 250.733, 99.992, 87.572, 3.613
101, 230.000, 41.933, 35.658, 58.441, -9.782, 2.571, 0.010, 80.181, 75.272
101, 325.000,42.663, 36.622, 5929.526, 71.404, 71.994, 99.992, 89.020, -44.764
102, 230.000, -34.346, 79.104, 0.695, -23.693, 54.367, 0.010, 0.671, 23.547
102, 325.000,-37.175, 85.613, 5916.973, -158.956, 365.882, 99.992, 86.143, 23.482
103, 230.000, 17.291, 48.713, 11.392, 57.207, 10.731, 0.010, 11.074, -79.376
103, 325.000,19.522, 50.211, 5928.782, 91.964, 103.315, 99.992, 88.664, -41.673
104, 230.000, 10.068, -96.214, 39.385, 16.772, -41.051, 0.010, 41.610, -157.777
104, 325.000,11.838, -109.540, 5888.083, 86.778, -701.578, 99.991, 83.154, -172.949
105, 230.000, 6.687, -47.147, 40.958, 41.728, 9.944, 0.010, 43.675, -76.596
105, 325.000,8.161, -47.891, 5929.641, 55.539, -76.758, 99.992, 89.085, -144.112
106, 230.000, -52.573, -69.170, 53.670, 19.810, 15.645, 0.010, 64.810, -51.700
106, 325.000,-55.138, -72.868, 5922.258, -182.626, -251.280, 99.992, 86.997, 143.991
107, 230.000, -56.359, -0.232, 38.863, -35.673, -27.105, 0.010, 40.940, 127.228
107, 325.000,-58.927, -1.096, 5928.460, -148.828, -28.546, 99.992, 88.536, 100.858
108, 230.000, 6.998, -19.776, 24.778, -28.832, -45.524, 0.010, 24.694, 147.653
108, 325.000,6.246, -21.732, 5928.831, -1.596, -136.719, 99.992, 88.679, 179.331
109, 230.000, 81.025, -52.053, 44.272, 35.866, -16.470, 0.010, 48.284, -114.665
109, 325.000,91.744, -58.742, 5892.191, 569.233, -358.667, 99.995, 83.486, -122.215
110, 230.000, 64.047, 33.920, 43.255, 34.539, 21.301, 0.010, 46.828, -58.336
110, 325.000,67.478, 35.831, 5925.849, 203.868, 111.111, 99.992, 87.756, -61.409
111, 230.000, 16.318, 28.074, 24.830, 5.842, 53.544, 0.010, 24.750, -6.227
111, 325.000,16.849, 30.377, 5929.164, 39.941, 114.126, 99.992, 88.832, -19.289
112, 230.000, -10.293, -10.494, 12.178, 34.800, 46.458, 0.010, 11.849, -36.836
112, 630.000,-16.357, -15.426, 5623.285, -134.859, -120.280, 89.996, 88.159, 131.730
113, 230.000, 76.355, -12.211, 35.844, 8.032, -46.565, 0.010, 37.183, -170.214
113, 325.000,79.823, -14.182, 5925.279, 231.515, -84.439, 99.992, 87.618, -110.038
114, 230.000, -42.397, 35.391, 25.033, 32.433, -42.885, 0.010, 24.965, -142.901
114, 325.000,-42.412, 34.903, 5930.146, -48.588, 24.183, 99.992, 89.476, 63.540
115, 230.000, -59.872, -38.683, 45.818, 34.137, 15.907, 0.010, 50.580, -65.016
115, 325.000,-60.870, -39.521, 5928.756, -113.993, -80.060, 99.992, 88.654, 125.081
116, 230.000, -38.629, -64.777, 54.102, -5.739, -23.615, 0.010, 65.811, 166.341
116, 325.000,-40.344, -68.090, 5925.743, -113.852, -205.546, 99.992, 87.729, 151.018
117, 230.000, 74.973, -13.930, 21.480, 32.709, 44.569, 0.010, 21.233, -36.275
117, 325.000,79.062, -13.099, 5925.207, 248.052, 6.918, 99.992, 87.602, -88.402
118, 230.000, 30.078, -65.973, 16.949, 47.942, 30.528, 0.010, 16.605, -57.512
118, 325.000,32.674, -67.394, 5927.397, 127.834, -138.794, 99.992, 88.177, -137.354
119, 230.000, 33.185, 7.626, 35.057, 47.551, 5.246, 0.010, 36.234, -83.705
119, 325.000,35.399, 7.954, 5929.226, 115.970, 20.732, 99.992, 88.862, -79.864
120, 230.000, 26.910, 23.999, 43.094, -12.829, -38.678, 0.010, 46.601, 161.650
120, 325.000,27.072, 23.276, 5930.246, 41.086, 8.258, 99.992, 89.595, -78.636
121, 230.000, 63.352, 30.906, 37.913, 17.598, 42.078, 0.010, 39.735, -22.696
121, 325.000,66.100, 33.300, 5926.509, 177.101, 121.314, 99.992, 87.926, -55.589
122, 230.000, -40.858, -87.108, 51.188, 7.651, 28.964, 0.010, 59.662, -14.796
122, 325.000,-45.263, -96.116, 5902.311, -249.814, -519.067, 99.990, 84.426, 154.300
123, 230.000, 1.200, 59.758, 12.308, -36.395, 45.183, 0.010, 11.977, 38.852
123, 325.000,0.078, 62.819, 5927.820, -35.265, 171.157, 99.992, 88.311, 11.642
124, 230.000, -12.312, -5.958, 0.854, 59.127, -4.567, 0.010, 0.825, -94.417
124, 630.000,-17.578, -12.296, 5623.407, -134.066, -117.014, 89.998, 88.188, 131.115
125, 230.000, -1.262, 60.243, 26.771, 10.213, 51.929, 0.010, 26.832, -11.127
125, 325.000,-0.974, 63.544, 5927.652, 7.951, 180.212, 99.992, 88.257, -2.526
126, 230.000, 82.139, -1.528, 48.149, 33.751, -7.756, 0.010, 54.274, -102.942
126, 325.000,87.333, -1.846, 5922.170, 312.079, -13.300, 99.992, 86.981, -92.440
127, 230.000, 68.798, 38.714, 17.148, -39.763, 40.527, 0.010, 16.806, 44.455
127, 325.000,70.579, 41.688, 5925.918, 166.202, 159.470, 99.992, 87.774, -46.184
128, 230.000, -46.874, -56.819, 11.528, -43.550, -38.577, 0.010, 11.208, 131.535
128, 325.000,-50.036, -60.203, 5924.711, -172.371, -194.087, 99.992, 87.491, 138.391
129, 230.000, 72.403, -44.768, 5.095, -45.268, 37.980, 0.010, 4.928, 50.003
129, 325.000,74.969, -46.044, 5925.361, 212.333, -120.762, 99.992, 87.639, -119.629
130, 230.000, 51.527, 48.423, 46.277, 32.346, 18.161, 0.010, 51.285, -60.688
130, 325.000,54.338, 50.681, 5926.465, 163.486, 140.882, 99.992, 87.914, -49.247
131, 230.000, 41.591, 46.875, 42.232, 41.091, -6.757, 0.010, 45.403, -99.339
131, 325.000,44.080, 48.006, 5928.161, 132.598, 94.347, 99.992, 88.428, -54.567
132, 230.000, -32.197, -15.696, 36.349, -38.334, 26.960, 0.010, 37.798, 54.881
132, 325.000,-34.096, -15.168, 5929.501, -103.098, -2.766, 99.992, 89.004, 91.537
133, 230.000, -88.057, 3.049, 57.929, -2.308, 12.513, 0.010, 77.611, 10.451
133, 325.000,-93.853, 3.632, 5919.183, -363.476, 25.731, 99.991, 86.477, 85.951
134, 230.000, -55.508, 70.781, 16.712, 42.083, -38.306, 0.010, 16.366, -132.310
134, 325.000,-58.089, 74.545, 5921.191, -195.885, 266.049, 99.992, 86.806, 36.363
135, 230.000, -38.411, 45.857, 25.887, -23.132, 48.087, 0.010, 25.879, 25.690
135, 325.000,-40.192, 48.631, 5927.699, -104.040, 145.447, 99.992, 88.272, 35.577
136, 230.000, 50.470, -43.843, 24.852, -47.573, -25.236, 0.010, 24.773, 117.945
136, 325.000,50.539, -46.003, 5928.660, 66.668, -127.143, 99.992, 88.613, -152.330
137, 230.000, 50.431, 48.386, 34.340, -47.086, -11.016, 0.010, 35.380, 103.168
137, 325.000,50.627, 49.650, 5929.001, 73.225, 105.833, 99.992, 88.757, -34.679
138, 230.000, -76.012, -48.926, 33.806, 41.040, -26.277, 0.010, 34.750, -122.630
138, 325.000,-80.296, -53.303, 5917.796, -297.178, -247.148, 99.992, 86.263, 129.749
139, 230.000, -21.635, -70.816, 22.629, -52.563, 15.577, 0.010, 22.429, 73.493
139, 325.000,-24.106, -73.007, 5926.764, -113.006, -173.886, 99.992, 87.996, 146.981
140, 230.000, 73.315, -3.137, 26.079, -43.630, 30.560, 0.010, 26.085, 54.991
140, 325.000,74.624, -2.291, 5928.554, 145.784, 23.709, 99.992, 88.573, -80.763
141, 230.000, 19.744, 83.225, 14.506, -57.505, 0.667, 0.010, 14.157, 89.335
141, 325.000,19.082, 87.994, 5922.346, 12.449, 308.850, 99.992, 87.012, -2.308
142, 230.000, 71.076, -40.681, 30.472, -48.404, -15.688, 0.010, 30.916, 107.958
142, 325.000,73.023, -43.148, 5925.746, 181.285, -149.345, 99.992, 87.730, -129.482
143, 230.000, -15.495, -65.792, 17.816, 48.354, -29.362, 0.010, 17.481, -121.268
143, 325.000,-14.464, -68.825, 5927.478, 13.839, -185.503, 99.992, 88.203, -175.734
144, 230.000, 42.225, -87.115, 3.235, 17.580, -56.552, 0.010, 3.126, -162.732
144, 325.000,48.165, -99.983, 5884.651, 311.710, -664.834, 99.988, 82.887, -154.880
145, 230.000, 48.513, 40.806, 5.734, 23.381, -54.204, 0.010, 5.548, -156.667
145, 325.000,50.652, 40.263, 5928.894, 129.517, 32.213, 99.992, 88.710, -76.033
146, 230.000, -3.021, 75.623, 28.007, -27.275, -44.602, 0.010, 28.178, 148.553
146, 325.000,-3.995, 77.184, 5928.080, -36.831, 161.642, 99.992, 88.398, 12.836
147, 230.000, 16.902, 36.810, 38.858, -29.825, 33.439, 0.010, 40.933, 41.730
147, 325.000,16.314, 38.658, 5929.497, 0.521, 103.155, 99.992, 89.003, -0.289
148, 230.000, -83.643, 31.101, 4.203, 57.852, -12.375, 0.010, 4.064, -102.074
148, 325.000,-87.466, 32.805, 5922.131, -289.858, 117.450, 99.991, 86.977, 67.942
149, 230.000, -18.912, -71.405, 53.682, 22.324, 11.725, 0.010, 64.839, -62.292
149, 325.000,-18.922, -73.710, 5927.673, -26.994, -177.669, 99.992, 88.264, 171.361
150, 230.000, 94.896, -8.851, 10.062, 17.404, 55.799, 0.010, 9.768, -17.323
150, 325.000,105.496, -8.095, 5901.250, 587.622, 6.555, 99.993, 84.313, -89.361
151, 230.000, 3.676, -67.980, 29.180, 5.807, 51.308, 0.010, 29.471, -6.457
151, 325.000,3.976, -68.519, 5929.442, 14.626, -105.349, 99.992, 88.972, -172.096
152, 230.000, -3.834, -10.963, 35.513, 47.137, 5.878, 0.010, 36.782, -82.892
152, 630.000,-2.214, -21.020, 5622.877, 3.144, -193.310, 89.997, 88.031, -179.068
153, 230.000, 62.763, 30.129, 57.000, -15.225, 6.070, 0.010, 73.958, 68.263
153, 325.000,64.379, 31.324, 5928.289, 136.715, 79.559, 99.992, 88.472, -59.803
154, 230.000, -56.359, -22.596, 33.846, 26.754, -40.698, 0.010, 34.797, -146.680
154, 325.000,-57.055, -24.500, 5929.044, -89.812, -89.353, 99.992, 88.776, 134.853
155, 230.000, -86.562, -48.699, 18.738, -20.104, 52.558, 0.010, 18.417, 20.932
155, 325.000,-102.736, -55.909, 5862.891, -805.555, -384.585, 99.994, 81.343, 115.521
156, 230.000, 22.840, -55.057, 54.924, -17.894, -13.446, 0.010, 67.828, 126.921
156, 325.000,22.890, -56.960, 5928.962, 28.471, -127.295, 99.992, 88.740, -167.393
157, 230.000, 89.448, 37.575, 56.477, 0.326, 18.108, 0.010, 72.220, -1.030
157, 325.000,100.825, 42.893, 5891.461, 617.251, 278.532, 99.987, 83.443, -65.713
158, 230.000, 17.022, 21.908, 44.782, -30.681, -23.893, 0.010, 49.030, 127.909
158, 325.000,16.426, 21.639, 5930.269, 15.747, 36.902, 99.992, 89.612, -23.110
159, 230.000, 46.028, -33.961, 57.299, -11.962, 9.561, 0.010, 75.037, 51.365
159, 325.000,46.829, -34.529, 5929.585, 79.152, -57.639, 99.992, 89.054, -126.062
160, 230.000, 73.853, 19.239, 23.322, -54.194, -6.058, 0.010, 23.156, 96.378
160, 325.000,75.091, 19.814, 5928.325, 149.293, 47.320, 99.992, 88.487, -72.413
161, 230.000, 39.803, -6.695, 49.693, -17.626, -27.158, 0.010, 56.914, 147.015
161, 325.000,40.091, -7.699, 5929.985, 56.535, -40.757, 99.992, 89.327, -125.789
162, 230.000, 10.669, 83.757, 47.023, -35.901, 4.194, 0.010, 52.452, 83.337
162, 325.000,10.139, 88.463, 5922.593, 0.389, 304.311, 99.992, 87.059, -0.073
163, 230.000, -13.837, -38.570, 29.093, 43.823, -27.400, 0.010, 29.375, -122.015
163, 325.000,-12.737, -40.267, 5929.518, 19.732, -100.061, 99.992, 89.015, -168.845
164, 230.000, -10.453, 75.099, 15.934, -33.965, 45.937, 0.010, 15.584, 36.478
164, 325.000,-11.946, 79.597, 5924.260, -65.280, 261.680, 99.992, 87.393, 14.007
165, 230.000, 14.014, 16.734, 42.914, -5.535, 40.563, 0.010, 46.349, 7.770
165, 325.000,14.179, 18.442, 5929.163, 50.438, 112.214, 99.993, 88.811, -24.203
166, 230.000, -6.383, 79.609, 36.731, 43.488, 16.651, 0.010, 38.266, -69.048
166, 325.000,-5.319, 83.787, 5924.343, 25.664, 266.462, 99.991, 87.413, -5.501
167, 230.000, -25.873, 58.028, 1.262, -57.368, -14.998, 0.010, 1.219, 104.651
167, 325.000,-28.447, 59.242, 5928.213, -116.203, 111.357, 99.992, 88.445, 46.220
168, 230.000, -34.055, -58.372, 36.967, 37.914, 26.714, 0.010, 38.556, -54.832
168, 325.000,-33.932, -59.365, 5929.289, -39.521, -107.549, 99.992, 88.893, 159.823
169, 230.000, -46.747, -22.424, 43.685, -0.102, -40.115, 0.010, 47.440, 179.854
169, 325.000,-47.860, -24.226, 5929.138, -88.604, -83.977, 99.992, 88.820, 133.464
170, 230.000, -1.836, 13.931, 53.970, 15.290, 19.264, 0.010, 65.501, -38.440
170, 630.000,-1.884, 29.657, 5618.876, -9.768, 285.550, 89.995, 87.089, 1.959
171, 230.000, 42.604, 29.303, 38.516, 23.193, -38.681, 0.010, 40.497, -149.053
171, 325.000,44.345, 28.769, 5929.457, 104.447, 15.283, 99.992, 88.980, -81.676
172, 230.000, -12.786, 83.949, 12.209, 12.432, -56.692, 0.010, 11.879, -167.632
172, 325.000,-13.095, 86.754, 5925.466, -32.504, 239.664, 99.992, 87.663, 7.723
173, 230.000, -55.470, -30.414, 53.409, -24.240, 8.807, 0.010, 64.225, 70.032
173, 325.000,-57.840, -31.018, 5928.322, -146.108, -57.165, 99.992, 88.484, 111.368
174, 230.000, -97.543, 8.297, 56.674, -13.471, 11.145, 0.010, 72.856, 50.399
174, 325.000,-111.952, 9.820, 5881.593, -754.303, 74.876, 99.986, 82.656, 84.331
175, 230.000, 66.709, -9.935, 17.787, 34.146, -45.114, 0.010, 17.452, -142.879
175, 325.000,69.931, -11.679, 5926.832, 193.130, -70.432, 99.992, 88.013, -110.036
176, 230.000, -30.157, -51.418, 18.855, 46.129, 32.159, 0.010, 18.537, -55.117
176, 325.000,-29.494, -51.762, 5929.950, -13.642, -71.469, 99.992, 89.297, 169.193
177, 230.000, -16.273, 12.019, 0.623, 58.683, 8.579, 0.010, 0.602, -81.683
177, 630.000,-25.061, 24.390, 5617.573, -199.982, 228.335, 89.983, 86.907, 41.213
178, 230.000, 76.893, -13.616, 31.853, 44.248, -23.347, 0.010, 32.484, -117.818
178, 325.000,81.642, -14.942, 5923.519, 277.983, -65.485, 99.992, 87.240, -103.256
179, 230.000, 32.244, 38.203, 35.989, 7.514, -46.540, 0.010, 37.358, -170.829
179, 325.000,33.224, 37.606, 5929.963, 67.914, 23.076, 99.992, 89.307, -71.233
180, 230.000, -93.013, -31.750, 40.842, 42.991, 1.171, 0.010, 43.521, -88.440
180, 325.000,-105.359, -36.367, 5887.228, -671.056, -243.547, 99.990, 83.086, 109.947
181, 230.000, 36.077, -90.023, 30.143, 42.884, 27.749, 0.010, 30.546, -57.095
181, 325.000,41.890, -100.475, 5894.127, 292.127, -584.646, 99.987, 83.673, -153.450
182, 230.000, 1.711, 55.841, 47.488, 34.485, -8.561, 0.010, 53.195, -103.942
182, 325.000,2.844, 56.972, 5929.412, 39.075, 100.665, 99.992, 88.957, -21.215
183, 230.000, -57.570, -56.360, 46.739, -35.464, -8.685, 0.010, 52.004, 103.761
183, 325.000,-61.406, -59.305, 5923.193, -221.987, -189.990, 99.992, 87.176, 130.559
184, 230.000, -81.431, 49.033, 20.756, -41.383, 37.071, 0.010, 20.485, 48.146
184, 325.000,-91.345, 55.372, 5896.957, -533.051, 333.958, 99.992, 83.911, 57.933
185, 230.000, 4.832, -34.884, 21.156, 23.592, -50.135, 0.010, 20.898, -154.799
185, 325.000,5.687, -37.218, 5929.081, 33.974, -120.245, 99.992, 88.793, -164.223
186, 230.000, 69.132, -48.157, 7.879, -55.455, 19.502, 0.010, 7.634, 70.625
186, 325.000,71.064, -50.099, 5925.732, 182.908, -147.552, 99.992, 87.729, -128.893
187, 230.000, 67.448, -17.861, 30.878, -48.493, 14.584, 0.010, 31.374, 73.262
187, 325.000,68.153, -17.993, 5929.269, 112.261, -27.913, 99.992, 88.882, -103.963
188, 230.000, 44.921, 43.133, 30.342, -31.132, -40.346, 0.010, 30.769, 142.346
188, 325.000,45.190, 43.061, 5929.857, 62.780, 49.432, 99.992, 89.228, -51.783
189, 230.000, 12.534, 3.038, 54.303, -21.650, -10.005, 0.010, 66.289, 114.802
189, 630.000,22.313, 4.867, 5622.624, 197.197, 40.341, 89.998, 87.950, -78.438
190, 230.000, 0.715, 93.760, 2.091, -30.554, -50.791, 0.010, 2.020, 148.971
190, 325.000,-0.156, 100.636, 5914.000, -28.780, 440.051, 99.993, 85.736, 3.742
191, 230.000, 15.856, -73.179, 48.368, 17.561, -29.492, 0.010, 54.638, -149.229
191, 325.000,17.027, -76.972, 5925.487, 62.170, -233.043, 99.992, 87.669, -165.063
192, 230.000, -72.805, -32.048, 25.856, -33.460, 41.588, 0.010, 25.846, 38.819
192, 325.000,-77.160, -32.204, 5924.398, -260.854, -55.744, 99.992, 87.422, 102.063
193, 230.000, 17.639, -73.350, 48.391, -34.185, -2.703, 0.010, 54.678, 94.521
193, 325.000,17.265, -76.322, 5926.808, 13.116, -205.953, 99.992, 88.006, -176.356
194, 230.000, 57.886, -34.320, 59.301, 0.714, -0.750, 0.010, 88.999, -136.408
194, 325.000,59.737, -35.429, 5928.296, 135.659, -80.772, 99.992, 88.474, -120.770
195, 230.000, -85.793, 14.050, 52.942, -18.881, -18.929, 0.010, 63.206, 135.073
195, 325.000,-91.668, 14.332, 5919.480, -357.633, 35.309, 99.991, 86.526, 84.361
196, 230.000, -17.543, 96.984, 18.576, 39.266, -40.383, 0.010, 18.253, -135.803
196, 325.000,-19.032, 110.470, 5885.296, -96.751, 724.415, 99.995, 82.921, 7.607
197, 230.000, 0.400, 61.854, 49.539, -3.055, 32.468, 0.010, 56.643, 5.375
197, 325.000,0.315, 64.626, 5928.070, -2.314, 166.043, 99.992, 88.395, 0.799
198, 230.000, -86.140, 5.964, 22.756, 48.124, -26.152, 0.010, 22.562, -118.521
198, 325.000,-89.667, 5.500, 5924.087, -273.273, -5.155, 99.991, 87.358, 91.081
199, 230.000, 4.201, -41.060, 3.314, 58.931, 5.816, 0.010, 3.203, -84.364
199, 325.000,6.175, -41.752, 5929.579, 68.925, -70.304, 99.992, 89.049, -135.567
200, 230.000, 92.304, 35.892, 8.078, 55.893, -18.121, 0.010, 7.828, -107.963
200, 325.000,110.400, 41.741, 5855.544, 887.379, 302.197, 99.982, 80.905, -71.194
201, 230.000, -40.866, 81.642, 45.827, -37.636, -1.036, 0.010, 50.594, 91.577
201, 325.000,-45.224, 88.014, 5913.210, -233.810, 386.166, 99.992, 85.634, 31.193
202, 230.000, 60.102, 71.907, 16.857, 42.928, -37.291, 0.010, 16.512, -130.980
202, 325.000,66.954, 77.397, 5908.775, 368.803, 346.765, 99.993, 85.103, -46.764
203, 230.000, -36.391, 32.876, 33.703, 43.220, 22.667, 0.010, 34.629, -62.325
203, 325.000,-35.849, 34.346, 5929.749, -22.846, 84.521, 99.992, 89.154, 15.125
204, 230.000, -63.082, -45.772, 34.141, -35.968, 32.532, 0.010, 35.144, 47.872
204, 325.000,-66.915, -46.720, 5925.258, -224.709, -101.630, 99.991, 87.617, 114.336
205, 230.000, 10.326, 43.378, 19.194, -45.666, -32.617, 0.010, 18.882, 125.536
205, 325.000,9.096, 43.285, 5930.149, -28.211, 46.462, 99.992, 89.475, 31.265
206, 230.000, 6.935, 94.817, 24.557, -20.988, -49.740, 0.010, 24.459, 157.123
206, 325.000,6.994, 102.824, 5909.954, 17.418, 491.238, 99.991, 85.245, -2.031
207, 230.000, -50.235, -78.285, 31.230, -36.924, 34.335, 0.010, 31.774, 47.081
207, 325.000,-55.738, -84.055, 5911.537, -297.680, -366.119, 99.990, 85.436, 140.887
208, 230.000, 41.418, 34.662, 50.699, -22.075, -21.446, 0.010, 58.740, 134.172
208, 325.000,41.726, 34.826, 5929.960, 56.654, 44.336, 99.992, 89.305, -51.954
209, 230.000, 85.553, 22.094, 56.653, 2.175, 17.418, 0.010, 72.785, -7.117
209, 325.000,91.263, 24.087, 5918.631, 357.027, 110.031, 99.992, 86.388, -72.871
210, 230.000, 96.316, -6.288, 57.889, -3.100, -12.527, 0.010, 77.433, 166.099
210, 325.000,107.664, -7.411, 5896.975, 627.196, -54.560, 99.995, 83.906, -94.972
211, 230.000, 36.999, 62.794, 43.694, -28.142, -28.573, 0.010, 47.452, 135.435
211, 325.000,37.453, 64.165, 5928.547, 66.289, 132.522, 99.992, 88.568, -26.575
212, 230.000, 28.694, -10.410, 37.059, -38.105, 26.311, 0.010, 38.670, 55.376
212, 325.000,28.105, -9.798, 5930.318, 30.377, 2.156, 99.992, 89.706, -85.941
213, 230.000, -17.726, 2.306, 46.312, 36.740, 4.796, 0.010, 51.338, -82.562
213, 630.000,-30.658, 5.073, 5619.483, -265.352, 49.440, 89.989, 87.250, 79.446
214, 230.000, 47.707, 15.822, 31.924, -47.186, 16.492, 0.010, 32.565, 70.735
214, 325.000,47.310, 16.710, 5930.076, 40.254, 46.623, 99.992, 89.405, -40.808
215, 230.000, -33.088, 57.343, 34.907, -4.226, 47.763, 0.010, 36.054, 5.057
215, 325.000,-34.253, 60.639, 5927.050, -80.809, 182.110, 99.992, 88.075, 23.929
216, 230.000, 16.408, 88.810, 49.792, -21.919, 23.620, 0.010, 57.091, 42.862
216, 325.000,16.949, 96.103, 5914.760, 51.126, 427.580, 99.992, 85.836, -6.818
217, 230.000, -59.202, 57.449, 25.833, 29.677, 44.380, 0.010, 25.821, -33.770
217, 325.000,-61.277, 61.744, 5923.119, -168.669, 240.640, 99.992, 87.160, 35.027
218, 230.000, 36.289, 57.702, 53.914, 20.183, 14.267, 0.010, 65.371, -54.744
218, 325.000,38.103, 60.025, 5927.465, 107.501, 152.380, 99.992, 88.198, -35.202
219, 230.000, 68.828, 38.783, 55.215, 15.591, 15.028, 0.010, 68.586, -46.053
219, 325.000,72.388, 40.983, 5924.524, 226.960, 134.431, 99.992, 87.451, -59.361
220, 230.000, -34.713, 10.679, 37.392, -15.770, -43.253, 0.010, 39.083, 159.969
220, 325.000,-35.947, 9.528, 5929.743, -84.723, -23.988, 99.992, 89.149, 105.808
221, 230.000, -67.432, 63.261, 56.392, 18.317, 1.440, 0.010, 71.953, -85.506
221, 325.000,-72.501, 68.584, 5913.539, -316.062, 316.306, 99.993, 85.676, 44.978
222, 230.000, 5.798, -77.044, 0.704, 11.958, 58.088, 0.010, 0.680, -11.632
222, 325.000,6.412, -78.371, 5928.191, 29.056, -158.964, 99.992, 88.439, -169.642
223, 230.000, -27.773, 10.974, 56.151, 18.759, 3.578, 0.010, 71.217, -79.200
223, 325.000,-27.781, 11.327, 5930.118, -47.950, 30.536, 99.992, 89.451, 57.510
224, 230.000, 40.785, 73.672, 10.788, -13.141, -56.821, 0.010, 10.480, 166.978
224, 325.000,42.532, 75.796, 5925.728, 128.345, 197.004, 99.992, 87.728, -33.084
225, 230.000, -42.785, -16.086, 37.338, 8.528, -45.286, 0.010, 39.016, -169.335
225, 325.000,-43.459, -17.880, 5929.490, -69.817, -76.454, 99.992, 89.000, 137.598
226, 230.000, -33.623, -34.986, 45.114, -18.197, 33.930, 0.010, 49.521, 28.206
226, 325.000,-34.962, -34.705, 5929.767, -81.150, -29.723, 99.992, 89.165, 110.116
227, 230.000, 43.823, 85.431, 1.642, -55.730, 20.225, 0.010, 1.586, 70.054
227, 325.000,47.073, 95.676, 5899.988, 215.728, 558.410, 99.988, 84.206, -21.123
228, 230.000, -55.461, -16.032, 35.937, -45.322, -13.120, 0.010, 37.295, 106.145
228, 325.000,-58.349, -16.867, 5928.080, -159.182, -46.034, 99.992, 88.399, 106.129
229, 230.000, 21.318, 3.703, 54.634, 19.708, 12.014, 0.010, 67.098, -58.633
229, 325.000,22.475, 4.179, 5929.228, 111.818, 28.938, 99.990, 88.884, -75.490
230, 230.000, -80.249, 6.206, 55.413, -20.182, -6.307, 0.010, 69.114, 107.353
230, 325.000,-84.656, 6.302, 5923.908, -277.126, 13.174, 99.992, 87.319, 87.278
231, 230.000, -55.489, 34.009, 38.532, 40.250, 20.319, 0.010, 40.517, -63.215
231, 325.000,-55.876, 35.664, 5929.038, -81.791, 96.874, 99.992, 88.775, 40.174
232, 230.000, 18.542, 2.172, 48.471, -7.893, -33.255, 0.010, 54.811, 166.648
232, 630.000,35.418, 0.491, 5616.928, 322.868, -12.444, 89.997, 86.708, -92.207
233, 230.000, -58.064, -33.329, 17.592, -39.020, -41.056, 0.010, 17.254, 136.457
233, 325.000,-61.147, -35.689, 5926.521, -176.961, -120.998, 99.992, 87.928, 124.363
234, 230.000, -56.412, -76.819, 3.092, 12.453, 57.905, 0.010, 2.988, -12.138
234, 325.000,-61.805, -82.918, 5909.402, -315.394, -385.768, 99.991, 85.180, 140.731
235, 230.000, -5.290, 48.015, 14.674, -57.436, -1.845, 0.010, 14.325, 91.840
235, 325.000,-7.239, 49.046, 5929.355, -69.257, 86.994, 99.992, 88.926, 38.524
236, 230.000, 40.981, -21.273, 24.222, 9.079, -53.371, 0.010, 24.104, -170.345
236, 325.000,42.182, -23.445, 5929.041, 84.689, -94.333, 99.992, 88.775, -138.084
237, 230.000, -24.927, 57.530, 7.313, 14.211, -57.116, 0.010, 7.082, -166.028
237, 325.000,-25.177, 57.335, 5929.938, -38.278, 63.099, 99.992, 89.287, 31.242
238, 230.000, -10.612, -10.754, 14.745, -57.107, -6.250, 0.010, 14.395, 96.246
238, 630.000,-27.369, -21.862, 5615.212, -282.678, -205.790, 89.993, 86.437, 126.055
239, 230.000, -65.666, 14.885, 5.320, 26.567, -52.759, 0.010, 5.146, -153.272
239, 325.000,-66.879, 13.681, 5929.059, -124.105, -20.493, 99.992, 88.785, 99.376
240, 230.000, 66.918, 56.047, 31.115, 48.352, -14.546, 0.010, 31.642, -106.744
240, 325.000,72.637, 59.133, 5918.111, 319.283, 209.226, 99.992, 86.309, -56.763
241, 230.000, 6.564, 93.948, 32.032, -4.476, 49.715, 0.010, 32.689, 5.145
241, 325.000,7.072, 104.684, 5901.587, 32.274, 583.347, 99.993, 84.346, -3.167
242, 230.000, 1.755, -23.142, 8.808, 45.945, 36.457, 0.010, 8.540, -51.569
242, 325.000,3.279, -22.541, 5929.823, 58.359, -57.459, 99.991, 89.209, -134.555
243, 230.000, 85.842, -19.156, 9.152, 1.368, 58.583, 0.010, 8.876, -1.338
243, 325.000,91.390, -18.568, 5920.047, 349.586, -15.724, 99.991, 86.617, -92.575
244, 230.000, -39.438, -19.536, 43.821, -1.741, -39.929, 0.010, 47.634, 177.503
244, 325.000,-40.353, -21.229, 5929.430, -74.212, -77.213, 99.992, 88.965, 136.136
245, 230.000, 25.450, -14.360, 19.711, -19.644, -52.376, 0.010, 19.411, 159.441
245, 325.000,25.374, -16.349, 5929.577, 40.982, -90.042, 99.992, 89.044, -155.528
246, 230.000, 30.592, -38.986, 43.993, -3.567, -39.617, 0.010, 47.881, 174.855
246, 325.000,31.186, -41.142, 5929.066, 53.332, -113.672, 99.992, 88.787, -154.865
247, 230.000, -64.802, -42.063, 0.174, -4.559, -59.134, 0.010, 0.168, 175.592
247, 325.000,-67.691, -45.706, 5924.287, -195.085, -185.490, 99.992, 87.398, 133.556
248, 230.000, 78.912, 37.788, 54.971, -21.002, -7.399, 0.010, 67.949, 109.408
248, 325.000,83.179, 39.913, 5921.579, 290.629, 141.978, 99.992, 86.873, -63.964
249, 230.000, 54.524, 34.999, 47.863, -5.778, 34.545, 0.010, 53.804, 9.495
249, 325.000,55.975, 37.134, 5928.162, 115.893, 114.140, 99.992, 88.428, -45.437
250, 230.000, 8.740, -37.577, 15.331, 40.760, -40.265, 0.010, 14.981, -134.650
250, 325.000,10.226, -39.657, 5929.044, 58.658, -112.134, 99.992, 88.777, -152.386
251, 230.000, -23.103, -33.243, 38.927, -28.090, -34.832, 0.010, 41.021, 141.115
251, 325.000,-24.488, -35.059, 5929.159, -71.815, -97.546, 99.992, 88.830, 143.639
252, 230.000, 3.852, -77.572, 8.419, -27.500, 51.870, 0.010, 8.160, 27.931
252, 325.000,3.148, -79.165, 5927.948, -17.677, -169.511, 99.992, 88.353, 174.047
253, 230.000, -22.756, 81.845, 39.575, -36.704, 24.582, 0.010, 41.856, 56.189
253, 325.000,-25.185, 87.249, 5920.058, -122.626, 327.768, 99.992, 86.617, 20.512
254, 230.000, 56.139, 65.642, 2.623, -33.336, 48.984, 0.010, 2.535, 34.237
254, 325.000,58.474, 71.110, 5919.794, 181.250, 304.852, 99.992, 86.571, -30.734
255, 230.000, -74.441, -35.253, 27.826, -17.563, 49.345, 0.010, 27.980, 19.592
255, 325.000,-78.718, -35.481, 5923.996, -267.535, -66.069, 99.992, 87.337, 103.872
256, 230.000, 30.488, -85.683, 29.086, 26.631, 44.300, 0.010, 29.367, -31.013
256, 325.000,33.592, -90.746, 5917.960, 167.809, -345.215, 99.992, 86.289, -154.076
257, 230.000, -58.742, 5.314, 52.670, -6.398, 26.505, 0.010, 62.630, 13.571
257, 325.000,-60.504, 6.291, 5928.918, -126.603, 38.330, 99.992, 88.722, 73.156
258, 230.000, 33.596, -68.077, 25.775, 48.530, -22.319, 0.010, 25.759, -114.698
258, 325.000,36.485, -71.545, 5924.623, 146.297, -216.897, 99.992, 87.472, -146.000
259, 230.000, -65.721, 0.195, 0.306, -19.254, -56.097, 0.010, 0.296, 161.056
259, 325.000,-68.346, -1.577, 5927.684, -169.631, -57.902, 99.992, 88.268, 108.847
260, 230.000, 81.308, 12.348, 0.362, 55.895, -19.831, 0.010, 0.350, -109.534
260, 325.000,87.211, 12.358, 5920.880, 335.251, 21.108, 99.992, 86.753, -86.397
261, 230.000, -24.358, -49.657, 35.032, -43.754, -19.391, 0.010, 36.204, 113.901
261, 325.000,-26.355, -51.518, 5928.501, -93.101, -117.484, 99.992, 88.552, 141.605
262, 230.000, -21.887, -90.137, 37.395, 45.717, 5.399, 0.010, 39.088, -83.265
262, 325.000,-22.354, -97.647, 5913.012, -61.976, -449.745, 99.992, 85.610, 172.154
263, 230.000, 93.152, -24.725, 54.091, 23.358, 6.793, 0.010, 65.785, -73.784
263, 325.000,104.896, -27.451, 5894.513, 633.676, -154.297, 99.995, 83.686, -103.685
264, 230.000, -79.645, 1.184, 31.178, 49.189, -11.225, 0.010, 31.714, -102.854
264, 325.000,-81.653, 0.886, 5927.314, -191.038, -8.161, 99.992, 88.152, 92.446
265, 230.000, -58.326, -19.561, 54.437, 22.470, -7.024, 0.010, 66.613, -107.359
265, 325.000,-59.234, -20.324, 5929.364, -99.500, -48.474, 99.992, 88.931, 115.974
266, 230.000, -1.930, 79.069, 33.987, 11.573, 47.208, 0.010, 34.963, -13.775
266, 325.000,-1.655, 84.125, 5923.096, 6.169, 294.179, 99.992, 87.156, -1.201
267, 230.000, -10.232, 3.172, 47.229, -34.031, 11.355, 0.010, 52.780, 71.548
267, 630.000,-24.109, 7.565, 5620.403, -242.150, 76.322, 89.995, 87.414, 72.506
268, 230.000, 23.493, 70.624, 33.422, -47.138, -13.362, 0.010, 34.300, 105.826
268, 325.000,22.905, 72.882, 5927.774, 13.884, 175.790, 99.992, 88.296, -4.516
269, 230.000, 42.150, 26.647, 53.907, 13.633, -20.636, 0.010, 65.354, -146.548
269, 325.000,43.554, 26.609, 5929.601, 92.739, 28.353, 99.992, 89.063, -73.000
270, 230.000, 72.863, 54.781, 48.553, 33.036, -8.302, 0.010, 54.948, -104.107
270, 325.000,79.555, 58.798, 5912.998, 379.120, 249.854, 99.992, 85.609, -56.614
271, 230.000, 81.883, 56.088, 5.857, -58.863, -4.302, 0.010, 5.668, 94.180
271, 325.000,94.345, 65.690, 5873.306, 657.787, 489.258, 99.987, 82.054, -53.358
272, 230.000, -64.870, -60.067, 11.072, -28.927, -50.579, 0.010, 10.759, 150.234
272, 325.000,-70.160, -65.703, 5914.519, -305.409, -308.001, 99.992, 85.806, 135.242
273, 230.000, 25.459, 74.851, 22.216, 52.651, -15.873, 0.010, 21.999, -106.777
273, 325.000,28.239, 77.683, 5925.131, 132.799, 211.478, 99.992, 87.587, -32.127
274, 230.000, -3.298, -70.080, 24.544, 20.823, 49.816, 0.010, 24.446, -22.685
274, 325.000,-2.752, -70.852, 5929.195, 13.669, -118.542, 99.992, 88.847, -173.422
275, 230.000, 4.918, 86.038, 57.471, 14.277, -3.304, 0.010, 75.695, -103.030
275, 325.000,5.649, 91.013, 5921.460, 33.759, 323.637, 99.992, 86.855, -5.955
276, 230.000, -41.274, 33.590, 52.792, -21.857, -15.904, 0.010, 62.886, 126.042
276, 325.000,-42.961, 33.899, 5929.334, -101.573, 47.784, 99.992, 88.915, 64.806
277, 230.000, -29.248, 53.011, 45.798, 34.697, -14.709, 0.010, 50.550, -112.973
277, 325.000,-28.946, 53.985, 5929.590, -24.647, 94.637, 99.992, 89.055, 14.598
278, 230.000, 68.127, 58.519, 45.698, 31.539, -20.848, 0.010, 50.399, -123.465
278, 325.000,73.973, 62.067, 5916.223, 334.432, 236.466, 99.991, 86.040, -54.737
279, 230.000, 75.818, 56.165, 8.335, -13.659, 57.110, 0.010, 8.079, 13.450
279, 325.000,82.847, 63.423, 5903.918, 413.514, 378.078, 99.993, 84.579, -47.563
280, 230.000, 76.128, -43.495, 27.949, -52.036, -5.362, 0.010, 28.115, 95.883
280, 325.000,79.261, -46.370, 5922.597, 246.705, -178.029, 99.992, 87.059, -125.815
281, 230.000, 58.366, 51.651, 4.764, 59.030, 3.218, 0.010, 4.607, -86.880
281, 325.000,62.761, 54.001, 5923.546, 236.967, 158.310, 99.992, 87.246, -56.254
282, 230.000, 5.487, 52.439, 32.069, 31.406, -38.768, 0.010, 32.731, -140.989
282, 325.000,6.614, 52.459, 5929.942, 42.938, 59.449, 99.992, 89.291, -35.839
283, 230.000, -66.783, 65.255, 47.810, -19.062, 29.469, 0.010, 53.718, 32.897
283, 325.000,-73.464, 72.112, 5906.260, -376.814, 379.738, 99.993, 84.824, 44.779
284, 230.000, 90.265, -5.094, 53.706, 17.995, 17.593, 0.010, 64.893, -45.647
284, 325.000,97.523, -4.933, 5914.834, 429.642, -4.514, 99.993, 85.845, -90.602
285, 230.000, 93.216, -11.643, 39.997, -38.664, -20.567, 0.010, 42.405, 118.010
285, 325.000,100.621, -13.340, 5911.985, 459.225, -84.405, 99.992, 85.484, -100.415
286, 230.000, 43.380, -80.865, 29.163, 36.706, 36.329, 0.010, 29.453, -45.295
286, 325.000,47.961, -86.194, 5914.939, 247.195, -349.522, 99.992, 85.860, -144.731
287, 230.000, 22.079, -21.265, 29.192, 51.452, -4.262, 0.010, 29.485, -94.735
287, 325.000,24.193, -21.855, 5929.287, 102.669, -51.418, 99.992, 88.891, -116.602
288, 230.000, -4.300, 2.238, 13.101, -12.991, 56.367, 0.010, 12.761, 12.978
288, 630.000,-10.020, 10.889, 5623.768, -100.422, 130.414, 89.996, 88.324, 37.597
289, 230.000, 8.118, -49.501, 11.914, 38.394, -43.607, 0.010, 11.588, -138.638
289, 325.000,9.531, -52.045, 5928.538, 54.958, -137.883, 99.992, 88.566, -158.269
290, 230.000, 95.131, -29.337, 22.604, 2.877, -54.758, 0.010, 22.403, -176.992
290, 325.000,115.383, -37.178, 5839.254, 979.343, -359.965, 100.037, 79.869, -110.181
291, 230.000, 13.090, 18.534, 55.420, -5.044, -20.514, 0.010, 69.134, 166.187
291, 325.000,13.254, 18.339, 5929.906, 50.814, 57.105, 99.992, 89.261, -41.664
292, 230.000, -6.174, -11.105, 22.135, -31.349, -45.221, 0.010, 21.914, 145.268
292, 630.000,-15.752, -27.060, 5617.153, -162.392, -274.595, 89.997, 86.749, 149.400
293, 230.000, -53.285, 37.628, 26.874, -51.888, -10.151, 0.010, 26.943, 101.069
293, 325.000,-56.546, 38.454, 5927.354, -174.669, 74.696, 99.992, 88.164, 66.846
294, 230.000, -71.035, -62.778, 49.327, -27.847, 17.579, 0.010, 56.273, 57.738
294, 325.000,-79.077, -68.608, 5903.955, -440.643, -344.413, 99.991, 84.589, 128.012
295, 230.000, 52.343, 42.175, 56.479, -0.650, 18.093, 0.010, 72.226, 2.057
295, 325.000,53.979, 44.078, 5927.995, 121.459, 117.229, 99.992, 88.369, -46.015
296, 230.000, -84.710, 27.868, 7.171, -11.887, 57.662, 0.010, 6.945, 11.649
296, 325.000,-90.985, 31.596, 5915.468, -379.388, 181.784, 99.992, 85.932, 64.399
297, 230.000, -86.026, 38.718, 14.571, -17.985, 54.606, 0.010, 14.222, 18.230
297, 325.000,-95.086, 44.213, 5902.123, -507.743, 278.166, 99.994, 84.398, 61.284
298, 230.000, -61.481, 40.937, 12.240, 55.262, -17.718, 0.010, 11.909, -107.776
298, 325.000,-62.010, 41.890, 5928.816, -103.934, 89.124, 99.992, 88.677, 49.387
299, 230.000, -37.111, -45.037, 19.235, 4.961, 55.884, 0.010, 18.924, -5.073
299, 325.000,-37.917, -44.434, 5929.901, -69.370, -32.499, 99.992, 89.260, 115.102
300, 230.000, -57.984, 55.602, 53.400, -2.033, 25.729, 0.010, 64.205, 4.518
300, 325.000,-60.763, 59.006, 5923.983, -186.226, 203.529, 99.992, 87.334, 42.458
