ion,x0,y0,z0,vx0,vy0,vz0,ke0,elev0,azim0,x1,y1,z1,vx1,vy1,vz1,ke1,elev1,azim1
1, 230.000, -33.662, 48.937, 0.728, -56.832, -16.949, 0.010, 0.703, 106.606
1, 325.000,-36.377, 49.717, 5928.412, -128.610, 83.655, 99.992, 88.518, 56.958
2, 230.000, 93.353, -7.967, 31.082, -20.941, -45.968, 0.010, 31.605, 155.508
2, 325.000,101.229, -10.095, 5910.641, 475.364, -91.435, 99.993, 85.318, -100.888
3, 230.000, -38.363, 17.648, 18.415, -37.968, -41.676, 0.010, 18.089, 137.666
3, 325.000,-40.409, 16.703, 5929.347, -111.167, -10.187, 99.992, 88.921, 95.236
4, 230.000, 91.866, 3.066, 7.942, -55.905, -18.143, 0.010, 7.696, 107.980
4, 325.000,97.383, 2.750, 5918.376, 377.504, -4.691, 99.992, 86.350, -90.712
5, 230.000, 29.075, 48.787, 14.080, -13.455, 56.021, 0.010, 13.733, 13.505
5, 325.000,29.400, 51.829, 5928.174, 44.460, 156.092, 99.992, 88.432, -15.899
6, 230.000, -15.278, 39.849, 38.840, 42.890, -13.020, 0.010, 40.910, -106.887
6, 325.000,-14.247, 40.303, 5930.054, 15.663, 61.671, 99.992, 89.385, -14.250
7, 230.000, 75.422, 10.863, 48.384, -20.037, 27.841, 0.010, 54.666, 35.742
7, 325.000,77.830, 12.170, 5926.996, 191.581, 59.728, 99.992, 88.061, -72.684
8, 230.000, -5.958, 25.320, 2.301, 52.105, 28.238, 0.010, 2.223, -61.545
8, 325.000,-4.419, 26.814, 5929.338, 38.042, 105.715, 99.992, 88.914, -19.792
9, 230.000, -29.500, -55.361, 0.456, -48.321, -34.388, 0.010, 0.441, 125.437
9, 325.000,-31.891, -58.061, 5927.209, -114.774, -156.895, 99.992, 88.122, 143.813
10, 230.000, 62.535, 29.081, 48.837, 33.652, -0.419, 0.010, 55.429, -90.714
10, 325.000,65.675, 30.036, 5927.025, 187.169, 70.304, 99.992, 88.068, -69.413
11, 230.000, 41.635, -7.909, 43.074, 11.106, -39.230, 0.010, 46.573, -164.193
11, 325.000,42.894, -9.327, 5929.463, 89.360, -55.454, 99.992, 88.984, -121.822
12, 230.000, 13.905, -22.646, 4.829, -58.993, -3.766, 0.010, 4.670, 93.653
12, 325.000,12.333, -23.298, 5929.891, -19.779, -75.182, 99.992, 89.249, 165.261
13, 230.000, -73.434, -50.290, 42.844, -20.416, 35.570, 0.010, 46.251, 29.854
13, 325.000,-79.059, -52.617, 5918.365, -333.549, -175.973, 99.991, 86.354, 117.815
14, 230.000, 5.473, -47.377, 14.522, -42.283, -38.973, 0.010, 14.173, 132.667
14, 325.000,4.251, -49.699, 5928.902, -33.580, -128.751, 99.992, 88.714, 165.382
15, 230.000, -10.193, 30.109, 20.546, -54.208, -12.529, 0.010, 20.268, 103.014
15, 325.000,-12.148, 30.363, 5929.602, -79.928, 54.929, 99.992, 89.063, 55.502
16, 230.000, -34.034, -24.417, 47.695, -24.690, -25.165, 0.010, 53.529, 135.545
16, 325.000,-35.557, -25.746, 5929.292, -89.158, -71.689, 99.992, 88.895, 128.802
17, 230.000, 24.131, -80.113, 10.972, -54.474, -20.732, 0.010, 10.661, 110.836
17, 325.000,23.712, -85.011, 5922.625, 27.131, -302.372, 99.992, 87.066, -174.873
18, 230.000, 22.074, -46.838, 52.339, 17.862, -21.429, 0.010, 61.942, -140.187
18, 325.000,23.166, -48.635, 5929.035, 60.626, -111.586, 99.992, 88.773, -151.484
19, 230.000, 3.126, 85.880, 33.964, 42.788, -23.093, 0.010, 34.935, -118.357
19, 325.000,4.633, 90.141, 5922.651, 56.851, 297.525, 99.992, 87.072, -10.818
20, 230.000, -61.346, 3.574, 40.616, 42.946, 4.863, 0.010, 43.220, -83.540
20, 325.000,-61.684, 3.826, 5929.779, -84.547, 12.568, 99.992, 89.174, 81.545
21, 230.000, -74.565, 56.814, 58.035, -5.335, -11.003, 0.010, 78.102, 154.135
21, 325.000,-81.606, 61.722, 5909.139, -406.829, 293.933, 99.992, 85.145, 54.152
22, 230.000, -27.202, -58.342, 48.779, 21.632, 25.891, 0.010, 55.330, -39.879
22, 325.000,-27.321, -59.242, 5929.402, -37.527, -101.784, 99.992, 88.952, 159.762
23, 230.000, -34.539, 50.857, 15.898, 19.444, 53.729, 0.010, 15.548, -19.894
23, 325.000,-34.896, 53.993, 5927.871, -53.642, 164.497, 99.992, 88.328, 18.061
24, 230.000, -96.063, -22.066, 30.356, 13.898, 49.020, 0.010, 30.786, -15.829
24, 325.000,-110.462, -24.012, 5880.853, -756.139, -124.521, 99.998, 82.576, 99.352
25, 230.000, 44.181, -31.601, 49.818, -29.820, -12.108, 0.010, 57.136, 112.100
25, 325.000,44.324, -32.760, 5929.679, 54.942, -73.930, 99.992, 89.110, -143.382
26, 230.000, 30.227, -5.472, 38.500, -29.556, 34.086, 0.010, 40.476, 40.928
26, 325.000,29.955, -4.506, 5930.195, 43.873, 22.392, 99.992, 89.524, -62.961
27, 230.000, -73.539, -53.124, 37.814, -31.737, -32.872, 0.010, 39.610, 136.007
27, 325.000,-80.166, -58.217, 5911.596, -377.230, -283.066, 99.991, 85.439, 126.884
28, 230.000, 41.709, -3.568, 45.028, 4.577, -38.329, 0.010, 49.395, -173.191
28, 325.000,42.759, -4.862, 5929.628, 83.123, -46.451, 99.992, 89.080, -119.197
29, 230.000, -40.098, 76.481, 2.123, -30.728, -50.684, 0.010, 2.052, 148.773
29, 325.000,-43.413, 79.403, 5922.803, -184.493, 236.514, 99.992, 87.101, 37.956
30, 230.000, -77.612, -60.847, 48.630, 31.382, 12.957, 0.010, 55.079, -67.565
30, 325.000,-88.717, -69.899, 5881.650, -592.167, -476.747, 99.998, 82.635, 128.837
31, 230.000, -12.547, -6.469, 35.756, -29.755, -36.795, 0.010, 37.075, 141.039
31, 630.000,-34.856, -21.013, 3221.847, -354.337, -221.338, 30.009, 82.612, 121.991
32, 230.000, -82.224, 28.244, 57.022, -15.950, 3.426, 0.010, 74.034, 77.876
32, 325.000,-87.792, 30.093, 5919.463, -340.814, 114.901, 99.991, 86.523, 71.369
33, 230.000, -31.177, 62.077, 43.702, 23.119, 32.762, 0.010, 47.463, -35.210
33, 325.000,-31.499, 65.194, 5927.243, -52.297, 186.213, 99.992, 88.131, 15.687
34, 230.000, 64.621, -39.649, 2.384, -59.194, -2.834, 0.010, 2.304, 92.741
34, 325.000,65.294, -41.295, 5928.183, 116.652, -112.518, 99.992, 88.434, -133.967
35, 230.000, -80.213, -19.758, 10.527, 53.342, -23.695, 0.010, 10.224, -113.951
35, 325.000,-82.541, -21.482, 5925.955, -210.877, -90.672, 99.992, 87.782, 113.267
36, 230.000, 80.870, 1.303, 5.251, -39.009, 44.366, 0.010, 5.079, 41.324
36, 325.000,83.430, 2.754, 5926.272, 215.352, 50.713, 99.992, 87.862, -76.749
37, 230.000, -30.076, 86.436, 23.313, 53.254, 11.755, 0.010, 23.146, -77.552
37, 325.000,-30.808, 93.601, 5914.643, -86.478, 423.592, 99.993, 85.819, 11.539
38, 230.000, 6.696, -95.322, 37.868, 24.744, -38.358, 0.010, 39.678, -147.175
38, 325.000,8.185, -107.022, 5896.392, 67.901, -631.067, 99.994, 83.856, -173.859
39, 230.000, -85.379, -43.358, 49.930, -25.886, -18.829, 0.010, 57.336, 126.031
39, 325.000,-95.746, -48.794, 5896.423, -562.476, -291.716, 99.991, 83.867, 117.413
40, 230.000, -41.593, 66.093, 54.636, 22.434, -5.410, 0.010, 67.102, -103.558
40, 325.000,-42.672, 68.750, 5926.517, -99.456, 189.704, 99.991, 87.930, 27.667
41, 230.000, -85.675, -33.722, 6.456, -10.950, 57.931, 0.010, 6.250, 10.704
41, 325.000,-92.996, -34.690, 5913.829, -430.287, -103.177, 99.991, 85.721, 103.484
42, 230.000, -12.649, -30.816, 55.824, 6.338, 19.005, 0.010, 70.258, -18.444
42, 325.000,-12.722, -30.880, 5930.165, -21.268, -48.081, 99.992, 89.492, 156.139
43, 230.000, -17.668, -90.338, 54.442, -2.096, 23.436, 0.010, 66.626, 5.112
43, 325.000,-19.161, -96.929, 5915.243, -88.032, -413.824, 99.990, 85.909, 167.991
44, 230.000, 62.133, -63.266, 25.237, -20.903, 49.434, 0.010, 25.184, 22.921
44, 325.000,65.549, -65.875, 5922.149, 233.573, -208.057, 99.992, 86.977, -131.693
45, 230.000, -75.274, 55.997, 1.059, 55.768, -20.160, 0.010, 1.023, -109.875
45, 325.000,-80.347, 60.423, 5914.436, -337.861, 274.058, 99.992, 85.793, 50.953
46, 230.000, 16.644, 2.085, 38.429, 23.090, -38.829, 0.010, 40.386, -149.262
46, 630.000,43.738, -0.421, 3219.532, 437.634, -20.092, 30.016, 82.251, -92.629
47, 230.000, 43.155, 23.206, 56.028, 6.148, 18.458, 0.010, 70.851, -18.422
47, 325.000,44.344, 24.325, 5929.423, 87.284, 62.622, 99.992, 88.962, -54.342
48, 230.000, 44.331, -44.657, 7.604, 33.005, 48.688, 0.010, 7.366, -34.133
48, 325.000,46.649, -44.394, 5928.784, 130.268, -46.122, 99.992, 88.665, -109.497
49, 230.000, -2.733, 50.627, 39.025, -13.735, 42.498, 0.010, 41.146, 17.911
49, 325.000,-3.233, 53.170, 5928.711, -19.403, 139.973, 99.992, 88.635, 7.892
50, 230.000, 94.115, -0.180, 12.236, -0.003, 58.034, 0.010, 11.906, 0.003
50, 325.000,103.076, 1.573, 5907.316, 518.798, 60.897, 99.991, 84.947, -83.305
51, 230.000, 34.640, -9.665, 3.131, -56.588, 17.481, 0.010, 3.026, 72.833
51, 325.000,33.575, -9.314, 5930.378, 14.134, -2.176, 99.992, 89.862, -98.751
52, 230.000, -48.174, -30.462, 29.156, 50.741, 9.639, 0.010, 29.445, -79.244
52, 325.000,-47.794, -30.933, 5930.022, -43.207, -50.584, 99.992, 89.357, 139.497
53, 230.000, 50.446, -79.130, 20.546, 53.195, -16.304, 0.010, 20.268, -107.040
53, 325.000,56.880, -87.174, 5903.426, 335.178, -454.157, 99.990, 84.538, -143.572
54, 230.000, 80.171, -49.849, 11.090, -21.731, 54.059, 0.010, 10.777, 21.899
54, 325.000,87.121, -52.934, 5911.704, 417.720, -216.496, 99.992, 85.450, -117.397
55, 230.000, 65.939, -8.364, 20.157, 55.005, -9.262, 0.010, 19.868, -99.558
55, 325.000,69.760, -8.921, 5926.561, 211.222, -29.171, 99.992, 87.939, -97.863
56, 230.000, -59.980, 63.111, 17.101, -48.403, 29.705, 0.010, 16.759, 58.463
56, 325.000,-65.275, 68.024, 5916.350, -292.122, 284.926, 99.992, 86.054, 45.715
57, 230.000, 12.956, 91.729, 32.903, 48.701, -7.951, 0.010, 33.695, -99.273
57, 325.000,15.548, 99.294, 5911.770, 117.286, 455.138, 99.993, 85.454, -14.450
58, 230.000, 25.840, 89.247, 39.063, -32.577, 30.504, 0.010, 41.195, 46.883
58, 325.000,27.114, 98.014, 5908.867, 99.100, 494.501, 99.990, 85.122, -11.332
59, 230.000, 13.952, 77.599, 14.535, -4.925, -57.290, 0.010, 14.186, 175.086
59, 325.000,14.401, 79.155, 5927.821, 36.373, 170.969, 99.992, 88.311, -12.010
60, 230.000, 26.605, -85.643, 57.941, 6.378, -10.944, 0.010, 77.668, -149.767
60, 325.000,28.693, -92.070, 5916.386, 123.758, -388.231, 99.992, 86.060, -162.319
61, 230.000, 35.514, 3.285, 16.832, 56.267, 8.269, 0.010, 16.487, -81.639
61, 325.000,38.068, 3.619, 5928.980, 128.691, 15.093, 99.992, 88.748, -83.311
62, 230.000, -66.783, -64.113, 33.388, -45.537, 18.145, 0.010, 34.260, 68.274
62, 325.000,-73.899, -69.053, 5909.786, -387.803, -306.476, 99.993, 85.219, 128.319
63, 230.000, -23.769, 44.627, 54.839, 15.000, -16.892, 0.010, 67.611, -138.396
63, 325.000,-23.850, 45.135, 5929.946, -29.381, 66.832, 99.992, 89.295, 23.732
64, 230.000, 11.579, -32.821, 4.514, 59.071, 2.800, 0.010, 4.365, -87.286
64, 325.000,13.720, -33.434, 5929.426, 85.424, -64.524, 99.992, 88.966, -127.065
65, 230.000, -25.618, 12.036, 26.016, -52.435, 9.560, 0.010, 26.017, 79.667
65, 325.000,-27.861, 12.607, 5929.082, -118.587, 39.803, 99.992, 88.791, 71.446
66, 230.000, -36.946, 80.772, 5.325, 12.984, 57.625, 0.010, 5.151, -12.698
66, 325.000,-39.093, 88.131, 5914.541, -145.019, 408.197, 99.991, 85.811, 19.558
67, 230.000, -52.659, -64.889, 37.146, 3.205, -46.126, 0.010, 38.778, -176.026
67, 325.000,-55.377, -69.794, 5921.102, -182.279, -277.343, 99.992, 86.792, 146.686
68, 230.000, 23.171, -69.744, 32.052, 47.718, -14.605, 0.010, 32.712, -107.018
68, 325.000,25.542, -72.830, 5925.897, 111.902, -202.049, 99.992, 87.768, -151.021
69, 230.000, -42.334, 10.153, 12.084, -57.173, -10.141, 0.010, 11.756, 100.058
69, 325.000,-45.089, 10.052, 5928.790, -137.701, 8.309, 99.992, 88.667, 86.547
70, 230.000, 24.791, -1.127, 3.081, -18.377, 56.306, 0.010, 2.977, 18.076
70, 325.000,24.799, 0.659, 5929.710, 68.741, 57.270, 99.991, 89.136, -50.202
71, 230.000, -39.222, 73.674, 3.846, 9.970, 58.339, 0.010, 3.718, -9.698
71, 325.000,-41.012, 79.444, 5920.287, -127.978, 321.594, 99.992, 86.654, 21.700
72, 230.000, 27.938, -78.326, 7.997, 42.678, 40.401, 0.010, 7.749, -46.570
72, 325.000,30.706, -81.088, 5924.465, 140.239, -224.747, 99.991, 87.440, -148.036
73, 230.000, 79.226, -7.343, 24.779, -35.759, 40.310, 0.010, 24.696, 41.576
73, 325.000,81.640, -6.410, 5926.842, 204.387, 19.847, 99.992, 88.016, -84.454
74, 230.000, 43.422, 2.526, 15.441, -12.485, 55.887, 0.010, 15.091, 12.593
74, 325.000,43.974, 4.363, 5929.672, 68.297, 62.668, 99.992, 89.104, -47.461
75, 230.000, -12.266, 0.036, 47.258, -31.681, -16.751, 0.010, 52.826, 117.868
75, 630.000,-34.531, -2.287, 3229.807, -352.829, -29.352, 30.015, 83.744, 94.756
76, 230.000, -74.067, -28.433, 48.033, -34.538, -4.189, 0.010, 54.083, 96.916
76, 325.000,-78.512, -29.857, 5923.695, -266.253, -92.698, 99.992, 87.275, 109.196
77, 230.000, 70.438, -64.985, 56.274, 0.671, 18.719, 0.010, 71.590, -2.052
77, 325.000,78.226, -71.588, 5902.044, 435.933, -381.530, 99.992, 84.394, -131.193
78, 230.000, -64.305, -9.281, 53.313, 18.621, -18.128, 0.010, 64.013, -134.232
78, 325.000,-65.643, -10.129, 5928.957, -124.413, -39.584, 99.992, 88.739, 107.649
79, 230.000, -13.388, 20.705, 35.310, 14.773, -45.306, 0.010, 36.538, -161.941
79, 325.000,-13.245, 19.765, 5930.216, -36.506, 31.780, 99.992, 89.532, 48.959
80, 230.000, -36.239, -57.050, 4.540, 31.020, -50.346, 0.010, 4.390, -148.361
80, 325.000,-36.423, -60.480, 5927.190, -53.482, -187.466, 99.992, 88.116, 164.077
81, 230.000, 34.846, 62.210, 4.098, -38.418, -44.999, 0.010, 3.962, 139.511
81, 325.000,34.833, 62.931, 5929.224, 46.775, 108.099, 99.992, 88.862, -23.399
82, 230.000, -48.320, -37.229, 53.353, 25.485, 4.649, 0.010, 64.101, -79.662
82, 325.000,-48.846, -38.106, 5929.468, -74.976, -73.312, 99.992, 88.987, 134.357
83, 230.000, 6.496, 71.015, 48.971, -20.874, -26.149, 0.010, 55.657, 141.401
83, 325.000,6.068, 72.664, 5928.464, -5.437, 151.156, 99.992, 88.539, 2.060
84, 230.000, -38.569, -89.533, 22.631, -49.195, -24.193, 0.010, 22.431, 116.187
84, 325.000,-45.354, -102.582, 5881.557, -335.758, -682.888, 99.998, 82.628, 153.818
85, 230.000, 47.220, 47.222, 49.244, -20.453, 25.968, 0.010, 56.128, 38.225
85, 325.000,48.057, 49.519, 5928.167, 88.203, 136.491, 99.992, 88.430, -32.871
86, 230.000, -53.313, 59.406, 18.823, 52.134, 21.105, 0.010, 18.503, -67.961
86, 325.000,-54.099, 62.761, 5925.792, -110.331, 206.027, 99.992, 87.741, 28.170
87, 230.000, 72.667, -63.051, 48.611, 1.536, -33.946, 0.010, 55.045, -177.410
87, 325.000,81.198, -71.436, 5895.031, 470.969, -443.525, 99.993, 83.737, -133.281
88, 230.000, -16.821, 39.675, 28.593, 30.122, 42.340, 0.010, 28.823, -35.429
88, 325.000,-16.231, 41.890, 5929.227, -0.096, 117.740, 99.992, 88.862, 0.047
89, 230.000, -84.360, 51.705, 25.992, -24.409, -47.394, 0.010, 25.992, 152.750
89, 325.000,-99.396, 59.069, 5868.481, -755.289, 395.937, 99.982, 81.732, 62.336
90, 230.000, 55.876, 33.828, 41.837, 10.455, -40.718, 0.010, 44.862, -165.599
90, 325.000,57.891, 33.566, 5928.726, 136.622, 33.813, 99.992, 88.640, -76.099
91, 230.000, -59.308, 21.228, 14.873, 24.656, -51.851, 0.010, 14.523, -154.569
91, 325.000,-60.217, 20.190, 5929.511, -102.167, -8.112, 99.992, 89.010, 94.540
92, 230.000, -38.582, 11.579, 48.683, 31.588, 12.241, 0.010, 55.168, -68.818
92, 325.000,-38.411, 12.217, 5930.150, -41.415, 34.986, 99.992, 89.476, 49.810
93, 230.000, 12.437, 41.234, 37.258, -44.206, 13.239, 0.010, 38.917, 73.328
93, 325.000,11.304, 42.555, 5929.654, -22.556, 90.871, 99.992, 89.095, 13.940
94, 230.000, -21.823, 37.241, 29.049, -30.478, -41.772, 0.010, 29.327, 143.884
94, 325.000,-23.270, 36.725, 5929.892, -72.595, 26.638, 99.992, 89.253, 69.850
95, 230.000, -25.294, -29.262, 30.231, -27.120, -43.223, 0.010, 30.645, 147.894
95, 325.000,-26.699, -31.265, 5929.050, -76.283, -100.551, 99.992, 88.781, 142.814
96, 230.000, -43.610, 48.800, 53.440, 24.941, -6.309, 0.010, 64.294, -104.195
96, 325.000,-44.141, 50.074, 5929.058, -72.225, 103.270, 99.992, 88.782, 34.968
97, 230.000, -26.028, 72.863, 2.348, -7.088, 58.838, 0.010, 2.269, 6.869
97, 325.000,-27.369, 77.843, 5923.265, -84.747, 278.115, 99.992, 87.190, 16.947
98, 230.000, 39.136, 26.467, 20.441, 23.387, -50.526, 0.010, 20.160, -155.162
98, 325.000,40.764, 25.456, 5929.596, 97.243, -2.954, 99.992, 89.060, -91.740
99, 230.000, 31.065, -28.737, 4.666, -43.291, 40.271, 0.010, 4.513, 47.070
99, 325.000,30.356, -28.074, 5930.364, 14.318, -13.013, 99.992, 89.813, -132.266
100, 230.000, 21.551, -81.208, 39.233, 21.281, -39.058, 0.010, 41.414, -151.415
100, 325.000,23.391, -86.866, 5920.224, 99.770, -332.621, 99.992, 86.643, -163.303
101, 230.000, -18.669, 89.261, 35.070, -46.798, -9.884, 0.010, 36.249, 101.926
101, 325.000,-21.549, 95.864, 5914.719, -137.307, 408.450, 99.992, 85.833, 18.581
102, 230.000, 45.150, -35.615, 33.641, -27.667, 40.254, 0.010, 34.556, 34.501
102, 325.000,45.435, -35.256, 5930.003, 61.616, -29.501, 99.992, 89.340, -115.584
103, 230.000, -82.607, 43.638, 53.780, -24.880, 2.520, 0.010, 65.062, 84.216
103, 325.000,-90.896, 47.694, 5907.340, -466.955, 235.362, 99.993, 84.941, 63.250
104, 230.000, 64.460, 31.692, 50.509, 28.159, 13.173, 0.010, 58.388, -64.928
104, 325.000,67.660, 33.244, 5926.389, 195.811, 95.571, 99.992, 87.894, -63.984
105, 230.000, -38.083, -23.989, 50.790, -22.147, -21.155, 0.010, 58.909, 133.688
105, 325.000,-39.630, -25.192, 5929.285, -93.623, -66.436, 99.992, 88.891, 125.360
106, 230.000, 57.047, -29.669, 26.854, -7.351, 52.369, 0.010, 26.922, 7.990
106, 325.000,58.490, -28.885, 5929.207, 118.105, -10.987, 99.992, 88.854, -95.315
107, 230.000, -76.089, 23.873, 46.545, 36.758, -0.183, 0.010, 51.701, -90.286
107, 325.000,-78.362, 24.940, 5926.736, -195.195, 73.142, 99.992, 87.986, 69.458
108, 230.000, -18.196, 87.754, 24.097, -33.915, -42.270, 0.010, 23.972, 141.258
108, 325.000,-20.503, 92.532, 5919.939, -114.297, 333.201, 99.992, 86.595, 18.933
109, 230.000, -23.560, -55.186, 25.925, 53.335, -0.961, 0.010, 25.920, -91.033
109, 325.000,-22.508, -56.708, 5929.270, 6.519, -115.323, 99.992, 88.884, -176.764
110, 230.000, 16.578, 29.162, 39.714, 2.581, -43.975, 0.010, 42.037, -176.641
110, 325.000,17.020, 28.393, 5930.237, 39.600, 18.816, 99.992, 89.576, -64.585
111, 230.000, 8.546, 71.343, 42.726, -32.387, -25.361, 0.010, 46.087, 128.063
111, 325.000,7.831, 73.063, 5928.365, -12.060, 154.802, 99.992, 88.500, 4.455
112, 230.000, -42.584, 61.628, 48.692, 12.446, 31.493, 0.010, 55.183, -21.564
112, 325.000,-43.861, 65.025, 5925.996, -104.496, 202.973, 99.992, 87.794, 27.241
113, 230.000, 47.091, 82.800, 20.186, -28.912, 47.689, 0.010, 19.898, 31.227
113, 325.000,51.231, 93.070, 5899.575, 252.371, 549.024, 99.993, 84.152, -24.687
114, 230.000, -64.777, -10.302, 37.604, 10.733, 44.592, 0.010, 39.347, -13.533
114, 325.000,-66.402, -9.209, 5928.814, -135.125, 23.088, 99.992, 88.675, 80.304
115, 230.000, 16.389, 89.571, 18.569, 2.901, -56.253, 0.010, 18.246, -177.047
115, 325.000,17.702, 94.532, 5919.594, 77.876, 349.118, 99.992, 86.542, -12.575
116, 230.000, 33.361, 58.816, 31.236, 26.447, 42.924, 0.010, 31.780, -31.639
116, 325.000,35.277, 62.076, 5926.547, 107.027, 184.835, 99.992, 87.936, -30.073
117, 230.000, 12.953, -10.572, 20.875, -31.365, -45.805, 0.010, 20.608, 145.598
117, 630.000,27.056, -32.199, 3221.915, 252.037, -334.133, 30.012, 82.599, -142.973
118, 230.000, 54.848, -23.326, 52.518, -22.889, 15.348, 0.010, 62.312, 56.156
118, 325.000,55.594, -23.466, 5929.641, 89.097, -32.070, 99.992, 89.085, -109.796
119, 230.000, 24.894, 84.882, 7.656, 22.192, -54.466, 0.010, 7.417, -157.832
119, 325.000,27.194, 88.693, 5922.016, 125.197, 289.220, 99.992, 86.954, -23.407
120, 230.000, 2.176, -67.615, 15.711, 53.086, -21.277, 0.010, 15.361, -111.841
120, 325.000,3.923, -70.464, 5927.285, 60.420, -182.270, 99.992, 88.144, -161.660
121, 230.000, 27.354, 18.899, 24.452, -48.493, 23.836, 0.010, 24.348, 63.824
121, 325.000,26.397, 20.071, 5930.012, 9.983, 66.997, 99.992, 89.346, -8.475
122, 230.000, -69.767, -2.911, 27.366, -40.837, -33.183, 0.010, 27.478, 129.096
122, 325.000,-73.440, -4.056, 5926.318, -215.850, -41.820, 99.992, 87.875, 100.965
123, 230.000, -27.030, 16.918, 4.538, 35.869, 47.015, 0.010, 4.388, -37.341
123, 325.000,-26.468, 18.795, 5929.700, -23.933, 87.922, 99.992, 89.120, 15.227
124, 230.000, -37.472, 55.864, 27.447, 50.860, -13.322, 0.010, 27.567, -104.678
124, 325.000,-37.041, 57.193, 5929.173, -33.836, 115.461, 99.992, 88.837, 16.333
125, 230.000, -59.772, -12.816, 58.768, -1.486, -7.855, 0.010, 82.254, 169.285
125, 325.000,-61.477, -13.419, 5928.913, -127.826, -35.227, 99.992, 88.719, 105.407
126, 230.000, -54.142, -60.868, 16.149, -14.886, -55.093, 0.010, 15.800, 164.880
126, 325.000,-57.290, -65.606, 5921.461, -195.511, -260.133, 99.992, 86.854, 143.072
127, 230.000, -50.633, -63.131, 46.270, -9.926, 35.752, 0.010, 51.274, 15.516
127, 325.000,-53.330, -64.995, 5925.633, -171.999, -163.937, 99.992, 87.704, 133.625
128, 230.000, -92.752, -14.241, 36.058, 25.473, -39.605, 0.010, 37.442, -147.252
128, 325.000,-100.527, -16.759, 5910.446, -471.432, -118.738, 99.992, 85.298, 104.137
129, 230.000, -59.600, -36.876, 27.375, -19.727, 48.776, 0.010, 27.488, 22.020
129, 325.000,-62.240, -36.589, 5927.895, -167.354, -39.999, 99.992, 88.337, 103.442
130, 230.000, 51.412, 56.270, 28.271, -26.816, 44.714, 0.010, 28.468, 30.952
130, 325.000,52.664, 59.963, 5925.608, 118.259, 206.937, 99.992, 87.697, -29.747
131, 230.000, -22.376, 16.659, 56.738, 16.133, 6.181, 0.010, 73.064, -69.037
131, 325.000,-22.371, 17.235, 5930.004, -44.905, 52.789, 99.992, 89.330, 40.386
132, 230.000, -39.083, 44.934, 36.985, -46.267, -3.025, 0.010, 38.578, 93.741
132, 325.000,-41.604, 46.056, 5928.303, -129.157, 90.177, 99.992, 88.478, 55.077
133, 230.000, -38.472, 26.228, 28.325, 20.950, -47.712, 0.010, 28.528, -156.294
133, 325.000,-38.667, 25.298, 5930.184, -50.257, -0.374, 99.992, 89.514, 90.426
134, 230.000, -39.769, 51.521, 50.779, 30.621, -1.222, 0.010, 58.889, -92.285
134, 325.000,-39.997, 53.025, 5929.020, -57.183, 114.029, 99.992, 88.767, 26.633
135, 230.000, 63.137, -0.097, 46.819, -21.719, -29.222, 0.010, 52.129, 143.379
135, 325.000,64.266, -1.020, 5929.212, 114.285, -30.551, 99.992, 88.857, -104.966
136, 230.000, -52.228, -11.587, 14.437, -26.113, 51.257, 0.010, 14.088, 26.997
136, 325.000,-54.335, -10.240, 5928.934, -128.078, 30.690, 99.992, 88.727, 76.525
137, 230.000, 9.695, 0.788, 20.540, 21.418, -51.352, 0.010, 20.263, -157.359
137, 630.000,26.863, -5.378, 3236.590, 273.838, -73.983, 30.012, 84.991, -105.119
138, 230.000, -30.453, 62.782, 11.287, 26.077, 52.060, 0.010, 10.971, -26.607
138, 325.000,-30.668, 66.566, 5926.486, -48.249, 209.787, 99.992, 87.920, 12.952
139, 230.000, -17.221, -79.591, 18.014, 15.809, -54.251, 0.010, 17.681, -163.753
139, 325.000,-17.579, -85.224, 5921.560, -40.506, -321.077, 99.992, 86.872, 172.810
140, 230.000, -65.911, 27.606, 22.939, 17.294, 51.888, 0.010, 22.753, -18.433
140, 325.000,-67.691, 30.214, 5927.210, -149.558, 124.320, 99.992, 88.121, 50.265
141, 230.000, -77.461, 24.108, 23.999, 53.199, -10.561, 0.010, 23.869, -101.228
141, 325.000,-79.432, 24.909, 5926.984, -190.144, 65.472, 99.992, 88.057, 71.000
142, 230.000, 50.493, -73.996, 37.479, -45.962, 0.683, 0.010, 39.192, 89.149
142, 325.000,52.583, -79.110, 5919.442, 169.101, -318.422, 99.992, 86.515, -152.029
143, 230.000, 57.105, -48.333, 43.986, 29.205, -27.017, 0.010, 47.870, -132.771
143, 325.000,60.264, -51.079, 5925.172, 188.729, -162.140, 99.992, 87.595, -130.666
144, 230.000, -42.798, 85.378, 31.636, -7.050, -49.670, 0.010, 32.236, 171.922
144, 325.000,-47.496, 92.823, 5907.224, -261.696, 454.019, 99.993, 84.930, 29.959
145, 230.000, 75.642, -57.852, 23.339, 28.325, 46.590, 0.010, 23.173, -31.298
145, 325.000,84.398, -62.479, 5903.837, 478.098, -292.770, 99.992, 84.576, -121.482
146, 230.000, -50.380, -71.378, 4.838, 24.046, -54.000, 0.010, 4.679, -155.997
146, 325.000,-52.831, -77.587, 5917.729, -177.470, -344.594, 99.992, 86.253, 152.751
147, 230.000, 19.828, 7.069, 55.572, 19.061, 8.128, 0.010, 69.550, -66.906
147, 325.000,20.952, 7.512, 5929.152, 116.383, 42.990, 99.994, 88.801, -69.726
148, 230.000, -19.841, 9.602, 5.855, -22.986, 54.360, 0.010, 5.666, 22.921
148, 325.000,-21.072, 11.591, 5928.668, -102.483, 97.076, 99.990, 88.636, 46.552
149, 230.000, 5.124, -27.765, 49.425, -24.863, -21.369, 0.010, 56.443, 130.678
149, 325.000,4.446, -29.068, 5929.631, -12.980, -94.999, 99.992, 89.074, 172.220
150, 230.000, -86.324, -5.910, 33.403, -31.419, 37.613, 0.010, 34.277, 39.873
150, 325.000,-92.554, -5.105, 5918.841, -369.749, 16.685, 99.992, 86.422, 87.416
151, 230.000, 87.376, 44.953, 40.943, -35.066, 24.732, 0.010, 43.656, 54.804
151, 325.000,99.263, 52.342, 5883.600, 641.325, 375.819, 99.991, 82.799, -59.630
152, 230.000, 75.736, 45.101, 47.963, -8.920, 33.729, 0.010, 53.967, 14.813
152, 325.000,80.414, 49.089, 5918.530, 302.580, 221.475, 99.992, 86.375, -53.798
153, 230.000, 73.517, -40.686, 23.648, 54.390, -0.417, 0.010, 23.498, -90.439
153, 325.000,79.244, -42.931, 5919.849, 321.718, -146.760, 99.992, 86.582, -114.521
154, 230.000, -53.364, 68.154, 35.497, 28.332, -38.143, 0.010, 36.762, -143.395
154, 325.000,-55.632, 70.990, 5923.856, -172.707, 218.508, 99.992, 87.308, 38.323
155, 230.000, -4.905, 82.888, 8.549, 58.177, -7.743, 0.010, 8.287, -97.581
155, 325.000,-3.340, 86.905, 5923.845, 44.481, 274.780, 99.991, 87.310, -9.195
156, 230.000, 59.677, -72.239, 4.429, 56.180, 18.488, 0.010, 4.283, -71.784
156, 325.000,66.962, -78.411, 5906.261, 383.673, -372.203, 99.992, 84.829, -134.131
157, 230.000, -23.147, -30.225, 17.418, -48.149, -29.932, 0.010, 17.078, 121.867
157, 325.000,-25.179, -31.827, 5928.982, -94.294, -88.913, 99.992, 88.748, 133.318
158, 230.000, -84.799, 52.242, 34.541, -32.959, -35.189, 0.010, 35.618, 136.875
158, 325.000,-104.718, 62.872, 5833.702, -941.603, 520.397, 100.048, 79.551, 61.072
159, 230.000, -84.805, 7.459, 9.351, 57.657, 10.290, 0.010, 9.071, -79.881
159, 325.000,-87.677, 8.190, 5925.235, -244.405, 37.684, 99.992, 87.610, 81.235
160, 230.000, -40.129, -72.110, 21.874, 28.249, 47.340, 0.010, 21.643, -30.826
160, 325.000,-41.232, -74.199, 5926.489, -103.118, -188.900, 99.992, 87.920, 151.370
161, 230.000, 40.448, -21.751, 37.153, -30.172, 35.028, 0.010, 38.787, 40.741
161, 325.000,40.389, -21.122, 5930.228, 44.394, -4.390, 99.992, 89.569, -95.647
162, 230.000, -32.627, 67.726, 9.356, 11.479, -57.431, 0.010, 9.076, -168.697
162, 325.000,-33.520, 68.521, 5928.605, -76.611, 123.906, 99.992, 88.592, 31.729
163, 230.000, -29.363, 51.138, 40.444, 40.423, 15.745, 0.010, 42.993, -68.719
163, 325.000,-28.867, 52.995, 5929.130, -18.219, 121.056, 99.992, 88.817, 8.559
164, 230.000, 70.022, -44.625, 35.502, -47.389, -3.400, 0.010, 36.769, 94.104
164, 325.000,72.105, -46.998, 5925.433, 186.957, -154.482, 99.992, 87.656, -129.567
165, 230.000, -87.663, 17.289, 46.527, 23.153, 28.580, 0.010, 51.672, -39.011
165, 325.000,-92.986, 19.358, 5919.070, -351.257, 104.369, 99.992, 86.457, 73.452
166, 230.000, -2.106, 20.718, 35.028, -2.791, 47.780, 0.010, 36.199, 3.343
166, 325.000,-2.249, 22.780, 5928.563, -12.450, 145.122, 99.990, 88.593, 4.903
167, 230.000, 14.786, 45.319, 7.986, 58.382, -6.735, 0.010, 7.738, -96.581
167, 325.000,16.984, 46.134, 5929.233, 88.069, 77.607, 99.992, 88.866, -48.613
168, 230.000, -39.561, -22.117, 28.595, -42.462, 29.949, 0.010, 28.825, 54.804
168, 325.000,-41.791, -21.656, 5929.223, -117.476, -10.065, 99.992, 88.861, 94.897
169, 230.000, 56.588, -43.194, 48.024, -9.554, -33.467, 0.010, 54.068, 164.067
169, 325.000,58.275, -45.760, 5927.140, 133.416, -144.336, 99.992, 88.101, -137.252
170, 230.000, 27.809, 18.775, 8.592, 58.511, 4.508, 0.010, 8.330, -85.594
170, 325.000,30.277, 19.321, 5929.049, 118.541, 43.509, 99.992, 88.780, -69.845
171, 230.000, -20.383, 9.038, 45.997, 4.496, 37.171, 0.010, 50.854, -6.897
171, 325.000,-20.752, 10.456, 5929.353, -81.286, 79.417, 99.993, 88.902, 45.667
172, 230.000, -83.120, 51.384, 54.748, -6.488, -21.867, 0.010, 67.383, 163.473
172, 325.000,-94.784, 57.823, 5887.518, -618.451, 354.595, 99.996, 83.096, 60.172
173, 230.000, 22.140, -46.561, 45.861, 33.514, -17.064, 0.010, 50.646, -116.983
173, 325.000,23.729, -48.212, 5928.942, 76.900, -106.411, 99.992, 88.731, -144.146
174, 230.000, -41.660, 14.668, 27.147, 41.119, 33.014, 0.010, 27.240, -51.239
174, 325.000,-41.267, 16.042, 5929.970, -35.428, 61.706, 99.992, 89.313, 29.862
175, 230.000, -36.359, 10.942, 4.800, 46.053, -37.063, 0.010, 4.642, -128.827
175, 325.000,-35.667, 9.991, 5930.320, -25.337, -16.552, 99.992, 89.708, 123.155
176, 230.000, 83.986, -8.614, 22.874, 53.469, -11.642, 0.010, 22.685, -102.283
176, 325.000,90.352, -9.458, 5919.100, 363.248, -43.748, 99.992, 86.463, -96.867
177, 230.000, 97.926, -3.400, 8.927, 43.285, -39.552, 0.010, 8.657, -132.420
177, 325.000,113.765, -5.091, 5874.439, 808.470, -68.927, 99.986, 82.136, -94.873
178, 230.000, 19.449, -19.125, 54.218, 14.987, -18.800, 0.010, 66.086, -141.440
178, 325.000,20.367, -20.156, 5929.566, 68.749, -71.919, 99.992, 89.039, -136.291
179, 230.000, 23.300, -22.999, 7.066, 27.188, -52.235, 0.010, 6.843, -152.503
179, 325.000,24.669, -25.165, 5928.999, 77.363, -102.899, 99.992, 88.756, -143.063
180, 230.000, 59.992, -75.346, 15.992, -55.040, -15.249, 0.010, 15.642, 105.486
180, 325.000,65.230, -84.474, 5900.612, 324.151, -497.365, 99.992, 84.255, -146.906
181, 230.000, -21.074, 9.970, 11.639, 58.149, -0.914, 0.010, 11.317, -90.901
181, 325.000,-19.745, 10.199, 5930.139, -34.946, 46.431, 99.993, 89.439, 36.967
182, 230.000, 71.672, -8.283, 1.325, 55.297, -21.404, 0.010, 1.280, -111.160
182, 325.000,76.043, -9.262, 5925.147, 245.578, -44.059, 99.992, 87.589, -100.171
183, 230.000, -41.726, -50.381, 54.868, 6.259, -21.633, 0.010, 67.685, -163.863
183, 325.000,-42.799, -52.595, 5928.168, -88.096, -136.711, 99.992, 88.429, 147.203
184, 230.000, -19.759, -55.480, 16.918, -9.700, -56.012, 0.010, 16.574, 170.175
184, 325.000,-20.599, -58.752, 5927.657, -50.937, -172.879, 99.992, 88.258, 163.583
185, 230.000, -46.254, -6.739, 18.949, 31.767, 46.362, 0.010, 18.633, -34.418
185, 325.000,-46.279, -5.414, 5930.048, -53.557, 35.438, 99.992, 89.380, 56.508
186, 230.000, -94.506, -14.714, 46.766, -35.607, -7.921, 0.010, 52.046, 102.541
186, 325.000,-106.100, -16.591, 5896.436, -626.073, -100.018, 99.993, 83.863, 99.077
187, 230.000, 22.844, 24.687, 51.932, -24.733, -14.457, 0.010, 61.117, 120.307
187, 325.000,22.552, 24.762, 5930.217, 24.324, 39.136, 99.992, 89.555, -31.862
188, 230.000, -62.284, 50.392, 49.134, 19.309, -27.031, 0.010, 55.937, -144.461
188, 325.000,-64.523, 51.848, 5926.468, -173.316, 128.259, 99.992, 87.916, 53.497
189, 230.000, 40.959, 88.578, 27.196, 23.669, -47.094, 0.010, 27.293, -153.316
189, 325.000,47.100, 98.916, 5893.354, 317.611, 581.575, 99.995, 83.585, -28.640
190, 230.000, -87.263, -33.633, 5.448, -53.748, 24.476, 0.010, 5.271, 65.516
190, 325.000,-97.018, -36.010, 5904.682, -529.476, -155.882, 99.993, 84.660, 106.405
191, 230.000, -19.950, 52.186, 3.810, 40.132, 43.504, 0.010, 3.683, -42.691
191, 325.000,-19.180, 54.897, 5928.532, 2.024, 148.622, 99.992, 88.564, -0.780
192, 230.000, 6.506, 16.877, 21.083, -52.328, 18.301, 0.010, 20.823, 70.724
192, 630.000,8.376, 43.517, 3220.207, 60.287, 432.845, 30.026, 82.271, -7.929
193, 230.000, 43.226, -15.523, 27.047, 19.212, 49.163, 0.010, 27.132, -21.344
193, 325.000,44.802, -14.306, 5929.502, 100.385, 22.025, 99.992, 89.007, -77.625
194, 230.000, -88.576, -30.730, 3.542, 28.277, 52.015, 0.010, 3.424, -28.530
194, 325.000,-95.706, -31.913, 5913.238, -438.233, -107.074, 99.993, 85.637, 103.730
195, 230.000, 44.758, -86.112, 40.120, -25.882, -35.188, 0.010, 42.566, 143.664
195, 325.000,49.732, -98.234, 5889.196, 283.631, -636.711, 99.989, 83.250, -155.989
196, 230.000, 40.197, -86.711, 44.980, -22.329, 31.558, 0.010, 49.322, 35.281
196, 325.000,43.767, -94.915, 5906.661, 216.334, -484.397, 99.993, 84.868, -155.934
197, 230.000, 12.772, 11.422, 25.733, -8.765, 52.713, 0.010, 25.714, 9.440
197, 630.000,29.760, 35.179, 3215.824, 287.225, 365.510, 30.017, 81.775, -38.161
198, 230.000, -93.845, -11.164, 26.240, 28.953, 44.619, 0.010, 26.259, -32.979
198, 325.000,-102.006, -10.883, 5910.029, -491.183, -14.532, 99.993, 85.247, 91.695
199, 230.000, 28.885, 47.779, 21.612, -0.056, -55.232, 0.010, 21.370, 179.942
199, 325.000,29.606, 47.221, 5930.012, 56.676, 36.611, 99.992, 89.348, -57.139
200, 230.000, -55.206, -41.464, 43.866, 16.322, -36.428, 0.010, 47.699, -155.865
200, 325.000,-56.524, -43.984, 5927.629, -116.760, -138.400, 99.992, 88.250, 139.848
201, 230.000, 28.027, -26.298, 9.982, 53.579, 23.395, 0.010, 9.690, -66.412
201, 325.000,30.340, -26.114, 5929.320, 109.677, -26.359, 99.992, 88.910, -103.514
202, 230.000, 67.225, 73.606, 58.618, 2.593, -8.650, 0.010, 81.243, -163.314
202, 325.000,83.633, 91.232, 5823.373, 769.491, 830.169, 100.058, 79.000, -42.828
203, 230.000, -2.841, -86.488, 36.894, -41.761, -20.309, 0.010, 38.467, 115.934
203, 325.000,-4.306, -92.368, 5919.339, -55.155, -357.873, 99.992, 86.499, 171.239
204, 230.000, -47.489, -33.713, 11.101, -26.805, -51.729, 0.010, 10.788, 152.608
204, 325.000,-49.604, -36.253, 5927.805, -125.125, -122.747, 99.992, 88.306, 134.450
205, 230.000, -72.673, 32.876, 27.569, -35.603, -38.601, 0.010, 27.699, 137.314
205, 325.000,-77.121, 33.178, 5924.159, -264.574, 62.279, 99.992, 87.373, 76.754
206, 230.000, 63.922, -76.477, 48.569, -26.885, -20.878, 0.010, 54.975, 127.833
206, 325.000,78.557, -95.558, 5823.716, 696.443, -890.316, 100.059, 79.016, -141.966
207, 230.000, 43.021, 19.417, 9.503, 48.261, -33.139, 0.010, 9.220, -124.476
207, 325.000,45.535, 18.801, 5928.968, 130.118, 1.844, 99.992, 88.743, -89.188
208, 230.000, -8.609, -39.860, 32.602, -43.507, 23.703, 0.010, 33.346, 61.418
208, 325.000,-10.179, -39.967, 5929.856, -61.569, -51.359, 99.992, 89.225, 129.834
209, 230.000, 57.406, 43.662, 31.625, -3.012, 50.084, 0.010, 32.223, 3.442
209, 325.000,59.391, 46.817, 5926.288, 145.931, 165.652, 99.992, 87.867, -41.378
210, 230.000, 21.966, 13.588, 47.658, -20.628, 28.650, 0.010, 53.471, 35.753
210, 325.000,21.822, 14.822, 5929.765, 46.939, 73.557, 99.992, 89.157, -32.543
211, 230.000, 45.459, -87.419, 16.698, -21.074, 52.865, 0.010, 16.352, 21.734
211, 325.000,51.651, -98.960, 5887.379, 334.646, -630.301, 99.994, 83.089, -152.035
212, 230.000, 30.571, -45.153, 12.529, -38.545, 43.300, 0.010, 12.196, 41.675
212, 325.000,30.094, -44.882, 5930.209, 19.338, -42.685, 99.992, 89.547, -155.628
213, 230.000, -63.299, 6.584, 21.507, -49.477, -24.639, 0.010, 21.261, 116.472
213, 325.000,-66.736, 5.999, 5927.282, -191.820, -11.002, 99.992, 88.143, 93.283
214, 230.000, 4.239, 61.011, 55.445, 10.960, 17.981, 0.010, 69.203, -31.364
214, 325.000,4.702, 63.278, 5928.515, 20.360, 148.009, 99.992, 88.556, -7.833
215, 230.000, 34.042, 8.299, 15.141, -1.784, 57.317, 0.010, 14.791, 1.783
215, 325.000,34.714, 10.310, 5929.509, 67.972, 76.810, 99.992, 89.009, -41.507
216, 230.000, 60.165, -9.161, 51.398, -0.064, -29.595, 0.010, 60.066, 179.876
216, 325.000,61.824, -10.347, 5928.831, 126.600, -49.992, 99.992, 88.685, -111.548
217, 230.000, -30.402, -9.315, 5.718, -31.691, -49.806, 0.010, 5.532, 147.532
217, 325.000,-32.073, -11.113, 5929.117, -99.368, -72.428, 99.992, 88.812, 126.088
218, 230.000, 68.205, -47.123, 41.716, -19.440, -37.410, 0.010, 44.697, 152.542
218, 325.000,71.109, -50.710, 5923.182, 212.649, -200.402, 99.991, 87.176, -133.302
219, 230.000, 28.471, 49.485, 41.083, 5.991, 42.355, 0.010, 43.843, -8.050
219, 325.000,29.401, 52.110, 5928.316, 63.588, 143.632, 99.992, 88.482, -23.880
220, 230.000, -47.018, 85.220, 53.132, 17.937, -19.310, 0.010, 63.617, -137.111
220, 325.000,-52.553, 95.646, 5894.387, -309.276, 574.691, 99.992, 83.682, 28.287
221, 230.000, 9.226, -49.043, 24.157, 19.095, 50.690, 0.010, 24.035, -20.641
221, 325.000,10.046, -48.565, 5930.146, 37.148, -39.839, 99.992, 89.474, -137.002
222, 230.000, 11.761, -2.693, 28.036, 36.038, 37.854, 0.010, 28.210, -43.592
222, 630.000,33.925, -1.216, 3230.044, 348.673, 3.484, 30.009, 83.839, -89.428
223, 230.000, 0.300, 60.850, 54.667, 15.611, -16.896, 0.010, 67.179, -137.265
223, 325.000,0.800, 61.989, 5929.351, 16.824, 110.064, 99.992, 88.924, -8.691
224, 230.000, -37.021, 4.282, 43.879, 11.662, 38.161, 0.010, 47.717, -16.994
224, 325.000,-37.443, 5.587, 5929.879, -61.431, 48.224, 99.992, 89.245, 51.868
225, 230.000, -29.852, 92.485, 51.736, -27.001, -10.580, 0.010, 60.728, 111.397
225, 325.000,-34.505, 104.078, 5891.687, -236.981, 633.301, 99.991, 83.453, 20.516
226, 230.000, -9.535, -46.523, 50.683, -30.567, -3.815, 0.010, 58.710, 97.114
226, 325.000,-10.719, -47.698, 5929.497, -49.433, -90.721, 99.992, 89.002, 151.415
227, 230.000, 89.564, 10.576, 21.478, 45.996, 30.671, 0.010, 21.231, -56.304
227, 325.000,97.661, 12.311, 5912.183, 457.601, 80.824, 99.992, 85.506, -79.983
228, 230.000, -47.648, 5.178, 16.299, -55.588, -12.724, 0.010, 15.951, 102.893
228, 325.000,-50.509, 4.891, 5928.585, -146.526, -3.509, 99.992, 88.584, 91.372
229, 230.000, 60.038, -4.973, 20.620, 55.369, -5.175, 0.010, 20.345, -95.340
229, 325.000,63.452, -5.275, 5927.519, 184.028, -15.855, 99.992, 88.215, -94.924
230, 230.000, 82.205, 1.750, 4.954, -15.919, -56.918, 0.010, 4.791, 164.374
230, 325.000,85.788, 0.056, 5924.602, 256.358, -54.038, 99.992, 87.468, -101.903
231, 230.000, 76.295, 15.207, 53.409, 5.098, 25.281, 0.010, 64.225, -11.401
231, 325.000,79.716, 16.645, 5925.461, 230.976, 71.449, 99.992, 87.663, -72.811
232, 230.000, 54.945, -3.608, 11.132, 50.144, 29.653, 0.010, 10.818, -59.402
232, 325.000,57.924, -2.757, 5928.182, 160.320, 23.616, 99.992, 88.434, -81.620
233, 230.000, -49.056, -38.036, 20.403, -30.453, -46.626, 0.010, 20.121, 146.850
233, 325.000,-51.426, -40.602, 5927.351, -137.867, -130.800, 99.992, 88.164, 133.493
234, 230.000, -41.719, 81.195, 23.283, -52.484, -14.867, 0.010, 23.114, 105.815
234, 325.000,-46.595, 87.090, 5913.524, -253.271, 368.637, 99.992, 85.675, 34.491
235, 230.000, 21.119, -81.793, 15.727, 49.363, 28.872, 0.010, 15.377, -59.677
235, 325.000,23.806, -85.347, 5923.260, 127.416, -261.619, 99.992, 87.187, -154.033
236, 230.000, -70.423, 60.880, 20.812, -39.552, -38.989, 0.010, 20.542, 134.589
236, 325.000,-77.844, 65.057, 5909.939, -407.976, 274.768, 99.991, 85.242, 56.040
237, 230.000, 42.400, -20.665, 23.797, 32.919, -43.217, 0.010, 23.655, -142.703
237, 325.000,44.410, -22.509, 5928.735, 113.022, -83.222, 99.992, 88.644, -126.366
238, 230.000, 94.160, -11.907, 22.971, 54.648, 1.876, 0.010, 22.787, -88.033
238, 325.000,105.706, -13.100, 5897.635, 618.240, -68.793, 99.990, 83.979, -96.349
239, 230.000, 59.580, -62.750, 23.806, 22.183, 49.587, 0.010, 23.664, -24.102
239, 325.000,63.816, -64.950, 5922.087, 251.563, -187.937, 99.992, 86.965, -126.763
240, 230.000, 58.679, -36.267, 11.702, -45.384, -36.346, 0.010, 11.379, 128.690
240, 325.000,59.171, -38.606, 5928.336, 93.728, -124.999, 99.992, 88.490, -143.136
241, 230.000, 13.162, -15.153, 27.489, 48.748, 19.637, 0.010, 27.612, -68.060
241, 325.000,15.084, -14.927, 5928.761, 129.763, -62.321, 99.996, 88.609, -115.653
242, 230.000, 28.973, 59.950, 25.009, -19.483, 50.126, 0.010, 24.940, 21.240
242, 325.000,29.271, 63.421, 5927.104, 47.210, 191.792, 99.992, 88.091, -13.829
243, 230.000, 73.522, 21.888, 50.174, 6.293, -30.993, 0.010, 57.776, -168.522
243, 325.000,76.738, 21.819, 5926.341, 217.234, 30.284, 99.992, 87.880, -82.064
244, 230.000, 12.024, -58.866, 5.664, -17.379, 56.423, 0.010, 5.480, 17.120
244, 325.000,11.794, -58.651, 5930.060, 6.729, -62.681, 99.992, 89.391, -173.872
245, 230.000, -66.727, -37.355, 15.081, 44.933, 35.654, 0.010, 14.731, -51.569
245, 325.000,-67.984, -37.729, 5928.359, -139.985, -67.384, 99.992, 88.499, 115.705
246, 230.000, 5.106, 9.782, 57.682, 13.332, 3.552, 0.010, 76.548, -75.080
246, 630.000,14.418, 24.503, 3236.600, 147.632, 243.115, 30.013, 84.978, -31.268
247, 230.000, -4.771, 2.996, 6.094, 56.309, 17.602, 0.010, 5.898, -72.641
247, 630.000,-3.713, 9.896, 3247.243, -13.906, 105.122, 30.012, 88.130, 7.536
248, 230.000, -9.226, 20.523, 42.969, 31.104, -26.531, 0.010, 46.426, -130.464
248, 325.000,-8.469, 20.208, 5929.880, -10.824, 72.286, 99.990, 89.294, 8.516
249, 230.000, -60.232, -66.652, 38.634, -8.587, 44.174, 0.010, 40.646, 11.000
249, 325.000,-64.739, -69.988, 5919.145, -271.857, -243.970, 99.992, 86.469, 131.905
250, 230.000, -65.419, 58.466, 0.883, -12.552, 57.959, 0.010, 0.853, 12.220
250, 325.000,-70.077, 64.081, 5915.957, -282.440, 301.899, 99.991, 86.003, 43.093
251, 230.000, -52.950, -2.413, 1.026, 26.924, 52.836, 0.010, 0.991, -27.002
251, 325.000,-53.367, -0.787, 5929.727, -73.748, 50.108, 99.992, 89.139, 55.806
252, 230.000, 91.402, 40.245, 26.618, -36.879, -38.066, 0.010, 26.667, 135.908
252, 325.000,116.782, 50.767, 5796.116, 1156.202, 485.540, 99.986, 77.792, -67.220
253, 230.000, 60.779, 34.463, 3.667, -57.320, 14.785, 0.010, 3.545, 75.536
253, 325.000,60.992, 36.079, 5928.916, 87.949, 99.138, 99.992, 88.719, -41.578
254, 230.000, -33.654, -4.161, 23.527, -4.549, -54.253, 0.010, 23.371, 175.207
254, 325.000,-34.523, -5.984, 5929.544, -75.746, -65.459, 99.991, 89.033, 130.833
255, 230.000, -87.806, 28.514, 9.012, -58.586, -2.029, 0.010, 8.740, 91.983
255, 325.000,-97.133, 30.896, 5906.837, -508.771, 142.803, 99.993, 84.888, 74.322
256, 230.000, 40.790, -19.026, 41.144, 40.549, -13.439, 0.010, 43.925, -108.337
256, 325.000,42.984, -19.875, 5929.026, 117.629, -49.196, 99.992, 88.768, -112.696
257, 230.000, -65.383, -66.104, 47.275, 3.393, 35.654, 0.010, 52.852, -5.436
257, 325.000,-70.903, -70.703, 5913.677, -329.434, -298.798, 99.991, 85.699, 132.208
258, 230.000, -15.092, -53.406, 12.690, 32.269, -48.117, 0.010, 12.355, -146.153
258, 325.000,-14.448, -56.287, 5928.354, 3.585, -155.539, 99.992, 88.497, -178.680
259, 230.000, 90.821, 30.082, 9.537, -31.850, -49.115, 0.010, 9.253, 147.037
259, 325.000,99.501, 31.787, 5907.002, 510.919, 128.026, 99.993, 84.905, -75.933
260, 230.000, -23.588, 88.648, 18.967, -47.352, -30.260, 0.010, 18.651, 122.581
260, 325.000,-26.916, 94.759, 5915.169, -163.271, 392.370, 99.992, 85.891, 22.593
261, 230.000, -8.882, -49.428, 26.553, 51.822, 11.273, 0.010, 26.597, -77.728
261, 325.000,-7.443, -50.221, 5929.718, 36.913, -81.559, 99.992, 89.135, -155.648
262, 230.000, -23.726, -19.737, 11.021, 50.978, -28.238, 0.010, 10.709, -118.983
262, 325.000,-22.615, -21.078, 5929.883, -3.665, -77.516, 99.992, 89.250, 177.293
263, 230.000, 23.157, -8.502, 9.776, -33.540, -47.928, 0.010, 9.487, 145.016
263, 325.000,22.638, -10.250, 5929.617, 46.149, -82.508, 99.991, 89.087, -150.780
264, 230.000, 63.284, 69.827, 59.212, -0.600, -3.350, 0.010, 86.710, 169.846
264, 325.000,69.333, 76.419, 5907.624, 350.114, 383.447, 99.992, 84.977, -42.398
265, 230.000, -19.568, -79.657, 15.344, 0.547, 57.288, 0.010, 14.993, -0.547
265, 325.000,-20.500, -81.728, 5926.708, -63.190, -199.372, 99.992, 87.979, 162.414
266, 230.000, -53.056, -23.040, 1.743, -7.689, 58.783, 0.010, 1.684, 7.452
266, 325.000,-54.681, -21.769, 5929.265, -114.961, 14.497, 99.992, 88.880, 82.813
267, 230.000, -23.231, -91.825, 7.521, 57.560, 12.163, 0.010, 7.285, -78.068
267, 325.000,-23.769, -100.511, 5908.290, -70.182, -507.214, 99.993, 85.047, 172.122
268, 230.000, 42.647, 74.719, 34.762, 43.539, 20.338, 0.010, 35.881, -64.961
268, 325.000,46.544, 79.814, 5918.645, 209.859, 308.616, 99.992, 86.392, -34.216
269, 230.000, 65.402, -22.360, 29.915, -31.927, 40.043, 0.010, 30.290, 38.566
269, 325.000,66.535, -21.830, 5929.101, 123.362, -11.850, 99.992, 88.803, -95.487
270, 230.000, -27.003, -73.974, 49.516, -14.725, 29.138, 0.010, 56.602, 26.810
270, 325.000,-28.640, -76.293, 5926.520, -96.498, -191.566, 99.992, 87.927, 153.264
271, 230.000, 82.136, 2.174, 13.416, 57.735, -2.071, 0.010, 13.074, -92.055
271, 325.000,88.134, 2.220, 5920.640, 340.090, 5.214, 99.992, 86.712, -89.122
272, 230.000, 89.224, -22.005, 29.681, 49.571, 13.392, 0.010, 30.029, -74.882
272, 325.000,98.137, -23.418, 5908.964, 494.487, -94.710, 99.991, 85.130, -100.843
273, 230.000, 85.246, -49.685, 51.199, 28.356, 9.604, 0.010, 59.683, -71.290
273, 325.000,99.982, -57.498, 5869.774, 744.345, -405.787, 100.001, 81.782, -118.597
274, 230.000, 92.629, 22.224, 26.121, 0.590, -53.245, 0.010, 26.130, -179.366
274, 325.000,102.308, 22.927, 5904.488, 548.667, 74.631, 99.992, 84.643, -82.254
275, 230.000, -42.904, -85.386, 13.899, -57.611, -2.338, 0.010, 13.553, 92.324
275, 325.000,-49.366, -94.837, 5897.877, -325.877, -528.450, 99.994, 83.991, 148.339
276, 230.000, 52.776, 20.755, 5.586, 35.905, -46.875, 0.010, 5.404, -142.549
276, 325.000,55.275, 19.797, 5928.672, 142.755, -7.096, 99.992, 88.619, -92.846
277, 230.000, -14.143, 16.375, 47.041, -23.511, 27.422, 0.010, 52.480, 40.609
277, 325.000,-15.252, 17.664, 5928.978, -85.357, 99.046, 99.993, 88.737, 40.754
278, 230.000, -16.733, -33.190, 47.885, -29.240, -19.228, 0.010, 53.839, 123.328
278, 325.000,-18.020, -34.510, 5929.452, -63.094, -84.838, 99.992, 88.978, 143.362
279, 230.000, 12.007, -8.884, 52.754, -25.220, 9.932, 0.010, 62.806, 68.505
279, 630.000,25.775, -20.307, 3233.998, 243.246, -195.706, 30.013, 84.486, -128.819
280, 230.000, 59.191, 49.036, 1.826, -34.203, -48.420, 0.010, 1.765, 144.763
280, 325.000,60.510, 49.497, 5928.283, 131.633, 88.033, 99.992, 88.470, -56.226
281, 230.000, -78.082, 42.385, 53.751, 5.064, -24.552, 0.010, 64.996, -168.346
281, 325.000,-83.161, 44.471, 5919.675, -322.467, 151.973, 99.992, 86.554, 64.766
282, 230.000, 57.349, -73.258, 23.427, -39.987, 37.012, 0.010, 23.266, 47.212
282, 325.000,61.013, -78.368, 5915.975, 247.378, -330.966, 99.991, 86.005, -143.224
283, 230.000, -25.620, 93.043, 16.095, -20.394, -53.317, 0.010, 15.746, 159.068
283, 325.000,-29.197, 102.192, 5902.911, -186.052, 539.443, 99.993, 84.478, 19.029
284, 230.000, 99.555, -6.442, 39.101, -28.544, -34.264, 0.010, 41.244, 140.204
284, 325.000,124.787, -9.148, 5813.675, 1173.574, -114.835, 100.048, 78.534, -95.589
285, 230.000, -4.558, -34.746, 20.405, -43.173, 35.177, 0.010, 20.123, 50.827
285, 325.000,-6.036, -34.371, 5930.027, -54.748, -36.713, 99.992, 89.363, 123.846
286, 230.000, 70.166, 62.190, 31.775, -6.542, 49.650, 0.010, 32.395, 7.507
286, 325.000,76.562, 69.549, 5905.422, 375.999, 392.366, 99.991, 84.742, -43.780
287, 230.000, 80.029, 26.609, 10.487, -20.646, 54.602, 0.010, 10.185, 20.713
287, 325.000,83.741, 29.760, 5922.559, 264.011, 152.554, 99.992, 87.053, -59.979
288, 230.000, 58.881, -28.335, 23.073, 16.619, 52.049, 0.010, 22.894, -17.708
288, 325.000,61.186, -27.547, 5928.492, 150.007, -9.762, 99.992, 88.548, -93.723
289, 230.000, -59.885, -25.597, 9.028, 58.278, -6.305, 0.010, 8.756, -96.175
289, 325.000,-59.820, -26.558, 5929.611, -72.621, -63.484, 99.992, 89.068, 131.159
290, 230.000, -76.507, 49.410, 48.039, 18.794, 29.270, 0.010, 54.092, -32.705
290, 325.000,-81.808, 54.102, 5914.998, -337.138, 261.678, 99.991, 85.873, 52.182
291, 230.000, 41.310, 17.410, 29.321, -39.899, -32.650, 0.010, 29.628, 129.294
291, 325.000,40.952, 16.755, 5930.288, 36.192, -1.163, 99.992, 89.650, -91.840
292, 230.000, -64.237, -73.427, 3.864, 58.295, 10.219, 0.010, 3.736, -80.057
292, 325.000,-70.895, -82.732, 5895.724, -391.247, -507.676, 99.994, 83.796, 142.380
293, 230.000, 37.628, -9.318, 38.900, 16.838, 41.484, 0.010, 40.986, -22.091
293, 325.000,38.971, -8.198, 5929.655, 90.194, 25.098, 99.992, 89.095, -74.450
294, 230.000, 11.272, 91.712, 24.977, 20.651, -49.672, 0.010, 24.906, -157.425
294, 325.000,12.826, 97.691, 5916.632, 77.149, 396.342, 99.992, 86.096, -11.015
295, 230.000, 76.717, 20.788, 34.360, -20.277, 43.885, 0.010, 35.404, 24.800
295, 325.000,79.535, 23.094, 5925.491, 214.771, 109.982, 99.992, 87.668, -62.883
296, 230.000, -58.336, 30.659, 20.365, 2.453, 55.650, 0.010, 20.082, -2.524
296, 325.000,-60.061, 33.365, 5927.555, -131.254, 128.208, 99.992, 88.227, 45.673
297, 230.000, 36.718, -57.305, 49.481, -26.101, -19.698, 0.010, 56.541, 127.042
297, 325.000,37.084, -59.775, 5928.024, 59.989, -156.519, 99.992, 88.380, -159.030
298, 230.000, -2.312, -44.732, 33.851, 48.643, -2.371, 0.010, 34.803, -92.791
298, 325.000,-0.817, -45.797, 5929.596, 46.092, -85.786, 99.992, 89.059, -151.751
299, 230.000, -30.435, -39.996, 37.292, -18.489, -42.250, 0.010, 38.960, 156.365
299, 325.000,-31.737, -42.276, 5928.699, -76.675, -119.350, 99.992, 88.629, 147.282
300, 230.000, -19.800, 35.198, 3.837, -58.357, -9.867, 0.010, 3.710, 99.597
300, 325.000,-22.093, 35.641, 5929.317, -98.028, 56.345, 99.992, 88.908, 60.110
