ion,x0,y0,z0,vx0,vy0,vz0,ke0,elev0,azim0,x1,y1,z1,vx1,vy1,vz1,ke1,elev1,azim1
1, 230.000, 40.434, 41.792, 9.041, -48.254, -33.278, 0.010, 8.768, 124.592
1, 325.000,39.947, 41.816, 5930.108, 31.118, 49.370, 99.992, 89.436, -32.223
2, 230.000, -53.552, 56.478, 28.870, 20.274, -47.677, 0.010, 29.129, -156.964
2, 325.000,-55.160, 57.350, 5927.779, -134.325, 114.133, 99.992, 88.297, 49.646
3, 230.000, 32.453, 2.475, 38.373, -41.481, 18.013, 0.010, 40.315, 66.527
3, 325.000,31.835, 3.104, 5930.261, 30.793, 24.586, 99.992, 89.619, -51.395
4, 230.000, 12.324, -71.613, 40.914, 5.336, -42.605, 0.010, 43.617, -172.861
4, 325.000,12.946, -75.594, 5925.680, 38.069, -233.322, 99.992, 87.715, -170.733
5, 230.000, -12.141, -0.563, 26.700, 1.287, -52.944, 0.010, 26.755, -178.607
5, 630.000,-27.098, -8.131, 4184.422, -265.258, -103.340, 50.012, 86.108, 111.285
6, 230.000, 62.576, -76.134, 0.749, -59.042, 5.581, 0.010, 0.724, 84.600
6, 325.000,70.311, -87.519, 5884.432, 432.718, -597.582, 99.995, 82.853, -144.091
7, 230.000, -22.604, 13.919, 24.182, -50.095, 20.576, 0.010, 24.062, 67.670
7, 325.000,-24.714, 14.890, 5929.012, -113.384, 58.920, 99.991, 88.765, 62.541
8, 230.000, 25.557, -41.605, 29.732, -2.530, 51.257, 0.010, 30.086, 2.826
8, 325.000,26.059, -40.925, 5930.173, 45.167, -24.711, 99.992, 89.503, -118.684
9, 230.000, -25.871, 91.148, 32.402, -48.126, -12.316, 0.010, 33.114, 104.354
9, 325.000,-29.931, 99.933, 5905.001, -200.035, 510.695, 99.992, 84.693, 21.390
10, 230.000, -17.269, -47.280, 21.664, -55.207, -0.683, 0.010, 21.425, 90.709
10, 325.000,-19.428, -48.408, 5929.039, -89.696, -89.773, 99.992, 88.774, 135.025
11, 230.000, 94.731, 5.146, 37.500, 44.216, -12.502, 0.010, 39.219, -105.788
11, 325.000,105.923, 5.301, 5899.234, 606.293, 17.019, 99.990, 84.130, -88.392
12, 230.000, -3.055, 72.960, 13.262, -57.541, 5.550, 0.010, 12.921, 84.490
12, 325.000,-4.981, 75.826, 5926.700, -68.128, 197.854, 99.992, 87.978, 19.000
13, 230.000, -11.878, 17.606, 6.236, 8.092, 58.423, 0.010, 6.035, -7.886
13, 325.000,-11.914, 19.930, 5928.689, -40.883, 138.579, 99.994, 88.604, 16.437
14, 230.000, -73.102, 50.186, 43.059, 14.962, 37.943, 0.010, 46.553, -21.520
14, 325.000,-77.553, 54.728, 5917.888, -291.753, 251.323, 99.992, 86.277, 49.258
15, 230.000, 13.738, -50.591, 22.912, -53.568, 11.099, 0.010, 22.725, 78.294
15, 325.000,12.364, -51.446, 5929.714, -29.285, -84.961, 99.992, 89.132, 160.982
16, 230.000, -29.676, 21.490, 32.552, -17.659, 46.327, 0.010, 33.288, 20.866
16, 325.000,-30.869, 23.423, 5929.225, -76.101, 89.979, 99.992, 88.861, 40.223
17, 230.000, -68.240, 27.359, 33.359, -40.927, 27.014, 0.010, 34.226, 56.573
17, 325.000,-72.112, 29.244, 5925.190, -226.528, 101.900, 99.992, 87.599, 65.780
18, 230.000, -57.021, 79.712, 45.457, -21.572, 31.399, 0.010, 50.035, 34.490
18, 325.000,-66.110, 92.455, 5875.715, -466.024, 652.808, 99.985, 82.227, 35.522
19, 230.000, 67.900, -4.381, 26.358, -47.017, -24.745, 0.010, 26.386, 117.758
19, 325.000,68.577, -5.300, 5929.265, 110.081, -36.008, 99.992, 88.881, -108.113
20, 230.000, 10.486, -60.933, 35.401, 32.232, -35.007, 0.010, 36.647, -137.364
20, 325.000,11.802, -63.768, 5927.772, 55.992, -167.257, 99.992, 88.296, -161.491
21, 230.000, 65.867, -42.889, 0.027, -46.864, -36.351, 0.010, 0.026, 127.800
21, 325.000,67.255, -45.894, 5926.219, 147.942, -166.428, 99.992, 87.848, -138.365
22, 230.000, -32.346, 49.380, 31.042, 32.336, -38.838, 0.010, 31.560, -140.220
22, 325.000,-32.174, 49.451, 5930.004, -32.189, 60.055, 99.992, 89.342, 28.191
23, 230.000, -24.713, -61.993, 9.798, -36.685, -45.561, 0.010, 9.509, 141.159
23, 325.000,-26.659, -65.405, 5926.482, -96.133, -192.784, 99.992, 87.918, 153.497
24, 230.000, -31.115, -51.524, 46.869, 7.921, 35.471, 0.010, 52.209, -12.588
24, 325.000,-31.705, -51.795, 5929.719, -56.122, -69.749, 99.992, 89.135, 141.179
25, 230.000, -2.350, 88.639, 1.359, 50.852, -30.494, 0.010, 1.313, -120.949
25, 325.000,-0.929, 93.536, 5920.784, 44.089, 334.855, 99.992, 86.735, -7.501
26, 230.000, -16.551, 89.535, 16.249, -32.570, 46.828, 0.010, 15.900, 34.819
26, 325.000,-18.856, 98.024, 5910.202, -113.368, 475.822, 99.992, 85.269, 13.401
27, 230.000, -19.796, 4.241, 21.726, -43.923, 33.413, 0.010, 21.488, 52.739
27, 325.000,-21.717, 5.425, 5928.500, -141.316, 57.176, 99.994, 88.527, 67.972
28, 230.000, -2.287, -16.709, 43.255, 36.723, -17.266, 0.010, 46.828, -115.181
28, 630.000,-0.360, -39.475, 4175.841, 12.959, -392.407, 50.016, 84.629, -178.108
29, 230.000, 18.147, -96.059, 37.367, -34.318, -30.718, 0.010, 39.052, 131.832
29, 325.000,19.692, -110.587, 5881.486, 99.399, -753.885, 99.993, 82.633, -172.489
30, 230.000, 4.656, -84.298, 24.343, 4.297, -53.913, 0.010, 24.233, -175.443
30, 325.000,5.050, -90.693, 5919.132, 21.536, -364.726, 99.992, 86.468, -176.621
31, 230.000, 17.760, 0.678, 11.818, -51.561, -26.822, 0.010, 11.493, 117.483
31, 630.000,32.975, -1.958, 4183.256, 298.946, -31.131, 50.011, 85.890, -95.945
32, 230.000, -31.338, -48.043, 3.977, 1.393, -59.160, 0.010, 3.845, -178.651
32, 325.000,-32.113, -51.180, 5927.954, -61.917, -158.483, 99.992, 88.356, 158.660
33, 230.000, 18.349, 72.617, 5.542, 20.975, -55.199, 0.010, 5.362, -159.194
33, 325.000,19.711, 73.652, 5928.347, 71.516, 138.594, 99.992, 88.493, -27.294
34, 230.000, -22.646, -90.314, 18.705, 54.757, 13.016, 0.010, 18.384, -76.629
34, 325.000,-22.940, -97.767, 5912.970, -58.023, -449.973, 99.990, 85.612, 172.652
35, 230.000, -6.405, -53.168, 1.463, -56.985, -16.378, 0.010, 1.413, 106.035
35, 325.000,-8.378, -54.990, 5928.757, -71.416, -119.710, 99.992, 88.653, 149.181
36, 230.000, 11.326, -56.445, 22.794, 13.689, 53.016, 0.010, 22.602, -14.478
36, 325.000,12.051, -56.213, 5930.001, 36.800, -57.735, 99.992, 89.339, -147.487
37, 230.000, -36.125, 74.656, 49.313, 32.559, 5.079, 0.010, 56.248, -81.134
37, 325.000,-36.963, 78.635, 5924.048, -88.690, 259.392, 99.991, 87.351, 18.876
38, 230.000, 90.940, 11.571, 14.028, -19.583, -54.197, 0.010, 13.681, 160.133
38, 325.000,97.494, 10.816, 5916.121, 411.546, -2.563, 99.992, 86.021, -90.357
39, 230.000, -83.871, 43.099, 17.027, 49.079, -28.618, 0.010, 16.684, -120.246
39, 325.000,-90.231, 46.264, 5913.080, -403.988, 203.979, 99.991, 85.623, 63.210
40, 230.000, -19.800, -55.495, 3.828, 7.434, 58.717, 0.010, 3.701, -7.215
40, 325.000,-20.083, -55.084, 5930.084, -32.413, -51.563, 99.992, 89.412, 147.846
41, 230.000, -41.095, -16.778, 16.821, 38.145, -42.186, 0.010, 16.476, -137.880
41, 325.000,-40.781, -18.492, 5929.806, -36.961, -74.952, 99.992, 89.193, 153.751
42, 230.000, 57.793, 80.906, 9.602, -58.104, 7.025, 0.010, 9.317, 83.106
42, 325.000,66.530, 95.748, 5865.438, 463.417, 743.682, 99.996, 81.503, -31.929
43, 230.000, 31.632, -39.884, 23.132, 22.464, 49.778, 0.010, 22.956, -24.289
43, 325.000,33.086, -39.236, 5929.769, 82.964, -23.729, 99.992, 89.166, -105.961
44, 230.000, 18.306, -15.338, 10.028, 10.686, -57.471, 0.010, 9.734, -169.467
44, 325.000,19.080, -17.547, 5928.904, 70.799, -111.651, 99.991, 88.723, -147.621
45, 230.000, -40.296, -82.912, 46.625, -25.992, -25.849, 0.010, 51.825, 134.842
45, 325.000,-44.473, -90.662, 5909.472, -229.159, -442.128, 99.992, 85.183, 152.602
46, 230.000, 11.702, -76.485, 41.207, 42.499, -3.668, 0.010, 44.010, -94.933
46, 325.000,13.524, -79.823, 5925.515, 78.713, -227.462, 99.992, 87.674, -160.912
47, 230.000, -44.478, 28.677, 33.866, -25.569, 41.436, 0.010, 34.820, 31.677
47, 325.000,-46.370, 30.688, 5928.525, -112.093, 98.112, 99.992, 88.561, 48.805
48, 230.000, -54.172, 58.509, 18.495, -55.945, 6.764, 0.010, 18.170, 83.106
48, 325.000,-58.432, 61.431, 5922.863, -229.366, 191.397, 99.992, 87.113, 50.156
49, 230.000, -35.913, 55.125, 26.488, 43.221, -30.789, 0.010, 26.526, -125.465
49, 325.000,-35.631, 55.814, 5929.577, -35.760, 91.844, 99.992, 89.048, 21.274
50, 230.000, -9.202, 7.745, 55.074, -3.135, 21.786, 0.010, 68.216, 8.188
50, 630.000,-21.067, 20.208, 4183.661, -208.010, 207.889, 50.009, 85.979, 45.017
51, 230.000, -20.669, -61.680, 46.055, -37.364, -0.734, 0.010, 50.942, 91.126
51, 325.000,-22.469, -63.564, 5928.138, -85.347, -139.570, 99.992, 88.419, 148.554
52, 230.000, -20.108, 91.488, 31.705, 2.784, 50.047, 0.010, 32.314, -3.183
52, 325.000,-21.920, 101.646, 5903.457, -107.111, 554.203, 99.991, 84.538, 10.939
53, 230.000, 13.857, -92.952, 1.139, 3.214, 59.212, 0.010, 1.100, -3.106
53, 325.000,15.219, -99.619, 5914.119, 77.268, -432.255, 99.992, 85.754, -169.865
54, 230.000, 82.948, -27.086, 19.098, -56.145, 0.824, 0.010, 18.784, 89.160
54, 325.000,86.250, -28.707, 5923.623, 263.174, -104.430, 99.991, 87.263, -111.644
55, 230.000, 26.288, 89.635, 31.853, -47.518, -15.653, 0.010, 32.484, 108.232
55, 325.000,27.170, 97.106, 5912.615, 86.522, 450.821, 99.992, 85.561, -10.864
56, 230.000, -53.515, -18.348, 10.775, 41.192, -41.289, 0.010, 10.467, -135.067
56, 325.000,-53.564, -20.126, 5929.530, -63.324, -79.143, 99.992, 89.021, 141.336
57, 230.000, -43.074, 47.720, 46.234, 0.540, -37.145, 0.010, 51.218, -179.168
57, 325.000,-44.320, 47.950, 5929.271, -94.279, 66.487, 99.992, 88.885, 54.808
58, 230.000, -81.852, 3.856, 34.049, -47.104, -11.814, 0.010, 35.035, 104.079
58, 325.000,-87.442, 3.682, 5921.495, -324.819, 0.545, 99.992, 86.860, 89.904
59, 230.000, 62.896, -50.459, 49.945, -3.966, -31.740, 0.010, 57.362, 172.878
59, 325.000,65.749, -53.835, 5923.908, 197.280, -194.933, 99.992, 87.320, -134.657
60, 230.000, -60.546, 6.591, 45.990, -4.786, -37.144, 0.010, 50.843, 172.658
60, 325.000,-62.367, 5.601, 5928.867, -132.233, -24.682, 99.992, 88.700, 100.573
61, 230.000, -31.521, 73.248, 23.703, -6.213, -54.011, 0.010, 23.556, 173.438
61, 325.000,-33.124, 74.833, 5927.143, -102.916, 167.384, 99.992, 88.101, 31.585
62, 230.000, 0.409, -9.169, 29.589, -37.278, -35.391, 0.010, 29.926, 133.513
62, 630.000,-3.919, -25.229, 4185.394, -55.071, -263.629, 50.011, 86.318, 168.201
63, 230.000, 45.380, -73.149, 0.896, -15.984, 57.108, 0.010, 0.866, 15.637
63, 325.000,47.487, -75.570, 5924.669, 151.847, -211.697, 99.992, 87.482, -144.349
64, 230.000, -53.627, 37.932, 52.824, -10.164, 24.979, 0.010, 62.955, 22.141
64, 325.000,-55.593, 39.881, 5927.837, -132.897, 112.496, 99.992, 88.318, 49.752
65, 230.000, 8.562, 82.581, 48.819, -8.729, 32.530, 0.010, 55.398, 15.022
65, 325.000,8.738, 87.904, 5921.726, 20.434, 319.922, 99.992, 86.901, -3.655
66, 230.000, 30.015, -70.889, 53.434, 23.773, -9.863, 0.010, 64.281, -112.534
66, 325.000,32.009, -74.154, 5925.399, 111.973, -216.012, 99.992, 87.649, -152.599
67, 230.000, 28.717, -36.785, 34.905, 35.181, 32.582, 0.010, 36.052, -47.196
67, 325.000,30.478, -36.574, 5929.618, 89.751, -34.558, 99.992, 89.071, -111.059
68, 230.000, -2.797, 14.630, 1.783, 50.018, -31.823, 0.010, 1.723, -122.466
68, 630.000,0.224, 28.660, 4185.285, 24.513, 266.615, 50.006, 86.340, -5.253
69, 230.000, 14.584, -58.376, 8.304, 58.418, -6.003, 0.010, 8.049, -95.867
69, 325.000,16.838, -60.162, 5928.313, 91.080, -128.143, 99.992, 88.481, -144.596
70, 230.000, -36.711, -88.951, 26.675, -9.559, 52.103, 0.010, 26.728, 10.396
70, 325.000,-41.136, -97.400, 5904.065, -240.822, -503.058, 99.990, 84.604, 154.419
71, 230.000, 44.649, 40.845, 10.601, -30.367, 49.830, 0.010, 10.297, 31.359
71, 325.000,44.912, 43.548, 5928.483, 62.029, 137.288, 99.992, 88.544, -24.314
72, 230.000, -57.944, 75.634, 29.598, 9.037, 50.596, 0.010, 29.936, -10.127
72, 325.000,-63.881, 85.275, 5898.565, -340.529, 511.154, 99.994, 84.055, 33.671
73, 230.000, -19.915, 42.247, 27.395, -46.630, 24.348, 0.010, 27.510, 62.429
73, 325.000,-21.846, 43.973, 5928.880, -85.174, 103.475, 99.992, 88.705, 39.459
74, 230.000, 56.047, -5.520, 32.937, -27.389, -41.019, 0.010, 33.735, 146.268
74, 325.000,56.598, -6.959, 5929.581, 82.373, -53.412, 99.992, 89.051, -122.960
75, 230.000, 20.369, -87.654, 21.424, 53.167, -15.231, 0.010, 21.175, -105.986
75, 325.000,23.494, -94.518, 5914.400, 147.748, -409.275, 99.991, 85.792, -160.150
76, 230.000, 1.118, -47.112, 16.647, 56.400, -7.715, 0.010, 16.301, -97.790
76, 325.000,2.940, -48.420, 5929.320, 60.485, -95.463, 99.992, 88.908, -147.642
77, 230.000, -82.947, 18.452, 47.257, 30.998, -17.988, 0.010, 52.823, -120.125
77, 325.000,-86.564, 18.913, 5924.214, -266.501, 47.599, 99.992, 87.384, 79.873
78, 230.000, -8.012, -0.717, 14.397, 51.456, -25.741, 0.010, 14.049, -116.577
78, 630.000,-11.370, -4.967, 4192.592, -89.184, -60.345, 50.009, 88.529, 124.083
79, 230.000, -53.636, -58.942, 32.342, -49.455, 5.087, 0.010, 33.045, 84.128
79, 325.000,-57.647, -61.494, 5923.602, -219.878, -179.262, 99.992, 87.258, 129.190
80, 230.000, 53.906, 54.995, 54.024, -22.272, -10.147, 0.010, 65.628, 114.495
80, 325.000,55.430, 56.941, 5927.115, 131.271, 147.078, 99.992, 88.095, -41.750
81, 230.000, 13.522, -58.750, 54.810, 19.712, 11.177, 0.010, 67.538, -60.446
81, 325.000,14.511, -59.997, 5929.164, 48.584, -110.669, 99.992, 88.832, -156.298
82, 230.000, 46.885, -26.632, 1.620, -51.179, 29.928, 0.010, 1.565, 59.682
82, 325.000,46.390, -26.324, 5930.247, 37.171, -20.227, 99.992, 89.591, -118.554
83, 230.000, -36.709, -61.773, 50.379, -29.252, -11.133, 0.010, 58.149, 110.836
83, 325.000,-38.943, -64.338, 5926.612, -125.112, -170.798, 99.992, 87.954, 143.777
84, 230.000, -4.056, 51.581, 20.949, -28.848, -47.398, 0.010, 20.684, 148.674
84, 325.000,-5.069, 51.291, 5930.078, -37.562, 48.667, 99.992, 89.406, 37.662
85, 230.000, -69.335, 54.941, 16.013, -56.661, 7.127, 0.010, 15.664, 82.831
85, 325.000,-75.786, 58.883, 5914.964, -353.725, 240.282, 99.992, 85.865, 55.812
86, 230.000, -20.336, 77.927, 46.837, -34.728, -10.859, 0.010, 52.157, 107.364
86, 325.000,-22.370, 81.237, 5924.846, -101.002, 235.970, 99.992, 87.519, 23.172
87, 230.000, 1.367, -91.687, 57.880, -11.834, -5.247, 0.010, 77.393, 113.912
87, 325.000,1.115, -99.190, 5913.492, -5.977, -447.583, 99.992, 85.671, 179.235
88, 230.000, -9.426, -47.804, 51.838, 15.964, -23.992, 0.010, 60.929, -146.362
88, 325.000,-9.137, -49.660, 5929.298, -1.072, -114.077, 99.992, 88.898, 179.462
89, 230.000, -85.123, -41.275, 46.371, 3.736, 36.788, 0.010, 51.431, -5.798
89, 325.000,-93.343, -44.200, 5908.188, -475.498, -193.271, 99.993, 85.035, 112.120
90, 230.000, 33.439, -86.796, 38.590, -44.080, 9.239, 0.010, 40.591, 78.162
90, 325.000,34.983, -94.013, 5913.170, 124.023, -433.811, 99.990, 85.637, -164.045
91, 230.000, -0.827, 91.305, 5.103, -9.110, 58.383, 0.010, 4.935, 8.869
91, 325.000,-1.174, 100.436, 5909.004, -13.685, 503.337, 99.993, 85.129, 1.557
92, 230.000, -56.796, 19.973, 54.408, 4.022, 23.264, 0.010, 66.543, -9.808
92, 325.000,-58.216, 21.250, 5928.934, -114.112, 65.725, 99.992, 88.728, 60.059
93, 230.000, -10.610, 7.227, 47.664, -19.527, -29.402, 0.010, 53.479, 146.411
93, 630.000,-26.334, 12.412, 4183.988, -266.867, 108.580, 50.007, 86.061, 67.860
94, 230.000, -23.741, 31.764, 50.191, -16.604, -26.885, 0.010, 57.806, 148.301
94, 325.000,-24.777, 31.591, 5929.974, -62.679, 32.877, 99.992, 89.316, 62.321
95, 230.000, -56.887, -59.949, 40.051, -41.585, 13.575, 0.010, 42.476, 71.921
95, 325.000,-61.092, -62.595, 5922.600, -237.427, -189.831, 99.992, 87.062, 128.644
96, 230.000, -59.955, 37.143, 58.122, 10.599, 5.206, 0.010, 78.516, -63.841
96, 325.000,-61.677, 38.579, 5927.991, -137.888, 97.690, 99.992, 88.367, 54.684
97, 230.000, -80.296, 58.640, 56.394, 13.077, -12.899, 0.010, 71.959, -134.606
97, 325.000,-94.508, 68.921, 5863.621, -719.334, 521.735, 99.998, 81.382, 54.046
98, 230.000, 36.793, 40.378, 35.748, -39.512, -26.048, 0.010, 37.066, 123.394
98, 325.000,36.444, 40.544, 5930.097, 30.378, 51.273, 99.992, 89.424, -30.646
99, 230.000, 69.113, 43.230, 26.562, -52.825, 4.646, 0.010, 26.606, 84.974
99, 325.000,70.768, 45.441, 5926.282, 167.292, 144.221, 99.992, 87.866, -49.236
100, 230.000, 11.840, 77.585, 28.852, -49.076, 16.637, 0.010, 29.109, 71.273
100, 325.000,10.822, 81.498, 5925.069, -15.802, 250.956, 99.992, 87.570, 3.603
101, 230.000, 41.933, 35.658, 58.441, -9.782, 2.571, 0.010, 80.181, 75.272
101, 325.000,42.667, 36.625, 5929.517, 71.780, 72.316, 99.992, 89.016, -44.787
102, 230.000, -34.346, 79.104, 0.695, -23.693, 54.367, 0.010, 0.671, 23.547
102, 325.000,-37.176, 85.615, 5916.962, -159.022, 366.033, 99.992, 86.141, 23.482
103, 230.000, 17.291, 48.713, 11.392, 57.207, 10.731, 0.010, 11.074, -79.376
103, 325.000,19.524, 50.216, 5928.770, 92.153, 103.815, 99.992, 88.659, -41.594
104, 230.000, 10.068, -96.214, 39.385, 16.772, -41.051, 0.010, 41.610, -157.777
104, 325.000,11.838, -109.541, 5888.070, 86.789, -701.689, 99.991, 83.153, -172.949
105, 230.000, 6.687, -47.147, 40.958, 41.728, 9.944, 0.010, 43.675, -76.596
105, 325.000,8.161, -47.897, 5929.632, 55.642, -77.395, 99.992, 89.079, -144.286
106, 230.000, -52.573, -69.170, 53.670, 19.810, 15.645, 0.010, 64.810, -51.700
106, 325.000,-55.140, -72.869, 5922.249, -182.730, -251.417, 99.992, 86.996, 143.990
107, 230.000, -56.359, -0.232, 38.863, -35.673, -27.105, 0.010, 40.940, 127.228
107, 325.000,-58.931, -1.096, 5928.448, -149.284, -28.552, 99.992, 88.531, 100.828
108, 230.000, 6.998, -19.776, 24.778, -28.832, -45.524, 0.010, 24.694, 147.653
108, 325.000,6.249, -21.743, 5928.762, -0.732, -139.656, 99.992, 88.651, 179.700
109, 230.000, 81.025, -52.053, 44.272, 35.866, -16.470, 0.010, 48.284, -114.665
109, 325.000,91.745, -58.743, 5892.178, 569.328, -358.728, 99.995, 83.485, -122.215
110, 230.000, 64.047, 33.920, 43.255, 34.539, 21.301, 0.010, 46.828, -58.336
110, 325.000,67.480, 35.833, 5925.838, 204.108, 111.238, 99.992, 87.754, -61.410
111, 230.000, 16.318, 28.074, 24.830, 5.842, 53.544, 0.010, 24.750, -6.227
111, 325.000,16.852, 30.384, 5929.139, 40.529, 115.175, 99.992, 88.820, -19.386
112, 230.000, -10.293, -10.494, 12.178, 34.800, 46.458, 0.010, 11.849, -36.836
112, 630.000,-18.571, -17.511, 4187.858, -166.616, -151.022, 50.007, 86.926, 132.189
113, 230.000, 76.355, -12.211, 35.844, 8.032, -46.565, 0.010, 37.183, -170.214
113, 325.000,79.826, -14.183, 5925.269, 231.748, -84.479, 99.992, 87.616, -110.028
114, 230.000, -42.397, 35.391, 25.033, 32.433, -42.885, 0.010, 24.965, -142.901
114, 325.000,-42.416, 34.906, 5930.142, -48.977, 24.504, 99.992, 89.471, 63.420
115, 230.000, -59.872, -38.683, 45.818, 34.137, 15.907, 0.010, 50.580, -65.016
115, 325.000,-60.873, -39.523, 5928.749, -114.245, -80.223, 99.992, 88.651, 125.077
116, 230.000, -38.629, -64.777, 54.102, -5.739, -23.615, 0.010, 65.811, 166.341
116, 325.000,-40.346, -68.092, 5925.733, -113.980, -205.760, 99.992, 87.727, 151.016
117, 230.000, 74.973, -13.930, 21.480, 32.709, 44.569, 0.010, 21.233, -36.275
117, 325.000,79.064, -13.100, 5925.197, 248.289, 6.877, 99.992, 87.600, -88.413
118, 230.000, 30.078, -65.973, 16.949, 47.942, 30.528, 0.010, 16.605, -57.512
118, 325.000,32.675, -67.396, 5927.389, 127.952, -139.044, 99.992, 88.174, -137.379
119, 230.000, 33.185, 7.626, 35.057, 47.551, 5.246, 0.010, 36.234, -83.705
119, 325.000,35.406, 7.955, 5929.205, 117.049, 20.976, 99.992, 88.851, -79.840
120, 230.000, 26.910, 23.999, 43.094, -12.829, -38.678, 0.010, 46.601, 161.650
120, 325.000,27.077, 23.281, 5930.239, 41.939, 8.997, 99.992, 89.586, -77.892
121, 230.000, 63.352, 30.906, 37.913, 17.598, 42.078, 0.010, 39.735, -22.696
121, 325.000,66.103, 33.301, 5926.499, 177.362, 121.444, 99.992, 87.923, -55.600
122, 230.000, -40.858, -87.108, 51.188, 7.651, 28.964, 0.010, 59.662, -14.796
122, 325.000,-45.263, -96.118, 5902.299, -249.865, -519.176, 99.990, 84.425, 154.300
123, 230.000, 1.200, 59.758, 12.308, -36.395, 45.183, 0.010, 11.977, 38.852
123, 325.000,0.078, 62.823, 5927.809, -35.262, 171.560, 99.992, 88.308, 11.615
124, 230.000, -12.312, -5.958, 0.854, 59.127, -4.567, 0.010, 0.825, -94.417
124, 630.000,-19.956, -13.970, 4188.200, -169.500, -139.126, 50.008, 87.003, 129.379
125, 230.000, -1.262, 60.243, 26.771, 10.213, 51.929, 0.010, 26.832, -11.127
125, 325.000,-0.974, 63.549, 5927.640, 7.944, 180.609, 99.992, 88.253, -2.518
126, 230.000, 82.139, -1.528, 48.149, 33.751, -7.756, 0.010, 54.274, -102.942
126, 325.000,87.335, -1.846, 5922.160, 312.273, -13.304, 99.992, 86.979, -92.440
127, 230.000, 68.798, 38.714, 17.148, -39.763, 40.527, 0.010, 16.806, 44.455
127, 325.000,70.582, 41.689, 5925.909, 166.399, 159.584, 99.992, 87.772, -46.198
128, 230.000, -46.874, -56.819, 11.528, -43.550, -38.577, 0.010, 11.208, 131.535
128, 325.000,-50.037, -60.206, 5924.700, -172.534, -194.284, 99.992, 87.489, 138.393
129, 230.000, 72.403, -44.768, 5.095, -45.268, 37.980, 0.010, 4.928, 50.003
129, 325.000,74.971, -46.045, 5925.353, 212.492, -120.861, 99.992, 87.638, -119.630
130, 230.000, 51.527, 48.423, 46.277, 32.346, 18.161, 0.010, 51.285, -60.688
130, 325.000,54.340, 50.683, 5926.455, 163.697, 141.080, 99.992, 87.912, -49.244
131, 230.000, 41.591, 46.875, 42.232, 41.091, -6.757, 0.010, 45.403, -99.339
131, 325.000,44.082, 48.009, 5928.151, 132.852, 94.626, 99.992, 88.424, -54.539
132, 230.000, -32.197, -15.696, 36.349, -38.334, 26.960, 0.010, 37.798, 54.881
132, 325.000,-34.103, -15.171, 5929.484, -104.049, -3.198, 99.992, 88.994, 91.760
133, 230.000, -88.057, 3.049, 57.929, -2.308, 12.513, 0.010, 77.611, 10.451
133, 325.000,-93.855, 3.632, 5919.173, -363.634, 25.736, 99.991, 86.476, 85.952
134, 230.000, -55.508, 70.781, 16.712, 42.083, -38.306, 0.010, 16.366, -132.310
134, 325.000,-58.090, 74.546, 5921.183, -195.982, 266.174, 99.992, 86.805, 36.364
135, 230.000, -38.411, 45.857, 25.887, -23.132, 48.087, 0.010, 25.879, 25.690
135, 325.000,-40.194, 48.635, 5927.687, -104.296, 145.755, 99.992, 88.268, 35.586
136, 230.000, 50.470, -43.843, 24.852, -47.573, -25.236, 0.010, 24.773, 117.945
136, 325.000,50.542, -46.006, 5928.652, 66.919, -127.368, 99.992, 88.610, -152.283
137, 230.000, 50.431, 48.386, 34.340, -47.086, -11.016, 0.010, 35.380, 103.168
137, 325.000,50.630, 49.652, 5928.994, 73.453, 106.055, 99.992, 88.754, -34.706
138, 230.000, -76.012, -48.926, 33.806, 41.040, -26.277, 0.010, 34.750, -122.630
138, 325.000,-80.297, -53.304, 5917.787, -297.302, -247.229, 99.992, 86.262, 129.746
139, 230.000, -21.635, -70.816, 22.629, -52.563, 15.577, 0.010, 22.429, 73.493
139, 325.000,-24.107, -73.010, 5926.755, -113.086, -174.134, 99.992, 87.994, 147.000
140, 230.000, 73.315, -3.137, 26.079, -43.630, 30.560, 0.010, 26.085, 54.991
140, 325.000,74.627, -2.291, 5928.547, 146.065, 23.699, 99.992, 88.570, -80.784
141, 230.000, 19.744, 83.225, 14.506, -57.505, 0.667, 0.010, 14.157, 89.335
141, 325.000,19.083, 87.996, 5922.337, 12.489, 309.027, 99.992, 87.011, -2.314
142, 230.000, 71.076, -40.681, 30.472, -48.404, -15.688, 0.010, 30.916, 107.958
142, 325.000,73.025, -43.149, 5925.738, 181.466, -149.450, 99.992, 87.728, -129.474
143, 230.000, -15.495, -65.792, 17.816, 48.354, -29.362, 0.010, 17.481, -121.268
143, 325.000,-14.465, -68.829, 5927.468, 13.770, -185.817, 99.992, 88.200, -175.762
144, 230.000, 42.225, -87.115, 3.235, 17.580, -56.552, 0.010, 3.126, -162.732
144, 325.000,48.166, -99.984, 5884.638, 311.757, -664.932, 99.988, 82.886, -154.880
145, 230.000, 48.513, 40.806, 5.734, 23.381, -54.204, 0.010, 5.548, -156.667
145, 325.000,50.656, 40.265, 5928.887, 129.814, 32.454, 99.992, 88.707, -75.964
146, 230.000, -3.021, 75.623, 28.007, -27.275, -44.602, 0.010, 28.178, 148.553
146, 325.000,-3.995, 77.187, 5928.073, -36.843, 161.906, 99.992, 88.396, 12.820
147, 230.000, 16.902, 36.810, 38.858, -29.825, 33.439, 0.010, 40.933, 41.730
147, 325.000,16.316, 38.664, 5929.483, 0.854, 103.928, 99.992, 88.996, -0.471
148, 230.000, -83.643, 31.101, 4.203, 57.852, -12.375, 0.010, 4.064, -102.074
148, 325.000,-87.468, 32.806, 5922.123, -290.011, 117.508, 99.991, 86.975, 67.943
149, 230.000, -18.912, -71.405, 53.682, 22.324, 11.725, 0.010, 64.839, -62.292
149, 325.000,-18.922, -73.713, 5927.665, -27.061, -177.929, 99.992, 88.261, 171.352
150, 230.000, 94.896, -8.851, 10.062, 17.404, 55.799, 0.010, 9.768, -17.323
150, 325.000,105.497, -8.095, 5901.238, 587.743, 6.544, 99.993, 84.312, -89.362
151, 230.000, 3.676, -67.980, 29.180, 5.807, 51.308, 0.010, 29.471, -6.457
151, 325.000,3.976, -68.523, 5929.436, 14.645, -105.687, 99.992, 88.969, -172.111
152, 230.000, -3.834, -10.963, 35.513, 47.137, 5.878, 0.010, 36.782, -82.892
152, 630.000,-2.505, -23.883, 4187.536, -3.641, -231.958, 50.009, 86.829, 179.101
153, 230.000, 62.763, 30.129, 57.000, -15.225, 6.070, 0.010, 73.958, 68.263
153, 325.000,64.382, 31.326, 5928.281, 136.994, 79.694, 99.992, 88.469, -59.812
154, 230.000, -56.359, -22.596, 33.846, 26.754, -40.698, 0.010, 34.797, -146.680
154, 325.000,-57.059, -24.502, 5929.036, -90.187, -89.511, 99.992, 88.772, 134.784
155, 230.000, -86.562, -48.699, 18.738, -20.104, 52.558, 0.010, 18.417, 20.932
155, 325.000,-102.737, -55.910, 5862.875, -805.650, -384.638, 99.994, 81.342, 115.521
156, 230.000, 22.840, -55.057, 54.924, -17.894, -13.446, 0.010, 67.828, 126.921
156, 325.000,22.891, -56.964, 5928.953, 28.629, -127.684, 99.992, 88.736, -167.362
157, 230.000, 89.448, 37.575, 56.477, 0.326, 18.108, 0.010, 72.220, -1.030
157, 325.000,100.826, 42.894, 5891.448, 617.357, 278.577, 99.987, 83.442, -65.713
158, 230.000, 17.022, 21.908, 44.782, -30.681, -23.893, 0.010, 49.030, 127.909
158, 325.000,16.432, 21.647, 5930.254, 16.938, 38.465, 99.992, 89.594, -23.767
159, 230.000, 46.028, -33.961, 57.299, -11.962, 9.561, 0.010, 75.037, 51.365
159, 325.000,46.833, -34.531, 5929.578, 79.526, -57.914, 99.992, 89.049, -126.064
160, 230.000, 73.853, 19.239, 23.322, -54.194, -6.058, 0.010, 23.156, 96.378
160, 325.000,75.094, 19.815, 5928.318, 149.538, 47.385, 99.992, 88.484, -72.418
161, 230.000, 39.803, -6.695, 49.693, -17.626, -27.158, 0.010, 56.914, 147.015
161, 325.000,40.098, -7.700, 5929.975, 57.398, -40.918, 99.992, 89.319, -125.484
162, 230.000, 10.669, 83.757, 47.023, -35.901, 4.194, 0.010, 52.452, 83.337
162, 325.000,10.140, 88.465, 5922.584, 0.411, 304.492, 99.992, 87.057, -0.077
163, 230.000, -13.837, -38.570, 29.093, 43.823, -27.400, 0.010, 29.375, -122.015
163, 325.000,-12.739, -40.273, 5929.505, 19.473, -100.852, 99.992, 89.008, -169.071
164, 230.000, -10.453, 75.099, 15.934, -33.965, 45.937, 0.010, 15.584, 36.478
164, 325.000,-11.946, 79.600, 5924.249, -65.314, 261.917, 99.992, 87.391, 14.002
165, 230.000, 14.014, 16.734, 42.914, -5.535, 40.563, 0.010, 46.349, 7.770
165, 325.000,14.186, 18.451, 5929.113, 52.158, 114.430, 99.993, 88.785, -24.504
166, 230.000, -6.383, 79.609, 36.731, 43.488, 16.651, 0.010, 38.266, -69.048
166, 325.000,-5.319, 83.789, 5924.333, 25.649, 266.674, 99.991, 87.411, -5.494
167, 230.000, -25.873, 58.028, 1.262, -57.368, -14.998, 0.010, 1.219, 104.651
167, 325.000,-28.449, 59.245, 5928.204, -116.359, 111.691, 99.992, 88.442, 46.173
168, 230.000, -34.055, -58.372, 36.967, 37.914, 26.714, 0.010, 38.556, -54.832
168, 325.000,-33.933, -59.369, 5929.283, -39.691, -107.844, 99.992, 88.890, 159.794
169, 230.000, -46.747, -22.424, 43.685, -0.102, -40.115, 0.010, 47.440, 179.854
169, 325.000,-47.865, -24.228, 5929.127, -89.085, -84.216, 99.992, 88.816, 133.391
170, 230.000, -1.836, 13.931, 53.970, 15.290, 19.264, 0.010, 65.501, -38.440
170, 630.000,-2.136, 33.690, 4180.065, -14.071, 338.229, 50.004, 85.370, 2.382
171, 230.000, 42.604, 29.303, 38.516, 23.193, -38.681, 0.010, 40.497, -149.053
171, 325.000,44.349, 28.772, 5929.448, 104.909, 15.588, 99.992, 88.975, -81.549
172, 230.000, -12.786, 83.949, 12.209, 12.432, -56.692, 0.010, 11.879, -167.632
172, 325.000,-13.096, 86.756, 5925.458, -32.531, 239.847, 99.992, 87.661, 7.724
173, 230.000, -55.470, -30.414, 53.409, -24.240, 8.807, 0.010, 64.225, 70.032
173, 325.000,-57.844, -31.020, 5928.312, -146.436, -57.342, 99.992, 88.480, 111.385
174, 230.000, -97.543, 8.297, 56.674, -13.471, 11.145, 0.010, 72.856, 50.399
174, 325.000,-111.954, 9.820, 5881.579, -754.412, 74.886, 99.986, 82.655, 84.331
175, 230.000, 66.709, -9.935, 17.787, 34.146, -45.114, 0.010, 17.452, -142.879
175, 325.000,69.934, -11.680, 5926.821, 193.443, -70.483, 99.992, 88.010, -110.020
176, 230.000, -30.157, -51.418, 18.855, 46.129, 32.159, 0.010, 18.537, -55.117
176, 325.000,-29.497, -51.766, 5929.945, -13.862, -71.850, 99.992, 89.293, 169.080
177, 230.000, -16.273, 12.019, 0.623, 58.683, 8.579, 0.010, 0.602, -81.683
177, 630.000,-28.369, 27.637, 4177.624, -247.864, 271.245, 50.004, 84.974, 42.421
178, 230.000, 76.893, -13.616, 31.853, 44.248, -23.347, 0.010, 32.484, -117.818
178, 325.000,81.644, -14.943, 5923.509, 278.202, -65.524, 99.992, 87.238, -103.253
179, 230.000, 32.244, 38.203, 35.989, 7.514, -46.540, 0.010, 37.358, -170.829
179, 325.000,33.228, 37.610, 5929.956, 68.313, 23.533, 99.992, 89.302, -70.992
180, 230.000, -93.013, -31.750, 40.842, 42.991, 1.171, 0.010, 43.521, -88.440
180, 325.000,-105.361, -36.367, 5887.214, -671.164, -243.584, 99.990, 83.085, 109.947
181, 230.000, 36.077, -90.023, 30.143, 42.884, 27.749, 0.010, 30.546, -57.095
181, 325.000,41.890, -100.476, 5894.114, 292.170, -584.754, 99.987, 83.672, -153.451
182, 230.000, 1.711, 55.841, 47.488, 34.485, -8.561, 0.010, 53.195, -103.942
182, 325.000,2.844, 56.976, 5929.404, 39.096, 101.144, 99.992, 88.952, -21.134
183, 230.000, -57.570, -56.360, 46.739, -35.464, -8.685, 0.010, 52.004, 103.761
183, 325.000,-61.408, -59.307, 5923.183, -222.137, -190.135, 99.992, 87.174, 130.561
184, 230.000, -81.431, 49.033, 20.756, -41.383, 37.071, 0.010, 20.485, 48.146
184, 325.000,-91.346, 55.372, 5896.944, -533.152, 334.019, 99.992, 83.910, 57.933
185, 230.000, 4.832, -34.884, 21.156, 23.592, -50.135, 0.010, 20.898, -154.799
185, 325.000,5.688, -37.226, 5929.060, 34.126, -121.266, 99.992, 88.783, -164.282
186, 230.000, 69.132, -48.157, 7.879, -55.455, 19.502, 0.010, 7.634, 70.625
186, 325.000,71.065, -50.100, 5925.724, 183.067, -147.663, 99.992, 87.727, -128.890
187, 230.000, 67.448, -17.861, 30.878, -48.493, 14.584, 0.010, 31.374, 73.262
187, 325.000,68.157, -17.994, 5929.262, 112.572, -27.995, 99.992, 88.879, -103.966
188, 230.000, 44.921, 43.133, 30.342, -31.132, -40.346, 0.010, 30.769, 142.346
188, 325.000,45.193, 43.064, 5929.852, 63.072, 49.712, 99.992, 89.224, -51.756
189, 230.000, 12.534, 3.038, 54.303, -21.650, -10.005, 0.010, 66.289, 114.802
189, 630.000,25.340, 5.526, 4186.862, 238.993, 49.765, 50.009, 86.663, -78.238
190, 230.000, 0.715, 93.760, 2.091, -30.554, -50.791, 0.010, 2.020, 148.971
190, 325.000,-0.156, 100.638, 5913.990, -28.780, 440.188, 99.993, 85.734, 3.741
191, 230.000, 15.856, -73.179, 48.368, 17.561, -29.492, 0.010, 54.638, -149.229
191, 325.000,17.028, -76.975, 5925.476, 62.225, -233.291, 99.992, 87.667, -165.065
192, 230.000, -72.805, -32.048, 25.856, -33.460, 41.588, 0.010, 25.846, 38.819
192, 325.000,-77.163, -32.205, 5924.388, -261.054, -55.829, 99.992, 87.420, 102.071
193, 230.000, 17.639, -73.350, 48.391, -34.185, -2.703, 0.010, 54.678, 94.521
193, 325.000,17.265, -76.325, 5926.800, 13.175, -206.203, 99.992, 88.003, -176.344
194, 230.000, 57.886, -34.320, 59.301, 0.714, -0.750, 0.010, 88.999, -136.408
194, 325.000,59.740, -35.430, 5928.287, 135.945, -80.942, 99.992, 88.471, -120.770
195, 230.000, -85.793, 14.050, 52.942, -18.881, -18.929, 0.010, 63.206, 135.073
195, 325.000,-91.670, 14.332, 5919.470, -357.799, 35.336, 99.991, 86.524, 84.360
196, 230.000, -17.543, 96.984, 18.576, 39.266, -40.383, 0.010, 18.253, -135.803
196, 325.000,-19.032, 110.472, 5885.282, -96.771, 724.528, 99.995, 82.920, 7.608
197, 230.000, 0.400, 61.854, 49.539, -3.055, 32.468, 0.010, 56.643, 5.375
197, 325.000,0.315, 64.630, 5928.059, -2.312, 166.423, 99.992, 88.392, 0.796
198, 230.000, -86.140, 5.964, 22.756, 48.124, -26.152, 0.010, 22.562, -118.521
198, 325.000,-89.669, 5.501, 5924.079, -273.449, -5.144, 99.991, 87.357, 91.078
199, 230.000, 4.201, -41.060, 3.314, 58.931, 5.816, 0.010, 3.203, -84.364
199, 325.000,6.176, -41.759, 5929.568, 69.038, -71.129, 99.992, 89.042, -135.854
200, 230.000, 92.304, 35.892, 8.078, 55.893, -18.121, 0.010, 7.828, -107.963
200, 325.000,110.401, 41.742, 5855.527, 887.475, 302.234, 99.982, 80.904, -71.193
201, 230.000, -40.866, 81.642, 45.827, -37.636, -1.036, 0.010, 50.594, 91.577
201, 325.000,-45.225, 88.015, 5913.199, -233.873, 386.292, 99.992, 85.633, 31.192
202, 230.000, 60.102, 71.907, 16.857, 42.928, -37.291, 0.010, 16.512, -130.980
202, 325.000,66.955, 77.398, 5908.764, 368.886, 346.863, 99.993, 85.102, -46.762
203, 230.000, -36.391, 32.876, 33.703, 43.220, 22.667, 0.010, 34.629, -62.325
203, 325.000,-35.853, 34.350, 5929.741, -23.295, 84.944, 99.992, 89.149, 15.335
204, 230.000, -63.082, -45.772, 34.141, -35.968, 32.532, 0.010, 35.144, 47.872
204, 325.000,-66.917, -46.721, 5925.249, -224.895, -101.762, 99.991, 87.614, 114.346
205, 230.000, 10.326, 43.378, 19.194, -45.666, -32.617, 0.010, 18.882, 125.536
205, 325.000,9.098, 43.291, 5930.144, -28.051, 47.201, 99.992, 89.470, 30.722
206, 230.000, 6.935, 94.817, 24.557, -20.988, -49.740, 0.010, 24.459, 157.123
206, 325.000,6.994, 102.826, 5909.943, 17.428, 491.368, 99.991, 85.244, -2.031
207, 230.000, -50.235, -78.285, 31.230, -36.924, 34.335, 0.010, 31.774, 47.081
207, 325.000,-55.739, -84.056, 5911.526, -297.754, -366.233, 99.990, 85.435, 140.888
208, 230.000, 41.418, 34.662, 50.699, -22.075, -21.446, 0.010, 58.740, 134.172
208, 325.000,41.730, 34.829, 5929.954, 57.057, 44.673, 99.992, 89.300, -51.941
209, 230.000, 85.553, 22.094, 56.653, 2.175, 17.418, 0.010, 72.785, -7.117
209, 325.000,91.265, 24.088, 5918.621, 357.179, 110.071, 99.992, 86.387, -72.872
210, 230.000, 96.316, -6.288, 57.889, -3.100, -12.527, 0.010, 77.433, 166.099
210, 325.000,107.666, -7.411, 5896.963, 627.312, -54.568, 99.995, 83.905, -94.971
211, 230.000, 36.999, 62.794, 43.694, -28.142, -28.573, 0.010, 47.452, 135.435
211, 325.000,37.454, 64.168, 5928.540, 66.430, 132.762, 99.992, 88.566, -26.582
212, 230.000, 28.694, -10.410, 37.059, -38.105, 26.311, 0.010, 38.670, 55.376
212, 325.000,28.113, -9.801, 5930.306, 31.902, 1.620, 99.992, 89.691, -87.092
213, 230.000, -17.726, 2.306, 46.312, 36.740, 4.796, 0.010, 51.338, -82.562
213, 630.000,-34.793, 5.760, 4180.936, -322.950, 58.342, 50.005, 85.512, 79.760
214, 230.000, 47.707, 15.822, 31.924, -47.186, 16.492, 0.010, 32.565, 70.735
214, 325.000,47.315, 16.712, 5930.070, 40.825, 46.821, 99.992, 89.400, -41.087
215, 230.000, -33.088, 57.343, 34.907, -4.226, 47.763, 0.010, 36.054, 5.057
215, 325.000,-34.255, 60.642, 5927.039, -80.972, 182.397, 99.992, 88.072, 23.938
216, 230.000, 16.408, 88.810, 49.792, -21.919, 23.620, 0.010, 57.091, 42.862
216, 325.000,16.949, 96.104, 5914.750, 51.151, 427.722, 99.992, 85.835, -6.820
217, 230.000, -59.202, 57.449, 25.833, 29.677, 44.380, 0.010, 25.821, -33.770
217, 325.000,-61.278, 61.745, 5923.109, -168.808, 240.778, 99.992, 87.158, 35.034
218, 230.000, 36.289, 57.702, 53.914, 20.183, 14.267, 0.010, 65.371, -54.744
218, 325.000,38.104, 60.028, 5927.456, 107.668, 152.644, 99.992, 88.195, -35.197
219, 230.000, 68.828, 38.783, 55.215, 15.591, 15.028, 0.010, 68.586, -46.053
219, 325.000,72.390, 40.985, 5924.514, 227.155, 134.541, 99.992, 87.448, -59.362
220, 230.000, -34.713, 10.679, 37.392, -15.770, -43.253, 0.010, 39.083, 159.969
220, 325.000,-35.954, 9.529, 5929.730, -85.733, -23.711, 99.992, 89.141, 105.460
221, 230.000, -67.432, 63.261, 56.392, 18.317, 1.440, 0.010, 71.953, -85.506
221, 325.000,-72.502, 68.585, 5913.529, -316.161, 316.399, 99.993, 85.674, 44.978
222, 230.000, 5.798, -77.044, 0.704, 11.958, 58.088, 0.010, 0.680, -11.632
222, 325.000,6.412, -78.374, 5928.185, 29.075, -159.210, 99.992, 88.436, -169.651
223, 230.000, -27.773, 10.974, 56.151, 18.759, 3.578, 0.010, 71.217, -79.200
223, 325.000,-27.789, 11.331, 5930.099, -49.426, 31.135, 99.991, 89.436, 57.792
224, 230.000, 40.785, 73.672, 10.788, -13.141, -56.821, 0.010, 10.480, 166.978
224, 325.000,42.533, 75.798, 5925.720, 128.439, 197.173, 99.992, 87.726, -33.080
225, 230.000, -42.785, -16.086, 37.338, 8.528, -45.286, 0.010, 39.016, -169.335
225, 325.000,-43.465, -17.882, 5929.479, -70.451, -76.709, 99.992, 88.994, 137.435
226, 230.000, -33.623, -34.986, 45.114, -18.197, 33.930, 0.010, 49.521, 28.206
226, 325.000,-34.966, -34.709, 5929.759, -81.589, -30.164, 99.992, 89.160, 110.290
227, 230.000, 43.823, 85.431, 1.642, -55.730, 20.225, 0.010, 1.586, 70.054
227, 325.000,47.074, 95.677, 5899.976, 215.782, 558.516, 99.988, 84.205, -21.124
228, 230.000, -55.461, -16.032, 35.937, -45.322, -13.120, 0.010, 37.295, 106.145
228, 325.000,-58.353, -16.869, 5928.068, -159.596, -46.154, 99.992, 88.395, 106.129
229, 230.000, 21.318, 3.703, 54.634, 19.708, 12.014, 0.010, 67.098, -58.633
229, 325.000,22.485, 4.181, 5929.166, 114.741, 29.478, 99.990, 88.855, -75.592
230, 230.000, -80.249, 6.206, 55.413, -20.182, -6.307, 0.010, 69.114, 107.353
230, 325.000,-84.659, 6.302, 5923.898, -277.335, 13.190, 99.992, 87.317, 87.277
231, 230.000, -55.489, 34.009, 38.532, 40.250, 20.319, 0.010, 40.517, -63.215
231, 325.000,-55.879, 35.666, 5929.031, -82.096, 97.066, 99.992, 88.772, 40.224
232, 230.000, 18.542, 2.172, 48.471, -7.893, -33.255, 0.010, 54.811, 166.648
232, 630.000,40.191, 0.547, 4176.494, 387.224, -9.647, 50.020, 84.701, -91.427
233, 230.000, -58.064, -33.329, 17.592, -39.020, -41.056, 0.010, 17.254, 136.457
233, 325.000,-61.150, -35.691, 5926.510, -177.239, -121.160, 99.992, 87.925, 124.356
234, 230.000, -56.412, -76.819, 3.092, 12.453, 57.905, 0.010, 2.988, -12.138
234, 325.000,-61.806, -82.919, 5909.391, -315.471, -385.873, 99.991, 85.179, 140.732
235, 230.000, -5.290, 48.015, 14.674, -57.436, -1.845, 0.010, 14.325, 91.840
235, 325.000,-7.240, 49.051, 5929.345, -69.341, 87.606, 99.992, 88.920, 38.362
236, 230.000, 40.981, -21.273, 24.222, 9.079, -53.371, 0.010, 24.104, -170.345
236, 325.000,42.188, -23.448, 5929.028, 85.263, -94.646, 99.992, 88.769, -137.986
237, 230.000, -24.927, 57.530, 7.313, 14.211, -57.116, 0.010, 7.082, -166.028
237, 325.000,-25.178, 57.339, 5929.933, -38.436, 63.463, 99.992, 89.283, 31.201
238, 230.000, -10.612, -10.754, 14.745, -57.107, -6.250, 0.010, 14.395, 96.246
238, 630.000,-31.091, -24.824, 4173.678, -328.826, -244.918, 50.004, 84.389, 126.680
239, 230.000, -65.666, 14.885, 5.320, 26.567, -52.759, 0.010, 5.146, -153.272
239, 325.000,-66.883, 13.681, 5929.052, -124.438, -20.422, 99.992, 88.782, 99.320
240, 230.000, 66.918, 56.047, 31.115, 48.352, -14.546, 0.010, 31.642, -106.744
240, 325.000,72.639, 59.135, 5918.101, 319.409, 209.330, 99.992, 86.308, -56.760
241, 230.000, 6.564, 93.948, 32.032, -4.476, 49.715, 0.010, 32.689, 5.145
241, 325.000,7.072, 104.685, 5901.575, 32.282, 583.468, 99.993, 84.345, -3.167
242, 230.000, 1.755, -23.142, 8.808, 45.945, 36.457, 0.010, 8.540, -51.569
242, 325.000,3.280, -22.551, 5929.789, 58.767, -60.426, 99.991, 89.186, -135.798
243, 230.000, 85.842, -19.156, 9.152, 1.368, 58.583, 0.010, 8.876, -1.338
243, 325.000,91.392, -18.569, 5920.038, 349.744, -15.758, 99.991, 86.616, -92.580
244, 230.000, -39.438, -19.536, 43.821, -1.741, -39.929, 0.010, 47.634, 177.503
244, 325.000,-40.359, -21.232, 5929.418, -74.852, -77.545, 99.992, 88.959, 136.012
245, 230.000, 25.450, -14.360, 19.711, -19.644, -52.376, 0.010, 19.411, 159.441
245, 325.000,25.382, -16.354, 5929.556, 42.317, -90.883, 99.992, 89.031, -155.032
246, 230.000, 30.592, -38.986, 43.993, -3.567, -39.617, 0.010, 47.881, 174.855
246, 325.000,31.189, -41.146, 5929.054, 53.684, -114.131, 99.992, 88.781, -154.809
247, 230.000, -64.802, -42.063, 0.174, -4.559, -59.134, 0.010, 0.168, 175.592
247, 325.000,-67.694, -45.707, 5924.277, -195.278, -185.618, 99.992, 87.396, 133.547
248, 230.000, 78.912, 37.788, 54.971, -21.002, -7.399, 0.010, 67.949, 109.408
248, 325.000,83.181, 39.914, 5921.569, 290.783, 142.052, 99.992, 86.872, -63.964
249, 230.000, 54.524, 34.999, 47.863, -5.778, 34.545, 0.010, 53.804, 9.495
249, 325.000,55.978, 37.137, 5928.153, 116.190, 114.335, 99.992, 88.425, -45.461
250, 230.000, 8.740, -37.577, 15.331, 40.760, -40.265, 0.010, 14.981, -134.650
250, 325.000,10.228, -39.664, 5929.026, 58.874, -112.992, 99.992, 88.769, -152.479
251, 230.000, -23.103, -33.243, 38.927, -28.090, -34.832, 0.010, 41.021, 141.115
251, 325.000,-24.492, -35.065, 5929.142, -72.283, -98.216, 99.992, 88.822, 143.649
252, 230.000, 3.852, -77.572, 8.419, -27.500, 51.870, 0.010, 8.160, 27.931
252, 325.000,3.148, -79.168, 5927.941, -17.666, -169.759, 99.992, 88.351, 174.059
253, 230.000, -22.756, 81.845, 39.575, -36.704, 24.582, 0.010, 41.856, 56.189
253, 325.000,-25.185, 87.251, 5920.047, -122.674, 327.939, 99.992, 86.615, 20.510
254, 230.000, 56.139, 65.642, 2.623, -33.336, 48.984, 0.010, 2.535, 34.237
254, 325.000,58.475, 71.111, 5919.784, 181.358, 304.982, 99.992, 86.570, -30.738
255, 230.000, -74.441, -35.253, 27.826, -17.563, 49.345, 0.010, 27.980, 19.592
255, 325.000,-78.720, -35.482, 5923.987, -267.713, -66.151, 99.992, 87.335, 103.880
256, 230.000, 30.488, -85.683, 29.086, 26.631, 44.300, 0.010, 29.367, -31.013
256, 325.000,33.592, -90.748, 5917.950, 167.859, -345.355, 99.992, 86.288, -154.078
257, 230.000, -58.742, 5.314, 52.670, -6.398, 26.505, 0.010, 62.630, 13.571
257, 325.000,-60.509, 6.291, 5928.909, -127.031, 38.373, 99.992, 88.718, 73.192
258, 230.000, 33.596, -68.077, 25.775, 48.530, -22.319, 0.010, 25.759, -114.698
258, 325.000,36.486, -71.547, 5924.612, 146.405, -217.111, 99.992, 87.469, -146.007
259, 230.000, -65.721, 0.195, 0.306, -19.254, -56.097, 0.010, 0.296, 161.056
259, 325.000,-68.350, -1.577, 5927.674, -169.970, -57.907, 99.992, 88.265, 108.813
260, 230.000, 81.308, 12.348, 0.362, 55.895, -19.831, 0.010, 0.350, -109.534
260, 325.000,87.213, 12.358, 5920.869, 335.441, 21.135, 99.992, 86.751, -86.395
261, 230.000, -24.358, -49.657, 35.032, -43.754, -19.391, 0.010, 36.204, 113.901
261, 325.000,-26.357, -51.522, 5928.490, -93.313, -117.905, 99.992, 88.547, 141.641
262, 230.000, -21.887, -90.137, 37.395, 45.717, 5.399, 0.010, 39.088, -83.265
262, 325.000,-22.354, -97.648, 5913.002, -62.007, -449.878, 99.992, 85.608, 172.152
263, 230.000, 93.152, -24.725, 54.091, 23.358, 6.793, 0.010, 65.785, -73.784
263, 325.000,104.897, -27.452, 5894.500, 633.787, -154.326, 99.995, 83.685, -103.685
264, 230.000, -79.645, 1.184, 31.178, 49.189, -11.225, 0.010, 31.714, -102.854
264, 325.000,-81.655, 0.886, 5927.307, -191.270, -8.159, 99.992, 88.150, 92.442
265, 230.000, -58.326, -19.561, 54.437, 22.470, -7.024, 0.010, 66.613, -107.359
265, 325.000,-59.238, -20.325, 5929.357, -99.885, -48.605, 99.992, 88.927, 115.948
266, 230.000, -1.930, 79.069, 33.987, 11.573, 47.208, 0.010, 34.963, -13.775
266, 325.000,-1.656, 84.127, 5923.086, 6.164, 294.396, 99.992, 87.154, -1.200
267, 230.000, -10.232, 3.172, 47.229, -34.031, 11.355, 0.010, 52.780, 71.548
267, 630.000,-27.402, 8.598, 4183.291, -284.033, 89.424, 50.007, 85.928, 72.524
268, 230.000, 23.493, 70.624, 33.422, -47.138, -13.362, 0.010, 34.300, 105.826
268, 325.000,22.906, 72.885, 5927.766, 13.964, 176.039, 99.992, 88.294, -4.535
269, 230.000, 42.150, 26.647, 53.907, 13.633, -20.636, 0.010, 65.354, -146.548
269, 325.000,43.558, 26.612, 5929.591, 93.239, 28.661, 99.992, 89.058, -72.913
270, 230.000, 72.863, 54.781, 48.553, 33.036, -8.302, 0.010, 54.948, -104.107
270, 325.000,79.557, 58.799, 5912.987, 379.234, 249.939, 99.992, 85.608, -56.613
271, 230.000, 81.883, 56.088, 5.857, -58.863, -4.302, 0.010, 5.668, 94.180
271, 325.000,94.346, 65.691, 5873.290, 657.882, 489.323, 99.987, 82.053, -53.359
272, 230.000, -64.870, -60.067, 11.072, -28.927, -50.579, 0.010, 10.759, 150.234
272, 325.000,-70.162, -65.704, 5914.508, -305.520, -308.105, 99.992, 85.804, 135.241
273, 230.000, 25.459, 74.851, 22.216, 52.651, -15.873, 0.010, 21.999, -106.777
273, 325.000,28.240, 77.685, 5925.122, 132.875, 211.691, 99.992, 87.585, -32.116
274, 230.000, -3.298, -70.080, 24.544, 20.823, 49.816, 0.010, 24.446, -22.685
274, 325.000,-2.752, -70.855, 5929.188, 13.656, -118.856, 99.992, 88.844, -173.446
275, 230.000, 4.918, 86.038, 57.471, 14.277, -3.304, 0.010, 75.695, -103.030
275, 325.000,5.649, 91.015, 5921.451, 33.769, 323.808, 99.992, 86.853, -5.954
276, 230.000, -41.274, 33.590, 52.792, -21.857, -15.904, 0.010, 62.886, 126.042
276, 325.000,-42.965, 33.902, 5929.325, -101.982, 48.110, 99.992, 88.911, 64.744
277, 230.000, -29.248, 53.011, 45.798, 34.697, -14.709, 0.010, 50.550, -112.973
277, 325.000,-28.948, 53.988, 5929.583, -24.843, 95.000, 99.992, 89.051, 14.655
278, 230.000, 68.127, 58.519, 45.698, 31.539, -20.848, 0.010, 50.399, -123.465
278, 325.000,73.974, 62.069, 5916.212, 334.545, 236.562, 99.991, 86.038, -54.735
279, 230.000, 75.818, 56.165, 8.335, -13.659, 57.110, 0.010, 8.079, 13.450
279, 325.000,82.848, 63.424, 5903.907, 413.612, 378.152, 99.993, 84.577, -47.564
280, 230.000, 76.128, -43.495, 27.949, -52.036, -5.362, 0.010, 28.115, 95.883
280, 325.000,79.263, -46.371, 5922.588, 246.855, -178.115, 99.992, 87.058, -125.812
281, 230.000, 58.366, 51.651, 4.764, 59.030, 3.218, 0.010, 4.607, -86.880
281, 325.000,62.763, 54.002, 5923.535, 237.135, 158.456, 99.992, 87.243, -56.249
282, 230.000, 5.487, 52.439, 32.069, 31.406, -38.768, 0.010, 32.731, -140.989
282, 325.000,6.615, 52.464, 5929.936, 43.002, 59.989, 99.992, 89.287, -35.634
283, 230.000, -66.783, 65.255, 47.810, -19.062, 29.469, 0.010, 53.718, 32.897
283, 325.000,-73.465, 72.113, 5906.248, -376.905, 379.827, 99.993, 84.823, 44.779
284, 230.000, 90.265, -5.094, 53.706, 17.995, 17.593, 0.010, 64.893, -45.647
284, 325.000,97.525, -4.933, 5914.823, 429.786, -4.522, 99.993, 85.844, -90.603
285, 230.000, 93.216, -11.643, 39.997, -38.664, -20.567, 0.010, 42.405, 118.010
285, 325.000,100.622, -13.340, 5911.974, 459.356, -84.421, 99.992, 85.483, -100.414
286, 230.000, 43.380, -80.865, 29.163, 36.706, 36.329, 0.010, 29.453, -45.295
286, 325.000,47.962, -86.195, 5914.929, 247.262, -349.646, 99.992, 85.859, -144.733
287, 230.000, 22.079, -21.265, 29.192, 51.452, -4.262, 0.010, 29.485, -94.735
287, 325.000,24.199, -21.860, 5929.262, 103.672, -52.335, 99.992, 88.878, -116.785
288, 230.000, -4.300, 2.238, 13.101, -12.991, 56.367, 0.010, 12.761, 12.978
288, 630.000,-11.394, 12.390, 4189.699, -117.983, 147.019, 50.008, 87.424, 38.747
289, 230.000, 8.118, -49.501, 11.914, 38.394, -43.607, 0.010, 11.588, -138.638
289, 325.000,9.531, -52.050, 5928.525, 55.055, -138.431, 99.992, 88.561, -158.312
290, 230.000, 95.131, -29.337, 22.604, 2.877, -54.758, 0.010, 22.403, -176.992
290, 325.000,115.384, -37.178, 5839.236, 979.444, -359.996, 100.037, 79.868, -110.181
291, 230.000, 13.090, 18.534, 55.420, -5.044, -20.514, 0.010, 69.134, 166.187
291, 325.000,13.260, 18.347, 5929.843, 52.606, 59.591, 99.991, 89.232, -41.437
292, 230.000, -6.174, -11.105, 22.135, -31.349, -45.221, 0.010, 21.914, 145.268
292, 630.000,-17.901, -30.750, 4177.362, -189.146, -321.055, 50.008, 84.903, 149.496
293, 230.000, -53.285, 37.628, 26.874, -51.888, -10.151, 0.010, 26.943, 101.069
293, 325.000,-56.549, 38.456, 5927.343, -174.951, 74.891, 99.992, 88.161, 66.826
294, 230.000, -71.035, -62.778, 49.327, -27.847, 17.579, 0.010, 56.273, 57.738
294, 325.000,-79.078, -68.609, 5903.943, -440.736, -344.495, 99.991, 84.587, 128.012
295, 230.000, 52.343, 42.175, 56.479, -0.650, 18.093, 0.010, 72.226, 2.057
295, 325.000,53.982, 44.080, 5927.985, 121.715, 117.437, 99.992, 88.366, -46.025
296, 230.000, -84.710, 27.868, 7.171, -11.887, 57.662, 0.010, 6.945, 11.649
296, 325.000,-90.986, 31.596, 5915.458, -379.532, 181.832, 99.992, 85.931, 64.401
297, 230.000, -86.026, 38.718, 14.571, -17.985, 54.606, 0.010, 14.222, 18.230
297, 325.000,-95.087, 44.214, 5902.112, -507.854, 278.216, 99.994, 84.397, 61.285
298, 230.000, -61.481, 40.937, 12.240, 55.262, -17.718, 0.010, 11.909, -107.776
298, 325.000,-62.013, 41.892, 5928.810, -104.169, 89.282, 99.992, 88.674, 49.401
299, 230.000, -37.111, -45.037, 19.235, 4.961, 55.884, 0.010, 18.924, -5.073
299, 325.000,-37.920, -44.437, 5929.895, -69.665, -32.848, 99.992, 89.256, 115.245
300, 230.000, -57.984, 55.602, 53.400, -2.033, 25.729, 0.010, 64.205, 4.518
300, 325.000,-60.764, 59.007, 5923.973, -186.377, 203.674, 99.992, 87.332, 42.461
