ion,x0,y0,z0,vx0,vy0,vz0,ke0,elev0,azim0,x1,y1,z1,vx1,vy1,vz1,ke1,elev1,azim1
1, 230.000, -80.316, -30.057, 614.373, -570.984, 6.843, 2.000, 47.094, 89.313
1, 325.000,-101.787, -31.831, 5914.493, -934.929, -118.396, 101.981, 80.947, 97.217
2, 230.000, 50.488, 54.793, 269.289, 467.412, 642.288, 2.000, 18.727, -36.044
2, 325.000,67.130, 76.941, 5890.516, 659.804, 857.758, 101.981, 79.590, -37.568
3, 230.000, 8.451, -24.847, 692.933, -98.176, -462.309, 2.000, 55.704, 168.011
3, 325.000,5.812, -38.554, 5965.350, -85.310, -525.856, 101.981, 84.897, 170.785
4, 230.000, -14.958, 68.877, 16.357, 658.021, -519.870, 2.000, 1.117, -128.310
4, 325.000,5.376, 54.453, 5940.788, 650.814, -390.697, 101.981, 82.719, -120.977
5, 230.000, 17.899, 28.876, 334.231, 631.409, -439.473, 2.000, 23.483, -124.839
5, 325.000,37.413, 16.151, 5935.920, 688.330, -400.312, 101.981, 82.360, -120.181
6, 230.000, 61.653, 42.877, 153.971, -619.175, -544.463, 2.000, 10.578, 131.326
6, 325.000,44.487, 27.436, 5949.530, -503.149, -468.063, 101.981, 83.411, 132.931
7, 230.000, 20.268, 26.683, 545.643, -325.642, -547.499, 2.000, 40.582, 149.257
7, 630.000,5.344, -9.717, 2763.083, -76.324, -311.742, 21.999, 83.374, 166.243
8, 230.000, 77.222, 57.274, 431.886, -67.769, -715.825, 2.000, 30.991, 174.592
8, 325.000,82.062, 41.931, 5962.438, 327.980, -458.593, 101.979, 84.598, -144.428
9, 230.000, 3.135, 91.928, 493.449, -406.264, -543.122, 2.000, 36.037, 143.203
9, 325.000,-8.261, 82.160, 5971.285, -413.140, -205.083, 101.980, 85.583, 116.400
10, 230.000, -80.950, 30.809, 356.091, -684.027, 329.895, 2.000, 25.122, 64.253
10, 325.000,-107.589, 43.007, 5864.411, -1110.001, 496.032, 101.982, 78.288, 65.921
11, 230.000, 96.798, -17.965, 146.957, 825.649, -15.201, 2.000, 10.091, -91.055
11, 325.000,145.048, -22.684, 5672.013, 1912.982, -207.072, 101.995, 71.261, -96.178
12, 230.000, 91.717, -7.704, 312.575, -487.097, -607.090, 2.000, 21.880, 141.258
12, 325.000,83.552, -26.027, 5949.979, -129.783, -670.761, 101.980, 83.450, 169.049
13, 230.000, 93.428, 26.223, 720.911, 394.342, -168.242, 2.000, 59.260, -113.105
13, 325.000,116.242, 24.951, 5892.985, 1069.338, 5.395, 101.985, 79.715, -89.711
14, 230.000, -87.131, -38.594, 489.430, 39.652, 680.007, 2.000, 35.698, -3.337
14, 325.000,-93.629, -22.707, 5952.593, -409.951, 516.934, 101.979, 83.675, 38.416
15, 230.000, -30.491, -70.967, 399.556, -727.488, 120.996, 2.000, 28.448, 80.557
15, 325.000,-53.310, -70.497, 5927.498, -852.066, -89.321, 101.981, 81.776, 95.984
16, 230.000, -33.170, 53.137, 113.373, -126.713, 821.349, 2.000, 7.768, 8.770
16, 325.000,-38.307, 80.660, 5901.731, -218.544, 995.510, 101.981, 80.202, 12.382
17, 230.000, 55.017, 17.302, 440.794, 49.870, 711.855, 2.000, 31.704, -4.007
17, 325.000,57.981, 38.838, 5936.775, 166.666, 772.090, 101.981, 82.421, -12.181
18, 230.000, -2.797, 16.859, 356.117, -537.641, 536.328, 2.000, 25.124, 45.070
18, 325.000,-19.134, 33.443, 5933.092, -564.254, 590.968, 101.981, 82.159, 43.675
19, 230.000, 9.539, -95.947, 690.680, -436.122, 190.481, 2.000, 55.432, 66.406
19, 325.000,-1.497, -100.010, 5965.509, -405.272, -341.576, 101.978, 84.923, 130.125
20, 230.000, 17.277, -95.772, 5.913, -135.825, 827.672, 2.000, 0.404, 9.319
20, 325.000,14.554, -78.439, 5973.291, -63.137, 428.970, 101.978, 85.848, 8.373
21, 230.000, -69.784, -70.962, 445.120, 625.477, -337.892, 2.000, 32.052, -118.379
21, 325.000,-63.476, -91.773, 5912.729, 82.979, -950.529, 101.985, 80.833, -175.011
22, 230.000, -55.538, 34.465, 680.646, -470.132, 138.640, 2.000, 54.241, 73.569
22, 325.000,-70.659, 39.504, 5952.566, -620.370, 226.509, 101.981, 83.669, 69.942
23, 230.000, -6.098, 5.979, 464.933, -620.006, 320.863, 2.000, 33.663, 62.638
23, 325.000,-24.727, 15.683, 5940.171, -675.124, 357.420, 101.981, 82.672, 62.103
24, 230.000, 7.116, -52.714, 612.248, 470.609, -327.419, 2.000, 46.882, -124.828
24, 325.000,20.848, -63.453, 5951.900, 499.209, -441.452, 101.981, 83.612, -131.486
25, 230.000, -13.995, -18.224, 272.693, 522.328, -596.939, 2.000, 18.972, -138.814
25, 325.000,1.749, -36.928, 5930.334, 515.143, -659.525, 101.981, 81.968, -142.007
26, 230.000, -91.353, 16.928, 488.662, 673.668, 104.425, 2.000, 35.634, -81.189
26, 325.000,-77.972, 20.978, 5976.823, 339.244, 177.274, 101.980, 86.336, -62.410
27, 230.000, 31.123, -0.591, 796.988, 107.253, -238.393, 2.000, 71.841, -155.777
27, 325.000,34.758, -7.299, 5981.393, 174.709, -248.281, 101.981, 87.094, -144.867
28, 230.000, -2.252, 82.527, 383.814, -442.470, -600.359, 2.000, 27.232, 143.609
28, 325.000,-15.370, 68.211, 5958.011, -466.811, -391.569, 101.981, 84.161, 129.991
29, 230.000, 77.823, 58.510, 620.593, 470.775, 311.061, 2.000, 47.722, -56.546
29, 325.000,102.709, 76.015, 5833.883, 1104.849, 785.213, 101.987, 76.920, -54.599
30, 230.000, 7.553, 81.525, 357.192, 320.103, 688.093, 2.000, 25.205, -24.948
30, 325.000,17.531, 107.051, 5884.663, 367.350, 1051.245, 101.981, 79.284, -19.262
31, 230.000, 86.838, 25.545, 92.792, -783.007, 286.031, 2.000, 6.352, 69.933
31, 325.000,67.772, 35.652, 5954.121, -514.505, 390.840, 101.980, 83.807, 52.778
32, 230.000, -1.489, 24.287, 529.209, 436.165, -482.931, 2.000, 39.119, -137.913
32, 630.000,58.522, -6.901, 2669.229, 741.122, -256.111, 22.005, 73.629, -109.064
33, 230.000, -2.452, -72.106, 722.908, -341.960, 252.965, 2.000, 59.528, 53.508
33, 325.000,-12.134, -67.285, 5977.615, -359.224, 90.840, 101.981, 86.453, 75.809
34, 230.000, -73.927, 57.684, 632.317, 196.539, 514.851, 2.000, 48.927, -20.894
34, 325.000,-75.195, 77.357, 5924.741, -191.931, 854.257, 101.981, 81.594, 12.663
35, 230.000, -52.308, -1.781, 695.032, 102.416, 458.220, 2.000, 55.959, -12.599
35, 325.000,-50.570, 11.201, 5970.740, 8.551, 468.377, 101.981, 85.514, -1.046
36, 230.000, -29.334, -7.663, 715.433, -349.916, 263.132, 2.000, 58.535, 53.057
36, 325.000,-39.874, -0.326, 5969.026, -416.757, 257.371, 101.981, 85.309, 58.302
37, 230.000, -13.066, -37.274, 762.277, 341.986, -74.185, 2.000, 65.342, -102.239
37, 325.000,-3.687, -40.119, 5978.290, 328.379, -146.334, 101.981, 86.559, -114.019
38, 230.000, 27.755, 51.548, 485.437, 480.402, 486.918, 2.000, 35.363, -44.614
38, 325.000,42.693, 67.384, 5930.407, 560.311, 620.920, 101.981, 81.973, -42.063
39, 230.000, -38.553, -12.275, 390.418, -24.658, -741.950, 2.000, 27.741, 178.097
39, 325.000,-40.117, -34.776, 5936.399, -94.280, -787.066, 101.981, 82.394, 173.169
40, 230.000, 19.478, 55.008, 640.611, 192.996, 505.860, 2.000, 49.796, -20.883
40, 325.000,25.549, 71.032, 5949.709, 241.565, 641.733, 101.981, 83.426, -20.628
41, 230.000, 82.086, 48.181, 87.442, 834.052, -15.355, 2.000, 5.984, -91.055
41, 325.000,120.003, 55.006, 5779.585, 1529.929, 355.972, 101.986, 74.795, -76.902
42, 230.000, 87.675, -30.370, 324.887, -763.478, 122.773, 2.000, 22.789, 80.865
42, 325.000,70.658, -28.614, 5970.915, -465.751, 12.830, 101.980, 85.538, 88.422
43, 230.000, 49.624, 82.083, 692.651, 468.752, -63.483, 2.000, 55.670, -97.713
43, 325.000,67.972, 89.274, 5918.824, 801.665, 440.617, 101.981, 81.214, -61.206
44, 230.000, -17.028, 58.875, 767.934, 312.523, -127.005, 2.000, 66.285, -112.116
44, 325.000,-8.702, 56.791, 5982.146, 287.968, -13.778, 101.981, 87.241, -92.739
45, 230.000, -40.856, -66.782, 463.627, -361.339, 598.338, 2.000, 33.556, 31.128
45, 325.000,-52.967, -51.879, 5953.026, -486.608, 440.314, 101.981, 83.709, 47.859
46, 230.000, 41.563, -36.513, 13.413, 146.986, -825.675, 2.000, 0.916, -169.906
46, 325.000,47.470, -63.846, 5909.559, 246.342, -941.085, 101.981, 80.652, -165.331
47, 230.000, 14.260, -89.860, 27.313, 341.897, -765.431, 2.000, 1.866, -155.931
47, 325.000,26.492, -123.832, 5810.000, 455.321, -1380.769, 101.983, 75.951, -161.750
48, 230.000, -94.989, -1.649, 543.237, -248.782, -588.664, 2.000, 40.366, 157.090
48, 325.000,-112.250, -18.491, 5895.756, -842.007, -633.096, 101.982, 79.869, 126.939
49, 230.000, -17.331, 7.345, 96.094, 684.896, 474.560, 2.000, 6.579, -55.282
49, 325.000,4.011, 22.645, 5922.473, 685.909, 568.278, 101.981, 81.447, -50.358
50, 230.000, -80.627, -31.271, 440.973, -2.497, 713.484, 2.000, 31.718, 0.201
50, 325.000,-84.999, -12.208, 5948.270, -286.675, 636.400, 101.981, 83.307, 24.250
51, 230.000, 27.383, -27.489, 337.430, -48.449, -766.366, 2.000, 23.722, 176.383
51, 325.000,26.512, -51.264, 5929.948, -1.042, -839.591, 101.981, 81.941, 179.929
52, 230.000, -25.950, -90.502, 806.510, -226.528, 41.840, 2.000, 74.059, 79.535
52, 325.000,-34.321, -97.096, 5962.610, -371.543, -422.263, 101.980, 84.611, 138.656
53, 230.000, -23.204, 95.883, 235.602, -159.662, 789.002, 2.000, 16.313, 11.440
53, 325.000,-33.491, 142.310, 5678.879, -416.176, 1857.932, 101.997, 71.465, 12.626
54, 230.000, -68.094, -33.828, 64.737, -692.678, 468.540, 2.000, 4.427, 55.925
54, 325.000,-92.949, -20.810, 5901.133, -948.284, 382.920, 101.981, 80.168, 68.011
55, 230.000, -31.548, -39.459, 268.060, -726.061, 323.269, 2.000, 18.638, 66.000
55, 325.000,-54.470, -30.551, 5928.315, -810.922, 258.236, 101.981, 81.831, 72.336
56, 230.000, -54.490, -61.663, 331.876, 714.687, -287.410, 2.000, 23.308, -111.907
56, 325.000,-35.739, -73.006, 5940.893, 577.340, -491.612, 101.981, 82.726, -130.415
57, 230.000, -50.225, -37.348, 40.905, -720.747, 427.052, 2.000, 2.795, 59.353
57, 325.000,-74.570, -25.060, 5914.943, -869.294, 356.353, 101.981, 80.975, 67.710
58, 230.000, 28.155, 74.613, 675.680, -213.630, -448.713, 2.000, 53.665, 154.541
58, 325.000,23.181, 64.738, 5981.335, -146.655, -266.983, 101.981, 87.085, 151.220
59, 230.000, -76.791, -38.424, 94.430, -710.751, 435.247, 2.000, 6.464, 58.518
59, 325.000,-104.145, -27.762, 5881.371, -1092.553, 291.807, 101.981, 79.116, 75.046
60, 230.000, -36.612, 1.647, 755.570, 359.424, -58.753, 2.000, 64.265, -99.284
60, 325.000,-27.239, 0.020, 5982.406, 277.197, -57.424, 101.981, 87.291, -101.704
61, 230.000, 56.890, -47.333, 667.770, 270.373, 429.541, 2.000, 52.763, -32.188
61, 325.000,66.550, -36.835, 5965.129, 426.510, 323.309, 101.981, 84.873, -52.837
62, 230.000, 56.189, -13.106, 583.528, 562.840, 215.013, 2.000, 44.083, -69.092
62, 325.000,74.017, -7.253, 5944.634, 702.057, 194.036, 101.981, 83.015, -74.550
63, 230.000, 59.122, 44.308, 778.199, -186.819, -251.056, 2.000, 68.093, 143.346
63, 325.000,55.839, 38.760, 5986.925, -50.717, -152.755, 101.981, 88.460, 161.633
64, 230.000, -76.629, -40.649, 599.398, -252.008, 529.847, 2.000, 45.612, 25.437
64, 325.000,-88.153, -27.951, 5950.137, -550.978, 401.972, 101.981, 83.461, 53.887
65, 230.000, -28.958, 17.270, 131.394, 790.298, -248.374, 2.000, 9.013, -107.447
65, 630.000,42.696, 7.616, 2685.352, 725.533, -21.799, 22.000, 74.874, -91.721
66, 230.000, -47.907, 74.030, 383.327, -224.260, -711.542, 2.000, 27.195, 162.506
66, 325.000,-57.014, 57.171, 5955.798, -402.171, -485.617, 101.981, 83.957, 140.370
67, 230.000, 4.740, 32.567, 507.400, 242.375, 622.353, 2.000, 37.224, -21.278
67, 325.000,11.970, 51.548, 5942.725, 257.881, 697.650, 101.981, 82.866, -20.286
68, 230.000, 74.203, -48.479, 198.818, 205.834, 788.434, 2.000, 13.712, -14.631
68, 325.000,84.863, -27.686, 5933.224, 502.726, 642.816, 101.980, 82.169, -38.028
69, 230.000, 22.417, -50.315, 750.732, -284.058, -243.383, 2.000, 63.514, 130.590
69, 325.000,14.959, -58.362, 5973.824, -249.361, -347.040, 101.981, 85.908, 144.301
70, 230.000, -37.550, 87.167, 334.307, -700.941, -316.929, 2.000, 23.489, 114.330
70, 325.000,-61.679, 86.620, 5909.650, -958.284, 162.476, 101.979, 80.660, 80.377
71, 230.000, 44.367, 50.881, 463.192, 201.677, -669.554, 2.000, 33.520, -163.237
71, 325.000,51.557, 32.666, 5952.948, 304.578, -582.085, 101.981, 83.702, -152.379
72, 230.000, 35.271, -49.841, 759.103, 354.629, -39.053, 2.000, 64.827, -96.284
72, 325.000,46.177, -52.290, 5971.098, 440.373, -145.804, 101.981, 85.558, -108.319
73, 230.000, -7.120, -99.572, 655.688, 521.313, -42.780, 2.000, 51.419, -94.691
73, 325.000,5.721, -121.503, 5875.189, 479.774, -1064.884, 102.017, 78.756, -155.746
74, 230.000, 74.862, 14.325, 255.031, 775.363, 193.119, 2.000, 17.701, -76.014
74, 325.000,102.311, 20.934, 5885.700, 1078.696, 253.451, 101.981, 79.338, -76.778
75, 230.000, 28.906, -51.398, 521.043, -623.980, -206.607, 2.000, 38.404, 108.320
75, 325.000,11.424, -58.732, 5951.968, -586.238, -315.573, 101.981, 83.618, 118.294
76, 230.000, -8.605, -80.957, 56.725, -163.619, -820.692, 2.000, 3.878, 168.725
76, 325.000,-14.293, -112.057, 5860.756, -210.174, -1215.210, 101.981, 78.117, 170.188
77, 230.000, -88.279, 29.043, 392.568, -690.138, -270.414, 2.000, 27.907, 111.397
77, 325.000,-117.907, 24.266, 5852.854, -1265.452, -111.943, 101.983, 77.754, 95.055
78, 230.000, -76.099, 43.507, 257.284, -764.768, -229.038, 2.000, 17.863, 106.672
78, 325.000,-105.056, 40.084, 5872.685, -1174.651, -34.337, 101.981, 78.684, 91.674
79, 230.000, 2.414, -62.985, 823.456, -159.431, 5.122, 2.000, 79.037, 88.160
79, 325.000,-1.944, -64.516, 5985.647, -159.215, -125.796, 101.981, 88.058, 128.312
80, 230.000, -96.835, 3.595, 722.319, 266.914, -332.470, 2.000, 59.448, -141.242
80, 325.000,-99.146, -5.105, 5973.641, -276.285, -329.205, 101.980, 85.885, 139.995
81, 230.000, -68.888, 13.052, 302.950, 678.296, 389.435, 2.000, 21.173, -60.138
81, 325.000,-50.454, 25.158, 5947.927, 552.258, 431.682, 101.981, 83.279, -51.986
82, 230.000, 30.820, -71.828, 641.199, 183.708, 508.565, 2.000, 49.859, -19.861
82, 325.000,37.153, -60.026, 5973.352, 271.289, 338.578, 101.981, 85.846, -38.704
83, 230.000, -38.248, 22.307, 836.357, 0.180, 63.487, 2.000, 85.659, -0.162
83, 325.000,-39.026, 24.530, 5987.773, -68.382, 105.293, 101.981, 88.799, 33.002
84, 230.000, -17.439, 84.511, 70.292, 382.479, -743.164, 2.000, 4.807, -152.767
84, 325.000,-6.407, 65.242, 5955.307, 348.859, -530.758, 101.980, 83.912, -146.684
85, 230.000, 22.433, 67.653, 418.755, 211.605, 695.264, 2.000, 29.951, -16.928
85, 325.000,29.644, 91.088, 5909.746, 287.954, 928.026, 101.981, 80.663, -17.238
86, 230.000, -63.485, -41.886, 113.014, -634.028, 537.364, 2.000, 7.744, 49.717
86, 325.000,-85.937, -27.112, 5911.150, -859.375, 434.738, 101.981, 80.746, 63.166
87, 230.000, 66.195, 2.985, 82.937, -528.181, -646.274, 2.000, 5.675, 140.742
87, 325.000,51.467, -17.155, 5938.059, -409.864, -663.814, 101.981, 82.515, 148.307
88, 230.000, 7.261, 4.949, 59.592, -447.784, -706.726, 2.000, 4.074, 147.642
88, 630.000,-49.094, -94.211, 2441.324, -639.897, -1168.585, 21.992, 61.377, 151.296
89, 230.000, -81.909, -18.898, 357.397, 659.074, 376.050, 2.000, 25.220, -60.292
89, 325.000,-65.810, -8.572, 5962.252, 454.398, 337.923, 101.981, 84.574, -53.363
90, 230.000, 15.206, -75.183, 712.669, -423.729, 126.813, 2.000, 58.175, 73.339
90, 325.000,3.868, -74.358, 5975.412, -398.942, -66.758, 101.981, 86.127, 99.500
91, 230.000, 21.652, 5.574, 555.344, -286.200, 559.648, 2.000, 41.460, 27.085
91, 325.000,13.749, 22.145, 5952.323, -234.498, 619.482, 101.980, 83.650, 20.734
92, 230.000, -33.049, 23.845, 478.449, -455.794, -516.588, 2.000, 34.780, 138.578
92, 325.000,-47.207, 9.085, 5945.493, -529.472, -489.866, 101.981, 83.083, 132.775
93, 230.000, -41.439, -2.151, 55.803, 824.802, 141.818, 2.000, 3.815, -80.244
93, 630.000,16.563, 15.483, 2731.429, 486.827, 207.401, 22.008, 79.036, -66.925
94, 230.000, -12.433, -33.859, 160.140, -93.145, 818.048, 2.000, 11.007, 6.496
94, 630.000,-45.391, 34.163, 2662.305, -477.797, 653.150, 22.014, 73.092, 36.186
95, 230.000, 53.955, -12.182, 738.138, -341.134, 205.678, 2.000, 61.646, 58.913
95, 325.000,45.546, -6.655, 5980.908, -249.522, 188.840, 101.981, 87.005, 52.881
96, 230.000, 4.067, -53.904, 517.127, 496.130, -435.843, 2.000, 38.064, -131.299
96, 325.000,18.688, -68.058, 5940.084, 520.594, -559.992, 101.981, 82.665, -137.088
97, 230.000, 50.206, -39.167, 504.277, 516.709, 426.897, 2.000, 36.957, -50.437
97, 325.000,66.790, -27.846, 5943.503, 647.016, 354.032, 101.981, 82.926, -61.314
98, 230.000, -59.397, -19.427, 138.305, 607.501, -561.550, 2.000, 9.491, -132.749
98, 325.000,-42.092, -37.378, 5935.057, 508.423, -621.107, 101.981, 82.298, -140.697
99, 230.000, 27.413, -94.205, 536.274, 527.633, 370.860, 2.000, 39.744, -54.898
99, 325.000,45.490, -95.477, 5937.176, 744.714, -247.138, 101.971, 82.471, -108.359
100, 230.000, -45.538, 10.525, 340.630, 750.465, 155.875, 2.000, 23.961, -78.266
100, 325.000,-23.871, 15.485, 5948.126, 672.437, 191.907, 101.981, 83.295, -74.072
101, 230.000, 39.666, -53.939, 286.491, 227.939, -754.646, 2.000, 19.972, -163.193
101, 325.000,48.101, -78.874, 5905.089, 347.886, -937.089, 101.981, 80.392, -159.633
102, 230.000, 48.663, 37.665, 316.594, 486.137, 605.775, 2.000, 22.176, -38.747
102, 325.000,64.971, 57.215, 5912.114, 626.524, 723.600, 101.981, 80.804, -40.887
103, 230.000, -5.732, -61.299, 331.440, -111.927, 762.328, 2.000, 23.276, 8.353
103, 325.000,-9.242, -39.833, 5950.646, -127.513, 665.373, 101.981, 83.505, 10.849
104, 230.000, 53.339, 61.432, 145.165, 302.891, -768.575, 2.000, 9.966, -158.491
104, 325.000,64.881, 40.500, 5937.771, 472.490, -623.518, 101.981, 82.494, -142.846
105, 230.000, -8.922, -2.003, 507.451, -603.090, -286.879, 2.000, 37.229, 115.440
105, 325.000,-26.983, -10.544, 5943.872, -665.852, -310.272, 101.981, 82.955, 114.984
106, 230.000, -2.800, 22.374, 762.559, -157.260, 311.926, 2.000, 65.388, 26.755
106, 325.000,-7.308, 31.660, 5974.804, -170.473, 376.654, 101.981, 86.042, 24.351
107, 230.000, 26.272, -75.763, 38.448, 416.457, 727.055, 2.000, 2.627, -29.804
107, 325.000,40.267, -55.982, 5941.838, 505.021, 555.575, 101.981, 82.798, -42.271
108, 230.000, -43.024, 40.519, 53.141, -328.373, -769.981, 2.000, 3.632, 156.903
108, 325.000,-54.478, 17.268, 5930.728, -425.813, -717.182, 101.981, 81.995, 149.301
109, 230.000, -8.577, -75.975, 494.626, -633.236, -240.585, 2.000, 36.136, 110.803
109, 325.000,-27.383, -86.294, 5930.020, -686.572, -482.391, 101.981, 81.946, 125.092
110, 230.000, -3.849, -65.894, 159.449, -6.671, -823.441, 2.000, 10.959, 179.536
110, 325.000,-4.206, -93.956, 5896.993, -17.789, -1046.135, 101.981, 79.939, 179.026
111, 230.000, -80.329, 22.455, 677.881, 479.275, -119.568, 2.000, 53.920, -104.008
111, 325.000,-70.252, 20.042, 5983.045, 262.469, -58.410, 101.981, 87.427, -102.546
112, 230.000, -29.214, 23.860, 8.396, -837.491, 45.412, 2.000, 0.574, 86.896
112, 325.000,-56.631, 25.847, 5917.362, -919.706, 90.410, 101.981, 81.124, 84.386
113, 230.000, -76.225, 10.331, 209.467, 471.076, 661.615, 2.000, 14.462, -35.451
113, 325.000,-64.694, 30.850, 5939.029, 290.819, 715.912, 101.981, 82.587, -22.108
114, 230.000, -63.068, -60.106, 734.017, -344.174, 215.144, 2.000, 61.059, 57.990
114, 325.000,-76.341, -57.679, 5958.615, -603.444, -7.300, 101.981, 84.217, 90.693
115, 230.000, 13.576, 66.207, 77.357, -722.660, 418.692, 2.000, 5.292, 59.913
115, 325.000,-8.564, 81.646, 5914.779, -719.092, 606.221, 101.981, 80.965, 49.868
116, 230.000, -34.409, -20.945, 510.215, 641.414, 178.304, 2.000, 37.466, -74.465
116, 325.000,-16.308, -16.192, 5961.474, 562.657, 111.170, 101.978, 84.505, -78.823
117, 230.000, -26.374, -64.500, 142.657, -535.224, -629.848, 2.000, 9.792, 139.643
117, 325.000,-44.091, -86.800, 5892.938, -640.851, -855.477, 101.981, 79.719, 143.163
118, 230.000, 72.017, 22.436, 602.649, -459.179, -359.851, 2.000, 45.931, 128.085
118, 325.000,61.229, 12.878, 5972.926, -302.934, -318.660, 101.981, 85.790, 136.449
119, 230.000, -29.095, 92.998, 315.877, -777.011, 0.223, 2.000, 22.123, 89.984
119, 325.000,-55.958, 106.659, 5852.303, -1052.800, 715.713, 101.983, 77.728, 55.791
120, 230.000, 11.562, 94.976, 830.726, 14.021, -114.988, 2.000, 82.062, -173.048
120, 325.000,12.997, 100.562, 5975.523, 77.563, 395.421, 101.981, 86.142, -11.098
121, 230.000, 15.805, -92.905, 370.272, 322.802, -679.868, 2.000, 26.196, -154.602
121, 325.000,27.287, -124.670, 5815.987, 451.312, -1356.827, 101.984, 76.187, -161.602
122, 230.000, 37.664, -84.801, 376.825, -711.234, -235.951, 2.000, 26.696, 108.353
122, 325.000,20.078, -98.584, 5924.977, -566.177, -665.958, 101.981, 81.608, 139.630
123, 230.000, 10.620, 64.366, 69.626, 834.690, 44.377, 2.000, 4.762, -86.957
123, 325.000,37.150, 67.848, 5918.521, 894.505, 200.438, 101.981, 81.196, -77.370
124, 230.000, 60.712, 22.105, 587.828, -302.299, 516.331, 2.000, 44.493, 30.348
124, 325.000,53.705, 37.603, 5958.092, -181.652, 580.801, 101.981, 84.168, 17.368
125, 230.000, -19.409, 82.127, 449.216, -431.959, -561.374, 2.000, 32.383, 142.423
125, 325.000,-32.855, 69.542, 5958.125, -510.510, -330.550, 101.981, 84.172, 122.923
126, 230.000, 44.996, 1.346, 541.854, 637.898, 54.811, 2.000, 40.242, -85.089
126, 325.000,64.656, 2.978, 5942.754, 741.211, 58.991, 101.981, 82.868, -85.450
127, 230.000, -67.876, 17.203, 378.899, 258.813, 702.122, 2.000, 26.855, -20.235
127, 325.000,-62.415, 38.658, 5938.435, 104.021, 770.304, 101.981, 82.543, -7.691
128, 230.000, 43.752, -35.754, 478.935, -60.034, 685.960, 2.000, 34.820, 5.002
128, 325.000,43.003, -16.398, 5954.814, 22.114, 639.438, 101.981, 83.867, -1.981
129, 230.000, -53.346, -4.424, 150.873, 383.605, -730.485, 2.000, 10.363, -152.294
129, 325.000,-42.666, -27.245, 5932.782, 295.683, -764.118, 101.981, 82.137, -158.846
130, 230.000, -75.210, -54.156, 513.236, 608.334, -264.656, 2.000, 37.727, -113.511
130, 325.000,-63.263, -65.525, 5958.820, 307.460, -516.778, 101.981, 84.238, -149.249
131, 230.000, 46.356, 11.197, 349.205, -581.203, 493.743, 2.000, 24.603, 49.651
131, 325.000,29.842, 26.333, 5943.310, -511.642, 533.373, 101.981, 82.911, 43.809
132, 230.000, -4.030, 17.168, 498.722, -609.830, -287.937, 2.000, 36.484, 115.275
132, 325.000,-22.251, 9.038, 5944.725, -685.250, -244.219, 101.980, 83.023, 109.616
133, 230.000, 48.418, 49.681, 195.234, -802.072, 148.623, 2.000, 13.460, 79.502
133, 325.000,25.261, 55.713, 5939.240, -724.416, 264.248, 101.981, 82.603, 69.959
134, 230.000, 69.883, 65.472, 209.441, 766.481, 268.636, 2.000, 14.460, -70.685
134, 325.000,103.846, 83.783, 5773.726, 1373.413, 805.669, 101.987, 74.582, -59.603
135, 230.000, 25.843, 50.739, 401.502, -511.298, -529.995, 2.000, 28.599, 136.029
135, 325.000,11.195, 36.110, 5953.350, -477.334, -446.028, 101.981, 83.738, 133.058
136, 230.000, 59.365, 70.420, 672.966, -357.812, 350.158, 2.000, 53.353, 45.619
136, 325.000,53.976, 85.586, 5947.143, -94.967, 701.190, 101.981, 83.215, 7.713
137, 230.000, 29.358, -86.371, 468.465, -209.776, -663.369, 2.000, 33.953, 162.452
137, 325.000,26.021, -113.571, 5873.377, -62.872, -1170.076, 101.982, 78.717, 176.924
138, 230.000, 2.345, 64.090, 785.827, -286.550, -62.361, 2.000, 69.535, 102.278
138, 325.000,-5.585, 64.082, 5981.627, -290.398, 70.592, 101.981, 87.140, 76.337
139, 230.000, 36.870, -24.616, 489.942, -130.163, 668.235, 2.000, 35.741, 11.022
139, 325.000,33.828, -5.434, 5954.244, -56.848, 642.622, 101.981, 83.816, 5.055
140, 230.000, -10.576, 25.403, 114.934, -800.476, -222.603, 2.000, 7.876, 105.541
140, 325.000,-35.997, 18.919, 5925.389, -851.870, -182.450, 101.981, 81.636, 102.089
141, 230.000, 43.215, -69.243, 756.697, -78.285, 353.278, 2.000, 64.443, 12.495
141, 325.000,42.804, -62.259, 5986.597, 43.176, 167.188, 101.981, 88.348, -14.480
142, 230.000, -61.212, 27.184, 335.894, -653.195, -405.012, 2.000, 23.607, 121.801
142, 325.000,-82.979, 15.985, 5919.864, -837.235, -351.376, 101.981, 81.280, 112.767
143, 230.000, -9.440, -32.359, 835.640, -35.429, -63.038, 2.000, 85.054, 150.663
143, 325.000,-10.616, -34.762, 5987.432, -55.434, -129.588, 101.981, 88.651, 156.840
144, 230.000, -5.283, 38.775, 275.688, -200.174, 766.453, 2.000, 19.189, 14.637
144, 325.000,-11.519, 63.070, 5922.739, -216.335, 862.301, 101.981, 81.463, 14.084
145, 230.000, 11.673, -46.123, 641.353, -17.954, 540.248, 2.000, 49.875, 1.903
145, 325.000,11.410, -31.591, 5971.183, 6.264, 462.706, 101.981, 85.569, -0.776
146, 230.000, -54.028, -20.231, 496.572, 540.692, 405.701, 2.000, 36.301, -53.118
146, 325.000,-39.418, -8.797, 5959.956, 451.875, 379.359, 101.981, 84.346, -49.986
147, 230.000, 44.205, 35.772, 144.346, -286.292, -775.064, 2.000, 9.910, 159.727
147, 325.000,36.330, 12.487, 5940.520, -207.464, -732.364, 101.981, 82.698, 164.184
148, 230.000, -28.545, -83.582, 645.295, 248.215, -474.876, 2.000, 50.295, -152.404
148, 325.000,-23.552, -102.800, 5924.589, 135.156, -866.207, 101.981, 81.583, -171.132
149, 230.000, 77.265, 44.677, 232.966, -780.912, -198.561, 2.000, 16.126, 104.266
149, 325.000,57.780, 40.965, 5962.161, -563.816, -61.504, 101.980, 84.566, 96.225
150, 230.000, -82.593, -9.007, 472.100, -49.843, 691.492, 2.000, 34.253, 4.123
150, 325.000,-88.168, 10.624, 5939.740, -330.147, 692.510, 101.980, 82.640, 25.489
151, 230.000, -23.436, 34.953, 534.329, -629.600, 147.040, 2.000, 39.572, 76.854
151, 325.000,-42.362, 40.016, 5945.292, -690.516, 214.219, 101.981, 83.067, 72.765
152, 230.000, 14.761, 13.756, 325.553, 759.203, -145.428, 2.000, 22.838, -100.844
152, 325.000,38.160, 9.611, 5931.773, 817.243, -124.031, 101.981, 82.067, -98.630
153, 230.000, -52.478, -74.260, 66.426, -727.538, -412.068, 2.000, 4.542, 119.527
153, 325.000,-80.661, -95.107, 5819.668, -1097.590, -892.527, 101.983, 76.337, 129.117
154, 230.000, 54.527, -54.509, 284.136, 362.211, 701.138, 2.000, 19.801, -27.321
154, 325.000,67.525, -35.528, 5937.524, 526.079, 581.602, 101.981, 82.476, -42.130
155, 230.000, 48.332, -14.520, 721.116, 369.240, -217.204, 2.000, 59.287, -120.466
155, 325.000,59.913, -21.008, 5965.224, 471.475, -251.030, 101.981, 84.883, -118.032
156, 230.000, -70.876, -16.367, 441.485, 113.263, -704.121, 2.000, 31.759, -170.862
156, 325.000,-70.127, -37.669, 5938.354, -68.749, -774.859, 101.981, 82.537, 174.930
157, 230.000, -22.748, -7.975, 157.273, 808.544, -158.257, 2.000, 10.807, -101.075
157, 630.000,61.934, -44.386, 2581.165, 913.307, -492.298, 22.003, 68.102, -118.326
158, 230.000, -82.031, 13.482, 667.028, -508.489, 6.094, 2.000, 52.679, 89.313
158, 325.000,-101.046, 14.422, 5929.517, -840.749, 57.110, 101.981, 81.911, 86.114
159, 230.000, -60.892, 34.458, 106.768, -776.906, 297.559, 2.000, 7.313, 69.043
159, 325.000,-87.797, 45.258, 5889.608, -1003.251, 418.635, 101.981, 79.542, 67.350
160, 230.000, 66.400, 18.225, 681.439, 263.050, 412.274, 2.000, 54.334, -32.540
160, 325.000,76.116, 30.530, 5954.116, 440.242, 473.181, 101.981, 83.805, -42.935
161, 230.000, -65.578, -46.630, 735.630, 378.532, 138.153, 2.000, 61.287, -69.949
161, 325.000,-57.566, -44.586, 5985.342, 211.258, 14.412, 101.981, 87.974, -86.097
162, 230.000, 51.965, 23.083, 446.503, 652.014, 281.135, 2.000, 32.163, -66.675
162, 325.000,72.771, 32.074, 5926.690, 791.280, 342.695, 101.981, 81.722, -66.583
163, 230.000, 11.186, -53.002, 352.431, -757.612, -73.081, 2.000, 24.846, 95.510
163, 325.000,-11.320, -56.480, 5937.919, -760.830, -177.294, 101.981, 82.505, 103.117
164, 230.000, -89.196, 26.192, 30.845, -827.590, -132.920, 2.000, 2.108, 99.124
164, 325.000,-126.261, 25.454, 5798.497, -1498.820, 36.628, 101.984, 75.503, 88.600
165, 230.000, 53.365, -9.018, 463.883, -593.767, -368.479, 2.000, 33.577, 121.823
165, 325.000,37.040, -20.103, 5953.993, -510.407, -398.292, 101.981, 83.794, 127.966
166, 230.000, 74.910, -30.862, 628.861, -554.804, -15.803, 2.000, 48.569, 91.632
166, 325.000,62.082, -32.504, 5976.782, -370.165, -101.001, 101.981, 86.327, 105.262
167, 230.000, -17.324, 80.742, 240.850, -312.340, 740.242, 2.000, 16.687, 22.877
167, 325.000,-27.949, 108.612, 5868.431, -403.839, 1125.973, 101.981, 78.479, 19.731
168, 230.000, 69.096, -30.867, 22.731, -634.506, 548.096, 2.000, 1.553, 49.179
168, 325.000,51.299, -14.605, 5947.072, -502.137, 499.341, 101.981, 83.209, 45.160
169, 230.000, 40.360, -44.225, 525.574, -321.688, 569.045, 2.000, 38.800, 29.480
169, 325.000,31.932, -28.672, 5962.792, -252.607, 500.470, 101.981, 84.629, 26.782
170, 230.000, -87.880, -17.507, 102.084, 575.202, -601.868, 2.000, 6.991, -136.298
170, 325.000,-75.476, -36.857, 5941.726, 277.104, -698.724, 101.981, 82.790, -158.367
171, 230.000, 61.983, -12.120, 604.236, -324.805, 482.622, 2.000, 46.087, 33.941
171, 325.000,54.227, 1.447, 5966.649, -210.296, 473.348, 101.981, 85.039, 23.954
172, 230.000, -53.432, -44.412, 438.721, 714.335, -27.820, 2.000, 31.538, -92.230
172, 325.000,-33.920, -46.507, 5955.319, 622.624, -125.260, 101.981, 83.913, -101.375
173, 230.000, 81.748, 57.529, 326.884, -269.316, -723.975, 2.000, 22.937, 159.595
173, 325.000,87.334, 46.489, 5962.198, 390.773, -292.156, 101.744, 85.322, -126.783
174, 230.000, 87.074, 43.538, 563.817, -71.319, 616.885, 2.000, 42.237, 6.595
174, 325.000,96.714, 66.670, 5884.738, 551.782, 967.767, 101.986, 79.280, -29.690
175, 230.000, -9.699, 17.976, 25.495, 757.947, 358.317, 2.000, 1.742, -64.698
175, 325.000,14.376, 29.846, 5923.901, 774.934, 419.602, 101.981, 81.539, -61.566
176, 230.000, 17.579, 76.241, 43.183, 809.535, -215.203, 2.000, 2.951, -104.887
176, 325.000,43.635, 72.851, 5920.861, 901.447, 4.162, 101.981, 81.343, -89.735
177, 230.000, -6.379, -53.119, 746.662, -219.392, 312.868, 2.000, 62.898, 35.039
177, 325.000,-12.701, -45.482, 5980.208, -237.752, 223.098, 101.981, 86.879, 46.821
178, 230.000, 21.181, 65.428, 544.875, -627.900, 111.250, 2.000, 40.513, 79.953
178, 325.000,3.652, 70.690, 5952.895, -600.550, 267.564, 101.981, 83.698, 65.986
179, 230.000, 37.249, -21.844, 604.799, -567.602, -124.779, 2.000, 46.142, 102.398
179, 325.000,21.611, -25.924, 5964.694, -510.319, -176.493, 101.981, 84.827, 109.078
180, 230.000, -17.327, -45.666, 672.122, 364.063, -345.304, 2.000, 53.257, -133.485
180, 325.000,-7.322, -56.545, 5963.115, 342.886, -439.180, 101.981, 84.662, -142.019
181, 230.000, -13.330, -56.019, 676.627, 319.125, -379.288, 2.000, 53.774, -139.923
181, 325.000,-4.594, -68.277, 5960.051, 301.780, -505.885, 101.981, 84.356, -149.182
182, 230.000, -25.359, -13.652, 337.328, -717.036, -274.943, 2.000, 23.714, 110.979
182, 325.000,-47.600, -22.261, 5929.638, -783.675, -307.328, 101.981, 81.920, 111.413
183, 230.000, 70.530, -12.294, 305.817, 777.409, -75.066, 2.000, 21.383, -95.515
183, 325.000,97.091, -15.103, 5898.364, 1031.968, -116.627, 101.981, 80.014, -96.448
184, 230.000, 8.316, -13.206, 418.191, 709.439, -159.172, 2.000, 29.906, -102.646
184, 325.000,29.767, -18.254, 5937.600, 758.949, -195.213, 101.981, 82.481, -104.425
185, 230.000, -64.171, 4.011, 271.542, -338.248, 717.898, 2.000, 18.889, 25.228
185, 325.000,-76.553, 25.943, 5919.451, -507.703, 756.012, 101.981, 81.254, 33.884
186, 230.000, -94.039, -21.222, 211.822, -800.527, -133.460, 2.000, 14.628, 99.465
186, 325.000,-134.337, -28.894, 5747.792, -1652.568, -322.415, 101.989, 73.673, 101.040
187, 230.000, 90.242, 33.703, 399.787, -737.343, 4.454, 2.000, 28.466, 89.654
187, 325.000,76.484, 36.547, 5976.956, -341.210, 167.056, 101.978, 86.363, 63.914
188, 230.000, 33.012, -18.080, 236.063, -425.676, -683.080, 2.000, 16.346, 148.070
188, 325.000,20.599, -39.490, 5931.046, -379.712, -740.077, 101.981, 82.017, 152.839
189, 230.000, -20.753, -24.028, 5.683, 799.432, -253.773, 2.000, 0.388, -107.612
189, 325.000,4.449, -32.696, 5927.700, 792.281, -322.276, 101.981, 81.789, -112.135
190, 230.000, -36.554, -77.620, 312.908, 692.135, -355.755, 2.000, 21.904, -117.203
190, 325.000,-18.136, -92.726, 5922.480, 588.764, -668.356, 101.981, 81.447, -138.623
191, 230.000, -42.220, -71.828, 328.036, -592.709, -494.583, 2.000, 23.023, 129.843
191, 325.000,-62.725, -91.396, 5877.153, -804.038, -825.807, 101.981, 78.904, 135.765
192, 230.000, -17.666, 60.515, 482.442, -109.942, 677.264, 2.000, 35.112, 9.221
192, 325.000,-21.478, 82.400, 5926.059, -157.677, 852.161, 101.981, 81.680, 10.483
193, 230.000, -60.985, 8.384, 567.913, -2.515, -617.246, 2.000, 42.616, 179.767
193, 325.000,-62.681, -9.256, 5955.547, -128.612, -619.758, 101.981, 83.933, 168.276
194, 230.000, -94.421, -18.115, 554.141, -621.715, 99.610, 2.000, 41.351, 80.898
194, 325.000,-124.872, -17.737, 5837.500, -1339.275, -24.756, 101.985, 77.076, 91.059
195, 230.000, 47.079, -57.414, 113.475, 757.932, -340.861, 2.000, 7.775, -114.215
195, 325.000,72.943, -70.847, 5886.610, 955.470, -551.514, 101.981, 79.385, -119.994
196, 230.000, 57.427, 16.881, 811.220, -171.578, -126.518, 2.000, 75.276, 126.404
196, 325.000,54.047, 13.771, 5987.949, -64.653, -97.298, 101.981, 88.882, 146.396
197, 230.000, -17.647, -86.186, 240.491, 642.641, 482.390, 2.000, 16.662, -53.107
197, 325.000,0.678, -76.107, 5953.551, 613.832, 218.015, 101.980, 83.756, -70.446
198, 230.000, 56.017, 65.094, 513.262, -212.593, -628.403, 2.000, 37.729, 161.309
198, 325.000,52.443, 49.985, 5971.653, -48.984, -453.956, 101.981, 85.628, 173.841
199, 230.000, 70.424, -58.891, 255.773, 166.909, -781.182, 2.000, 17.755, -167.939
199, 325.000,82.821, -88.425, 5841.430, 594.811, -1180.518, 101.982, 77.249, -153.258
200, 230.000, -56.281, -39.874, 68.628, -806.327, -220.570, 2.000, 4.693, 105.299
200, 325.000,-83.976, -48.500, 5892.037, -1014.825, -351.120, 101.981, 79.671, 109.085
201, 230.000, 64.272, 25.475, 665.722, -440.305, 257.816, 2.000, 52.532, 59.649
201, 325.000,53.647, 33.538, 5972.234, -312.236, 322.662, 101.981, 85.701, 44.059
202, 230.000, -15.294, -58.560, 166.079, -797.267, -200.768, 2.000, 11.420, 104.134
202, 325.000,-40.433, -66.567, 5916.545, -863.624, -343.298, 101.981, 81.073, 111.678
203, 230.000, 34.110, -72.413, 787.645, 108.338, -267.213, 2.000, 69.893, -157.931
203, 325.000,38.680, -83.145, 5963.227, 221.904, -509.816, 101.981, 84.673, -156.478
204, 230.000, -27.130, 37.063, 382.329, -42.959, -745.321, 2.000, 27.118, 176.701
204, 325.000,-29.021, 15.498, 5947.647, -105.031, -695.395, 101.981, 83.256, 171.411
205, 230.000, 35.685, -58.899, 30.871, -70.035, -835.264, 2.000, 2.109, 175.207
205, 325.000,34.961, -87.691, 5896.558, 31.056, -1048.274, 101.981, 79.915, -178.303
206, 230.000, 1.742, 27.098, 620.414, 563.711, -28.995, 2.000, 47.704, -92.944
206, 325.000,18.109, 26.826, 5959.567, 593.030, 32.336, 101.981, 84.309, -86.879
207, 230.000, 51.674, 77.695, 331.261, -563.195, -525.929, 2.000, 23.262, 133.040
207, 325.000,38.496, 67.230, 5971.439, -387.529, -246.164, 101.980, 85.604, 122.424
208, 230.000, -11.450, 38.319, 346.236, 243.367, 724.166, 2.000, 24.380, -18.576
208, 325.000,-4.357, 61.035, 5928.708, 230.303, 816.444, 101.981, 81.857, -15.753
209, 230.000, -55.218, -59.753, 512.314, -486.518, 452.060, 2.000, 37.647, 47.103
209, 325.000,-71.864, -49.487, 5943.228, -684.675, 280.245, 101.981, 82.904, 67.740
210, 230.000, 39.046, 40.934, 656.149, -87.872, -515.045, 2.000, 51.470, 170.318
210, 325.000,37.430, 27.155, 5971.927, -16.107, -452.782, 101.981, 85.661, 177.963
211, 230.000, -64.731, 13.296, 187.427, -635.779, 513.985, 2.000, 12.912, 51.047
211, 325.000,-86.775, 29.626, 5901.870, -841.714, 573.314, 101.981, 80.210, 55.740
212, 230.000, -25.023, -34.034, 787.286, 238.219, -164.183, 2.000, 69.822, -124.575
212, 325.000,-18.848, -39.333, 5981.300, 199.872, -230.891, 101.981, 87.077, -139.119
213, 230.000, 81.747, -55.949, 621.694, -528.455, -194.308, 2.000, 47.834, 110.188
213, 325.000,78.112, -68.658, 5957.705, 30.369, -608.445, 101.970, 84.162, -177.143
214, 230.000, 34.729, -87.581, 814.317, -62.886, -190.936, 2.000, 76.133, 161.770
214, 325.000,36.137, -100.630, 5950.407, 119.775, -669.369, 101.982, 83.481, -169.855
215, 230.000, 58.691, 4.420, 36.630, -833.400, -87.333, 2.000, 2.503, 95.982
215, 325.000,33.691, 1.759, 5942.427, -741.660, -81.514, 101.981, 82.843, 96.272
216, 230.000, -69.846, 13.817, 466.469, -672.314, 184.188, 2.000, 33.789, 74.679
216, 325.000,-92.478, 19.796, 5915.490, -906.670, 232.742, 101.981, 81.008, 75.603
217, 230.000, -53.863, -49.837, 133.723, 825.637, -62.974, 2.000, 9.174, -94.362
217, 325.000,-30.056, -53.357, 5941.349, 732.679, -180.895, 101.981, 82.761, -103.869
218, 230.000, -5.669, 5.625, 775.818, 118.590, -295.916, 2.000, 67.662, -158.161
218, 630.000,2.018, -26.850, 2754.933, 66.220, -380.312, 22.002, 82.023, -170.123
219, 230.000, -59.246, 69.639, 350.690, 177.299, 741.016, 2.000, 24.715, -13.456
219, 325.000,-59.556, 97.906, 5873.438, -133.538, 1163.808, 101.982, 78.720, 6.546
220, 230.000, -21.273, 92.222, 168.126, -277.178, -773.582, 2.000, 11.563, 160.287
220, 325.000,-30.999, 75.681, 5962.032, -383.198, -419.666, 101.980, 84.555, 137.601
221, 230.000, 56.072, -64.530, 820.154, -168.942, -48.275, 2.000, 77.908, 105.947
221, 325.000,54.292, -69.132, 5982.864, 17.214, -272.529, 101.981, 87.387, -176.386
222, 230.000, 21.136, 65.847, 95.429, -833.032, 21.809, 2.000, 6.533, 88.500
222, 325.000,-4.164, 68.603, 5930.526, -816.795, 175.825, 101.981, 81.981, 77.852
223, 230.000, 69.045, 13.501, 610.201, 327.644, 473.105, 2.000, 46.677, -34.704
223, 325.000,80.953, 27.551, 5942.810, 523.840, 527.086, 101.981, 82.872, -44.823
224, 230.000, -12.426, -84.523, 78.534, -331.414, 766.499, 2.000, 5.373, 23.382
224, 325.000,-23.167, -64.565, 5951.178, -382.744, 553.264, 101.981, 83.550, 34.675
225, 230.000, -60.520, 7.259, 473.380, 444.664, -530.762, 2.000, 34.359, -140.044
225, 325.000,-48.933, -8.171, 5955.581, 339.841, -533.616, 101.981, 83.936, -147.508
226, 230.000, -81.468, -37.269, 613.323, -385.319, 422.951, 2.000, 46.989, 42.334
226, 325.000,-98.094, -27.964, 5933.446, -765.090, 279.454, 101.981, 82.183, 69.935
227, 230.000, 51.872, 34.993, 38.653, 697.904, 463.638, 2.000, 2.641, -56.403
227, 325.000,75.821, 50.923, 5897.680, 867.614, 577.798, 101.981, 79.977, -56.338
228, 230.000, 25.442, 29.888, 520.045, -658.081, -2.587, 2.000, 38.317, 90.225
228, 325.000,6.643, 30.461, 5955.616, -628.629, 67.769, 101.981, 83.940, 83.847
229, 230.000, -33.927, -83.656, 350.767, 744.796, -160.517, 2.000, 24.721, -102.162
229, 325.000,-14.420, -94.087, 5931.501, 639.185, -527.058, 101.980, 82.049, -129.508
230, 230.000, -15.403, 52.651, 478.653, 359.845, -587.305, 2.000, 34.797, -148.504
230, 325.000,-5.151, 36.543, 5958.299, 341.500, -501.214, 101.981, 84.188, -145.732
231, 230.000, 18.814, -40.241, 13.772, -837.230, 48.780, 2.000, 0.941, 86.666
231, 325.000,-7.501, -39.560, 5930.737, -833.522, -27.576, 101.981, 81.996, 91.895
232, 230.000, 10.628, 43.210, 168.459, -785.253, -241.916, 2.000, 11.586, 107.123
232, 325.000,-13.570, 36.624, 5933.820, -794.595, -165.968, 101.981, 82.210, 101.798
233, 230.000, -7.558, -27.488, 36.963, 695.289, -467.687, 2.000, 2.526, -123.927
233, 325.000,14.450, -42.960, 5923.149, 706.875, -534.635, 101.981, 81.490, -127.101
234, 230.000, -30.499, 38.615, 754.982, -20.957, -364.811, 2.000, 64.173, 176.712
234, 325.000,-31.738, 29.160, 5980.855, -78.348, -304.011, 101.981, 86.995, 165.549
235, 230.000, -12.827, 54.417, 607.615, 383.088, 433.095, 2.000, 46.420, -41.494
235, 325.000,-2.123, 68.297, 5951.678, 369.176, 557.172, 101.981, 83.592, -33.528
236, 230.000, -72.531, -61.234, 142.298, -824.020, 65.315, 2.000, 9.768, 85.468
236, 325.000,-107.400, -67.671, 5809.730, -1406.694, -372.513, 101.985, 75.938, 104.832
237, 230.000, -73.973, 65.932, 694.340, -317.759, 347.051, 2.000, 55.875, 42.477
237, 325.000,-96.165, 87.483, 5826.183, -1004.353, 962.765, 102.012, 76.569, 46.211
238, 230.000, -98.171, -5.909, 282.881, 767.119, -187.165, 2.000, 19.710, -103.711
238, 325.000,-85.690, -11.839, 5978.508, 267.090, -230.368, 101.974, 86.624, -130.778
239, 230.000, 99.018, 10.251, 481.700, 83.762, -681.523, 2.000, 35.050, -172.993
239, 325.000,119.541, -6.978, 5871.435, 1003.211, -630.155, 102.004, 78.592, -122.134
240, 230.000, -54.314, -37.703, 542.699, -146.849, -622.444, 2.000, 40.318, 166.725
240, 325.000,-60.401, -57.038, 5936.280, -287.682, -739.620, 101.981, 82.385, 158.746
241, 230.000, 20.607, -44.903, 764.018, -125.206, 322.683, 2.000, 65.628, 21.207
241, 325.000,17.522, -36.779, 5983.287, -90.063, 247.662, 101.981, 87.478, 19.984
242, 230.000, 10.640, -5.769, 607.538, 539.539, 208.130, 2.000, 46.413, -68.906
242, 325.000,26.611, 0.164, 5954.096, 613.634, 203.920, 101.981, 83.802, -71.618
243, 230.000, -56.866, -37.582, 137.307, -160.381, -811.756, 2.000, 9.422, 168.824
243, 325.000,-64.060, -64.215, 5903.713, -326.229, -953.400, 101.981, 80.314, 161.110
244, 230.000, -29.736, -38.968, 348.591, -605.666, -463.872, 2.000, 24.557, 127.448
244, 325.000,-48.746, -53.945, 5923.394, -686.254, -558.270, 101.981, 81.506, 129.128
245, 230.000, 79.480, -6.737, 55.112, -740.787, -389.513, 2.000, 3.767, 117.736
245, 325.000,59.259, -19.101, 5946.872, -570.222, -422.730, 101.981, 83.193, 126.551
246, 230.000, 12.273, -47.949, 2.662, 638.975, -543.349, 2.000, 0.182, -130.376
246, 325.000,32.984, -66.564, 5912.253, 688.757, -663.392, 101.981, 80.812, -133.925
247, 230.000, -6.625, 25.485, 133.083, -825.599, -64.803, 2.000, 9.129, 94.488
247, 325.000,-32.680, 23.976, 5925.475, -870.407, -18.260, 101.981, 81.642, 91.202
248, 230.000, 30.810, 18.476, 667.002, 297.031, 412.801, 2.000, 52.676, -35.737
248, 325.000,39.941, 30.674, 5960.801, 359.418, 457.018, 101.981, 84.429, -38.183
249, 230.000, -20.344, 22.642, 478.653, -668.724, -164.993, 2.000, 34.797, 103.860
249, 325.000,-40.545, 18.215, 5943.359, -727.280, -129.406, 101.981, 82.915, 100.089
250, 230.000, 96.984, -15.987, 75.769, 103.330, 828.918, 2.000, 5.183, -7.106
250, 325.000,114.483, 6.217, 5876.630, 866.770, 763.583, 101.981, 78.879, -48.622
251, 230.000, -19.664, -57.506, 141.300, -825.376, -48.089, 2.000, 9.698, 93.334
251, 325.000,-45.899, -60.740, 5917.980, -902.257, -180.697, 101.981, 81.162, 101.325
252, 230.000, -15.629, -63.833, 434.267, -628.289, -346.683, 2.000, 31.181, 118.889
252, 325.000,-34.730, -76.253, 5926.185, -691.860, -520.462, 101.981, 81.688, 126.953
253, 230.000, -84.386, -35.592, 71.162, -248.316, -797.997, 2.000, 4.867, 162.715
253, 325.000,-100.790, -63.775, 5844.867, -761.196, -1061.971, 101.982, 77.399, 144.368
254, 230.000, -18.197, -15.848, 630.628, -476.693, 280.351, 2.000, 48.751, 59.539
254, 325.000,-32.362, -8.066, 5959.334, -538.075, 256.884, 101.981, 84.286, 64.480
255, 230.000, -29.079, 44.485, 520.762, -650.225, -97.666, 2.000, 38.380, 98.542
255, 325.000,-48.812, 42.729, 5944.700, -727.704, -13.626, 101.981, 83.020, 91.073
256, 230.000, -28.843, 16.956, 505.096, 664.779, -80.443, 2.000, 37.027, -96.900
256, 630.000,21.315, 31.458, 2727.668, 471.015, 275.195, 21.999, 78.690, -59.704
257, 230.000, 65.864, -28.654, 438.926, -397.133, 594.267, 2.000, 31.554, 33.754
257, 325.000,56.137, -12.020, 5957.835, -264.147, 550.991, 101.981, 84.144, 25.613
258, 230.000, 1.775, -31.371, 401.246, 695.387, -242.822, 2.000, 28.579, -109.249
258, 325.000,22.656, -39.287, 5937.530, 721.433, -307.360, 101.981, 82.476, -113.076
259, 230.000, -18.421, 41.337, 534.201, -615.375, 198.663, 2.000, 39.560, 72.108
259, 325.000,-36.824, 48.075, 5945.133, -667.769, 280.505, 101.981, 83.054, 67.215
260, 230.000, 34.429, -87.955, 192.675, 732.096, -361.159, 2.000, 13.280, -116.258
260, 325.000,60.916, -110.290, 5816.251, 1022.322, -998.174, 101.984, 76.198, -134.315
261, 230.000, 12.418, 53.952, 781.603, 204.546, 225.346, 2.000, 68.725, -42.230
261, 325.000,18.446, 61.577, 5974.962, 234.838, 337.458, 101.981, 86.064, -34.834
262, 230.000, 69.701, -3.907, 302.182, 550.382, 556.138, 2.000, 21.117, -44.702
262, 325.000,89.029, 12.709, 5912.129, 769.336, 569.283, 101.981, 80.805, -53.500
263, 230.000, 30.293, -21.102, 759.922, 271.341, -228.946, 2.000, 64.959, -130.156
263, 325.000,38.551, -27.981, 5973.646, 332.338, -272.585, 101.981, 85.884, -129.359
264, 230.000, 36.795, -49.476, 518.816, 521.029, 403.586, 2.000, 38.210, -52.239
264, 325.000,52.999, -39.049, 5949.149, 615.563, 312.890, 101.981, 83.379, -63.056
265, 230.000, 15.772, 18.463, 303.820, 25.743, -781.380, 2.000, 21.237, -178.113
265, 630.000,44.405, -67.360, 2576.007, 439.454, -954.850, 22.008, 67.802, -155.287
266, 230.000, 71.776, 23.621, 807.252, -97.859, -205.648, 2.000, 74.245, 154.552
266, 325.000,71.583, 18.760, 5986.582, 83.190, -152.074, 101.981, 88.341, -151.320
267, 230.000, 28.911, 84.948, 470.462, 77.698, -690.038, 2.000, 34.118, -173.576
267, 325.000,32.698, 69.666, 5971.361, 182.727, -422.511, 101.980, 85.592, -156.612
268, 230.000, -43.283, 7.840, 754.035, 338.665, -142.343, 2.000, 64.025, -112.797
268, 325.000,-34.628, 3.986, 5981.914, 261.919, -131.372, 101.981, 87.196, -116.637
269, 230.000, 58.457, 26.654, 626.609, -539.738, -139.886, 2.000, 48.337, 104.530
269, 325.000,44.481, 23.323, 5972.281, -439.107, -90.682, 101.981, 85.707, 101.668
270, 230.000, -85.099, 21.135, 167.205, -605.225, 556.120, 2.000, 11.499, 47.421
270, 325.000,-110.888, 39.898, 5849.719, -1077.724, 699.141, 101.982, 77.614, 57.028
271, 230.000, -7.578, -88.744, 44.284, 825.670, -140.827, 2.000, 3.026, -99.679
271, 325.000,17.313, -99.464, 5904.705, 841.825, -543.251, 101.981, 80.370, -122.835
272, 230.000, 10.165, 27.207, 829.139, 34.677, 121.863, 2.000, 81.312, -15.884
272, 325.000,11.340, 31.164, 5985.905, 58.277, 186.185, 101.981, 88.133, -17.380
273, 230.000, -69.763, -66.080, 649.826, 457.056, 268.980, 2.000, 50.782, -59.523
273, 325.000,-63.004, -64.194, 5987.418, 130.079, -48.959, 101.979, 88.670, -110.625
274, 230.000, 47.060, 68.993, 176.292, -340.957, -745.784, 2.000, 12.133, 155.431
274, 325.000,38.527, 49.008, 5955.583, -227.828, -590.124, 101.981, 83.937, 158.890
275, 230.000, 59.509, 55.390, 21.937, 822.614, -162.322, 2.000, 1.499, -101.162
275, 325.000,88.814, 53.621, 5887.104, 1099.775, 42.310, 101.981, 79.411, -87.797
276, 230.000, 1.895, -25.371, 391.416, -304.948, -676.257, 2.000, 27.818, 155.728
276, 325.000,-7.229, -46.198, 5934.631, -311.476, -743.195, 101.981, 82.267, 157.261
277, 230.000, -9.996, 42.082, 641.327, 387.838, -376.569, 2.000, 49.872, -134.155
277, 325.000,0.952, 32.146, 5969.464, 381.693, -298.352, 101.981, 85.360, -128.013
278, 230.000, 44.753, 30.869, 195.977, -378.687, 722.297, 2.000, 13.512, 27.667
278, 325.000,34.208, 53.937, 5926.500, -302.981, 808.698, 101.981, 81.709, 20.539
279, 230.000, -17.597, -20.255, 162.623, -733.950, 372.014, 2.000, 11.180, 63.121
279, 325.000,-40.881, -9.052, 5925.958, -794.543, 347.748, 101.981, 81.673, 66.362
280, 230.000, 8.573, -72.390, 377.542, -9.802, -748.926, 2.000, 26.751, 179.250
280, 325.000,8.669, -97.950, 5903.234, 16.642, -1010.353, 101.981, 80.286, -179.056
281, 230.000, 91.124, 36.909, 454.438, 628.366, -319.634, 2.000, 32.806, -116.961
281, 325.000,125.185, 34.220, 5806.410, 1468.772, -16.348, 101.989, 75.804, -90.638
282, 230.000, 81.787, -52.943, 405.239, 732.395, -53.885, 2.000, 28.891, -94.208
282, 325.000,116.959, -63.478, 5783.626, 1472.033, -505.133, 101.990, 74.939, -108.940
283, 230.000, 74.282, -60.584, 177.956, 448.281, -686.221, 2.000, 12.249, -146.845
283, 325.000,99.883, -91.157, 5761.440, 1082.888, -1226.663, 101.987, 74.145, -138.562
284, 230.000, -9.947, 61.722, 392.261, 735.846, 90.474, 2.000, 27.883, -82.991
284, 325.000,11.689, 66.152, 5938.901, 739.975, 226.062, 101.981, 82.577, -73.012
285, 230.000, 51.699, 21.904, 262.019, -571.391, 555.321, 2.000, 18.203, 45.817
285, 325.000,35.517, 39.372, 5937.035, -491.025, 616.178, 101.981, 82.441, 38.551
286, 230.000, -78.522, 0.745, 18.072, 633.487, -549.447, 2.000, 1.235, -130.936
286, 325.000,-61.425, -16.452, 5943.839, 463.052, -570.536, 101.981, 82.953, -140.937
287, 230.000, -60.105, 29.329, 466.008, 319.969, 619.661, 2.000, 33.751, -27.310
287, 325.000,-52.552, 48.430, 5943.817, 193.091, 709.172, 101.981, 82.951, -15.231
288, 230.000, -39.857, 15.980, 281.166, 781.479, -117.304, 2.000, 19.586, -98.537
288, 325.000,-16.901, 12.796, 5950.353, 678.399, -51.457, 101.982, 83.477, -94.338
289, 230.000, 41.552, 72.801, 451.443, 412.771, 573.884, 2.000, 32.563, -35.726
289, 325.000,56.358, 94.379, 5888.321, 608.629, 909.173, 101.981, 79.474, -33.800
290, 230.000, -41.312, -88.472, 533.893, -556.100, 330.506, 2.000, 39.533, 59.276
290, 325.000,-61.979, -90.144, 5920.296, -869.939, -251.358, 101.983, 81.304, 106.116
291, 230.000, -37.626, 49.015, 328.881, -743.189, 207.440, 2.000, 23.085, 74.404
291, 325.000,-61.235, 56.859, 5917.085, -863.422, 334.398, 101.981, 81.106, 68.829
292, 230.000, 29.768, 35.284, 25.751, -725.733, -419.729, 2.000, 1.759, 120.043
292, 325.000,7.308, 22.743, 5940.955, -682.187, -329.147, 101.979, 82.734, 115.757
293, 230.000, -26.893, -25.877, 681.106, -460.495, -166.019, 2.000, 54.295, 109.825
293, 325.000,-40.597, -31.147, 5962.498, -520.730, -216.004, 101.981, 84.599, 112.529
294, 230.000, 21.354, -62.586, 599.859, 59.897, -583.186, 2.000, 45.657, -174.136
294, 325.000,23.802, -81.485, 5939.206, 115.966, -762.633, 101.981, 82.600, -171.354
295, 230.000, 21.968, -4.479, 384.121, -674.197, 318.487, 2.000, 27.256, 64.714
295, 630.000,-41.454, 34.866, 2660.480, -666.661, 464.792, 22.002, 73.014, 55.116
296, 230.000, -66.852, -46.464, 477.501, 599.334, -341.050, 2.000, 34.701, -119.642
296, 325.000,-52.306, -58.357, 5953.555, 425.831, -492.999, 101.981, 83.755, -139.181
297, 230.000, -23.755, -49.528, 614.347, 495.560, -283.762, 2.000, 47.092, -119.796
297, 325.000,-10.066, -58.888, 5958.414, 464.875, -387.801, 101.981, 84.198, -129.835
298, 230.000, -48.118, 51.178, 100.062, -778.651, -295.320, 2.000, 6.852, 110.770
298, 325.000,-74.216, 43.946, 5911.582, -945.551, -168.375, 101.981, 80.772, 100.097
299, 230.000, -52.308, 48.528, 782.474, 156.042, 258.669, 2.000, 68.890, -31.100
299, 325.000,-49.695, 57.334, 5976.476, 32.434, 387.145, 101.981, 86.281, -4.789
300, 230.000, 85.266, 4.500, 736.577, 103.952, -387.521, 2.000, 61.422, -164.984
300, 325.000,92.773, -6.026, 5961.945, 416.842, -388.210, 101.981, 84.542, -132.963
301, 230.000, 16.867, 79.316, 653.333, 140.855, 506.794, 2.000, 51.162, -15.532
301, 325.000,21.749, 97.865, 5930.164, 207.272, 812.078, 101.981, 81.956, -14.318
302, 230.000, -36.605, -69.656, 50.556, -803.139, 236.507, 2.000, 3.456, 73.591
302, 325.000,-63.407, -65.597, 5911.252, -962.178, 23.218, 101.981, 80.752, 88.618
303, 230.000, 50.243, 64.487, 264.067, -322.661, -727.793, 2.000, 18.350, 156.090
303, 325.000,42.425, 45.030, 5956.695, -203.782, -587.692, 101.981, 84.039, 160.876
304, 230.000, 44.373, 73.845, 563.331, -452.561, 425.876, 2.000, 42.192, 46.740
304, 325.000,34.077, 90.371, 5936.608, -303.255, 730.742, 101.981, 82.409, 22.538
305, 230.000, -51.183, 57.297, 156.659, -436.203, -699.077, 2.000, 10.765, 148.037
305, 325.000,-66.557, 38.050, 5931.881, -594.780, -572.898, 101.981, 82.074, 133.926
306, 230.000, -59.857, 38.836, 817.133, 53.540, -181.523, 2.000, 76.960, -163.567
306, 325.000,-60.245, 35.027, 5987.706, -85.520, -96.088, 101.981, 88.769, 138.330
307, 230.000, 45.610, -45.630, 247.608, -662.753, -450.525, 2.000, 17.170, 124.207
307, 325.000,26.731, -60.677, 5933.244, -587.374, -566.391, 101.981, 82.170, 133.958
308, 230.000, 48.337, 24.239, 273.564, 436.056, -662.225, 2.000, 19.035, -146.636
308, 325.000,62.832, 4.677, 5930.046, 545.997, -636.898, 101.981, 81.948, -139.394
309, 230.000, 48.097, 54.144, 689.630, -403.226, 255.621, 2.000, 55.306, 57.628
309, 325.000,38.320, 63.176, 5968.360, -298.330, 398.567, 101.981, 85.232, 36.815
310, 230.000, -14.864, 39.749, 332.643, 146.707, 755.876, 2.000, 23.365, -10.984
310, 325.000,-10.770, 63.526, 5926.601, 123.830, 853.972, 101.981, 81.716, -8.251
311, 230.000, 61.843, -60.208, 531.564, -167.801, -626.743, 2.000, 39.327, 165.011
311, 325.000,60.977, -82.054, 5919.898, 76.822, -904.544, 101.981, 81.282, -175.146
312, 230.000, -49.176, -33.567, 633.520, 524.920, -163.203, 2.000, 49.052, -107.271
312, 325.000,-35.329, -39.057, 5967.947, 445.273, -233.507, 101.981, 85.184, -117.673
313, 230.000, 22.111, 4.385, 47.970, 675.067, 495.487, 2.000, 3.279, -53.722
313, 325.000,44.047, 20.246, 5920.635, 737.749, 520.583, 101.981, 81.329, -54.792
314, 230.000, 1.461, -30.991, 702.634, -108.001, 445.157, 2.000, 56.898, 13.637
314, 630.000,-11.269, -16.011, 2777.672, -153.215, 21.578, 22.004, 86.812, 81.984
315, 230.000, 12.282, -92.726, 28.132, -430.463, -719.329, 2.000, 1.922, 149.103
315, 325.000,0.593, -126.866, 5808.636, -377.598, -1409.750, 101.984, 75.896, 165.005
316, 230.000, 60.455, 21.841, 238.751, -169.891, -785.913, 2.000, 16.538, 167.802
316, 325.000,56.896, -1.560, 5939.385, -50.855, -768.312, 101.981, 82.613, 176.213
317, 230.000, -7.946, -21.124, 540.779, -634.298, -93.533, 2.000, 40.146, 98.388
317, 325.000,-26.726, -24.300, 5949.138, -676.029, -141.230, 101.981, 83.378, 101.800
318, 230.000, -49.357, 22.465, 551.377, 483.081, 407.603, 2.000, 41.100, -49.844
318, 325.000,-36.438, 34.839, 5957.449, 405.033, 462.517, 101.981, 84.108, -41.209
319, 230.000, 46.076, 40.965, 13.464, -783.522, -299.059, 2.000, 0.920, 110.891
319, 325.000,22.327, 32.469, 5941.307, -720.093, -226.940, 101.981, 82.758, 107.492
320, 230.000, 54.751, -53.673, 442.074, 712.524, 20.090, 2.000, 31.807, -88.385
320, 325.000,78.247, -55.603, 5915.807, 921.583, -152.174, 101.981, 81.027, -99.376
321, 230.000, -90.589, -4.250, 497.801, 62.917, 672.131, 2.000, 36.405, -5.348
321, 325.000,-95.090, 14.702, 5940.389, -328.003, 688.092, 101.981, 82.688, 25.486
322, 230.000, 60.320, -37.859, 788.464, 282.598, -44.583, 2.000, 70.057, -98.965
322, 325.000,70.268, -40.409, 5970.665, 447.083, -143.140, 101.981, 85.504, -107.753
323, 230.000, 54.606, 12.208, 667.719, -465.067, -203.442, 2.000, 52.757, 113.627
323, 325.000,42.572, 6.679, 5974.448, -374.735, -186.360, 101.981, 85.993, 116.442
324, 230.000, 25.232, 83.306, 215.815, 376.973, 717.523, 2.000, 14.910, -27.717
324, 325.000,38.784, 112.095, 5847.786, 527.260, 1181.061, 101.982, 77.528, -24.057
325, 230.000, 2.672, 45.079, 36.170, 325.843, 772.038, 2.000, 2.472, -22.882
325, 325.000,13.087, 70.736, 5912.672, 343.086, 889.834, 101.981, 80.837, -21.085
326, 230.000, -18.998, 50.536, 310.092, 757.128, -184.727, 2.000, 21.697, -103.711
326, 325.000,3.497, 46.105, 5941.636, 746.460, -94.582, 101.981, 82.783, -97.221
327, 230.000, 31.421, -48.078, 131.496, -754.427, -342.158, 2.000, 9.020, 114.396
327, 325.000,8.726, -59.969, 5928.771, -718.441, -450.220, 101.981, 81.862, 122.074
328, 230.000, -81.881, -12.700, 241.106, -300.920, -744.875, 2.000, 16.706, 158.002
328, 325.000,-95.876, -35.944, 5896.676, -634.652, -834.091, 101.981, 79.921, 142.733
329, 230.000, -45.110, -70.477, 116.700, -466.393, 687.301, 2.000, 7.998, 34.160
329, 325.000,-61.552, -52.714, 5934.929, -632.245, 496.055, 101.981, 82.289, 51.883
330, 230.000, 30.327, -24.140, 88.159, -732.926, -398.210, 2.000, 6.033, 118.516
330, 325.000,7.833, -37.230, 5929.759, -702.041, -462.899, 101.981, 81.929, 123.399
331, 230.000, -46.180, -77.574, 272.361, 125.540, -783.316, 2.000, 18.948, -170.895
331, 325.000,-46.772, -108.239, 5855.071, -118.008, -1254.517, 101.982, 77.855, 174.626
332, 230.000, -12.018, 36.585, 286.465, 27.922, -787.834, 2.000, 19.970, -177.970
332, 630.000,-26.419, -21.247, 2721.546, -246.977, -518.341, 21.996, 78.087, 154.523
333, 230.000, 42.565, 65.240, 761.458, -151.130, 317.593, 2.000, 65.208, 25.448
333, 325.000,40.133, 76.804, 5966.129, -31.024, 523.024, 101.981, 84.981, 3.395
334, 230.000, -13.759, -79.998, 548.971, -470.645, 425.028, 2.000, 40.882, 47.916
334, 325.000,-27.845, -71.110, 5961.949, -529.284, 210.177, 101.981, 84.544, 68.342
335, 230.000, 7.344, 3.417, 708.598, -273.002, 356.205, 2.000, 57.652, 37.467
335, 630.000,-19.646, 58.944, 2671.893, -298.340, 714.455, 22.001, 73.840, 22.664
336, 230.000, -19.344, -11.795, 780.707, 283.732, -116.257, 2.000, 68.557, -112.281
336, 630.000,-9.339, -45.511, 2738.685, 22.676, -488.630, 22.005, 79.873, -177.343
337, 230.000, -27.253, 24.745, 110.199, 830.370, -43.189, 2.000, 7.549, -92.977
337, 325.000,-1.685, 23.995, 5934.697, 803.782, 47.341, 101.980, 82.274, -86.629
338, 230.000, -4.803, 76.674, 629.706, -441.168, -335.209, 2.000, 48.656, 127.228
338, 325.000,-17.522, 69.900, 5968.802, -469.758, -147.985, 101.981, 85.283, 107.486
339, 230.000, -13.224, -32.198, 381.817, 710.017, 231.549, 2.000, 27.079, -71.938
339, 325.000,7.889, -25.956, 5944.129, 716.827, 150.762, 101.981, 82.975, -78.123
340, 230.000, -39.899, -63.618, 191.625, 190.473, -794.055, 2.000, 13.207, -166.511
340, 325.000,-35.973, -90.967, 5897.595, 69.910, -1040.547, 101.981, 79.972, -176.156
341, 230.000, 45.533, -57.593, 186.966, 565.722, 590.361, 2.000, 12.880, -43.779
341, 325.000,64.519, -41.604, 5928.883, 708.139, 464.808, 101.981, 81.869, -56.720
342, 230.000, 19.772, 0.057, 189.833, 96.863, -811.237, 2.000, 13.081, -173.191
342, 325.000,23.212, -25.220, 5926.674, 146.156, -849.927, 101.981, 81.721, -170.243
343, 230.000, 37.624, -58.079, 807.432, 89.751, -208.621, 2.000, 74.290, -156.722
343, 325.000,41.331, -65.747, 5975.614, 184.213, -356.809, 101.981, 86.156, -152.694
344, 230.000, -30.238, -38.421, 792.687, -268.014, 57.789, 2.000, 70.921, 77.832
344, 325.000,-38.395, -37.639, 5979.963, -330.354, -10.201, 101.981, 86.836, 91.769
345, 230.000, -38.507, -29.633, 84.934, 828.713, 97.701, 2.000, 5.812, -83.276
345, 325.000,-13.241, -27.232, 5938.217, 778.373, 30.636, 101.981, 82.527, -87.746
346, 230.000, 60.198, 43.075, 745.152, -189.946, 334.952, 2.000, 62.672, 29.557
346, 325.000,57.036, 53.981, 5971.304, -39.459, 459.533, 101.981, 85.583, 4.908
347, 230.000, 40.251, 68.284, 98.116, -750.719, 360.995, 2.000, 6.718, 64.319
347, 325.000,18.818, 82.486, 5923.229, -663.650, 586.539, 101.981, 81.496, 48.529
348, 230.000, 25.712, 27.091, 170.302, -574.064, 587.343, 2.000, 11.715, 44.345
348, 325.000,8.386, 45.942, 5927.765, -547.208, 656.782, 101.981, 81.794, 39.800
349, 230.000, 17.253, -95.221, 55.573, 697.555, 462.442, 2.000, 3.799, -56.458
349, 325.000,39.881, -91.088, 5929.165, 842.795, -59.753, 101.980, 81.890, -94.055
350, 230.000, 48.032, -2.175, 330.109, -212.243, 741.286, 2.000, 23.177, 15.977
350, 325.000,42.676, 20.190, 5939.020, -130.133, 761.770, 101.981, 82.586, 9.694
351, 230.000, 6.872, 68.324, 408.157, 506.878, 529.156, 2.000, 29.119, -43.768
351, 325.000,22.162, 86.602, 5918.297, 546.621, 737.698, 101.981, 81.182, -36.538
352, 230.000, 33.426, -92.257, 345.647, 89.006, -759.032, 2.000, 24.336, -173.312
352, 325.000,42.676, -132.956, 5734.745, 409.940, -1679.182, 101.997, 73.227, -166.281
353, 230.000, -17.883, 85.665, 564.944, -589.547, -191.824, 2.000, 42.341, 108.024
353, 325.000,-35.721, 85.238, 5948.350, -685.776, 126.834, 101.981, 83.313, 79.522
354, 230.000, 93.430, 16.674, 103.364, 405.520, -726.907, 2.000, 7.079, -150.844
354, 325.000,116.756, -3.290, 5859.682, 1042.373, -668.842, 101.982, 78.066, -122.686
355, 230.000, 23.941, 57.617, 279.477, 97.675, 784.778, 2.000, 19.463, -7.095
355, 325.000,27.734, 83.437, 5908.861, 162.531, 963.414, 101.981, 80.611, -9.576
356, 230.000, 35.531, 20.021, 120.719, -667.955, 492.734, 2.000, 8.275, 53.585
356, 325.000,15.329, 35.916, 5930.876, -624.209, 551.591, 101.981, 82.005, 48.534
357, 230.000, -50.139, 37.373, 511.265, 659.692, -83.295, 2.000, 37.557, -97.196
357, 325.000,-32.115, 35.868, 5960.802, 581.274, -11.667, 101.981, 84.429, -91.150
358, 230.000, 37.721, 21.956, 48.866, 723.107, -422.199, 2.000, 3.340, -120.279
358, 325.000,61.521, 9.083, 5919.667, 818.491, -395.999, 101.981, 81.268, -115.818
359, 230.000, -36.687, 48.077, 408.311, 25.950, -732.211, 2.000, 29.131, -177.970
359, 325.000,-36.805, 27.471, 5952.228, -45.479, -661.878, 101.981, 83.640, 176.069
360, 230.000, -6.934, -29.541, 6.195, 604.885, 581.033, 2.000, 0.423, -46.152
360, 630.000,73.364, 11.546, 2593.789, 945.969, 337.525, 21.996, 68.832, -70.363
361, 230.000, -31.786, 20.945, 475.300, 690.072, -37.617, 2.000, 34.518, -93.120
361, 325.000,-12.051, 20.337, 5955.895, 628.828, 38.755, 101.982, 83.962, -86.473
362, 230.000, 26.801, 78.109, 548.791, 599.411, -207.504, 2.000, 40.866, -109.095
362, 325.000,45.312, 75.962, 5946.182, 714.442, 41.919, 101.981, 83.137, -86.642
363, 230.000, 24.055, -23.581, 185.226, 768.096, 281.502, 2.000, 12.758, -69.872
363, 325.000,48.412, -15.331, 5925.190, 836.228, 249.091, 101.981, 81.623, -73.413
364, 230.000, -27.086, 13.612, 439.105, -700.572, -141.103, 2.000, 31.568, 101.388
364, 325.000,-48.498, 9.685, 5938.158, -769.859, -121.639, 101.981, 82.522, 98.979
365, 230.000, 7.232, 38.201, 99.064, 423.778, -717.023, 2.000, 6.783, -149.416
365, 325.000,20.799, 16.441, 5934.533, 476.603, -650.711, 101.981, 82.260, -143.780
366, 230.000, 6.314, 15.677, 600.832, -403.019, 424.383, 2.000, 45.752, 43.521
366, 325.000,-5.288, 28.388, 5954.721, -408.820, 493.391, 101.981, 83.858, 39.645
367, 230.000, -23.521, 37.874, 106.538, -769.032, 317.432, 2.000, 7.297, 67.571
367, 325.000,-48.237, 48.764, 5916.040, -841.558, 401.816, 101.981, 81.042, 64.477
368, 230.000, -78.117, -20.534, 0.256, -725.188, -421.458, 2.000, 0.017, 120.164
368, 325.000,-106.115, -35.158, 5863.893, -1095.522, -532.869, 101.981, 78.264, 115.939
369, 230.000, 67.059, -0.540, 497.365, 664.003, 123.500, 2.000, 36.368, -79.464
369, 325.000,88.918, 3.052, 5924.424, 868.509, 126.963, 101.981, 81.573, -81.683
370, 230.000, -6.670, 27.722, 230.022, -288.317, 753.317, 2.000, 15.917, 20.943
370, 325.000,-15.700, 51.529, 5923.812, -309.218, 825.856, 101.981, 81.533, 20.527
371, 230.000, -30.853, 26.672, 830.854, 26.913, -111.723, 2.000, 82.125, -166.456
371, 325.000,-30.725, 24.096, 5988.660, -30.696, -64.734, 101.981, 89.315, 154.630
372, 230.000, -58.199, -42.571, 342.191, 143.168, 752.284, 2.000, 24.077, -10.775
372, 325.000,-55.694, -21.384, 5950.001, 16.569, 682.921, 101.981, 83.451, -1.390
373, 230.000, 6.834, -34.157, 797.781, 257.890, -23.704, 2.000, 72.015, -95.252
373, 325.000,14.206, -35.502, 5981.879, 279.579, -90.148, 101.981, 87.189, -107.871
374, 230.000, 0.348, -11.503, 383.583, 325.218, 671.283, 2.000, 27.214, -25.849
374, 630.000,48.765, 68.843, 2554.268, 597.858, 925.522, 22.001, 66.666, -32.861
375, 230.000, -50.922, 63.641, 557.674, 203.563, 592.525, 2.000, 41.673, -18.960
375, 325.000,-47.725, 83.967, 5929.490, 34.884, 842.126, 101.981, 81.910, -2.372
376, 230.000, 90.767, -4.267, 212.897, 810.643, -32.505, 2.000, 14.704, -92.296
376, 325.000,124.978, -5.706, 5821.128, 1407.362, -60.189, 101.983, 76.397, -92.449
377, 230.000, 49.759, 40.663, 552.221, -426.512, -465.470, 2.000, 41.176, 137.501
377, 325.000,38.649, 28.193, 5966.121, -340.105, -398.612, 101.981, 84.981, 139.528
378, 230.000, -66.540, -4.530, 309.989, -349.927, 696.406, 2.000, 21.690, 26.678
378, 325.000,-79.347, 16.309, 5922.892, -529.685, 712.736, 101.981, 81.473, 36.619
379, 230.000, 61.634, -43.551, 794.172, -229.007, -142.726, 2.000, 71.233, 121.933
379, 325.000,57.474, -49.053, 5982.906, -76.864, -260.917, 101.981, 87.397, 163.586
380, 230.000, -40.814, -20.954, 383.506, -257.530, -700.089, 2.000, 27.208, 159.804
380, 325.000,-49.497, -42.430, 5930.486, -342.971, -762.174, 101.981, 81.978, 155.773
381, 230.000, -54.951, -74.860, 470.897, 672.253, 172.787, 2.000, 34.154, -75.585
381, 325.000,-39.394, -74.896, 5968.661, 476.541, -130.246, 101.980, 85.268, -105.287
382, 230.000, 4.231, -75.288, 809.095, -143.145, -168.517, 2.000, 74.716, 139.654
382, 325.000,0.431, -82.802, 5975.357, -136.751, -381.587, 101.981, 86.119, 160.284
383, 230.000, -25.668, -21.511, 378.822, -395.055, 635.570, 2.000, 26.849, 31.864
383, 325.000,-38.095, -2.824, 5939.358, -460.982, 617.009, 101.981, 82.611, 36.764
384, 230.000, -32.244, 91.984, 188.477, 804.407, -144.672, 2.000, 12.986, -100.196
384, 325.000,-12.137, 97.506, 5939.138, 661.479, 396.843, 101.979, 82.600, -59.039
385, 230.000, 28.284, -58.610, 639.740, 517.405, 162.936, 2.000, 49.704, -72.520
385, 325.000,43.893, -55.672, 5959.068, 597.744, 37.572, 101.981, 84.261, -86.403
386, 230.000, -40.254, -33.551, 772.132, 129.300, 301.027, 2.000, 67.008, -23.245
386, 325.000,-37.503, -25.834, 5983.688, 58.262, 247.529, 101.981, 87.567, -13.245
387, 230.000, -2.066, -2.472, 409.181, 602.391, -416.197, 2.000, 29.199, -124.641
387, 325.000,16.104, -15.131, 5931.136, 672.993, -486.513, 101.977, 82.030, -125.864
388, 230.000, 16.902, -22.636, 775.793, 310.756, -71.414, 2.000, 67.657, -102.942
388, 325.000,26.001, -25.100, 5977.286, 356.188, -119.779, 101.981, 86.403, -108.587
389, 230.000, -67.963, 35.969, 415.734, 557.762, -468.605, 2.000, 29.713, -130.035
389, 325.000,-53.771, 23.353, 5961.275, 415.535, -399.607, 101.981, 84.476, -133.881
390, 230.000, -12.890, -50.829, 432.193, 351.533, -627.022, 2.000, 31.016, -150.723
390, 325.000,-2.790, -70.757, 5932.253, 337.074, -750.973, 101.981, 82.100, -155.827
391, 230.000, -36.075, 64.679, 782.064, -286.135, 100.131, 2.000, 68.812, 70.713
391, 325.000,-45.375, 69.872, 5969.564, -394.431, 279.183, 101.981, 85.372, 54.709
392, 230.000, 3.963, 71.998, 808.200, 196.283, -108.675, 2.000, 74.485, -118.972
392, 325.000,9.528, 71.312, 5985.005, 212.389, 61.495, 101.981, 87.884, -73.852
393, 230.000, -0.310, 72.562, 838.303, 10.182, -25.866, 2.000, 88.101, -158.513
393, 325.000,-0.039, 74.248, 5987.151, 9.761, 152.156, 101.981, 88.541, -3.671
394, 230.000, 30.846, -36.604, 420.316, 476.721, -547.354, 2.000, 30.074, -138.946
394, 325.000,45.808, -53.813, 5929.334, 553.109, -637.400, 101.981, 81.899, -139.050
395, 230.000, 50.234, -73.678, 88.517, -806.063, 214.363, 2.000, 6.058, 75.108
395, 325.000,28.241, -70.984, 5950.955, -674.148, -26.809, 101.980, 83.532, 92.277
396, 230.000, -43.543, 10.399, 552.298, 278.818, -566.349, 2.000, 41.183, -153.789
396, 325.000,-36.335, -5.908, 5958.876, 201.397, -566.040, 101.981, 84.243, -160.414
397, 230.000, -4.947, -42.292, 330.621, -225.647, -737.087, 2.000, 23.215, 162.979
397, 325.000,-11.890, -65.583, 5924.874, -242.264, -840.466, 101.981, 81.602, 163.920
398, 230.000, -54.942, -75.301, 822.125, -120.537, -114.480, 2.000, 78.569, 133.524
398, 325.000,-62.805, -84.698, 5954.362, -404.678, -501.382, 101.982, 83.824, 141.092
399, 230.000, 15.069, -78.284, 541.803, -487.024, 415.669, 2.000, 40.237, 49.520
399, 325.000,1.619, -69.263, 5966.864, -465.121, 222.150, 101.981, 85.063, 64.470
400, 230.000, 34.342, 26.079, 96.120, 826.654, 104.537, 2.000, 6.580, -82.793
400, 325.000,61.173, 29.996, 5915.679, 921.382, 158.131, 101.981, 81.020, -80.262
401, 230.000, -62.797, -17.075, 466.213, -100.229, -690.017, 2.000, 33.768, 171.735
401, 325.000,-67.732, -37.901, 5935.857, -252.525, -755.668, 101.981, 82.355, 161.522
402, 230.000, 31.811, 14.815, 234.015, 610.593, 525.297, 2.000, 16.201, -49.294
402, 325.000,51.300, 31.309, 5922.330, 686.940, 568.618, 101.981, 81.437, -50.384
403, 230.000, 29.296, -92.549, 323.428, -50.605, 772.242, 2.000, 22.681, 3.749
403, 325.000,30.298, -78.122, 5977.721, 91.671, 355.636, 101.977, 86.484, -14.454
404, 230.000, 88.030, -16.163, 83.065, 463.281, -694.258, 2.000, 5.683, -146.285
404, 325.000,110.399, -38.993, 5852.492, 966.415, -827.000, 101.982, 77.738, -130.555
405, 230.000, 3.183, 40.134, 831.366, 101.807, -44.616, 2.000, 82.385, -113.665
405, 325.000,6.084, 39.696, 5987.994, 110.915, 28.903, 101.981, 88.903, -75.394
406, 230.000, 29.465, 39.541, 691.064, -278.113, -385.496, 2.000, 55.478, 144.192
406, 325.000,22.177, 29.410, 5976.161, -228.861, -319.825, 101.981, 86.235, 144.413
407, 230.000, -1.567, 83.170, 188.605, -298.709, 760.740, 2.000, 12.995, 21.438
407, 325.000,-10.783, 112.177, 5865.376, -323.002, 1167.223, 101.981, 78.333, 15.468
408, 230.000, -16.629, -85.283, 768.267, 26.676, 335.527, 2.000, 66.341, -4.546
408, 325.000,-16.728, -80.315, 5988.715, -28.607, 60.151, 101.981, 89.363, 25.435
409, 230.000, 48.046, -49.111, 597.939, 461.757, -364.380, 2.000, 45.470, -128.278
409, 325.000,63.072, -61.376, 5936.369, 607.680, -509.386, 101.981, 82.392, -129.971
410, 230.000, -86.748, -41.837, 13.132, -820.757, 172.364, 2.000, 0.897, 78.140
410, 325.000,-126.872, -43.688, 5763.919, -1618.857, -169.017, 101.989, 74.231, 95.960
411, 230.000, 10.930, -27.812, 6.271, -686.518, -481.848, 2.000, 0.428, 125.064
411, 325.000,-10.837, -43.821, 5923.495, -691.855, -550.218, 101.981, 81.512, 128.495
412, 230.000, -50.864, 8.952, 236.165, -591.170, 546.139, 2.000, 16.354, 47.267
412, 325.000,-70.375, 25.946, 5916.957, -719.096, 584.582, 101.981, 81.098, 50.891
413, 230.000, -56.878, -62.916, 96.017, -340.778, 760.378, 2.000, 6.573, 24.140
413, 325.000,-70.153, -42.639, 5934.937, -544.356, 591.071, 101.981, 82.289, 42.644
414, 230.000, -24.028, 62.387, 87.903, -469.835, 689.240, 2.000, 6.016, 34.281
414, 325.000,-39.701, 86.480, 5894.224, -561.197, 901.345, 101.981, 79.788, 31.907
415, 230.000, 74.239, 37.620, 331.748, -485.783, -597.898, 2.000, 23.298, 140.907
415, 325.000,62.806, 21.393, 5959.183, -299.031, -517.534, 101.981, 84.272, 149.981
416, 230.000, -41.449, 13.539, 167.154, -335.145, 750.507, 2.000, 11.495, 24.064
416, 325.000,-52.841, 37.185, 5920.045, -424.360, 801.368, 101.981, 81.292, 27.903
417, 230.000, -79.073, 24.659, 709.085, -180.953, -409.852, 2.000, 57.714, 156.178
417, 325.000,-87.970, 14.391, 5962.108, -450.738, -345.304, 101.981, 84.560, 127.455
418, 230.000, 7.573, 87.395, 55.650, 44.392, 835.737, 2.000, 3.804, -3.041
418, 325.000,9.654, 121.453, 5831.554, 88.101, 1361.923, 101.982, 76.828, -3.701
419, 230.000, 14.306, 72.010, 624.382, 543.200, 136.401, 2.000, 48.108, -75.904
419, 325.000,30.353, 78.635, 5948.989, 603.301, 338.778, 101.981, 83.366, -60.684
420, 230.000, -31.138, -20.433, 700.100, -415.765, -201.303, 2.000, 56.583, 115.835
420, 325.000,-43.611, -26.581, 5964.726, -481.999, -242.719, 101.981, 84.830, 116.728
421, 230.000, -52.291, -64.942, 575.208, 406.553, -455.383, 2.000, 43.297, -138.242
421, 325.000,-43.382, -81.314, 5942.887, 243.113, -701.583, 101.981, 82.878, -160.888
422, 230.000, 7.796, -82.428, 398.430, 626.432, -390.333, 2.000, 28.361, -121.927
422, 325.000,26.699, -98.768, 5904.991, 688.101, -725.862, 101.981, 80.387, -136.530
423, 230.000, -41.553, -30.986, 820.256, 145.953, 96.961, 2.000, 77.942, -56.403
423, 325.000,-38.392, -28.960, 5988.481, 73.781, 42.802, 101.981, 89.184, -59.881
424, 230.000, 30.363, 72.017, 327.319, 169.028, -753.535, 2.000, 22.969, -167.357
424, 325.000,36.468, 52.058, 5953.466, 251.685, -601.704, 101.981, 83.748, -157.301
425, 230.000, -85.244, -9.528, 353.787, 14.545, -760.360, 2.000, 24.948, -178.904
425, 325.000,-89.848, -32.533, 5922.388, -310.892, -835.369, 101.981, 81.441, 159.587
426, 230.000, -94.009, 22.088, 318.769, -758.618, -162.507, 2.000, 22.337, 102.091
426, 325.000,-131.581, 20.853, 5778.850, -1573.695, 5.989, 101.988, 74.767, 89.782
427, 230.000, -40.257, 29.768, 388.549, -685.133, 288.352, 2.000, 27.596, 67.175
427, 325.000,-61.800, 39.168, 5925.894, -790.168, 358.642, 101.981, 81.669, 65.588
428, 230.000, -33.758, 2.337, 822.662, -80.817, 142.195, 2.000, 78.755, 29.612
428, 325.000,-36.687, 6.358, 5985.300, -149.547, 151.584, 101.981, 87.962, 44.612
429, 230.000, 76.076, 9.517, 604.236, 416.983, -405.645, 2.000, 46.087, -134.210
429, 325.000,91.320, -1.667, 5938.817, 666.968, -393.491, 101.981, 82.571, -120.539
430, 230.000, -23.190, -51.637, 151.257, -425.678, 706.713, 2.000, 10.389, 31.062
430, 325.000,-36.967, -30.910, 5935.849, -485.357, 631.900, 101.981, 82.355, 37.528
431, 230.000, 14.313, 82.883, 743.053, -215.136, -324.211, 2.000, 62.361, 146.433
431, 325.000,8.979, 77.581, 5985.849, -179.382, -81.102, 101.981, 88.116, 114.329
432, 230.000, -32.512, 43.240, 426.152, 687.053, -223.332, 2.000, 30.536, -108.007
432, 325.000,-12.829, 37.582, 5952.265, 646.896, -145.701, 101.981, 83.643, -102.693
433, 230.000, -52.899, 81.711, 3.660, 814.853, 198.811, 2.000, 0.250, -76.289
433, 325.000,-34.349, 96.818, 5920.841, 540.011, 722.068, 101.981, 81.341, -36.792
434, 230.000, 37.561, 84.570, 418.908, 130.649, 714.822, 2.000, 29.963, -10.358
434, 325.000,45.455, 114.608, 5840.840, 366.935, 1272.708, 101.983, 77.223, -16.083
435, 230.000, 1.595, -91.631, 104.618, 733.564, -393.017, 2.000, 7.165, -118.181
435, 325.000,24.099, -112.564, 5862.744, 791.335, -933.587, 101.982, 78.209, -139.714
436, 230.000, 12.947, -17.641, 449.625, -455.706, 541.934, 2.000, 32.416, 40.060
436, 630.000,-32.474, 32.813, 2685.088, -495.295, 531.963, 22.000, 74.853, 42.956
437, 230.000, -70.270, -24.092, 274.664, 712.942, -346.118, 2.000, 19.115, -115.896
437, 325.000,-51.022, -35.314, 5946.991, 574.018, -415.891, 101.981, 83.203, -125.924
438, 230.000, 4.964, -93.117, 50.684, -641.797, 537.635, 2.000, 3.464, 50.047
438, 325.000,-14.211, -83.018, 5950.222, -656.713, 180.347, 101.980, 83.471, 74.644
439, 230.000, -60.490, 76.588, 106.538, -659.242, -507.517, 2.000, 7.297, 127.591
439, 325.000,-88.419, 72.083, 5877.768, -1150.046, 19.510, 101.986, 78.928, 89.028
440, 230.000, 66.854, -46.970, 139.047, 671.016, -483.660, 2.000, 9.542, -125.784
440, 325.000,92.025, -65.031, 5863.027, 994.099, -711.371, 101.981, 78.223, -125.587
441, 230.000, 8.589, 54.460, 208.980, 35.620, -811.531, 2.000, 14.427, -177.487
441, 325.000,9.888, 30.710, 5944.760, 56.605, -725.119, 101.981, 83.025, -175.536
442, 230.000, 23.396, -28.633, 470.564, 676.661, -155.638, 2.000, 34.126, -102.953
442, 325.000,43.911, -33.841, 5939.671, 738.302, -210.760, 101.981, 82.634, -105.932
443, 230.000, -16.152, -74.306, 657.044, 436.466, -285.156, 2.000, 51.568, -123.158
443, 325.000,-4.429, -85.378, 5953.479, 407.309, -509.314, 101.981, 83.749, -141.350
444, 230.000, 77.959, -58.402, 763.634, 223.586, 265.324, 2.000, 65.565, -40.121
444, 325.000,93.135, -58.023, 5941.550, 746.735, -102.990, 101.984, 82.770, -97.853
445, 230.000, 58.952, 22.469, 595.456, 423.660, -411.665, 2.000, 45.229, -134.177
445, 325.000,72.885, 11.273, 5950.079, 569.990, -375.330, 101.981, 83.457, -123.364
446, 230.000, 1.563, 8.119, 460.146, -512.729, -478.433, 2.000, 33.271, 133.018
446, 630.000,-70.746, -48.736, 2555.201, -882.595, -656.282, 22.002, 66.711, 126.634
447, 230.000, -74.356, 22.533, 673.222, -499.357, 30.632, 2.000, 53.383, 86.490
447, 325.000,-91.897, 24.436, 5940.002, -758.164, 103.967, 101.981, 82.659, 82.192
448, 230.000, -24.770, 51.215, 478.269, -688.318, -31.633, 2.000, 34.765, 92.631
448, 325.000,-45.678, 51.644, 5939.935, -762.255, 73.067, 101.981, 82.654, 84.525
449, 230.000, -66.638, -0.824, 759.845, -298.631, 192.298, 2.000, 64.946, 57.221
449, 325.000,-77.077, 4.534, 5967.696, -465.907, 196.823, 101.981, 85.156, 67.098
450, 230.000, -72.131, 7.587, 247.454, 235.553, 766.032, 2.000, 17.159, -17.093
450, 325.000,-67.499, 31.100, 5932.919, 62.954, 815.907, 101.981, 82.147, -4.412
451, 230.000, 1.669, -62.727, 492.527, 574.004, 362.574, 2.000, 35.959, -57.721
451, 325.000,18.526, -53.741, 5954.242, 595.982, 246.972, 101.981, 83.816, -67.491
452, 230.000, -72.683, 67.483, 90.181, 743.340, -377.938, 2.000, 6.172, -116.950
452, 325.000,-58.513, 63.419, 5977.570, 366.760, -9.756, 101.972, 86.488, -91.524
453, 230.000, -57.743, 50.991, 137.819, 545.900, -621.710, 2.000, 9.457, -138.715
453, 325.000,-42.777, 33.476, 5950.215, 432.142, -526.627, 101.981, 83.469, -140.628
454, 230.000, 34.355, -66.689, 563.587, -393.014, 481.075, 2.000, 42.216, 39.247
454, 325.000,24.135, -54.961, 5970.455, -326.040, 341.361, 101.981, 85.479, 43.685
455, 230.000, 95.713, -3.121, 90.386, 492.603, 672.827, 2.000, 6.186, -36.209
455, 325.000,124.356, 16.823, 5816.682, 1244.555, 698.486, 101.985, 76.214, -60.697
456, 230.000, -5.069, -5.206, 437.722, -630.643, 337.953, 2.000, 31.458, 61.814
456, 325.000,-24.141, 4.817, 5936.490, -711.244, 348.837, 101.982, 82.399, 63.874
457, 230.000, -79.301, -18.504, 686.200, 74.228, -476.595, 2.000, 54.896, -171.147
457, 325.000,-80.863, -32.751, 5960.756, -174.771, -555.066, 101.981, 84.424, 162.523
458, 230.000, -84.333, -47.063, 21.323, 454.936, 704.346, 2.000, 1.457, -32.858
458, 325.000,-77.213, -29.542, 5965.223, 89.038, 525.974, 101.979, 84.890, -9.608
459, 230.000, -61.681, 70.017, 652.821, -493.090, 184.963, 2.000, 51.106, 69.438
459, 325.000,-81.536, 82.062, 5895.755, -870.741, 592.910, 101.982, 79.869, 55.748
460, 230.000, -59.748, -34.326, 607.948, 47.676, -575.891, 2.000, 46.453, -175.267
460, 325.000,-60.390, -51.996, 5949.263, -99.414, -682.341, 101.981, 83.389, 171.711
461, 230.000, -43.741, 26.452, 68.013, -314.779, 774.475, 2.000, 4.651, 22.119
461, 325.000,-54.865, 51.604, 5912.277, -418.821, 859.523, 101.981, 80.814, 25.979
462, 230.000, 48.418, -53.795, 43.004, -156.053, -822.996, 2.000, 2.939, 169.263
462, 325.000,45.632, -81.991, 5900.371, -16.736, -1026.928, 101.981, 80.126, 179.066
463, 230.000, -89.671, 3.243, 277.839, -251.750, -750.301, 2.000, 19.345, 161.452
463, 325.000,-104.126, -18.811, 5898.029, -690.245, -778.548, 101.981, 79.995, 138.440
464, 230.000, -52.445, 58.146, 348.130, 676.208, 353.655, 2.000, 24.523, -62.391
464, 325.000,-34.461, 71.019, 5939.327, 555.691, 533.663, 101.981, 82.609, -46.158
465, 230.000, -15.269, -94.287, 774.180, 278.409, -163.271, 2.000, 67.369, -120.389
465, 325.000,-9.204, -108.153, 5942.307, 204.530, -718.978, 101.982, 82.830, -164.120
466, 230.000, 16.926, 62.667, 561.923, 319.607, -534.432, 2.000, 42.063, -149.119
466, 325.000,26.621, 48.860, 5963.011, 364.615, -422.767, 101.981, 84.651, -139.224
467, 230.000, 44.265, 23.140, 580.712, 96.005, 597.562, 2.000, 43.816, -9.127
467, 325.000,48.093, 41.002, 5949.837, 182.937, 659.678, 101.981, 83.437, -15.499
468, 230.000, -39.121, 86.490, 799.675, -250.224, 37.830, 2.000, 72.439, 81.403
468, 325.000,-49.637, 95.724, 5946.757, -481.576, 522.601, 101.980, 83.185, 42.661
469, 230.000, 40.054, 14.427, 792.124, 241.640, -132.942, 2.000, 70.803, -118.818
469, 325.000,47.648, 10.998, 5979.533, 319.416, -111.161, 101.981, 86.763, -109.189
470, 230.000, 9.322, 15.540, 755.980, -298.239, -207.538, 2.000, 64.330, 124.833
470, 630.000,-17.749, 10.696, 2766.438, -291.887, 23.781, 22.003, 83.957, 85.342
471, 230.000, -91.421, 2.481, 717.711, -423.583, -94.823, 2.000, 58.835, 102.618
471, 325.000,-110.810, 0.056, 5919.509, -906.225, -87.242, 101.981, 81.256, 95.499
472, 230.000, -32.911, -30.946, 199.433, -317.009, -750.504, 2.000, 13.755, 157.101
472, 325.000,-43.521, -54.906, 5917.356, -392.192, -836.833, 101.981, 81.123, 154.889
473, 230.000, -89.318, 4.036, 211.028, 368.573, 723.288, 2.000, 14.572, -27.002
473, 325.000,-83.680, 25.958, 5938.378, 42.402, 776.495, 101.980, 82.539, -3.126
474, 230.000, 44.031, -13.838, 620.696, 560.503, 64.011, 2.000, 47.733, -83.485
474, 325.000,61.177, -12.308, 5952.645, 658.480, 40.340, 101.981, 83.676, -86.494
475, 230.000, -62.039, 20.502, 636.387, 538.711, -91.245, 2.000, 49.352, -99.613
475, 325.000,-48.247, 18.424, 5973.443, 429.421, -52.413, 101.981, 85.858, -96.959
476, 230.000, 85.663, -40.457, 484.976, -334.032, -597.281, 2.000, 35.324, 150.784
476, 325.000,84.200, -61.253, 5926.882, 117.111, -853.205, 101.982, 81.733, -172.184
477, 230.000, -1.265, 88.818, 278.479, -364.281, -702.334, 2.000, 19.391, 152.586
477, 325.000,-12.139, 72.447, 5960.490, -385.096, -439.689, 101.980, 84.399, 138.787
478, 230.000, 56.318, 26.783, 25.393, -432.300, -718.329, 2.000, 1.735, 148.960
478, 325.000,44.027, 4.706, 5939.545, -335.627, -691.621, 101.981, 82.625, 154.114
479, 230.000, -43.312, -21.932, 131.957, -435.519, 704.581, 2.000, 9.052, 31.721
479, 325.000,-57.926, -0.439, 5925.704, -531.504, 687.552, 101.981, 81.657, 37.705
480, 230.000, 99.552, -1.451, 479.652, 16.854, 687.877, 2.000, 34.880, -1.404
480, 325.000,118.466, 17.573, 5871.247, 943.561, 718.113, 102.005, 78.582, -52.726
481, 230.000, -23.631, 72.972, 778.967, 137.534, 278.960, 2.000, 68.234, -26.244
481, 325.000,-20.765, 83.671, 5967.680, 74.498, 500.455, 101.981, 85.154, -8.467
482, 230.000, 74.856, -35.283, 285.953, -105.710, 781.396, 2.000, 19.933, 7.704
482, 325.000,74.963, -13.457, 5945.767, 113.495, 710.017, 101.981, 83.105, -9.082
483, 230.000, 87.499, 43.625, 419.958, -725.059, -38.060, 2.000, 30.045, 93.005
483, 325.000,75.310, 46.678, 5978.851, -285.847, 198.546, 101.977, 86.669, 55.217
484, 230.000, -14.288, 48.460, 820.256, -24.989, -173.434, 2.000, 77.942, 171.801
484, 325.000,-15.291, 44.669, 5988.192, -51.846, -89.753, 101.981, 89.008, 149.987
485, 230.000, 41.665, -5.521, 768.037, 177.111, -286.837, 2.000, 66.302, -148.306
485, 325.000,47.504, -13.705, 5975.858, 255.818, -304.756, 101.981, 86.191, -139.989
486, 230.000, -21.388, 3.989, 704.861, -326.636, 316.234, 2.000, 57.178, 45.927
486, 325.000,-31.156, 13.105, 5966.982, -387.319, 338.153, 101.981, 85.075, 48.877
487, 230.000, -49.180, 80.146, 676.294, 451.699, 205.226, 2.000, 53.736, -65.566
487, 325.000,-40.840, 92.629, 5952.173, 224.292, 624.630, 101.980, 83.638, -19.752
488, 230.000, -37.030, -45.487, 497.212, -661.479, -136.929, 2.000, 36.355, 101.695
488, 325.000,-57.492, -50.815, 5934.916, -766.345, -242.265, 101.981, 82.288, 107.543
489, 230.000, -29.492, -33.503, 144.909, 386.064, -730.397, 2.000, 9.949, -152.141
489, 325.000,-18.128, -57.057, 5923.087, 344.529, -817.032, 101.981, 81.486, -157.136
490, 230.000, 16.160, -58.666, 143.936, 773.151, -291.624, 2.000, 9.881, -110.666
490, 325.000,40.682, -69.580, 5913.060, 842.407, -441.912, 101.981, 80.861, -117.681
491, 230.000, -19.222, -9.380, 448.832, 642.441, -298.903, 2.000, 32.351, -114.951
491, 630.000,43.713, -67.286, 2588.883, 673.005, -766.659, 22.014, 68.493, -138.722
492, 230.000, 42.376, -86.160, 104.772, 347.539, -756.150, 2.000, 7.176, -155.316
492, 325.000,60.353, -124.226, 5740.747, 732.493, -1542.488, 101.989, 73.435, -154.598
493, 230.000, 1.828, 30.349, 386.424, 719.422, -191.395, 2.000, 27.433, -104.898
493, 325.000,23.523, 25.229, 5939.864, 754.557, -133.595, 101.981, 82.649, -100.040
494, 230.000, 14.376, -77.398, 274.562, 783.315, -120.653, 2.000, 19.107, -98.756
494, 325.000,38.654, -84.763, 5913.680, 867.910, -379.935, 101.981, 80.898, -113.642
495, 230.000, -49.963, 26.381, 391.211, 724.897, -158.120, 2.000, 27.802, -102.305
495, 325.000,-29.459, 22.267, 5952.791, 649.150, -109.758, 101.981, 83.689, -99.597
496, 230.000, 14.434, 87.591, 58.619, 666.362, 506.013, 2.000, 4.008, -52.788
496, 325.000,36.312, 111.089, 5852.484, 786.375, 999.789, 101.982, 77.738, -38.187
497, 230.000, 45.334, 5.521, 248.324, -307.203, 739.922, 2.000, 17.221, 22.547
497, 325.000,36.902, 28.335, 5934.098, -233.767, 775.260, 101.981, 82.230, 16.780
498, 230.000, -17.672, -96.323, 440.205, 383.337, 602.325, 2.000, 31.657, -32.474
498, 325.000,-8.599, -88.686, 5980.319, 305.881, 99.150, 101.976, 86.922, -72.040
499, 230.000, -61.022, -43.532, 480.420, -494.154, -478.051, 2.000, 34.944, 134.051
499, 325.000,-78.298, -59.525, 5912.179, -711.999, -639.107, 101.981, 80.808, 131.912
500, 230.000, -3.363, 1.098, 491.017, 527.468, -429.189, 2.000, 35.832, -129.134
500, 630.000,68.016, -59.584, 2539.602, 860.261, -740.915, 22.002, 65.913, -130.737
