ion,x0,y0,z0,vx0,vy0,vz0,ke0,elev0,azim0,x1,y1,z1,vx1,vy1,vz1,ke1,elev1,azim1
1, 230.000, -80.316, -30.057, 614.373, -570.984, 6.843, 2.000, 47.094, 89.313
1, 325.000,-101.786, -31.830, 5914.515, -934.790, -118.348, 101.981, 80.948, 97.215
2, 230.000, 50.488, 54.793, 269.289, 467.412, 642.288, 2.000, 18.727, -36.044
2, 325.000,67.129, 76.940, 5890.550, 659.680, 857.619, 101.981, 79.592, -37.567
3, 230.000, 8.451, -24.847, 692.933, -98.176, -462.309, 2.000, 55.704, 168.011
3, 325.000,5.810, -38.545, 5965.456, -85.539, -524.616, 101.981, 84.908, 170.739
4, 230.000, -14.958, 68.877, 16.357, 658.021, -519.870, 2.000, 1.117, -128.310
4, 325.000,5.377, 54.447, 5940.749, 650.822, -391.279, 101.981, 82.716, -121.015
5, 230.000, 17.899, 28.876, 334.231, 631.409, -439.473, 2.000, 23.483, -124.839
5, 325.000,37.405, 16.146, 5935.996, 687.331, -400.908, 101.981, 82.365, -120.254
6, 230.000, 61.653, 42.877, 153.971, -619.175, -544.463, 2.000, 10.578, 131.326
6, 325.000,44.482, 27.432, 5949.463, -503.646, -468.384, 101.981, 83.406, 132.922
7, 230.000, 20.268, 26.683, 545.643, -325.642, -547.499, 2.000, 40.582, 149.257
7, 630.000,4.743, -7.277, 5019.562, -112.362, -335.150, 71.991, 85.972, 161.466
8, 230.000, 77.222, 57.274, 431.886, -67.769, -715.825, 2.000, 30.991, 174.592
8, 325.000,82.060, 41.929, 5962.439, 327.803, -458.706, 101.979, 84.598, -144.449
9, 230.000, 3.135, 91.928, 493.449, -406.264, -543.122, 2.000, 36.037, 143.203
9, 325.000,-8.262, 82.156, 5971.277, -413.132, -205.335, 101.980, 85.582, 116.428
10, 230.000, -80.950, 30.809, 356.091, -684.027, 329.895, 2.000, 25.122, 64.253
10, 325.000,-107.588, 43.007, 5864.434, -1109.899, 495.993, 101.982, 78.289, 65.921
11, 230.000, 96.798, -17.965, 146.957, 825.649, -15.201, 2.000, 10.091, -91.055
11, 325.000,145.049, -22.684, 5672.025, 1912.944, -207.064, 101.995, 71.262, -96.178
12, 230.000, 91.717, -7.704, 312.575, -487.097, -607.090, 2.000, 21.880, 141.258
12, 325.000,83.548, -26.027, 5949.979, -130.013, -670.716, 101.980, 83.450, 169.030
13, 230.000, 93.428, 26.223, 720.911, 394.342, -168.242, 2.000, 59.260, -113.105
13, 325.000,116.241, 24.951, 5893.004, 1069.231, 5.366, 101.985, 79.716, -89.712
14, 230.000, -87.131, -38.594, 489.430, 39.652, 680.007, 2.000, 35.698, -3.337
14, 325.000,-93.626, -22.705, 5952.600, -409.767, 517.000, 101.979, 83.676, 38.400
15, 230.000, -30.491, -70.967, 399.556, -727.488, 120.996, 2.000, 28.448, 80.557
15, 325.000,-53.309, -70.494, 5927.520, -851.935, -89.106, 101.981, 81.777, 95.971
16, 230.000, -33.170, 53.137, 113.373, -126.713, 821.349, 2.000, 7.768, 8.770
16, 325.000,-38.305, 80.657, 5901.778, -218.412, 995.259, 101.981, 80.204, 12.377
17, 230.000, 55.017, 17.302, 440.794, 49.870, 711.855, 2.000, 31.704, -4.007
17, 325.000,57.977, 38.836, 5936.813, 166.276, 771.880, 101.981, 82.424, -12.157
18, 230.000, -2.797, 16.859, 356.117, -537.641, 536.328, 2.000, 25.124, 45.070
18, 325.000,-19.129, 33.434, 5933.270, -563.637, 589.769, 101.981, 82.171, 43.702
19, 230.000, 9.539, -95.947, 690.680, -436.122, 190.481, 2.000, 55.432, 66.406
19, 325.000,-1.498, -100.008, 5965.518, -405.282, -341.398, 101.978, 84.924, 130.110
20, 230.000, 17.277, -95.772, 5.913, -135.825, 827.672, 2.000, 0.404, 9.319
20, 325.000,14.553, -78.434, 5973.271, -63.187, 429.241, 101.978, 85.846, 8.374
21, 230.000, -69.784, -70.962, 445.120, 625.477, -337.892, 2.000, 32.052, -118.379
21, 325.000,-63.474, -91.772, 5912.747, 83.088, -950.411, 101.985, 80.834, -175.004
22, 230.000, -55.538, 34.465, 680.646, -470.132, 138.640, 2.000, 54.241, 73.569
22, 325.000,-70.656, 39.502, 5952.602, -620.091, 226.346, 101.981, 83.672, 69.947
23, 230.000, -6.098, 5.979, 464.933, -620.006, 320.863, 2.000, 33.663, 62.638
23, 325.000,-24.717, 15.676, 5940.460, -673.234, 356.188, 101.981, 82.694, 62.118
24, 230.000, 7.116, -52.714, 612.248, 470.609, -327.419, 2.000, 46.882, -124.828
24, 325.000,20.846, -63.448, 5951.945, 499.086, -440.985, 101.981, 83.615, -131.463
25, 230.000, -13.995, -18.224, 272.693, 522.328, -596.939, 2.000, 18.972, -138.814
25, 325.000,1.750, -36.918, 5930.486, 515.224, -658.094, 101.981, 81.978, -141.942
26, 230.000, -91.353, 16.928, 488.662, 673.668, 104.425, 2.000, 35.634, -81.189
26, 325.000,-77.968, 20.977, 5976.810, 339.497, 177.217, 101.980, 86.334, -62.436
27, 230.000, 31.123, -0.591, 796.988, 107.253, -238.393, 2.000, 71.841, -155.777
27, 325.000,34.749, -7.297, 5981.444, 173.294, -248.042, 101.981, 87.104, -145.060
28, 230.000, -2.252, 82.527, 383.814, -442.470, -600.359, 2.000, 27.232, 143.609
28, 325.000,-15.370, 68.206, 5957.992, -466.761, -391.922, 101.981, 84.159, 130.019
29, 230.000, 77.823, 58.510, 620.593, 470.775, 311.061, 2.000, 47.722, -56.546
29, 325.000,102.709, 76.015, 5833.904, 1104.779, 785.160, 101.987, 76.921, -54.599
30, 230.000, 7.553, 81.525, 357.192, 320.103, 688.093, 2.000, 25.205, -24.948
30, 325.000,17.531, 107.050, 5884.690, 367.332, 1051.102, 101.981, 79.286, -19.263
31, 230.000, 86.838, 25.545, 92.792, -783.007, 286.031, 2.000, 6.352, 69.933
31, 325.000,67.768, 35.651, 5954.105, -514.778, 390.727, 101.980, 83.805, 52.801
32, 230.000, -1.489, 24.287, 529.209, 436.165, -482.931, 2.000, 39.119, -137.913
32, 630.000,46.909, -4.989, 4980.929, 659.038, -280.552, 71.996, 81.817, -113.059
33, 230.000, -2.452, -72.106, 722.908, -341.960, 252.965, 2.000, 59.528, 53.508
33, 325.000,-12.134, -67.280, 5977.612, -359.176, 91.231, 101.981, 86.452, 75.748
34, 230.000, -73.927, 57.684, 632.317, 196.539, 514.851, 2.000, 48.927, -20.894
34, 325.000,-75.194, 77.357, 5924.758, -191.826, 854.166, 101.981, 81.595, 12.657
35, 230.000, -52.308, -1.781, 695.032, 102.416, 458.220, 2.000, 55.959, -12.599
35, 325.000,-50.564, 11.201, 5970.746, 9.247, 468.281, 101.981, 85.515, -1.131
36, 230.000, -29.334, -7.663, 715.433, -349.916, 263.132, 2.000, 58.535, 53.057
36, 325.000,-39.865, -0.325, 5969.106, -415.567, 257.443, 101.981, 85.318, 58.222
37, 230.000, -13.066, -37.274, 762.277, 341.986, -74.185, 2.000, 65.342, -102.239
37, 325.000,-3.686, -40.111, 5978.307, 328.552, -145.231, 101.981, 86.561, -113.847
38, 230.000, 27.755, 51.548, 485.437, 480.402, 486.918, 2.000, 35.363, -44.614
38, 325.000,42.691, 67.381, 5930.456, 560.128, 620.614, 101.981, 81.976, -42.067
39, 230.000, -38.553, -12.275, 390.418, -24.658, -741.950, 2.000, 27.741, 178.097
39, 325.000,-40.111, -34.772, 5936.465, -93.671, -786.642, 101.981, 82.399, 173.209
40, 230.000, 19.478, 55.008, 640.611, 192.996, 505.860, 2.000, 49.796, -20.883
40, 325.000,25.548, 71.028, 5949.753, 241.435, 641.370, 101.981, 83.429, -20.628
41, 230.000, 82.086, 48.181, 87.442, 834.052, -15.355, 2.000, 5.984, -91.055
41, 325.000,120.004, 55.006, 5779.600, 1529.881, 355.942, 101.986, 74.796, -76.903
42, 230.000, 87.675, -30.370, 324.887, -763.478, 122.773, 2.000, 22.789, 80.865
42, 325.000,70.654, -28.612, 5970.894, -466.021, 12.932, 101.980, 85.535, 88.411
43, 230.000, 49.624, 82.083, 692.651, 468.752, -63.483, 2.000, 55.670, -97.713
43, 325.000,67.971, 89.273, 5918.841, 801.595, 440.509, 101.981, 81.215, -61.209
44, 230.000, -17.028, 58.875, 767.934, 312.523, -127.005, 2.000, 66.285, -112.116
44, 325.000,-8.701, 56.785, 5982.139, 288.077, -14.322, 101.981, 87.240, -92.846
45, 230.000, -40.856, -66.782, 463.627, -361.339, 598.338, 2.000, 33.556, 31.128
45, 325.000,-52.965, -51.876, 5953.024, -486.394, 440.571, 101.981, 83.709, 47.830
46, 230.000, 41.563, -36.513, 13.413, 146.986, -825.675, 2.000, 0.916, -169.906
46, 325.000,47.467, -63.843, 5909.614, 246.102, -940.803, 101.981, 80.655, -165.341
47, 230.000, 14.260, -89.860, 27.313, 341.897, -765.431, 2.000, 1.866, -155.931
47, 325.000,26.493, -123.833, 5810.016, 455.310, -1380.705, 101.983, 75.951, -161.749
48, 230.000, -94.989, -1.649, 543.237, -248.782, -588.664, 2.000, 40.366, 157.090
48, 325.000,-112.248, -18.492, 5895.775, -841.886, -633.089, 101.982, 79.870, 126.943
49, 230.000, -17.331, 7.345, 96.094, 684.896, 474.560, 2.000, 6.579, -55.282
49, 325.000,4.010, 22.631, 5922.881, 685.623, 564.442, 101.981, 81.473, -50.537
50, 230.000, -80.627, -31.271, 440.973, -2.497, 713.484, 2.000, 31.718, 0.201
50, 325.000,-84.996, -12.206, 5948.274, -286.446, 636.458, 101.981, 83.308, 24.231
51, 230.000, 27.383, -27.489, 337.430, -48.449, -766.366, 2.000, 23.722, 176.383
51, 325.000,26.508, -51.258, 5930.028, -1.392, -839.028, 101.981, 81.947, 179.905
52, 230.000, -25.950, -90.502, 806.510, -226.528, 41.840, 2.000, 74.059, 79.535
52, 325.000,-34.321, -97.094, 5962.623, -371.497, -422.115, 101.980, 84.613, 138.649
53, 230.000, -23.204, 95.883, 235.602, -159.662, 789.002, 2.000, 16.313, 11.440
53, 325.000,-33.491, 142.310, 5678.894, -416.165, 1857.886, 101.997, 71.466, 12.626
54, 230.000, -68.094, -33.828, 64.737, -692.678, 468.540, 2.000, 4.427, 55.925
54, 325.000,-92.948, -20.808, 5901.162, -948.077, 382.989, 101.981, 80.170, 68.003
55, 230.000, -31.548, -39.459, 268.060, -726.061, 323.269, 2.000, 18.638, 66.000
55, 325.000,-54.466, -30.547, 5928.362, -810.474, 258.562, 101.981, 81.834, 72.306
56, 230.000, -54.490, -61.663, 331.876, 714.687, -287.410, 2.000, 23.308, -111.907
56, 325.000,-35.736, -73.003, 5940.898, 577.492, -491.377, 101.981, 82.727, -130.394
57, 230.000, -50.225, -37.348, 40.905, -720.747, 427.052, 2.000, 2.795, 59.353
57, 325.000,-74.567, -25.057, 5914.981, -868.970, 356.502, 101.981, 80.977, 67.694
58, 230.000, 28.155, 74.613, 675.680, -213.630, -448.713, 2.000, 53.665, 154.541
58, 325.000,23.180, 64.734, 5981.316, -146.781, -267.325, 101.981, 87.081, 151.230
59, 230.000, -76.791, -38.424, 94.430, -710.751, 435.247, 2.000, 6.464, 58.518
59, 325.000,-104.144, -27.760, 5881.393, -1092.421, 291.859, 101.981, 79.117, 75.042
60, 230.000, -36.612, 1.647, 755.570, 359.424, -58.753, 2.000, 64.265, -99.284
60, 325.000,-27.229, 0.020, 5982.298, 279.492, -57.447, 101.981, 87.269, -101.615
61, 230.000, 56.890, -47.333, 667.770, 270.373, 429.541, 2.000, 52.763, -32.188
61, 325.000,66.547, -36.833, 5965.138, 426.232, 323.493, 101.981, 84.874, -52.803
62, 230.000, 56.189, -13.106, 583.528, 562.840, 215.013, 2.000, 44.083, -69.092
62, 325.000,74.013, -7.252, 5944.679, 701.663, 194.093, 101.981, 83.018, -74.538
63, 230.000, 59.122, 44.308, 778.199, -186.819, -251.056, 2.000, 68.093, 143.346
63, 325.000,55.836, 38.757, 5986.917, -51.032, -152.981, 101.981, 88.457, 161.552
64, 230.000, -76.629, -40.649, 599.398, -252.008, 529.847, 2.000, 45.612, 25.437
64, 325.000,-88.151, -27.949, 5950.150, -550.786, 402.052, 101.981, 83.462, 53.872
65, 230.000, -28.958, 17.270, 131.394, 790.298, -248.374, 2.000, 9.013, -107.447
65, 630.000,33.686, 6.465, 4982.381, 702.881, -56.754, 71.992, 81.944, -94.616
66, 230.000, -47.907, 74.030, 383.327, -224.260, -711.542, 2.000, 27.195, 162.506
66, 325.000,-57.012, 57.168, 5955.793, -402.000, -485.827, 101.981, 83.956, 140.394
67, 230.000, 4.740, 32.567, 507.400, 242.375, 622.353, 2.000, 37.224, -21.278
67, 325.000,11.968, 51.540, 5942.820, 257.722, 696.899, 101.981, 82.873, -20.295
68, 230.000, 74.203, -48.479, 198.818, 205.834, 788.434, 2.000, 13.712, -14.631
68, 325.000,84.861, -27.684, 5933.230, 502.525, 642.911, 101.980, 82.169, -38.013
69, 230.000, 22.417, -50.315, 750.732, -284.058, -243.383, 2.000, 63.514, 130.590
69, 325.000,14.957, -58.357, 5973.848, -249.527, -346.519, 101.981, 85.911, 144.243
70, 230.000, -37.550, 87.167, 334.307, -700.941, -316.929, 2.000, 23.489, 114.330
70, 325.000,-61.680, 86.618, 5909.665, -958.215, 162.344, 101.979, 80.661, 80.384
71, 230.000, 44.367, 50.881, 463.192, 201.677, -669.554, 2.000, 33.520, -163.237
71, 325.000,51.553, 32.663, 5952.937, 304.189, -582.395, 101.981, 83.702, -152.422
72, 230.000, 35.271, -49.841, 759.103, 354.629, -39.053, 2.000, 64.827, -96.284
72, 325.000,46.174, -52.286, 5971.126, 440.107, -145.478, 101.981, 85.561, -108.291
73, 230.000, -7.120, -99.572, 655.688, 521.313, -42.780, 2.000, 51.419, -94.691
73, 325.000,5.721, -121.501, 5875.216, 479.784, -1064.729, 102.017, 78.758, -155.743
74, 230.000, 74.862, 14.325, 255.031, 775.363, 193.119, 2.000, 17.701, -76.014
74, 325.000,102.310, 20.934, 5885.733, 1078.528, 253.417, 101.981, 79.340, -76.777
75, 230.000, 28.906, -51.398, 521.043, -623.980, -206.607, 2.000, 38.404, 108.320
75, 325.000,11.422, -58.727, 5951.980, -586.399, -315.055, 101.981, 83.619, 118.248
76, 230.000, -8.605, -80.957, 56.725, -163.619, -820.692, 2.000, 3.878, 168.725
76, 325.000,-14.293, -112.057, 5860.782, -210.160, -1215.088, 101.981, 78.118, 170.187
77, 230.000, -88.279, 29.043, 392.568, -690.138, -270.414, 2.000, 27.907, 111.397
77, 325.000,-117.907, 24.266, 5852.873, -1265.362, -111.970, 101.983, 77.754, 95.057
78, 230.000, -76.099, 43.507, 257.284, -764.768, -229.038, 2.000, 17.863, 106.672
78, 325.000,-105.056, 40.083, 5872.706, -1174.542, -34.391, 101.981, 78.685, 91.677
79, 230.000, 2.414, -62.985, 823.456, -159.431, 5.122, 2.000, 79.037, 88.160
79, 325.000,-1.944, -64.511, 5985.657, -159.213, -125.332, 101.981, 88.061, 128.210
80, 230.000, -96.835, 3.595, 722.319, 266.914, -332.470, 2.000, 59.448, -141.242
80, 325.000,-99.144, -5.105, 5973.649, -276.105, -329.206, 101.980, 85.886, 140.013
81, 230.000, -68.888, 13.052, 302.950, 678.296, 389.435, 2.000, 21.173, -60.138
81, 325.000,-50.448, 25.157, 5947.893, 552.774, 431.488, 101.981, 83.276, -52.025
82, 230.000, 30.820, -71.828, 641.199, 183.708, 508.565, 2.000, 49.859, -19.861
82, 325.000,37.152, -60.022, 5973.342, 271.120, 338.893, 101.981, 85.844, -38.660
83, 230.000, -38.248, 22.307, 836.357, 0.180, 63.487, 2.000, 85.659, -0.162
83, 325.000,-39.020, 24.526, 5987.789, -67.645, 104.839, 101.981, 88.806, 32.831
84, 230.000, -17.439, 84.511, 70.292, 382.479, -743.164, 2.000, 4.807, -152.767
84, 325.000,-6.406, 65.237, 5955.270, 348.914, -531.142, 101.980, 83.909, -146.699
85, 230.000, 22.433, 67.653, 418.755, 211.605, 695.264, 2.000, 29.951, -16.928
85, 325.000,29.643, 91.086, 5909.783, 287.884, 927.812, 101.981, 80.665, -17.238
86, 230.000, -63.485, -41.886, 113.014, -634.028, 537.364, 2.000, 7.744, 49.717
86, 325.000,-85.935, -27.110, 5911.176, -859.150, 434.839, 101.981, 80.748, 63.155
87, 230.000, 66.195, 2.985, 82.937, -528.181, -646.274, 2.000, 5.675, 140.742
87, 325.000,51.461, -17.154, 5938.030, -410.462, -663.696, 101.981, 82.513, 148.265
88, 230.000, 7.261, 4.949, 59.592, -447.784, -706.726, 2.000, 4.074, 147.642
88, 630.000,-38.707, -74.559, 4888.709, -579.610, -1041.178, 71.987, 76.301, 150.896
89, 230.000, -81.909, -18.898, 357.397, 659.074, 376.050, 2.000, 25.220, -60.292
89, 325.000,-65.805, -8.571, 5962.219, 454.773, 337.988, 101.981, 84.571, -53.380
90, 230.000, 15.206, -75.183, 712.669, -423.729, 126.813, 2.000, 58.175, 73.339
90, 325.000,3.867, -74.355, 5975.413, -398.979, -66.433, 101.981, 86.128, 99.453
91, 230.000, 21.652, 5.574, 555.344, -286.200, 559.648, 2.000, 41.460, 27.085
91, 325.000,13.742, 22.135, 5952.488, -236.179, 617.275, 101.980, 83.664, 20.938
92, 230.000, -33.049, 23.845, 478.449, -455.794, -516.588, 2.000, 34.780, 138.578
92, 325.000,-47.200, 9.083, 5945.544, -528.654, -490.124, 101.981, 83.087, 132.834
93, 230.000, -41.439, -2.151, 55.803, 824.802, 141.818, 2.000, 3.815, -80.244
93, 630.000,12.481, 12.434, 5002.011, 518.332, 187.720, 71.999, 83.711, -70.092
94, 230.000, -12.433, -33.859, 160.140, -93.145, 818.048, 2.000, 11.007, 6.496
94, 630.000,-36.715, 26.642, 4974.746, -395.104, 649.571, 72.006, 81.311, 31.310
95, 230.000, 53.955, -12.182, 738.138, -341.134, 205.678, 2.000, 61.646, 58.913
95, 325.000,45.539, -6.654, 5980.870, -250.320, 188.978, 101.981, 86.998, 52.949
96, 230.000, 4.067, -53.904, 517.127, 496.130, -435.843, 2.000, 38.064, -131.299
96, 325.000,18.687, -68.053, 5940.133, 520.504, -559.556, 101.981, 82.669, -137.071
97, 230.000, 50.206, -39.167, 504.277, 516.709, 426.897, 2.000, 36.957, -50.437
97, 325.000,66.786, -27.844, 5943.530, 646.666, 354.221, 101.981, 82.928, -61.288
98, 230.000, -59.397, -19.427, 138.305, 607.501, -561.550, 2.000, 9.491, -132.749
98, 325.000,-42.087, -37.376, 5935.050, 508.918, -620.778, 101.981, 82.297, -140.655
99, 230.000, 27.413, -94.205, 536.274, 527.633, 370.860, 2.000, 39.744, -54.898
99, 325.000,45.490, -95.474, 5937.189, 744.660, -246.982, 101.971, 82.472, -108.349
100, 230.000, -45.538, 10.525, 340.630, 750.465, 155.875, 2.000, 23.961, -78.266
100, 325.000,-23.862, 15.481, 5947.954, 674.235, 190.945, 101.981, 83.281, -74.188
101, 230.000, 39.666, -53.939, 286.491, 227.939, -754.646, 2.000, 19.972, -163.193
101, 325.000,48.099, -78.872, 5905.131, 347.747, -936.876, 101.981, 80.395, -159.636
102, 230.000, 48.663, 37.665, 316.594, 486.137, 605.775, 2.000, 22.176, -38.747
102, 325.000,64.969, 57.213, 5912.163, 626.291, 723.405, 101.981, 80.807, -40.885
103, 230.000, -5.732, -61.299, 331.440, -111.927, 762.328, 2.000, 23.276, 8.353
103, 325.000,-9.241, -39.826, 5950.544, -127.338, 666.313, 101.981, 83.496, 10.819
104, 230.000, 53.339, 61.432, 145.165, 302.891, -768.575, 2.000, 9.966, -158.491
104, 325.000,64.879, 40.497, 5937.769, 472.246, -623.716, 101.981, 82.494, -142.869
105, 230.000, -8.922, -2.003, 507.451, -603.090, -286.879, 2.000, 37.229, 115.440
105, 325.000,-26.971, -10.539, 5944.155, -663.704, -309.457, 101.981, 82.977, 114.998
106, 230.000, -2.800, 22.374, 762.559, -157.260, 311.926, 2.000, 65.388, 26.755
106, 325.000,-7.306, 31.650, 5974.922, -170.107, 374.942, 101.981, 86.058, 24.403
107, 230.000, 26.272, -75.763, 38.448, 416.457, 727.055, 2.000, 2.627, -29.804
107, 325.000,40.266, -55.978, 5941.823, 504.836, 555.907, 101.981, 82.797, -42.244
108, 230.000, -43.024, 40.519, 53.141, -328.373, -769.981, 2.000, 3.632, 156.903
108, 325.000,-54.473, 17.265, 5930.735, -425.277, -717.443, 101.981, 81.995, 149.342
109, 230.000, -8.577, -75.975, 494.626, -633.236, -240.585, 2.000, 36.136, 110.803
109, 325.000,-27.383, -86.292, 5930.046, -686.518, -482.157, 101.981, 81.948, 125.081
110, 230.000, -3.849, -65.894, 159.449, -6.671, -823.441, 2.000, 10.959, 179.536
110, 325.000,-4.206, -93.953, 5897.037, -17.777, -1045.888, 101.981, 79.941, 179.026
111, 230.000, -80.329, 22.455, 677.881, 479.275, -119.568, 2.000, 53.920, -104.008
111, 325.000,-70.249, 20.041, 5983.031, 262.778, -58.498, 101.981, 87.424, -102.550
112, 230.000, -29.214, 23.860, 8.396, -837.491, 45.412, 2.000, 0.574, 86.896
112, 325.000,-56.626, 25.844, 5917.448, -919.178, 90.129, 101.981, 81.129, 84.400
113, 230.000, -76.225, 10.331, 209.467, 471.076, 661.615, 2.000, 14.462, -35.451
113, 325.000,-64.690, 30.849, 5939.025, 291.167, 715.796, 101.981, 82.587, -22.135
114, 230.000, -63.068, -60.106, 734.017, -344.174, 215.144, 2.000, 61.059, 57.990
114, 325.000,-76.340, -57.677, 5958.630, -603.299, -7.177, 101.981, 84.218, 90.682
115, 230.000, 13.576, 66.207, 77.357, -722.660, 418.692, 2.000, 5.292, 59.913
115, 325.000,-8.565, 81.642, 5914.812, -719.095, 605.903, 101.981, 80.967, 49.883
116, 230.000, -34.409, -20.945, 510.215, 641.414, 178.304, 2.000, 37.466, -74.465
116, 325.000,-16.299, -16.184, 5961.197, 565.151, 113.432, 101.978, 84.477, -78.651
117, 230.000, -26.374, -64.500, 142.657, -535.224, -629.848, 2.000, 9.792, 139.643
117, 325.000,-44.091, -86.798, 5892.977, -640.757, -855.278, 101.981, 79.721, 143.160
118, 230.000, 72.017, 22.436, 602.649, -459.179, -359.851, 2.000, 45.931, 128.085
118, 325.000,61.225, 12.877, 5972.899, -303.360, -318.767, 101.981, 85.786, 136.419
119, 230.000, -29.095, 92.998, 315.877, -777.011, 0.223, 2.000, 22.123, 89.984
119, 325.000,-55.959, 106.657, 5852.322, -1052.766, 715.610, 101.983, 77.729, 55.794
120, 230.000, 11.562, 94.976, 830.726, 14.021, -114.988, 2.000, 82.062, -173.048
120, 325.000,12.997, 100.559, 5975.534, 77.542, 395.254, 101.981, 86.144, -11.100
121, 230.000, 15.805, -92.905, 370.272, 322.802, -679.868, 2.000, 26.196, -154.602
121, 325.000,27.287, -124.670, 5816.004, 451.300, -1356.756, 101.984, 76.188, -161.601
122, 230.000, 37.664, -84.801, 376.825, -711.234, -235.951, 2.000, 26.696, 108.353
122, 325.000,20.076, -98.582, 5924.990, -566.231, -665.798, 101.981, 81.609, 139.620
123, 230.000, 10.620, 64.366, 69.626, 834.690, 44.377, 2.000, 4.762, -86.957
123, 325.000,37.149, 67.844, 5918.553, 894.371, 200.105, 101.981, 81.198, -77.388
124, 230.000, 60.712, 22.105, 587.828, -302.299, 516.331, 2.000, 44.493, 30.348
124, 325.000,53.701, 37.601, 5958.101, -182.047, 580.578, 101.981, 84.169, 17.409
125, 230.000, -19.409, 82.127, 449.216, -431.959, -561.374, 2.000, 32.383, 142.423
125, 325.000,-32.854, 69.538, 5958.118, -510.407, -330.832, 101.981, 84.171, 122.950
126, 230.000, 44.996, 1.346, 541.854, 637.898, 54.811, 2.000, 40.242, -85.089
126, 325.000,64.651, 2.977, 5942.821, 740.676, 58.969, 101.981, 82.873, -85.448
127, 230.000, -67.876, 17.203, 378.899, 258.813, 702.122, 2.000, 26.855, -20.235
127, 325.000,-62.411, 38.657, 5938.449, 104.359, 770.147, 101.981, 82.544, -7.717
128, 230.000, 43.752, -35.754, 478.935, -60.034, 685.960, 2.000, 34.820, 5.002
128, 325.000,42.997, -16.394, 5954.777, 21.379, 639.810, 101.981, 83.864, -1.914
129, 230.000, -53.346, -4.424, 150.873, 383.605, -730.485, 2.000, 10.363, -152.294
129, 325.000,-42.660, -27.242, 5932.787, 296.363, -763.814, 101.981, 82.137, -158.794
130, 230.000, -75.210, -54.156, 513.236, 608.334, -264.656, 2.000, 37.727, -113.511
130, 325.000,-63.260, -65.524, 5958.824, 307.618, -516.642, 101.981, 84.238, -149.230
131, 230.000, 46.356, 11.197, 349.205, -581.203, 493.743, 2.000, 24.603, 49.651
131, 325.000,29.835, 26.329, 5943.285, -512.571, 532.752, 101.981, 82.909, 43.894
132, 230.000, -4.030, 17.168, 498.722, -609.830, -287.937, 2.000, 36.484, 115.275
132, 325.000,-22.239, 9.032, 5945.014, -682.217, -245.765, 101.980, 83.046, 109.811
133, 230.000, 48.418, 49.681, 195.234, -802.072, 148.623, 2.000, 13.460, 79.502
133, 325.000,25.258, 55.709, 5939.227, -724.677, 263.826, 101.981, 82.602, 69.995
134, 230.000, 69.883, 65.472, 209.441, 766.481, 268.636, 2.000, 14.460, -70.685
134, 325.000,103.846, 83.783, 5773.741, 1373.372, 805.629, 101.987, 74.583, -59.604
135, 230.000, 25.843, 50.739, 401.502, -511.298, -529.995, 2.000, 28.599, 136.029
135, 325.000,11.191, 36.102, 5953.240, -477.723, -447.081, 101.981, 83.728, 133.102
136, 230.000, 59.365, 70.420, 672.966, -357.812, 350.158, 2.000, 53.353, 45.619
136, 325.000,53.974, 85.585, 5947.156, -95.064, 701.060, 101.981, 83.216, 7.722
137, 230.000, 29.358, -86.371, 468.465, -209.776, -663.369, 2.000, 33.953, 162.452
137, 325.000,26.020, -113.570, 5873.397, -62.903, -1169.975, 101.982, 78.718, 176.922
138, 230.000, 2.345, 64.090, 785.827, -286.550, -62.361, 2.000, 69.535, 102.278
138, 325.000,-5.585, 64.077, 5981.634, -290.379, 70.124, 101.981, 87.141, 76.423
139, 230.000, 36.870, -24.616, 489.942, -130.163, 668.235, 2.000, 35.741, 11.022
139, 325.000,33.819, -5.431, 5954.188, -58.252, 643.009, 101.981, 83.811, 5.176
140, 230.000, -10.576, 25.403, 114.934, -800.476, -222.603, 2.000, 7.876, 105.541
140, 325.000,-35.989, 18.914, 5925.510, -850.877, -183.135, 101.981, 81.644, 102.147
141, 230.000, 43.215, -69.243, 756.697, -78.285, 353.278, 2.000, 64.443, 12.495
141, 325.000,42.802, -62.256, 5986.591, 43.007, 167.444, 101.981, 88.346, -14.405
142, 230.000, -61.212, 27.184, 335.894, -653.195, -405.012, 2.000, 23.607, 121.801
142, 325.000,-82.976, 15.983, 5919.900, -836.944, -351.458, 101.981, 81.282, 112.779
143, 230.000, -9.440, -32.359, 835.640, -35.429, -63.038, 2.000, 85.054, 150.663
143, 325.000,-10.613, -34.753, 5987.463, -55.042, -128.291, 101.981, 88.664, 156.779
144, 230.000, -5.283, 38.775, 275.688, -200.174, 766.453, 2.000, 19.189, 14.637
144, 325.000,-11.518, 63.064, 5922.824, -216.240, 861.741, 101.981, 81.469, 14.087
145, 230.000, 11.673, -46.123, 641.353, -17.954, 540.248, 2.000, 49.875, 1.903
145, 325.000,11.407, -31.582, 5971.077, 5.810, 464.079, 101.981, 85.555, -0.717
146, 230.000, -54.028, -20.231, 496.572, 540.692, 405.701, 2.000, 36.301, -53.118
146, 325.000,-39.410, -8.795, 5959.867, 452.835, 379.619, 101.981, 84.338, -50.026
147, 230.000, 44.205, 35.772, 144.346, -286.292, -775.064, 2.000, 9.910, 159.727
147, 325.000,36.322, 12.483, 5940.427, -208.475, -732.836, 101.981, 82.691, 164.120
148, 230.000, -28.545, -83.582, 645.295, 248.215, -474.876, 2.000, 50.295, -152.404
148, 325.000,-23.551, -102.799, 5924.609, 135.198, -866.065, 101.981, 81.584, -171.127
149, 230.000, 77.265, 44.677, 232.966, -780.912, -198.561, 2.000, 16.126, 104.266
149, 325.000,57.776, 40.962, 5962.133, -564.096, -61.685, 101.980, 84.563, 96.241
150, 230.000, -82.593, -9.007, 472.100, -49.843, 691.492, 2.000, 34.253, 4.123
150, 325.000,-88.165, 10.625, 5939.753, -329.909, 692.506, 101.980, 82.641, 25.473
151, 230.000, -23.436, 34.953, 534.329, -629.600, 147.040, 2.000, 39.572, 76.854
151, 325.000,-42.358, 40.011, 5945.359, -690.082, 213.754, 101.981, 83.072, 72.790
152, 230.000, 14.761, 13.756, 325.553, 759.203, -145.428, 2.000, 22.838, -100.844
152, 325.000,38.150, 9.608, 5931.934, 816.015, -124.435, 101.981, 82.078, -98.670
153, 230.000, -52.478, -74.260, 66.426, -727.538, -412.068, 2.000, 4.542, 119.527
153, 325.000,-80.662, -95.107, 5819.685, -1097.548, -892.468, 101.983, 76.338, 129.116
154, 230.000, 54.527, -54.509, 284.136, 362.211, 701.138, 2.000, 19.801, -27.321
154, 325.000,67.522, -35.525, 5937.529, 525.808, 581.790, 101.981, 82.476, -42.106
155, 230.000, 48.332, -14.520, 721.116, 369.240, -217.204, 2.000, 59.287, -120.466
155, 325.000,59.908, -21.006, 5965.270, 470.977, -250.863, 101.981, 84.888, -118.042
156, 230.000, -70.876, -16.367, 441.485, 113.263, -704.121, 2.000, 31.759, -170.862
156, 325.000,-70.124, -37.669, 5938.373, -68.455, -774.740, 101.981, 82.538, 174.951
157, 230.000, -22.748, -7.975, 157.273, 808.544, -158.257, 2.000, 10.807, -101.075
157, 630.000,48.874, -35.573, 4941.538, 854.398, -416.302, 71.994, 79.113, -115.977
158, 230.000, -82.031, 13.482, 667.028, -508.489, 6.094, 2.000, 52.679, 89.313
158, 325.000,-101.044, 14.421, 5929.541, -840.582, 57.085, 101.981, 81.913, 86.115
159, 230.000, -60.892, 34.458, 106.768, -776.906, 297.559, 2.000, 7.313, 69.043
159, 325.000,-87.796, 45.257, 5889.647, -1003.064, 418.535, 101.981, 79.544, 67.351
160, 230.000, 66.400, 18.225, 681.439, 263.050, 412.274, 2.000, 54.334, -32.540
160, 325.000,76.113, 30.529, 5954.146, 439.952, 473.080, 101.981, 83.808, -42.922
161, 230.000, -65.578, -46.630, 735.630, 378.532, 138.153, 2.000, 61.287, -69.949
161, 325.000,-57.563, -44.584, 5985.332, 211.523, 14.609, 101.981, 87.971, -86.049
162, 230.000, 51.965, 23.083, 446.503, 652.014, 281.135, 2.000, 32.163, -66.675
162, 325.000,72.768, 32.072, 5926.742, 790.948, 342.548, 101.981, 81.725, -66.583
163, 230.000, 11.186, -53.002, 352.431, -757.612, -73.081, 2.000, 24.846, 95.510
163, 325.000,-11.320, -56.474, 5937.942, -760.789, -176.690, 101.981, 82.507, 103.075
164, 230.000, -89.196, 26.192, 30.845, -827.590, -132.920, 2.000, 2.108, 99.124
164, 325.000,-126.262, 25.453, 5798.512, -1498.762, 36.611, 101.984, 75.504, 88.601
165, 230.000, 53.365, -9.018, 463.883, -593.767, -368.479, 2.000, 33.577, 121.823
165, 325.000,37.033, -20.101, 5953.942, -511.295, -397.922, 101.981, 83.790, 127.892
166, 230.000, 74.910, -30.862, 628.861, -554.804, -15.803, 2.000, 48.569, 91.632
166, 325.000,62.078, -32.503, 5976.765, -370.483, -100.850, 101.981, 86.324, 105.228
167, 230.000, -17.324, 80.742, 240.850, -312.340, 740.242, 2.000, 16.687, 22.877
167, 325.000,-27.949, 108.612, 5868.456, -403.810, 1125.849, 101.981, 78.480, 19.731
168, 230.000, 69.096, -30.867, 22.731, -634.506, 548.096, 2.000, 1.553, 49.179
168, 325.000,51.294, -14.602, 5947.011, -502.682, 499.528, 101.981, 83.204, 45.180
169, 230.000, 40.360, -44.225, 525.574, -321.688, 569.045, 2.000, 38.800, 29.480
169, 325.000,31.927, -28.667, 5962.714, -253.246, 501.083, 101.981, 84.621, 26.812
170, 230.000, -87.880, -17.507, 102.084, 575.202, -601.868, 2.000, 6.991, -136.298
170, 325.000,-75.472, -36.857, 5941.725, 277.343, -698.641, 101.981, 82.790, -158.348
171, 230.000, 61.983, -12.120, 604.236, -324.805, 482.622, 2.000, 46.087, 33.941
171, 325.000,54.222, 1.448, 5966.625, -210.899, 473.379, 101.981, 85.036, 24.014
172, 230.000, -53.432, -44.412, 438.721, 714.335, -27.820, 2.000, 31.538, -92.230
172, 325.000,-33.916, -46.503, 5955.290, 622.976, -124.861, 101.981, 83.910, -101.333
173, 230.000, 81.748, 57.529, 326.884, -269.316, -723.975, 2.000, 22.937, 159.595
173, 325.000,87.330, 46.486, 5962.206, 390.578, -292.284, 101.744, 85.322, -126.809
174, 230.000, 87.074, 43.538, 563.817, -71.319, 616.885, 2.000, 42.237, 6.595
174, 325.000,96.712, 66.671, 5884.757, 551.677, 967.711, 101.986, 79.281, -29.687
175, 230.000, -9.699, 17.976, 25.495, 757.947, 358.317, 2.000, 1.742, -64.698
175, 325.000,14.372, 29.835, 5924.096, 774.347, 417.935, 101.981, 81.551, -61.643
176, 230.000, 17.579, 76.241, 43.183, 809.535, -215.203, 2.000, 2.951, -104.887
176, 325.000,43.635, 72.848, 5920.878, 901.339, 3.914, 101.981, 81.344, -89.751
177, 230.000, -6.379, -53.119, 746.662, -219.392, 312.868, 2.000, 62.898, 35.039
177, 325.000,-12.700, -45.475, 5980.186, -237.578, 223.868, 101.981, 86.876, 46.702
178, 230.000, 21.181, 65.428, 544.875, -627.900, 111.250, 2.000, 40.513, 79.953
178, 325.000,3.651, 70.686, 5952.906, -600.609, 267.182, 101.981, 83.699, 66.018
179, 230.000, 37.249, -21.844, 604.799, -567.602, -124.779, 2.000, 46.142, 102.398
179, 325.000,21.605, -25.917, 5964.636, -511.370, -175.437, 101.981, 84.821, 108.936
180, 230.000, -17.327, -45.666, 672.122, 364.063, -345.304, 2.000, 53.257, -133.485
180, 325.000,-7.320, -56.539, 5963.153, 343.011, -438.569, 101.981, 84.666, -141.971
181, 230.000, -13.330, -56.019, 676.627, 319.125, -379.288, 2.000, 53.774, -139.923
181, 325.000,-4.593, -68.272, 5960.086, 301.836, -505.440, 101.981, 84.359, -149.155
182, 230.000, -25.359, -13.652, 337.328, -717.036, -274.943, 2.000, 23.714, 110.979
182, 325.000,-47.593, -22.257, 5929.750, -782.960, -306.984, 101.981, 81.928, 111.409
183, 230.000, 70.530, -12.294, 305.817, 777.409, -75.066, 2.000, 21.383, -95.515
183, 325.000,97.089, -15.103, 5898.401, 1031.759, -116.593, 101.981, 80.016, -96.447
184, 230.000, 8.316, -13.206, 418.191, 709.439, -159.172, 2.000, 29.906, -102.646
184, 325.000,29.758, -18.248, 5937.799, 757.626, -194.307, 101.981, 82.496, -104.385
185, 230.000, -64.171, 4.011, 271.542, -338.248, 717.898, 2.000, 18.889, 25.228
185, 325.000,-76.549, 25.943, 5919.488, -507.377, 755.935, 101.981, 81.256, 33.869
186, 230.000, -94.039, -21.222, 211.822, -800.527, -133.460, 2.000, 14.628, 99.465
186, 325.000,-134.337, -28.894, 5747.807, -1652.519, -322.404, 101.989, 73.673, 101.040
187, 230.000, 90.242, 33.703, 399.787, -737.343, 4.454, 2.000, 28.466, 89.654
187, 325.000,76.480, 36.546, 5976.946, -341.433, 166.962, 101.978, 86.362, 63.941
188, 230.000, 33.012, -18.080, 236.063, -425.676, -683.080, 2.000, 16.346, 148.070
188, 325.000,20.595, -39.483, 5931.110, -380.289, -739.268, 101.981, 82.021, 152.778
189, 230.000, -20.753, -24.028, 5.683, 799.432, -253.773, 2.000, 0.388, -107.612
189, 325.000,4.449, -32.685, 5927.790, 792.302, -320.559, 101.981, 81.795, -112.028
190, 230.000, -36.554, -77.620, 312.908, 692.135, -355.755, 2.000, 21.904, -117.203
190, 325.000,-18.134, -92.724, 5922.495, 588.826, -668.164, 101.981, 81.448, -138.612
191, 230.000, -42.220, -71.828, 328.036, -592.709, -494.583, 2.000, 23.023, 129.843
191, 325.000,-62.725, -91.395, 5877.179, -803.967, -825.695, 101.981, 78.906, 135.764
192, 230.000, -17.666, 60.515, 482.442, -109.942, 677.264, 2.000, 35.112, 9.221
192, 325.000,-21.477, 82.397, 5926.104, -157.597, 851.865, 101.981, 81.683, 10.481
193, 230.000, -60.985, 8.384, 567.913, -2.515, -617.246, 2.000, 42.616, 179.767
193, 325.000,-62.676, -9.257, 5955.560, -128.118, -619.736, 101.981, 83.934, 168.320
194, 230.000, -94.421, -18.115, 554.141, -621.715, 99.610, 2.000, 41.351, 80.898
194, 325.000,-124.872, -17.737, 5837.520, -1339.191, -24.740, 101.985, 77.077, 91.058
195, 230.000, 47.079, -57.414, 113.475, 757.932, -340.861, 2.000, 7.775, -114.215
195, 325.000,72.943, -70.846, 5886.644, 955.342, -551.376, 101.981, 79.387, -119.991
196, 230.000, 57.427, 16.881, 811.220, -171.578, -126.518, 2.000, 75.276, 126.404
196, 325.000,54.041, 13.770, 5987.941, -65.217, -97.449, 101.981, 88.878, 146.208
197, 230.000, -17.647, -86.186, 240.491, 642.641, 482.390, 2.000, 16.662, -53.107
197, 325.000,0.679, -76.103, 5953.537, 613.858, 218.315, 101.980, 83.755, -70.422
198, 230.000, 56.017, 65.094, 513.262, -212.593, -628.403, 2.000, 37.729, 161.309
198, 325.000,52.441, 49.982, 5971.633, -49.208, -454.189, 101.981, 85.625, 173.817
199, 230.000, 70.424, -58.891, 255.773, 166.909, -781.182, 2.000, 17.755, -167.939
199, 325.000,82.820, -88.425, 5841.449, 594.744, -1180.460, 101.982, 77.250, -153.260
200, 230.000, -56.281, -39.874, 68.628, -806.327, -220.570, 2.000, 4.693, 105.299
200, 325.000,-83.975, -48.499, 5892.076, -1014.635, -351.001, 101.981, 79.673, 109.082
201, 230.000, 64.272, 25.475, 665.722, -440.305, 257.816, 2.000, 52.532, 59.649
201, 325.000,53.642, 33.537, 5972.224, -312.639, 322.448, 101.981, 85.699, 44.115
202, 230.000, -15.294, -58.560, 166.079, -797.267, -200.768, 2.000, 11.420, 104.134
202, 325.000,-40.432, -66.563, 5916.588, -863.465, -342.965, 101.981, 81.076, 111.663
203, 230.000, 34.110, -72.413, 787.645, 108.338, -267.213, 2.000, 69.893, -157.931
203, 325.000,38.679, -83.143, 5963.247, 221.811, -509.616, 101.981, 84.675, -156.479
204, 230.000, -27.130, 37.063, 382.329, -42.959, -745.321, 2.000, 27.118, 176.701
204, 325.000,-29.013, 15.492, 5947.566, -103.748, -696.282, 101.981, 83.250, 171.525
205, 230.000, 35.685, -58.899, 30.871, -70.035, -835.264, 2.000, 2.109, 175.207
205, 325.000,34.959, -87.689, 5896.597, 30.954, -1048.059, 101.981, 79.917, -178.308
206, 230.000, 1.742, 27.098, 620.414, 563.711, -28.995, 2.000, 47.704, -92.944
206, 325.000,18.103, 26.817, 5959.662, 592.184, 30.794, 101.981, 84.318, -87.023
207, 230.000, 51.674, 77.695, 331.261, -563.195, -525.929, 2.000, 23.262, 133.040
207, 325.000,38.494, 67.227, 5971.420, -387.676, -246.404, 101.980, 85.601, 122.440
208, 230.000, -11.450, 38.319, 346.236, 243.367, 724.166, 2.000, 24.380, -18.576
208, 325.000,-4.356, 61.028, 5928.788, 230.381, 815.845, 101.981, 81.863, -15.769
209, 230.000, -55.218, -59.753, 512.314, -486.518, 452.060, 2.000, 37.647, 47.103
209, 325.000,-71.863, -49.485, 5943.242, -684.486, 280.405, 101.981, 82.905, 67.723
210, 230.000, 39.046, 40.934, 656.149, -87.872, -515.045, 2.000, 51.470, 170.318
210, 325.000,37.424, 27.150, 5971.887, -16.727, -453.291, 101.981, 85.656, 177.887
211, 230.000, -64.731, 13.296, 187.427, -635.779, 513.985, 2.000, 12.912, 51.047
211, 325.000,-86.773, 29.626, 5901.912, -841.464, 573.241, 101.981, 80.212, 55.736
212, 230.000, -25.023, -34.034, 787.286, 238.219, -164.183, 2.000, 69.822, -124.575
212, 325.000,-18.844, -39.326, 5981.317, 200.331, -230.048, 101.981, 87.080, -138.950
213, 230.000, 81.747, -55.949, 621.694, -528.455, -194.308, 2.000, 47.834, 110.188
213, 325.000,78.109, -68.657, 5957.716, 30.229, -608.342, 101.970, 84.163, -177.155
214, 230.000, 34.729, -87.581, 814.317, -62.886, -190.936, 2.000, 76.133, 161.770
214, 325.000,36.137, -100.629, 5950.423, 119.725, -669.236, 101.982, 83.482, -169.857
215, 230.000, 58.691, 4.420, 36.630, -833.400, -87.333, 2.000, 2.503, 95.982
215, 325.000,33.682, 1.758, 5942.255, -743.025, -81.594, 101.981, 82.830, 96.267
216, 230.000, -69.846, 13.817, 466.469, -672.314, 184.188, 2.000, 33.789, 74.679
216, 325.000,-92.476, 19.796, 5915.527, -906.444, 232.695, 101.981, 81.010, 75.602
217, 230.000, -53.863, -49.837, 133.723, 825.637, -62.974, 2.000, 9.174, -94.362
217, 325.000,-30.052, -53.353, 5941.326, 732.961, -180.508, 101.981, 82.759, -103.835
218, 230.000, -5.669, 5.625, 775.818, 118.590, -295.916, 2.000, 67.662, -158.161
218, 630.000,1.515, -21.516, 5019.398, 71.602, -349.915, 71.994, 85.930, -168.435
219, 230.000, -59.246, 69.639, 350.690, 177.299, 741.016, 2.000, 24.715, -13.456
219, 325.000,-59.555, 97.906, 5873.457, -133.469, 1163.718, 101.982, 78.721, 6.543
220, 230.000, -21.273, 92.222, 168.126, -277.178, -773.582, 2.000, 11.563, 160.287
220, 325.000,-30.998, 75.677, 5962.020, -383.120, -419.914, 101.980, 84.554, 137.623
221, 230.000, 56.072, -64.530, 820.154, -168.942, -48.275, 2.000, 77.908, 105.947
221, 325.000,54.290, -69.130, 5982.872, 17.067, -272.350, 101.981, 87.388, -176.414
222, 230.000, 21.136, 65.847, 95.429, -833.032, 21.809, 2.000, 6.533, 88.500
222, 325.000,-4.165, 68.599, 5930.534, -816.827, 175.403, 101.981, 81.981, 77.881
223, 230.000, 69.045, 13.501, 610.201, 327.644, 473.105, 2.000, 46.677, -34.704
223, 325.000,80.950, 27.551, 5942.841, 523.568, 527.010, 101.981, 82.875, -44.812
224, 230.000, -12.426, -84.523, 78.534, -331.414, 766.499, 2.000, 5.373, 23.382
224, 325.000,-23.167, -64.560, 5951.151, -382.650, 553.617, 101.981, 83.548, 34.652
225, 230.000, -60.520, 7.259, 473.380, 444.664, -530.762, 2.000, 34.359, -140.044
225, 325.000,-48.926, -8.171, 5955.544, 340.549, -533.568, 101.981, 83.933, -147.452
226, 230.000, -81.468, -37.269, 613.323, -385.319, 422.951, 2.000, 46.989, 42.334
226, 325.000,-98.093, -27.963, 5933.463, -764.939, 279.511, 101.981, 82.185, 69.928
227, 230.000, 51.872, 34.993, 38.653, 697.904, 463.638, 2.000, 2.641, -56.403
227, 325.000,75.819, 50.921, 5897.728, 867.390, 577.647, 101.981, 79.979, -56.338
228, 230.000, 25.442, 29.888, 520.045, -658.081, -2.587, 2.000, 38.317, 90.225
228, 325.000,6.640, 30.452, 5955.575, -629.199, 66.080, 101.981, 83.936, 84.005
229, 230.000, -33.927, -83.656, 350.767, 744.796, -160.517, 2.000, 24.721, -102.162
229, 325.000,-14.418, -94.085, 5931.512, 639.238, -526.869, 101.980, 82.050, -129.496
230, 230.000, -15.403, 52.651, 478.653, 359.845, -587.305, 2.000, 34.797, -148.504
230, 325.000,-5.149, 36.535, 5958.189, 341.716, -502.375, 101.981, 84.177, -145.776
231, 230.000, 18.814, -40.241, 13.772, -837.230, 48.780, 2.000, 0.941, 86.666
231, 325.000,-7.500, -39.551, 5930.748, -833.486, -26.439, 101.981, 81.996, 91.817
232, 230.000, 10.628, 43.210, 168.459, -785.253, -241.916, 2.000, 11.586, 107.123
232, 325.000,-13.569, 36.615, 5933.820, -794.355, -167.132, 101.981, 82.210, 101.882
233, 230.000, -7.558, -27.488, 36.963, 695.289, -467.687, 2.000, 2.526, -123.927
233, 325.000,14.448, -42.952, 5923.263, 706.660, -533.651, 101.981, 81.497, -127.059
234, 230.000, -30.499, 38.615, 754.982, -20.957, -364.811, 2.000, 64.173, 176.712
234, 325.000,-31.733, 29.155, 5980.829, -77.689, -304.678, 101.981, 86.991, 165.695
235, 230.000, -12.827, 54.417, 607.615, 383.088, 433.095, 2.000, 46.420, -41.494
235, 325.000,-2.123, 68.292, 5951.718, 369.222, 556.716, 101.981, 83.596, -33.553
236, 230.000, -72.531, -61.234, 142.298, -824.020, 65.315, 2.000, 9.768, 85.468
236, 325.000,-107.401, -67.670, 5809.746, -1406.638, -372.466, 101.985, 75.939, 104.831
237, 230.000, -73.973, 65.932, 694.340, -317.759, 347.051, 2.000, 55.875, 42.477
237, 325.000,-96.164, 87.482, 5826.206, -1004.280, 962.701, 102.012, 76.570, 46.211
238, 230.000, -98.171, -5.909, 282.881, 767.119, -187.165, 2.000, 19.710, -103.711
238, 325.000,-85.686, -11.839, 5978.498, 267.332, -230.345, 101.974, 86.622, -130.750
239, 230.000, 99.018, 10.251, 481.700, 83.762, -681.523, 2.000, 35.050, -172.993
239, 325.000,119.539, -6.980, 5871.456, 1003.075, -630.167, 102.004, 78.593, -122.138
240, 230.000, -54.314, -37.703, 542.699, -146.849, -622.444, 2.000, 40.318, 166.725
240, 325.000,-60.398, -57.036, 5936.316, -287.444, -739.420, 101.981, 82.388, 158.757
241, 230.000, 20.607, -44.903, 764.018, -125.206, 322.683, 2.000, 65.628, 21.207
241, 325.000,17.519, -36.772, 5983.242, -90.498, 248.585, 101.981, 87.468, 20.004
242, 230.000, 10.640, -5.769, 607.538, 539.539, 208.130, 2.000, 46.413, -68.906
242, 325.000,26.598, 0.164, 5954.371, 610.926, 204.007, 101.981, 83.826, -71.534
243, 230.000, -56.866, -37.582, 137.307, -160.381, -811.756, 2.000, 9.422, 168.824
243, 325.000,-64.058, -64.214, 5903.752, -326.031, -953.229, 101.981, 80.316, 161.118
244, 230.000, -29.736, -38.968, 348.591, -605.666, -463.872, 2.000, 24.557, 127.448
244, 325.000,-48.743, -53.941, 5923.459, -685.965, -557.933, 101.981, 81.510, 129.123
245, 230.000, 79.480, -6.737, 55.112, -740.787, -389.513, 2.000, 3.767, 117.736
245, 325.000,59.254, -19.101, 5946.838, -570.655, -422.632, 101.981, 83.191, 126.524
246, 230.000, 12.273, -47.949, 2.662, 638.975, -543.349, 2.000, 0.182, -130.376
246, 325.000,32.982, -66.560, 5912.317, 688.590, -662.996, 101.981, 80.816, -133.915
247, 230.000, -6.625, 25.485, 133.083, -825.599, -64.803, 2.000, 9.129, 94.488
247, 325.000,-32.673, 23.970, 5925.604, -869.515, -19.088, 101.981, 81.650, 91.258
248, 230.000, 30.810, 18.476, 667.002, 297.031, 412.801, 2.000, 52.676, -35.737
248, 325.000,39.935, 30.669, 5960.877, 358.764, 456.545, 101.981, 84.436, -38.161
249, 230.000, -20.344, 22.642, 478.653, -668.724, -164.993, 2.000, 34.797, 103.860
249, 325.000,-40.538, 18.211, 5943.457, -726.392, -129.902, 101.981, 82.923, 100.139
250, 230.000, 96.984, -15.987, 75.769, 103.330, 828.918, 2.000, 5.183, -7.106
250, 325.000,114.481, 6.219, 5876.647, 866.638, 763.599, 101.981, 78.880, -48.617
251, 230.000, -19.664, -57.506, 141.300, -825.376, -48.089, 2.000, 9.698, 93.334
251, 325.000,-45.898, -60.737, 5918.020, -902.061, -180.369, 101.981, 81.164, 101.307
252, 230.000, -15.629, -63.833, 434.267, -628.289, -346.683, 2.000, 31.181, 118.889
252, 325.000,-34.730, -76.250, 5926.223, -691.752, -520.173, 101.981, 81.691, 126.942
253, 230.000, -84.386, -35.592, 71.162, -248.316, -797.997, 2.000, 4.867, 162.715
253, 325.000,-100.789, -63.776, 5844.885, -761.111, -1061.931, 101.982, 77.400, 144.370
254, 230.000, -18.197, -15.848, 630.628, -476.693, 280.351, 2.000, 48.751, 59.539
254, 325.000,-32.352, -8.063, 5959.455, -536.480, 257.413, 101.981, 84.298, 64.367
255, 230.000, -29.079, 44.485, 520.762, -650.225, -97.666, 2.000, 38.380, 98.542
255, 325.000,-48.809, 42.725, 5944.742, -727.353, -13.993, 101.981, 83.023, 91.102
256, 230.000, -28.843, 16.956, 505.096, 664.779, -80.443, 2.000, 37.027, -96.900
256, 630.000,16.517, 25.738, 5004.690, 480.438, 206.767, 71.989, 84.034, -66.714
257, 230.000, 65.864, -28.654, 438.926, -397.133, 594.267, 2.000, 31.554, 33.754
257, 325.000,56.132, -12.018, 5957.799, -264.649, 551.139, 101.981, 84.141, 25.650
258, 230.000, 1.775, -31.371, 401.246, 695.387, -242.822, 2.000, 28.579, -109.249
258, 325.000,22.653, -39.280, 5937.626, 721.028, -306.462, 101.981, 82.483, -113.027
259, 230.000, -18.421, 41.337, 534.201, -615.375, 198.663, 2.000, 39.560, 72.108
259, 325.000,-36.821, 48.070, 5945.192, -667.443, 280.013, 101.981, 83.059, 67.240
260, 230.000, 34.429, -87.955, 192.675, 732.096, -361.159, 2.000, 13.280, -116.258
260, 325.000,60.917, -110.289, 5816.269, 1022.294, -998.103, 101.984, 76.199, -134.314
261, 230.000, 12.418, 53.952, 781.603, 204.546, 225.346, 2.000, 68.725, -42.230
261, 325.000,18.445, 61.572, 5974.994, 234.707, 336.981, 101.981, 86.068, -34.857
262, 230.000, 69.701, -3.907, 302.182, 550.382, 556.138, 2.000, 21.117, -44.702
262, 325.000,89.027, 12.709, 5912.164, 769.074, 569.266, 101.981, 80.807, -53.491
263, 230.000, 30.293, -21.102, 759.922, 271.341, -228.946, 2.000, 64.959, -130.156
263, 325.000,38.545, -27.976, 5973.708, 331.634, -272.079, 101.981, 85.893, -129.366
264, 230.000, 36.795, -49.476, 518.816, 521.029, 403.586, 2.000, 38.210, -52.239
264, 325.000,52.996, -39.046, 5949.168, 615.220, 313.204, 101.981, 83.381, -63.020
265, 230.000, 15.772, 18.463, 303.820, 25.743, -781.380, 2.000, 21.237, -178.113
265, 630.000,35.806, -53.283, 4941.637, 353.305, -883.151, 72.001, 79.105, -158.196
266, 230.000, 71.776, 23.621, 807.252, -97.859, -205.648, 2.000, 74.245, 154.552
266, 325.000,71.579, 18.759, 5986.584, 82.868, -152.167, 101.981, 88.342, -151.428
267, 230.000, 28.911, 84.948, 470.462, 77.698, -690.038, 2.000, 34.118, -173.576
267, 325.000,32.696, 69.662, 5971.345, 182.619, -422.776, 101.980, 85.590, -156.638
268, 230.000, -43.283, 7.840, 754.035, 338.665, -142.343, 2.000, 64.025, -112.797
268, 325.000,-34.619, 3.985, 5981.850, 263.284, -131.553, 101.981, 87.183, -116.549
269, 230.000, 58.457, 26.654, 626.609, -539.738, -139.886, 2.000, 48.337, 104.530
269, 325.000,44.475, 23.320, 5972.232, -439.704, -90.980, 101.981, 85.700, 101.690
270, 230.000, -85.099, 21.135, 167.205, -605.225, 556.120, 2.000, 11.499, 47.421
270, 325.000,-110.888, 39.899, 5849.740, -1077.628, 699.114, 101.982, 77.615, 57.026
271, 230.000, -7.578, -88.744, 44.284, 825.670, -140.827, 2.000, 3.026, -99.679
271, 325.000,17.314, -99.462, 5904.722, 841.819, -543.081, 101.981, 80.371, -122.827
272, 230.000, 10.165, 27.207, 829.139, 34.677, 121.863, 2.000, 81.312, -15.884
272, 325.000,11.337, 31.154, 5985.958, 57.716, 184.653, 101.981, 88.149, -17.357
273, 230.000, -69.763, -66.080, 649.826, 457.056, 268.980, 2.000, 50.782, -59.523
273, 325.000,-63.002, -64.192, 5987.416, 130.230, -48.812, 101.979, 88.669, -110.546
274, 230.000, 47.060, 68.993, 176.292, -340.957, -745.784, 2.000, 12.133, 155.431
274, 325.000,38.524, 49.003, 5955.539, -228.081, -590.465, 101.981, 83.933, 158.880
275, 230.000, 59.509, 55.390, 21.937, 822.614, -162.322, 2.000, 1.499, -101.162
275, 325.000,88.813, 53.620, 5887.130, 1099.643, 42.211, 101.981, 79.412, -87.802
276, 230.000, 1.895, -25.371, 391.416, -304.948, -676.257, 2.000, 27.818, 155.728
276, 325.000,-7.228, -46.189, 5934.756, -311.368, -742.242, 101.981, 82.276, 157.242
277, 230.000, -9.996, 42.082, 641.327, 387.838, -376.569, 2.000, 49.872, -134.155
277, 325.000,0.953, 32.137, 5969.379, 381.752, -299.968, 101.981, 85.350, -128.159
278, 230.000, 44.753, 30.869, 195.977, -378.687, 722.297, 2.000, 13.512, 27.667
278, 325.000,34.204, 53.933, 5926.538, -303.315, 808.295, 101.981, 81.712, 20.569
279, 230.000, -17.597, -20.255, 162.623, -733.950, 372.014, 2.000, 11.180, 63.121
279, 325.000,-40.872, -9.049, 5926.082, -793.455, 348.119, 101.981, 81.682, 66.311
280, 230.000, 8.573, -72.390, 377.542, -9.802, -748.926, 2.000, 26.751, 179.250
280, 325.000,8.669, -97.948, 5903.269, 16.621, -1010.146, 101.981, 80.289, -179.057
281, 230.000, 91.124, 36.909, 454.438, 628.366, -319.634, 2.000, 32.806, -116.961
281, 325.000,125.185, 34.219, 5806.430, 1468.690, -16.383, 101.989, 75.804, -90.639
282, 230.000, 81.787, -52.943, 405.239, 732.395, -53.885, 2.000, 28.891, -94.208
282, 325.000,116.959, -63.477, 5783.644, 1471.974, -505.094, 101.990, 74.940, -108.939
283, 230.000, 74.282, -60.584, 177.956, 448.281, -686.221, 2.000, 12.249, -146.845
283, 325.000,99.883, -91.157, 5761.454, 1082.848, -1226.632, 101.987, 74.146, -138.563
284, 230.000, -9.947, 61.722, 392.261, 735.846, 90.474, 2.000, 27.883, -82.991
284, 325.000,11.689, 66.147, 5938.921, 739.949, 225.611, 101.981, 82.579, -73.044
285, 230.000, 51.699, 21.904, 262.019, -571.391, 555.321, 2.000, 18.203, 45.817
285, 325.000,35.512, 39.368, 5937.037, -491.543, 615.744, 101.981, 82.441, 38.600
286, 230.000, -78.522, 0.745, 18.072, 633.487, -549.447, 2.000, 1.235, -130.936
286, 325.000,-61.419, -16.452, 5943.812, 463.482, -570.469, 101.981, 82.951, -140.908
287, 230.000, -60.105, 29.329, 466.008, 319.969, 619.661, 2.000, 33.751, -27.310
287, 325.000,-52.548, 48.428, 5943.835, 193.411, 708.936, 101.981, 82.952, -15.260
288, 230.000, -39.857, 15.980, 281.166, 781.479, -117.304, 2.000, 19.586, -98.537
288, 325.000,-16.890, 12.788, 5949.922, 681.847, -53.816, 101.981, 83.442, -94.513
289, 230.000, 41.552, 72.801, 451.443, 412.771, 573.884, 2.000, 32.563, -35.726
289, 325.000,56.357, 94.378, 5888.346, 608.561, 909.055, 101.981, 79.475, -33.800
290, 230.000, -41.312, -88.472, 533.893, -556.100, 330.506, 2.000, 39.533, 59.276
290, 325.000,-61.979, -90.142, 5920.312, -869.870, -251.227, 101.983, 81.305, 106.109
291, 230.000, -37.626, 49.015, 328.881, -743.189, 207.440, 2.000, 23.085, 74.404
291, 325.000,-61.233, 56.857, 5917.131, -863.199, 334.165, 101.981, 81.109, 68.837
292, 230.000, 29.768, 35.284, 25.751, -725.733, -419.729, 2.000, 1.759, 120.043
292, 325.000,7.303, 22.732, 5940.669, -683.343, -331.951, 101.979, 82.712, 115.909
293, 230.000, -26.893, -25.877, 681.106, -460.495, -166.019, 2.000, 54.295, 109.825
293, 325.000,-40.591, -31.142, 5962.568, -520.124, -215.510, 101.981, 84.606, 112.506
294, 230.000, 21.354, -62.586, 599.859, 59.897, -583.186, 2.000, 45.657, -174.136
294, 325.000,23.801, -81.482, 5939.244, 115.877, -762.348, 101.981, 82.603, -171.357
295, 230.000, 21.968, -4.479, 384.121, -674.197, 318.487, 2.000, 27.256, 64.714
295, 630.000,-32.751, 27.830, 4973.816, -637.480, 420.310, 71.993, 81.272, 56.602
296, 230.000, -66.852, -46.464, 477.501, 599.334, -341.050, 2.000, 34.701, -119.642
296, 325.000,-52.302, -58.356, 5953.556, 426.050, -492.800, 101.981, 83.756, -139.155
297, 230.000, -23.755, -49.528, 614.347, 495.560, -283.762, 2.000, 47.092, -119.796
297, 325.000,-10.064, -58.883, 5958.438, 465.021, -387.258, 101.981, 84.201, -129.787
298, 230.000, -48.118, 51.178, 100.062, -778.651, -295.320, 2.000, 6.852, 110.770
298, 325.000,-74.214, 43.944, 5911.614, -945.324, -168.545, 101.981, 80.774, 100.109
299, 230.000, -52.308, 48.528, 782.474, 156.042, 258.669, 2.000, 68.890, -31.100
299, 325.000,-49.692, 57.331, 5976.491, 32.665, 386.901, 101.981, 86.283, -4.826
300, 230.000, 85.266, 4.500, 736.577, 103.952, -387.521, 2.000, 61.422, -164.984
300, 325.000,92.771, -6.026, 5961.959, 416.637, -388.209, 101.981, 84.544, -132.977
301, 230.000, 16.867, 79.316, 653.333, 140.855, 506.794, 2.000, 51.162, -15.532
301, 325.000,21.748, 97.864, 5930.189, 207.234, 811.902, 101.981, 81.957, -14.319
302, 230.000, -36.605, -69.656, 50.556, -803.139, 236.507, 2.000, 3.456, 73.591
302, 325.000,-63.406, -65.595, 5911.274, -962.036, 23.405, 101.981, 80.754, 88.606
303, 230.000, 50.243, 64.487, 264.067, -322.661, -727.793, 2.000, 18.350, 156.090
303, 325.000,42.422, 45.026, 5956.653, -204.067, -588.019, 101.981, 84.035, 160.861
304, 230.000, 44.373, 73.845, 563.331, -452.561, 425.876, 2.000, 42.192, 46.740
304, 325.000,34.075, 90.370, 5936.625, -303.338, 730.571, 101.981, 82.410, 22.549
305, 230.000, -51.183, 57.297, 156.659, -436.203, -699.077, 2.000, 10.765, 148.037
305, 325.000,-66.554, 38.047, 5931.888, -594.517, -573.097, 101.981, 82.075, 133.949
306, 230.000, -59.857, 38.836, 817.133, 53.540, -181.523, 2.000, 76.960, -163.567
306, 325.000,-60.242, 35.025, 5987.707, -85.192, -96.288, 101.981, 88.770, 138.499
307, 230.000, 45.610, -45.630, 247.608, -662.753, -450.525, 2.000, 17.170, 124.207
307, 325.000,26.727, -60.673, 5933.258, -587.615, -565.997, 101.981, 82.170, 133.926
308, 230.000, 48.337, 24.239, 273.564, 436.056, -662.225, 2.000, 19.035, -146.636
308, 325.000,62.827, 4.675, 5930.083, 545.474, -637.004, 101.981, 81.951, -139.426
309, 230.000, 48.097, 54.144, 689.630, -403.226, 255.621, 2.000, 55.306, 57.628
309, 325.000,38.317, 63.174, 5968.368, -298.532, 398.283, 101.981, 85.233, 36.853
310, 230.000, -14.864, 39.749, 332.643, 146.707, 755.876, 2.000, 23.365, -10.984
310, 325.000,-10.769, 63.521, 5926.676, 123.951, 853.433, 101.981, 81.721, -8.264
311, 230.000, 61.843, -60.208, 531.564, -167.801, -626.743, 2.000, 39.327, 165.011
311, 325.000,60.976, -82.054, 5919.918, 76.713, -904.420, 101.981, 81.283, -175.152
312, 230.000, -49.176, -33.567, 633.520, 524.920, -163.203, 2.000, 49.052, -107.271
312, 325.000,-35.325, -39.053, 5967.929, 445.746, -233.064, 101.981, 85.182, -117.603
313, 230.000, 22.111, 4.385, 47.970, 675.067, 495.487, 2.000, 3.279, -53.722
313, 325.000,44.039, 20.242, 5920.772, 736.899, 520.230, 101.981, 81.338, -54.779
314, 230.000, 1.461, -30.991, 702.634, -108.001, 445.157, 2.000, 56.898, 13.637
314, 630.000,-9.077, -13.646, 5029.492, -139.275, 87.649, 71.996, 88.126, 57.817
315, 230.000, 12.282, -92.726, 28.132, -430.463, -719.329, 2.000, 1.922, 149.103
315, 325.000,0.592, -126.867, 5808.652, -377.607, -1409.683, 101.984, 75.897, 165.004
316, 230.000, 60.455, 21.841, 238.751, -169.891, -785.913, 2.000, 16.538, 167.802
316, 325.000,56.891, -1.561, 5939.372, -51.427, -768.371, 101.981, 82.612, 176.171
317, 230.000, -7.946, -21.124, 540.779, -634.298, -93.533, 2.000, 40.146, 98.388
317, 325.000,-26.719, -24.293, 5949.278, -675.014, -140.162, 101.981, 83.390, 101.730
318, 230.000, -49.357, 22.465, 551.377, 483.081, 407.603, 2.000, 41.100, -49.844
318, 325.000,-36.433, 34.836, 5957.444, 405.609, 462.076, 101.981, 84.108, -41.277
319, 230.000, 46.076, 40.965, 13.464, -783.522, -299.059, 2.000, 0.920, 110.891
319, 325.000,22.322, 32.463, 5941.198, -720.741, -227.745, 101.981, 82.750, 107.536
320, 230.000, 54.751, -53.673, 442.074, 712.524, 20.090, 2.000, 31.807, -88.385
320, 325.000,78.246, -55.601, 5915.836, 921.419, -152.040, 101.981, 81.029, -99.370
321, 230.000, -90.589, -4.250, 497.801, 62.917, 672.131, 2.000, 36.405, -5.348
321, 325.000,-95.088, 14.703, 5940.400, -327.820, 688.083, 101.981, 82.689, 25.474
322, 230.000, 60.320, -37.859, 788.464, 282.598, -44.583, 2.000, 70.057, -98.965
322, 325.000,70.265, -40.408, 5970.688, 446.824, -142.985, 101.981, 85.507, -107.745
323, 230.000, 54.606, 12.208, 667.719, -465.067, -203.442, 2.000, 52.757, 113.627
323, 325.000,42.565, 6.678, 5974.387, -375.618, -186.518, 101.981, 85.985, 116.407
324, 230.000, 25.232, 83.306, 215.815, 376.973, 717.523, 2.000, 14.910, -27.717
324, 325.000,38.784, 112.095, 5847.807, 527.231, 1180.968, 101.982, 77.529, -24.058
325, 230.000, 2.672, 45.079, 36.170, 325.843, 772.038, 2.000, 2.472, -22.882
325, 325.000,13.086, 70.731, 5912.745, 343.017, 889.376, 101.981, 80.842, -21.091
326, 230.000, -18.998, 50.536, 310.092, 757.128, -184.727, 2.000, 21.697, -103.711
326, 325.000,3.498, 46.098, 5941.616, 746.509, -95.424, 101.981, 82.781, -97.284
327, 230.000, 31.421, -48.078, 131.496, -754.427, -342.158, 2.000, 9.020, 114.396
327, 325.000,8.724, -59.964, 5928.792, -718.597, -449.687, 101.981, 81.863, 122.038
328, 230.000, -81.881, -12.700, 241.106, -300.920, -744.875, 2.000, 16.706, 158.002
328, 325.000,-95.875, -35.944, 5896.700, -634.487, -834.048, 101.981, 79.923, 142.739
329, 230.000, -45.110, -70.477, 116.700, -466.393, 687.301, 2.000, 7.998, 34.160
329, 325.000,-61.550, -52.711, 5934.932, -632.058, 496.261, 101.981, 82.289, 51.863
330, 230.000, 30.327, -24.140, 88.159, -732.926, -398.210, 2.000, 6.033, 118.516
330, 325.000,7.830, -37.222, 5929.800, -702.496, -461.695, 101.981, 81.931, 123.314
331, 230.000, -46.180, -77.574, 272.361, 125.540, -783.316, 2.000, 18.948, -170.895
331, 325.000,-46.771, -108.239, 5855.090, -117.960, -1254.429, 101.982, 77.856, 174.628
332, 230.000, -12.018, 36.585, 286.465, 27.922, -787.834, 2.000, 19.970, -177.970
332, 630.000,-21.537, -16.317, 4999.348, -192.260, -537.810, 71.987, 83.483, 160.329
333, 230.000, 42.565, 65.240, 761.458, -151.130, 317.593, 2.000, 65.208, 25.448
333, 325.000,40.132, 76.802, 5966.147, -31.150, 522.805, 101.981, 84.983, 3.410
334, 230.000, -13.759, -79.998, 548.971, -470.645, 425.028, 2.000, 40.882, 47.916
334, 325.000,-27.845, -71.107, 5961.946, -529.197, 210.474, 101.981, 84.543, 68.311
335, 230.000, 7.344, 3.417, 708.598, -273.002, 356.205, 2.000, 57.652, 37.467
335, 630.000,-15.590, 47.339, 4985.220, -280.797, 625.042, 71.994, 82.174, 24.192
336, 230.000, -19.344, -11.795, 780.707, 283.732, -116.257, 2.000, 68.557, -112.281
336, 630.000,-8.019, -37.017, 5015.258, 62.694, -408.290, 71.998, 85.292, -171.270
337, 230.000, -27.253, 24.745, 110.199, 830.370, -43.189, 2.000, 7.549, -92.977
337, 325.000,-1.682, 23.983, 5934.635, 804.413, 44.195, 101.980, 82.269, -86.855
338, 230.000, -4.803, 76.674, 629.706, -441.168, -335.209, 2.000, 48.656, 127.228
338, 325.000,-17.522, 69.896, 5968.798, -469.699, -148.330, 101.981, 85.282, 107.526
339, 230.000, -13.224, -32.198, 381.817, 710.017, 231.549, 2.000, 27.079, -71.938
339, 325.000,7.887, -25.945, 5944.116, 716.417, 153.166, 101.981, 82.974, -77.932
340, 230.000, -39.899, -63.618, 191.625, 190.473, -794.055, 2.000, 13.207, -166.511
340, 325.000,-35.972, -90.966, 5897.627, 70.001, -1040.362, 101.981, 79.974, -176.151
341, 230.000, 45.533, -57.593, 186.966, 565.722, 590.361, 2.000, 12.880, -43.779
341, 325.000,64.517, -41.601, 5928.897, 707.879, 465.027, 101.981, 81.870, -56.698
342, 230.000, 19.772, 0.057, 189.833, 96.863, -811.237, 2.000, 13.081, -173.191
342, 325.000,23.204, -25.213, 5926.862, 144.916, -848.826, 101.981, 81.733, -170.312
343, 230.000, 37.624, -58.079, 807.432, 89.751, -208.621, 2.000, 74.290, -156.722
343, 325.000,41.329, -65.744, 5975.636, 184.036, -356.530, 101.981, 86.159, -152.698
344, 230.000, -30.238, -38.421, 792.687, -268.014, 57.789, 2.000, 70.921, 77.832
344, 325.000,-38.391, -37.634, 5979.989, -329.895, -9.713, 101.981, 86.841, 91.686
345, 230.000, -38.507, -29.633, 84.934, 828.713, 97.701, 2.000, 5.812, -83.276
345, 325.000,-13.235, -27.224, 5938.081, 779.345, 32.166, 101.981, 82.517, -87.637
346, 230.000, 60.198, 43.075, 745.152, -189.946, 334.952, 2.000, 62.672, 29.557
346, 325.000,57.033, 53.980, 5971.318, -39.696, 459.333, 101.981, 85.585, 4.939
347, 230.000, 40.251, 68.284, 98.116, -750.719, 360.995, 2.000, 6.718, 64.319
347, 325.000,18.816, 82.484, 5923.244, -663.745, 586.282, 101.981, 81.497, 48.546
348, 230.000, 25.712, 27.091, 170.302, -574.064, 587.343, 2.000, 11.715, 44.345
348, 325.000,8.383, 45.934, 5927.836, -547.495, 655.902, 101.981, 81.798, 39.852
349, 230.000, 17.253, -95.221, 55.573, 697.555, 462.442, 2.000, 3.799, -56.458
349, 325.000,39.881, -91.085, 5929.174, 842.747, -59.577, 101.980, 81.890, -94.044
350, 230.000, 48.032, -2.175, 330.109, -212.243, 741.286, 2.000, 23.177, 15.977
350, 325.000,42.669, 20.188, 5939.034, -130.946, 761.517, 101.981, 82.587, 9.757
351, 230.000, 6.872, 68.324, 408.157, 506.878, 529.156, 2.000, 29.119, -43.768
351, 325.000,22.162, 86.599, 5918.334, 546.570, 737.436, 101.981, 81.184, -36.545
352, 230.000, 33.426, -92.257, 345.647, 89.006, -759.032, 2.000, 24.336, -173.312
352, 325.000,42.675, -132.956, 5734.763, 409.919, -1679.128, 101.997, 73.227, -166.281
353, 230.000, -17.883, 85.665, 564.944, -589.547, -191.824, 2.000, 42.341, 108.024
353, 325.000,-35.721, 85.235, 5948.362, -685.713, 126.632, 101.981, 83.314, 79.537
354, 230.000, 93.430, 16.674, 103.364, 405.520, -726.907, 2.000, 7.079, -150.844
354, 325.000,116.755, -3.291, 5859.700, 1042.265, -668.857, 101.982, 78.066, -122.690
355, 230.000, 23.941, 57.617, 279.477, 97.675, 784.778, 2.000, 19.463, -7.095
355, 325.000,27.733, 83.434, 5908.909, 162.432, 963.139, 101.981, 80.614, -9.573
356, 230.000, 35.531, 20.021, 120.719, -667.955, 492.734, 2.000, 8.275, 53.585
356, 325.000,15.324, 35.908, 5930.904, -624.853, 550.556, 101.981, 82.007, 48.617
357, 230.000, -50.139, 37.373, 511.265, 659.692, -83.295, 2.000, 37.557, -97.196
357, 325.000,-32.110, 35.864, 5960.750, 581.797, -12.175, 101.981, 84.424, -91.199
358, 230.000, 37.721, 21.956, 48.866, 723.107, -422.199, 2.000, 3.340, -120.279
358, 325.000,61.515, 9.081, 5919.736, 817.926, -396.142, 101.981, 81.272, -115.842
359, 230.000, -36.687, 48.077, 408.311, 25.950, -732.211, 2.000, 29.131, -177.970
359, 325.000,-36.800, 27.466, 5952.173, -44.883, -662.416, 101.981, 83.635, 176.124
360, 230.000, -6.934, -29.541, 6.195, 604.885, 581.033, 2.000, 0.423, -46.152
360, 630.000,58.442, 8.538, 4946.826, 848.135, 360.695, 71.990, 79.446, -66.961
361, 230.000, -31.786, 20.945, 475.300, 690.072, -37.617, 2.000, 34.518, -93.120
361, 325.000,-12.044, 20.327, 5955.713, 630.703, 36.121, 101.982, 83.945, -86.722
362, 230.000, 26.801, 78.109, 548.791, 599.411, -207.504, 2.000, 40.866, -109.095
362, 325.000,45.312, 75.959, 5946.195, 714.340, 41.706, 101.981, 83.138, -86.659
363, 230.000, 24.055, -23.581, 185.226, 768.096, 281.502, 2.000, 12.758, -69.872
363, 325.000,48.405, -15.327, 5925.283, 835.471, 249.421, 101.981, 81.629, -73.378
364, 230.000, -27.086, 13.612, 439.105, -700.572, -141.103, 2.000, 31.568, 101.388
364, 325.000,-48.491, 9.683, 5938.262, -769.025, -121.857, 101.981, 82.530, 99.004
365, 230.000, 7.232, 38.201, 99.064, 423.778, -717.023, 2.000, 6.783, -149.416
365, 325.000,20.791, 16.432, 5934.473, 474.843, -652.539, 101.981, 82.256, -143.957
366, 230.000, 6.314, 15.677, 600.832, -403.019, 424.383, 2.000, 45.752, 43.521
366, 325.000,-5.287, 28.376, 5954.926, -408.542, 491.141, 101.981, 83.877, 39.754
367, 230.000, -23.521, 37.874, 106.538, -769.032, 317.432, 2.000, 7.297, 67.571
367, 325.000,-48.233, 48.760, 5916.112, -841.229, 401.439, 101.981, 81.046, 64.489
368, 230.000, -78.117, -20.534, 0.256, -725.188, -421.458, 2.000, 0.017, 120.164
368, 325.000,-106.114, -35.159, 5863.919, -1095.399, -532.833, 101.981, 78.265, 115.940
369, 230.000, 67.059, -0.540, 497.365, 664.003, 123.500, 2.000, 36.368, -79.464
369, 325.000,88.915, 3.052, 5924.464, 868.237, 126.958, 101.981, 81.575, -81.681
370, 230.000, -6.670, 27.722, 230.022, -288.317, 753.317, 2.000, 15.917, 20.943
370, 325.000,-15.697, 51.521, 5923.926, -309.003, 825.119, 101.981, 81.540, 20.531
371, 230.000, -30.853, 26.672, 830.854, 26.913, -111.723, 2.000, 82.125, -166.456
371, 325.000,-30.719, 24.091, 5988.656, -29.796, -65.458, 101.981, 89.312, 155.525
372, 230.000, -58.199, -42.571, 342.191, 143.168, 752.284, 2.000, 24.077, -10.775
372, 325.000,-55.689, -21.381, 5949.974, 17.013, 683.145, 101.981, 83.448, -1.427
373, 230.000, 6.834, -34.157, 797.781, 257.890, -23.704, 2.000, 72.015, -95.252
373, 325.000,14.203, -35.494, 5981.916, 279.167, -88.976, 101.981, 87.196, -107.678
374, 230.000, 0.348, -11.503, 383.583, 325.218, 671.283, 2.000, 27.214, -25.849
374, 630.000,38.812, 54.511, 4933.098, 526.585, 841.989, 71.993, 78.618, -32.022
375, 230.000, -50.922, 63.641, 557.674, 203.563, 592.525, 2.000, 41.673, -18.960
375, 325.000,-47.723, 83.966, 5929.513, 34.995, 841.961, 101.981, 81.911, -2.380
376, 230.000, 90.767, -4.267, 212.897, 810.643, -32.505, 2.000, 14.704, -92.296
376, 325.000,124.978, -5.706, 5821.146, 1407.289, -60.186, 101.983, 76.397, -92.449
377, 230.000, 49.759, 40.663, 552.221, -426.512, -465.470, 2.000, 41.176, 137.501
377, 325.000,38.644, 28.189, 5966.060, -340.680, -399.049, 101.981, 84.974, 139.512
378, 230.000, -66.540, -4.530, 309.989, -349.927, 696.406, 2.000, 21.690, 26.678
378, 325.000,-79.343, 16.309, 5922.925, -529.359, 712.702, 101.981, 81.475, 36.603
379, 230.000, 61.634, -43.551, 794.172, -229.007, -142.726, 2.000, 71.233, 121.933
379, 325.000,57.471, -49.051, 5982.911, -77.114, -260.720, 101.981, 87.398, 163.523
380, 230.000, -40.814, -20.954, 383.506, -257.530, -700.089, 2.000, 27.208, 159.804
380, 325.000,-49.492, -42.426, 5930.551, -342.544, -761.856, 101.981, 81.983, 155.790
381, 230.000, -54.951, -74.860, 470.897, 672.253, 172.787, 2.000, 34.154, -75.585
381, 325.000,-39.392, -74.893, 5968.655, 476.669, -130.042, 101.980, 85.268, -105.260
382, 230.000, 4.231, -75.288, 809.095, -143.145, -168.517, 2.000, 74.716, 139.654
382, 325.000,0.431, -82.799, 5975.375, -136.759, -381.309, 101.981, 86.122, 160.269
383, 230.000, -25.668, -21.511, 378.822, -395.055, 635.570, 2.000, 26.849, 31.864
383, 325.000,-38.086, -2.822, 5939.430, -459.711, 617.273, 101.981, 82.617, 36.677
384, 230.000, -32.244, 91.984, 188.477, 804.407, -144.672, 2.000, 12.986, -100.196
384, 325.000,-12.135, 97.503, 5939.145, 661.528, 396.656, 101.979, 82.600, -59.053
385, 230.000, 28.284, -58.610, 639.740, 517.405, 162.936, 2.000, 49.704, -72.520
385, 325.000,43.891, -55.668, 5959.088, 597.522, 37.907, 101.981, 84.263, -86.370
386, 230.000, -40.254, -33.551, 772.132, 129.300, 301.027, 2.000, 67.008, -23.245
386, 325.000,-37.498, -25.830, 5983.661, 58.939, 248.025, 101.981, 87.560, -13.367
387, 230.000, -2.066, -2.472, 409.181, 602.391, -416.197, 2.000, 29.199, -124.641
387, 325.000,16.094, -15.121, 5931.732, 669.907, -483.505, 101.977, 82.071, -125.820
388, 230.000, 16.902, -22.636, 775.793, 310.756, -71.414, 2.000, 67.657, -102.942
388, 325.000,25.994, -25.094, 5977.365, 355.203, -118.766, 101.981, 86.415, -108.488
389, 230.000, -67.963, 35.969, 415.734, 557.762, -468.605, 2.000, 29.713, -130.035
389, 325.000,-53.767, 23.351, 5961.230, 415.973, -399.814, 101.981, 84.472, -133.865
390, 230.000, -12.890, -50.829, 432.193, 351.533, -627.022, 2.000, 31.016, -150.723
390, 325.000,-2.789, -70.753, 5932.307, 337.122, -750.525, 101.981, 82.104, -155.811
391, 230.000, -36.075, 64.679, 782.064, -286.135, 100.131, 2.000, 68.812, 70.713
391, 325.000,-45.373, 69.870, 5969.585, -394.285, 278.943, 101.981, 85.374, 54.722
392, 230.000, 3.963, 71.998, 808.200, 196.283, -108.675, 2.000, 74.485, -118.972
392, 325.000,9.528, 71.308, 5985.010, 212.352, 61.127, 101.981, 87.886, -73.941
393, 230.000, -0.310, 72.562, 838.303, 10.182, -25.866, 2.000, 88.101, -158.513
393, 325.000,-0.039, 74.245, 5987.160, 9.762, 151.821, 101.981, 88.544, -3.679
394, 230.000, 30.846, -36.604, 420.316, 476.721, -547.354, 2.000, 30.074, -138.946
394, 325.000,45.805, -53.809, 5929.400, 552.807, -637.045, 101.981, 81.904, -139.050
395, 230.000, 50.234, -73.678, 88.517, -806.063, 214.363, 2.000, 6.058, 75.108
395, 325.000,28.239, -70.981, 5950.941, -674.286, -26.542, 101.980, 83.531, 92.254
396, 230.000, -43.543, 10.399, 552.298, 278.818, -566.349, 2.000, 41.183, -153.789
396, 325.000,-36.327, -5.907, 5958.840, 202.671, -565.969, 101.981, 84.239, -160.298
397, 230.000, -4.947, -42.292, 330.621, -225.647, -737.087, 2.000, 23.215, 162.979
397, 325.000,-11.889, -65.578, 5924.951, -242.179, -839.947, 101.981, 81.607, 163.916
398, 230.000, -54.942, -75.301, 822.125, -120.537, -114.480, 2.000, 78.569, 133.524
398, 325.000,-62.804, -84.696, 5954.378, -404.592, -501.264, 101.982, 83.825, 141.092
399, 230.000, 15.069, -78.284, 541.803, -487.024, 415.669, 2.000, 40.237, 49.520
399, 325.000,1.618, -69.259, 5966.848, -465.155, 222.514, 101.981, 85.061, 64.435
400, 230.000, 34.342, 26.079, 96.120, 826.654, 104.537, 2.000, 6.580, -82.793
400, 325.000,61.169, 29.993, 5915.755, 920.937, 157.883, 101.981, 81.024, -80.272
401, 230.000, -62.797, -17.075, 466.213, -100.229, -690.017, 2.000, 33.768, 171.735
401, 325.000,-67.728, -37.900, 5935.889, -252.202, -755.524, 101.981, 82.357, 161.540
402, 230.000, 31.811, 14.815, 234.015, 610.593, 525.297, 2.000, 16.201, -49.294
402, 325.000,51.294, 31.306, 5922.424, 686.388, 568.301, 101.981, 81.443, -50.377
403, 230.000, 29.296, -92.549, 323.428, -50.605, 772.242, 2.000, 22.681, 3.749
403, 325.000,30.297, -78.118, 5977.709, 91.589, 355.872, 101.977, 86.482, -14.433
404, 230.000, 88.030, -16.163, 83.065, 463.281, -694.258, 2.000, 5.683, -146.285
404, 325.000,110.398, -38.994, 5852.511, 966.316, -826.977, 101.982, 77.739, -130.557
405, 230.000, 3.183, 40.134, 831.366, 101.807, -44.616, 2.000, 82.385, -113.665
405, 325.000,6.083, 39.688, 5988.002, 110.768, 27.807, 101.981, 88.907, -75.908
406, 230.000, 29.465, 39.541, 691.064, -278.113, -385.496, 2.000, 55.478, 144.192
406, 325.000,22.172, 29.404, 5976.081, -229.590, -320.794, 101.981, 86.223, 144.409
407, 230.000, -1.567, 83.170, 188.605, -298.709, 760.740, 2.000, 12.995, 21.438
407, 325.000,-10.784, 112.177, 5865.401, -322.995, 1167.099, 101.981, 78.335, 15.469
408, 230.000, -16.629, -85.283, 768.267, 26.676, 335.527, 2.000, 66.341, -4.546
408, 325.000,-16.728, -80.311, 5988.713, -28.556, 60.401, 101.981, 89.361, 25.304
409, 230.000, 48.046, -49.111, 597.939, 461.757, -364.380, 2.000, 45.470, -128.278
409, 325.000,63.070, -61.374, 5936.405, 607.487, -509.195, 101.981, 82.394, -129.970
410, 230.000, -86.748, -41.837, 13.132, -820.757, 172.364, 2.000, 0.897, 78.140
410, 325.000,-126.873, -43.687, 5763.933, -1618.811, -168.991, 101.989, 74.231, 95.960
411, 230.000, 10.930, -27.812, 6.271, -686.518, -481.848, 2.000, 0.428, 125.064
411, 325.000,-10.835, -43.812, 5923.603, -691.728, -549.218, 101.981, 81.519, 128.449
412, 230.000, -50.864, 8.952, 236.165, -591.170, 546.139, 2.000, 16.354, 47.267
412, 325.000,-70.371, 25.945, 5917.017, -718.697, 584.459, 101.981, 81.102, 50.881
413, 230.000, -56.878, -62.916, 96.017, -340.778, 760.378, 2.000, 6.573, 24.140
413, 325.000,-70.151, -42.636, 5934.939, -544.138, 591.245, 101.981, 82.290, 42.624
414, 230.000, -24.028, 62.387, 87.903, -469.835, 689.240, 2.000, 6.016, 34.281
414, 325.000,-39.701, 86.478, 5894.267, -561.103, 901.126, 101.981, 79.791, 31.909
415, 230.000, 74.239, 37.620, 331.748, -485.783, -597.898, 2.000, 23.298, 140.907
415, 325.000,62.802, 21.390, 5959.152, -299.387, -517.680, 101.981, 84.269, 149.958
416, 230.000, -41.449, 13.539, 167.154, -335.145, 750.507, 2.000, 11.495, 24.064
416, 325.000,-52.835, 37.182, 5920.116, -423.886, 801.089, 101.981, 81.296, 27.885
417, 230.000, -79.073, 24.659, 709.085, -180.953, -409.852, 2.000, 57.714, 156.178
417, 325.000,-87.968, 14.390, 5962.122, -450.514, -345.356, 101.981, 84.561, 127.473
418, 230.000, 7.573, 87.395, 55.650, 44.392, 835.737, 2.000, 3.804, -3.041
418, 325.000,9.654, 121.453, 5831.574, 88.094, 1361.841, 101.982, 76.829, -3.701
419, 230.000, 14.306, 72.010, 624.382, 543.200, 136.401, 2.000, 48.108, -75.904
419, 325.000,30.353, 78.632, 5949.013, 603.218, 338.509, 101.981, 83.368, -60.700
420, 230.000, -31.138, -20.433, 700.100, -415.765, -201.303, 2.000, 56.583, 115.835
420, 325.000,-43.605, -26.577, 5964.797, -481.334, -242.306, 101.981, 84.838, 116.721
421, 230.000, -52.291, -64.942, 575.208, 406.553, -455.383, 2.000, 43.297, -138.242
421, 325.000,-43.381, -81.313, 5942.903, 243.230, -701.403, 101.981, 82.880, -160.875
422, 230.000, 7.796, -82.428, 398.430, 626.432, -390.333, 2.000, 28.361, -121.927
422, 325.000,26.699, -98.766, 5905.015, 688.070, -725.694, 101.981, 80.388, -136.524
423, 230.000, -41.553, -30.986, 820.256, 145.953, 96.961, 2.000, 77.942, -56.403
423, 325.000,-38.387, -28.956, 5988.470, 74.398, 43.266, 101.981, 89.177, -59.820
424, 230.000, 30.363, 72.017, 327.319, 169.028, -753.535, 2.000, 22.969, -167.357
424, 325.000,36.466, 52.053, 5953.437, 251.470, -602.076, 101.981, 83.745, -157.331
425, 230.000, -85.244, -9.528, 353.787, 14.545, -760.360, 2.000, 24.948, -178.904
425, 325.000,-89.846, -32.533, 5922.405, -310.700, -835.324, 101.981, 81.442, 159.597
426, 230.000, -94.009, 22.088, 318.769, -758.618, -162.507, 2.000, 22.337, 102.091
426, 325.000,-131.582, 20.852, 5778.867, -1573.634, 5.974, 101.988, 74.767, 89.783
427, 230.000, -40.257, 29.768, 388.549, -685.133, 288.352, 2.000, 27.596, 67.175
427, 325.000,-61.796, 39.165, 5925.957, -789.805, 358.400, 101.981, 81.673, 65.592
428, 230.000, -33.758, 2.337, 822.662, -80.817, 142.195, 2.000, 78.755, 29.612
428, 325.000,-36.679, 6.357, 5985.337, -148.260, 151.391, 101.981, 87.972, 44.401
429, 230.000, 76.076, 9.517, 604.236, 416.983, -405.645, 2.000, 46.087, -134.210
429, 325.000,91.317, -1.668, 5938.842, 666.734, -393.502, 101.981, 82.573, -120.549
430, 230.000, -23.190, -51.637, 151.257, -425.678, 706.713, 2.000, 10.389, 31.062
430, 325.000,-36.963, -30.904, 5935.830, -484.833, 632.483, 101.981, 82.353, 37.472
431, 230.000, 14.313, 82.883, 743.053, -215.136, -324.211, 2.000, 62.361, 146.433
431, 325.000,8.978, 77.577, 5985.844, -179.422, -81.384, 101.981, 88.115, 114.399
432, 230.000, -32.512, 43.240, 426.152, 687.053, -223.332, 2.000, 30.536, -108.007
432, 325.000,-12.825, 37.575, 5952.194, 647.334, -146.667, 101.981, 83.637, -102.766
433, 230.000, -52.899, 81.711, 3.660, 814.853, 198.811, 2.000, 0.250, -76.289
433, 325.000,-34.346, 96.816, 5920.852, 540.092, 721.917, 101.981, 81.342, -36.801
434, 230.000, 37.561, 84.570, 418.908, 130.649, 714.822, 2.000, 29.963, -10.358
434, 325.000,45.455, 114.608, 5840.859, 366.902, 1272.631, 101.983, 77.224, -16.082
435, 230.000, 1.595, -91.631, 104.618, 733.564, -393.017, 2.000, 7.165, -118.181
435, 325.000,24.100, -112.563, 5862.762, 791.327, -933.477, 101.982, 78.210, -139.711
436, 230.000, 12.947, -17.641, 449.625, -455.706, 541.934, 2.000, 32.416, 40.060
436, 630.000,-25.787, 25.966, 4984.395, -466.531, 509.425, 71.992, 82.110, 42.483
437, 230.000, -70.270, -24.092, 274.664, 712.942, -346.118, 2.000, 19.115, -115.896
437, 325.000,-51.017, -35.312, 5946.967, 574.425, -415.669, 101.981, 83.201, -125.891
438, 230.000, 4.964, -93.117, 50.684, -641.797, 537.635, 2.000, 3.464, 50.047
438, 325.000,-14.212, -83.014, 5950.216, -656.698, 180.596, 101.980, 83.470, 74.623
439, 230.000, -60.490, 76.588, 106.538, -659.242, -507.517, 2.000, 7.297, 127.591
439, 325.000,-88.419, 72.081, 5877.785, -1149.960, 19.411, 101.986, 78.929, 89.033
440, 230.000, 66.854, -46.970, 139.047, 671.016, -483.660, 2.000, 9.542, -125.784
440, 325.000,92.024, -65.031, 5863.053, 993.997, -711.299, 101.981, 78.224, -125.587
441, 230.000, 8.589, 54.460, 208.980, 35.620, -811.531, 2.000, 14.427, -177.487
441, 325.000,9.886, 30.701, 5944.586, 56.204, -726.580, 101.981, 83.011, -175.577
442, 230.000, 23.396, -28.633, 470.564, 676.661, -155.638, 2.000, 34.126, -102.953
442, 325.000,43.906, -33.837, 5939.753, 737.770, -210.298, 101.981, 82.641, -105.910
443, 230.000, -16.152, -74.306, 657.044, 436.466, -285.156, 2.000, 51.568, -123.158
443, 325.000,-4.428, -85.375, 5953.499, 407.341, -509.050, 101.981, 83.750, -141.333
444, 230.000, 77.959, -58.402, 763.634, 223.586, 265.324, 2.000, 65.565, -40.121
444, 325.000,93.134, -58.022, 5941.566, 746.619, -102.907, 101.984, 82.771, -97.848
445, 230.000, 58.952, 22.469, 595.456, 423.660, -411.665, 2.000, 45.229, -134.177
445, 325.000,72.881, 11.271, 5950.109, 569.614, -375.418, 101.981, 83.459, -123.388
446, 230.000, 1.563, 8.119, 460.146, -512.729, -478.433, 2.000, 33.271, 133.018
446, 630.000,-56.273, -38.596, 4934.822, -782.632, -597.473, 71.994, 78.716, 127.359
447, 230.000, -74.356, 22.533, 673.222, -499.357, 30.632, 2.000, 53.383, 86.490
447, 325.000,-91.895, 24.436, 5940.029, -757.961, 103.910, 101.981, 82.661, 82.194
448, 230.000, -24.770, 51.215, 478.269, -688.318, -31.633, 2.000, 34.765, 92.631
448, 325.000,-45.675, 51.640, 5939.974, -761.988, 72.701, 101.981, 82.657, 84.550
449, 230.000, -66.638, -0.824, 759.845, -298.631, 192.298, 2.000, 64.946, 57.221
449, 325.000,-77.073, 4.534, 5967.723, -465.564, 196.812, 101.981, 85.159, 67.084
450, 230.000, -72.131, 7.587, 247.454, 235.553, 766.032, 2.000, 17.159, -17.093
450, 325.000,-67.495, 31.099, 5932.930, 63.302, 815.798, 101.981, 82.147, -4.437
451, 230.000, 1.669, -62.727, 492.527, 574.004, 362.574, 2.000, 35.959, -57.721
451, 325.000,18.525, -53.735, 5954.231, 595.855, 247.531, 101.981, 83.815, -67.441
452, 230.000, -72.683, 67.483, 90.181, 743.340, -377.938, 2.000, 6.172, -116.950
452, 325.000,-58.509, 63.416, 5977.558, 366.940, -9.934, 101.972, 86.486, -91.551
453, 230.000, -57.743, 50.991, 137.819, 545.900, -621.710, 2.000, 9.457, -138.715
453, 325.000,-42.773, 33.472, 5950.154, 432.568, -526.976, 101.981, 83.463, -140.619
454, 230.000, 34.355, -66.689, 563.587, -393.014, 481.075, 2.000, 42.216, 39.247
454, 325.000,24.133, -54.956, 5970.420, -326.239, 341.787, 101.981, 85.475, 43.667
455, 230.000, 95.713, -3.121, 90.386, 492.603, 672.827, 2.000, 6.186, -36.209
455, 325.000,124.355, 16.824, 5816.699, 1244.474, 698.489, 101.985, 76.215, -60.696
456, 230.000, -5.069, -5.206, 437.722, -630.643, 337.953, 2.000, 31.458, 61.814
456, 325.000,-24.128, 4.815, 5936.906, -708.009, 348.320, 101.982, 82.429, 63.804
457, 230.000, -79.301, -18.504, 686.200, 74.228, -476.595, 2.000, 54.896, -171.147
457, 325.000,-80.860, -32.750, 5960.769, -174.540, -554.991, 101.981, 84.425, 162.542
458, 230.000, -84.333, -47.063, 21.323, 454.936, 704.346, 2.000, 1.457, -32.858
458, 325.000,-77.210, -29.540, 5965.210, 89.272, 526.084, 101.979, 84.888, -9.631
459, 230.000, -61.681, 70.017, 652.821, -493.090, 184.963, 2.000, 51.106, 69.438
459, 325.000,-81.536, 82.061, 5895.774, -870.666, 592.828, 101.982, 79.870, 55.749
460, 230.000, -59.748, -34.326, 607.948, 47.676, -575.891, 2.000, 46.453, -175.267
460, 325.000,-60.387, -51.995, 5949.290, -99.154, -682.149, 101.981, 83.391, 171.730
461, 230.000, -43.741, 26.452, 68.013, -314.779, 774.475, 2.000, 4.651, 22.119
461, 325.000,-54.861, 51.602, 5912.338, -418.500, 859.258, 101.981, 80.817, 25.968
462, 230.000, 48.418, -53.795, 43.004, -156.053, -822.996, 2.000, 2.939, 169.263
462, 325.000,45.630, -81.990, 5900.404, -16.867, -1026.735, 101.981, 80.127, 179.059
463, 230.000, -89.671, 3.243, 277.839, -251.750, -750.301, 2.000, 19.345, 161.452
463, 325.000,-104.125, -18.812, 5898.048, -690.096, -778.539, 101.981, 79.996, 138.446
464, 230.000, -52.445, 58.146, 348.130, 676.208, 353.655, 2.000, 24.523, -62.391
464, 325.000,-34.458, 71.017, 5939.335, 555.856, 533.404, 101.981, 82.609, -46.181
465, 230.000, -15.269, -94.287, 774.180, 278.409, -163.271, 2.000, 67.369, -120.389
465, 325.000,-9.203, -108.152, 5942.323, 204.549, -718.840, 101.982, 82.831, -164.116
466, 230.000, 16.926, 62.667, 561.923, 319.607, -534.432, 2.000, 42.063, -149.119
466, 325.000,26.619, 48.854, 5962.988, 364.384, -423.294, 101.981, 84.649, -139.277
467, 230.000, 44.265, 23.140, 580.712, 96.005, 597.562, 2.000, 43.816, -9.127
467, 325.000,48.088, 40.998, 5949.885, 182.505, 659.360, 101.981, 83.441, -15.472
468, 230.000, -39.121, 86.490, 799.675, -250.224, 37.830, 2.000, 72.439, 81.403
468, 325.000,-49.637, 95.722, 5946.773, -481.516, 522.473, 101.980, 83.187, 42.664
469, 230.000, 40.054, 14.427, 792.124, 241.640, -132.942, 2.000, 70.803, -118.818
469, 325.000,47.641, 10.996, 5979.570, 318.639, -111.369, 101.981, 86.769, -109.265
470, 230.000, 9.322, 15.540, 755.980, -298.239, -207.538, 2.000, 64.330, 124.833
470, 630.000,-14.126, 8.937, 5024.306, -279.917, -14.023, 71.994, 86.807, 92.868
471, 230.000, -91.421, 2.481, 717.711, -423.583, -94.823, 2.000, 58.835, 102.618
471, 325.000,-110.809, 0.056, 5919.528, -906.098, -87.244, 101.981, 81.258, 95.500
472, 230.000, -32.911, -30.946, 199.433, -317.009, -750.504, 2.000, 13.755, 157.101
472, 325.000,-43.518, -54.902, 5917.429, -391.877, -836.467, 101.981, 81.128, 154.897
473, 230.000, -89.318, 4.036, 211.028, 368.573, 723.288, 2.000, 14.572, -27.002
473, 325.000,-83.676, 25.958, 5938.382, 42.625, 776.455, 101.980, 82.540, -3.142
474, 230.000, 44.031, -13.838, 620.696, 560.503, 64.011, 2.000, 47.733, -83.485
474, 325.000,61.172, -12.307, 5952.704, 657.937, 40.468, 101.981, 83.681, -86.480
475, 230.000, -62.039, 20.502, 636.387, 538.711, -91.245, 2.000, 49.352, -99.613
475, 325.000,-48.241, 18.422, 5973.398, 430.017, -52.629, 101.981, 85.852, -96.978
476, 230.000, 85.663, -40.457, 484.976, -334.032, -597.281, 2.000, 35.324, 150.784
476, 325.000,84.197, -61.253, 5926.896, 116.975, -853.128, 101.982, 81.733, -172.193
477, 230.000, -1.265, 88.818, 278.479, -364.281, -702.334, 2.000, 19.391, 152.586
477, 325.000,-12.139, 72.443, 5960.468, -385.065, -440.003, 101.980, 84.397, 138.809
478, 230.000, 56.318, 26.783, 25.393, -432.300, -718.329, 2.000, 1.735, 148.960
478, 325.000,44.020, 4.704, 5939.476, -336.463, -691.804, 101.981, 82.620, 154.064
479, 230.000, -43.312, -21.932, 131.957, -435.519, 704.581, 2.000, 9.052, 31.721
479, 325.000,-57.920, -0.438, 5925.750, -530.881, 687.641, 101.981, 81.660, 37.669
480, 230.000, 99.552, -1.451, 479.652, 16.854, 687.877, 2.000, 34.880, -1.404
480, 325.000,118.464, 17.574, 5871.269, 943.422, 718.113, 102.004, 78.583, -52.722
481, 230.000, -23.631, 72.972, 778.967, 137.534, 278.960, 2.000, 68.234, -26.244
481, 325.000,-20.764, 83.668, 5967.700, 74.568, 500.207, 101.981, 85.156, -8.479
482, 230.000, 74.856, -35.283, 285.953, -105.710, 781.396, 2.000, 19.933, 7.704
482, 325.000,74.959, -13.455, 5945.762, 113.196, 710.107, 101.981, 83.104, -9.057
483, 230.000, 87.499, 43.625, 419.958, -725.059, -38.060, 2.000, 30.045, 93.005
483, 325.000,75.306, 46.676, 5978.845, -286.047, 198.436, 101.977, 86.668, 55.250
484, 230.000, -14.288, 48.460, 820.256, -24.989, -173.434, 2.000, 77.942, 171.801
484, 325.000,-15.289, 44.663, 5988.182, -51.597, -90.514, 101.981, 89.003, 150.315
485, 230.000, 41.665, -5.521, 768.037, 177.111, -286.837, 2.000, 66.302, -148.306
485, 325.000,47.497, -13.704, 5975.900, 255.044, -304.568, 101.981, 86.197, -140.057
486, 230.000, -21.388, 3.989, 704.861, -326.636, 316.234, 2.000, 57.178, 45.927
486, 325.000,-31.146, 13.101, 5967.114, -385.785, 337.566, 101.981, 85.090, 48.814
487, 230.000, -49.180, 80.146, 676.294, 451.699, 205.226, 2.000, 53.736, -65.566
487, 325.000,-40.839, 92.627, 5952.185, 224.369, 624.487, 101.980, 83.639, -19.763
488, 230.000, -37.030, -45.487, 497.212, -661.479, -136.929, 2.000, 36.355, 101.695
488, 325.000,-57.490, -50.812, 5934.962, -766.076, -241.998, 101.981, 82.291, 107.531
489, 230.000, -29.492, -33.503, 144.909, 386.064, -730.397, 2.000, 9.949, -152.141
489, 325.000,-18.125, -57.051, 5923.149, 344.780, -816.473, 101.981, 81.490, -157.107
490, 230.000, 16.160, -58.666, 143.936, 773.151, -291.624, 2.000, 9.881, -110.666
490, 325.000,40.681, -69.576, 5913.104, 842.259, -441.598, 101.981, 80.863, -117.668
491, 230.000, -19.222, -9.380, 448.832, 642.441, -298.903, 2.000, 32.351, -114.951
491, 630.000,34.424, -53.954, 4948.704, 637.184, -656.782, 72.008, 79.524, -135.868
492, 230.000, 42.376, -86.160, 104.772, 347.539, -756.150, 2.000, 7.176, -155.316
492, 325.000,60.353, -124.227, 5740.760, 732.474, -1542.451, 101.989, 73.435, -154.598
493, 230.000, 1.828, 30.349, 386.424, 719.422, -191.395, 2.000, 27.433, -104.898
493, 325.000,23.517, 25.221, 5939.951, 753.642, -134.871, 101.981, 82.656, -100.146
494, 230.000, 14.376, -77.398, 274.562, 783.315, -120.653, 2.000, 19.107, -98.756
494, 325.000,38.655, -84.761, 5913.704, 867.839, -379.723, 101.981, 80.899, -113.632
495, 230.000, -49.963, 26.381, 391.211, 724.897, -158.120, 2.000, 27.802, -102.305
495, 325.000,-29.452, 22.262, 5952.673, 650.119, -110.417, 101.981, 83.679, -99.639
496, 230.000, 14.434, 87.591, 58.619, 666.362, 506.013, 2.000, 4.008, -52.788
496, 325.000,36.313, 111.089, 5852.504, 786.354, 999.689, 101.982, 77.739, -38.189
497, 230.000, 45.334, 5.521, 248.324, -307.203, 739.922, 2.000, 17.221, 22.547
497, 325.000,36.896, 28.331, 5934.123, -234.541, 774.828, 101.981, 82.232, 16.841
498, 230.000, -17.672, -96.323, 440.205, 383.337, 602.325, 2.000, 31.657, -32.474
498, 325.000,-8.598, -88.683, 5980.314, 305.914, 99.374, 101.976, 86.921, -72.004
499, 230.000, -61.022, -43.532, 480.420, -494.154, -478.051, 2.000, 34.944, 134.051
499, 325.000,-78.296, -59.524, 5912.211, -711.836, -638.986, 101.981, 80.809, 131.913
500, 230.000, -3.363, 1.098, 491.017, 527.468, -429.189, 2.000, 35.832, -129.134
500, 630.000,54.015, -47.365, 4929.684, 767.195, -656.752, 71.993, 78.422, -130.565
