ion,x0,y0,z0,vx0,vy0,vz0,ke0,elev0,azim0,x1,y1,z1,vx1,vy1,vz1,ke1,elev1,azim1
1, 230.000, -80.316, -30.057, 614.373, -570.984, 6.843, 2.000, 47.094, 89.313
1, 325.000,-101.786, -31.830, 5914.506, -934.846, -118.367, 101.981, 80.948, 97.216
2, 230.000, 50.488, 54.793, 269.289, 467.412, 642.288, 2.000, 18.727, -36.044
2, 325.000,67.130, 76.940, 5890.537, 659.730, 857.674, 101.981, 79.591, -37.568
3, 230.000, 8.451, -24.847, 692.933, -98.176, -462.309, 2.000, 55.704, 168.011
3, 325.000,5.811, -38.548, 5965.414, -85.447, -525.112, 101.981, 84.904, 170.758
4, 230.000, -14.958, 68.877, 16.357, 658.021, -519.870, 2.000, 1.117, -128.310
4, 325.000,5.376, 54.449, 5940.765, 650.819, -391.046, 101.981, 82.717, -121.000
5, 230.000, 17.899, 28.876, 334.231, 631.409, -439.473, 2.000, 23.483, -124.839
5, 325.000,37.408, 16.148, 5935.966, 687.731, -400.670, 101.981, 82.363, -120.225
6, 230.000, 61.653, 42.877, 153.971, -619.175, -544.463, 2.000, 10.578, 131.326
6, 325.000,44.484, 27.434, 5949.490, -503.447, -468.256, 101.981, 83.408, 132.926
7, 230.000, 20.268, 26.683, 545.643, -325.642, -547.499, 2.000, 40.582, 149.257
7, 630.000,4.997, -7.903, 4262.912, -98.709, -325.700, 51.996, 85.435, 163.140
8, 230.000, 77.222, 57.274, 431.886, -67.769, -715.825, 2.000, 30.991, 174.592
8, 325.000,82.061, 41.930, 5962.438, 327.874, -458.661, 101.979, 84.598, -144.441
9, 230.000, 3.135, 91.928, 493.449, -406.264, -543.122, 2.000, 36.037, 143.203
9, 325.000,-8.261, 82.158, 5971.280, -413.135, -205.234, 101.980, 85.582, 116.417
10, 230.000, -80.950, 30.809, 356.091, -684.027, 329.895, 2.000, 25.122, 64.253
10, 325.000,-107.588, 43.007, 5864.425, -1109.940, 496.008, 101.982, 78.288, 65.921
11, 230.000, 96.798, -17.965, 146.957, 825.649, -15.201, 2.000, 10.091, -91.055
11, 325.000,145.049, -22.684, 5672.021, 1912.959, -207.067, 101.995, 71.261, -96.178
12, 230.000, 91.717, -7.704, 312.575, -487.097, -607.090, 2.000, 21.880, 141.258
12, 325.000,83.550, -26.027, 5949.979, -129.921, -670.734, 101.980, 83.450, 169.038
13, 230.000, 93.428, 26.223, 720.911, 394.342, -168.242, 2.000, 59.260, -113.105
13, 325.000,116.241, 24.951, 5892.996, 1069.274, 5.378, 101.985, 79.716, -89.712
14, 230.000, -87.131, -38.594, 489.430, 39.652, 680.007, 2.000, 35.698, -3.337
14, 325.000,-93.627, -22.705, 5952.597, -409.840, 516.974, 101.979, 83.676, 38.406
15, 230.000, -30.491, -70.967, 399.556, -727.488, 120.996, 2.000, 28.448, 80.557
15, 325.000,-53.309, -70.495, 5927.511, -851.988, -89.192, 101.981, 81.777, 95.976
16, 230.000, -33.170, 53.137, 113.373, -126.713, 821.349, 2.000, 7.768, 8.770
16, 325.000,-38.306, 80.658, 5901.759, -218.465, 995.359, 101.981, 80.203, 12.379
17, 230.000, 55.017, 17.302, 440.794, 49.870, 711.855, 2.000, 31.704, -4.007
17, 325.000,57.979, 38.837, 5936.798, 166.432, 771.964, 101.981, 82.423, -12.166
18, 230.000, -2.797, 16.859, 356.117, -537.641, 536.328, 2.000, 25.124, 45.070
18, 325.000,-19.131, 33.437, 5933.199, -563.884, 590.249, 101.981, 82.166, 43.691
19, 230.000, 9.539, -95.947, 690.680, -436.122, 190.481, 2.000, 55.432, 66.406
19, 325.000,-1.498, -100.009, 5965.515, -405.278, -341.469, 101.978, 84.923, 130.116
20, 230.000, 17.277, -95.772, 5.913, -135.825, 827.672, 2.000, 0.404, 9.319
20, 325.000,14.554, -78.436, 5973.279, -63.167, 429.133, 101.978, 85.847, 8.374
21, 230.000, -69.784, -70.962, 445.120, 625.477, -337.892, 2.000, 32.052, -118.379
21, 325.000,-63.475, -91.773, 5912.739, 83.044, -950.458, 101.985, 80.834, -175.007
22, 230.000, -55.538, 34.465, 680.646, -470.132, 138.640, 2.000, 54.241, 73.569
22, 325.000,-70.657, 39.503, 5952.588, -620.203, 226.411, 101.981, 83.671, 69.945
23, 230.000, -6.098, 5.979, 464.933, -620.006, 320.863, 2.000, 33.663, 62.638
23, 325.000,-24.721, 15.679, 5940.344, -673.990, 356.681, 101.981, 82.685, 62.112
24, 230.000, 7.116, -52.714, 612.248, 470.609, -327.419, 2.000, 46.882, -124.828
24, 325.000,20.847, -63.450, 5951.927, 499.135, -441.171, 101.981, 83.614, -131.473
25, 230.000, -13.995, -18.224, 272.693, 522.328, -596.939, 2.000, 18.972, -138.814
25, 325.000,1.749, -36.922, 5930.425, 515.192, -658.666, 101.981, 81.974, -141.968
26, 230.000, -91.353, 16.928, 488.662, 673.668, 104.425, 2.000, 35.634, -81.189
26, 325.000,-77.969, 20.978, 5976.815, 339.396, 177.240, 101.980, 86.335, -62.425
27, 230.000, 31.123, -0.591, 796.988, 107.253, -238.393, 2.000, 71.841, -155.777
27, 325.000,34.753, -7.298, 5981.423, 173.860, -248.138, 101.981, 87.100, -144.983
28, 230.000, -2.252, 82.527, 383.814, -442.470, -600.359, 2.000, 27.232, 143.609
28, 325.000,-15.370, 68.208, 5958.000, -466.781, -391.781, 101.981, 84.160, 130.008
29, 230.000, 77.823, 58.510, 620.593, 470.775, 311.061, 2.000, 47.722, -56.546
29, 325.000,102.709, 76.015, 5833.896, 1104.807, 785.181, 101.987, 76.920, -54.599
30, 230.000, 7.553, 81.525, 357.192, 320.103, 688.093, 2.000, 25.205, -24.948
30, 325.000,17.531, 107.050, 5884.679, 367.339, 1051.159, 101.981, 79.285, -19.263
31, 230.000, 86.838, 25.545, 92.792, -783.007, 286.031, 2.000, 6.352, 69.933
31, 325.000,67.770, 35.651, 5954.111, -514.669, 390.772, 101.980, 83.806, 52.792
32, 230.000, -1.489, 24.287, 529.209, 436.165, -482.931, 2.000, 39.119, -137.913
32, 630.000,50.310, -5.454, 4212.291, 688.002, -270.831, 52.001, 80.044, -111.487
33, 230.000, -2.452, -72.106, 722.908, -341.960, 252.965, 2.000, 59.528, 53.508
33, 325.000,-12.134, -67.282, 5977.613, -359.195, 91.074, 101.981, 86.453, 75.772
34, 230.000, -73.927, 57.684, 632.317, 196.539, 514.851, 2.000, 48.927, -20.894
34, 325.000,-75.194, 77.357, 5924.751, -191.868, 854.202, 101.981, 81.594, 12.659
35, 230.000, -52.308, -1.781, 695.032, 102.416, 458.220, 2.000, 55.959, -12.599
35, 325.000,-50.566, 11.201, 5970.744, 8.969, 468.320, 101.981, 85.514, -1.097
36, 230.000, -29.334, -7.663, 715.433, -349.916, 263.132, 2.000, 58.535, 53.057
36, 325.000,-39.868, -0.325, 5969.074, -416.043, 257.414, 101.981, 85.314, 58.254
37, 230.000, -13.066, -37.274, 762.277, 341.986, -74.185, 2.000, 65.342, -102.239
37, 325.000,-3.686, -40.115, 5978.301, 328.483, -145.672, 101.981, 86.560, -113.916
38, 230.000, 27.755, 51.548, 485.437, 480.402, 486.918, 2.000, 35.363, -44.614
38, 325.000,42.692, 67.382, 5930.436, 560.201, 620.737, 101.981, 81.975, -42.066
39, 230.000, -38.553, -12.275, 390.418, -24.658, -741.950, 2.000, 27.741, 178.097
39, 325.000,-40.114, -34.774, 5936.439, -93.915, -786.811, 101.981, 82.397, 173.193
40, 230.000, 19.478, 55.008, 640.611, 192.996, 505.860, 2.000, 49.796, -20.883
40, 325.000,25.548, 71.030, 5949.735, 241.487, 641.515, 101.981, 83.428, -20.628
41, 230.000, 82.086, 48.181, 87.442, 834.052, -15.355, 2.000, 5.984, -91.055
41, 325.000,120.004, 55.006, 5779.594, 1529.900, 355.954, 101.986, 74.796, -76.902
42, 230.000, 87.675, -30.370, 324.887, -763.478, 122.773, 2.000, 22.789, 80.865
42, 325.000,70.655, -28.613, 5970.902, -465.913, 12.891, 101.980, 85.537, 88.415
43, 230.000, 49.624, 82.083, 692.651, 468.752, -63.483, 2.000, 55.670, -97.713
43, 325.000,67.972, 89.273, 5918.834, 801.623, 440.552, 101.981, 81.215, -61.208
44, 230.000, -17.028, 58.875, 767.934, 312.523, -127.005, 2.000, 66.285, -112.116
44, 325.000,-8.701, 56.787, 5982.142, 288.033, -14.104, 101.981, 87.240, -92.803
45, 230.000, -40.856, -66.782, 463.627, -361.339, 598.338, 2.000, 33.556, 31.128
45, 325.000,-52.966, -51.877, 5953.025, -486.480, 440.469, 101.981, 83.709, 47.842
46, 230.000, 41.563, -36.513, 13.413, 146.986, -825.675, 2.000, 0.916, -169.906
46, 325.000,47.468, -63.844, 5909.592, 246.198, -940.916, 101.981, 80.654, -165.337
47, 230.000, 14.260, -89.860, 27.313, 341.897, -765.431, 2.000, 1.866, -155.931
47, 325.000,26.492, -123.832, 5810.009, 455.314, -1380.731, 101.983, 75.951, -161.749
48, 230.000, -94.989, -1.649, 543.237, -248.782, -588.664, 2.000, 40.366, 157.090
48, 325.000,-112.249, -18.491, 5895.767, -841.934, -633.092, 101.982, 79.870, 126.941
49, 230.000, -17.331, 7.345, 96.094, 684.896, 474.560, 2.000, 6.579, -55.282
49, 325.000,4.010, 22.636, 5922.718, 685.738, 565.977, 101.981, 81.462, -50.465
50, 230.000, -80.627, -31.271, 440.973, -2.497, 713.484, 2.000, 31.718, 0.201
50, 325.000,-84.997, -12.207, 5948.272, -286.538, 636.435, 101.981, 83.308, 24.238
51, 230.000, 27.383, -27.489, 337.430, -48.449, -766.366, 2.000, 23.722, 176.383
51, 325.000,26.510, -51.260, 5929.996, -1.252, -839.253, 101.981, 81.945, 179.915
52, 230.000, -25.950, -90.502, 806.510, -226.528, 41.840, 2.000, 74.059, 79.535
52, 325.000,-34.321, -97.095, 5962.618, -371.515, -422.174, 101.980, 84.612, 138.652
53, 230.000, -23.204, 95.883, 235.602, -159.662, 789.002, 2.000, 16.313, 11.440
53, 325.000,-33.491, 142.310, 5678.888, -416.169, 1857.904, 101.997, 71.465, 12.626
54, 230.000, -68.094, -33.828, 64.737, -692.678, 468.540, 2.000, 4.427, 55.925
54, 325.000,-92.948, -20.809, 5901.151, -948.159, 382.962, 101.981, 80.169, 68.006
55, 230.000, -31.548, -39.459, 268.060, -726.061, 323.269, 2.000, 18.638, 66.000
55, 325.000,-54.467, -30.549, 5928.343, -810.653, 258.432, 101.981, 81.833, 72.318
56, 230.000, -54.490, -61.663, 331.876, 714.687, -287.410, 2.000, 23.308, -111.907
56, 325.000,-35.737, -73.004, 5940.896, 577.431, -491.471, 101.981, 82.726, -130.402
57, 230.000, -50.225, -37.348, 40.905, -720.747, 427.052, 2.000, 2.795, 59.353
57, 325.000,-74.568, -25.058, 5914.966, -869.100, 356.442, 101.981, 80.976, 67.700
58, 230.000, 28.155, 74.613, 675.680, -213.630, -448.713, 2.000, 53.665, 154.541
58, 325.000,23.180, 64.735, 5981.324, -146.731, -267.188, 101.981, 87.083, 151.226
59, 230.000, -76.791, -38.424, 94.430, -710.751, 435.247, 2.000, 6.464, 58.518
59, 325.000,-104.144, -27.761, 5881.384, -1092.474, 291.839, 101.981, 79.117, 75.044
60, 230.000, -36.612, 1.647, 755.570, 359.424, -58.753, 2.000, 64.265, -99.284
60, 325.000,-27.233, 0.020, 5982.342, 278.574, -57.438, 101.981, 87.278, -101.650
61, 230.000, 56.890, -47.333, 667.770, 270.373, 429.541, 2.000, 52.763, -32.188
61, 325.000,66.548, -36.834, 5965.134, 426.343, 323.420, 101.981, 84.874, -52.816
62, 230.000, 56.189, -13.106, 583.528, 562.840, 215.013, 2.000, 44.083, -69.092
62, 325.000,74.014, -7.252, 5944.661, 701.821, 194.071, 101.981, 83.017, -74.543
63, 230.000, 59.122, 44.308, 778.199, -186.819, -251.056, 2.000, 68.093, 143.346
63, 325.000,55.837, 38.758, 5986.920, -50.906, -152.890, 101.981, 88.458, 161.584
64, 230.000, -76.629, -40.649, 599.398, -252.008, 529.847, 2.000, 45.612, 25.437
64, 325.000,-88.152, -27.950, 5950.145, -550.863, 402.020, 101.981, 83.462, 53.878
65, 230.000, -28.958, 17.270, 131.394, 790.298, -248.374, 2.000, 9.013, -107.447
65, 630.000,36.229, 6.869, 4217.001, 709.678, -43.641, 51.997, 80.430, -93.519
66, 230.000, -47.907, 74.030, 383.327, -224.260, -711.542, 2.000, 27.195, 162.506
66, 325.000,-57.013, 57.169, 5955.795, -402.068, -485.743, 101.981, 83.956, 140.384
67, 230.000, 4.740, 32.567, 507.400, 242.375, 622.353, 2.000, 37.224, -21.278
67, 325.000,11.969, 51.543, 5942.782, 257.785, 697.200, 101.981, 82.870, -20.292
68, 230.000, 74.203, -48.479, 198.818, 205.834, 788.434, 2.000, 13.712, -14.631
68, 325.000,84.862, -27.685, 5933.228, 502.606, 642.873, 101.980, 82.169, -38.019
69, 230.000, 22.417, -50.315, 750.732, -284.058, -243.383, 2.000, 63.514, 130.590
69, 325.000,14.958, -58.359, 5973.838, -249.460, -346.728, 101.981, 85.910, 144.266
70, 230.000, -37.550, 87.167, 334.307, -700.941, -316.929, 2.000, 23.489, 114.330
70, 325.000,-61.680, 86.619, 5909.659, -958.243, 162.397, 101.979, 80.661, 80.381
71, 230.000, 44.367, 50.881, 463.192, 201.677, -669.554, 2.000, 33.520, -163.237
71, 325.000,51.554, 32.664, 5952.941, 304.345, -582.271, 101.981, 83.702, -152.405
72, 230.000, 35.271, -49.841, 759.103, 354.629, -39.053, 2.000, 64.827, -96.284
72, 325.000,46.175, -52.288, 5971.115, 440.214, -145.608, 101.981, 85.560, -108.303
73, 230.000, -7.120, -99.572, 655.688, 521.313, -42.780, 2.000, 51.419, -94.691
73, 325.000,5.721, -121.502, 5875.205, 479.780, -1064.791, 102.017, 78.757, -155.744
74, 230.000, 74.862, 14.325, 255.031, 775.363, 193.119, 2.000, 17.701, -76.014
74, 325.000,102.310, 20.934, 5885.720, 1078.595, 253.431, 101.981, 79.339, -76.777
75, 230.000, 28.906, -51.398, 521.043, -623.980, -206.607, 2.000, 38.404, 108.320
75, 325.000,11.423, -58.729, 5951.975, -586.335, -315.262, 101.981, 83.618, 118.266
76, 230.000, -8.605, -80.957, 56.725, -163.619, -820.692, 2.000, 3.878, 168.725
76, 325.000,-14.293, -112.057, 5860.771, -210.166, -1215.137, 101.981, 78.118, 170.187
77, 230.000, -88.279, 29.043, 392.568, -690.138, -270.414, 2.000, 27.907, 111.397
77, 325.000,-117.907, 24.266, 5852.865, -1265.398, -111.959, 101.983, 77.754, 95.056
78, 230.000, -76.099, 43.507, 257.284, -764.768, -229.038, 2.000, 17.863, 106.672
78, 325.000,-105.056, 40.084, 5872.698, -1174.586, -34.370, 101.981, 78.685, 91.676
79, 230.000, 2.414, -62.985, 823.456, -159.431, 5.122, 2.000, 79.037, 88.160
79, 325.000,-1.944, -64.513, 5985.653, -159.214, -125.518, 101.981, 88.060, 128.251
80, 230.000, -96.835, 3.595, 722.319, 266.914, -332.470, 2.000, 59.448, -141.242
80, 325.000,-99.145, -5.105, 5973.646, -276.177, -329.206, 101.980, 85.886, 140.006
81, 230.000, -68.888, 13.052, 302.950, 678.296, 389.435, 2.000, 21.173, -60.138
81, 325.000,-50.450, 25.157, 5947.906, 552.567, 431.565, 101.981, 83.277, -52.010
82, 230.000, 30.820, -71.828, 641.199, 183.708, 508.565, 2.000, 49.859, -19.861
82, 325.000,37.152, -60.024, 5973.346, 271.188, 338.767, 101.981, 85.845, -38.678
83, 230.000, -38.248, 22.307, 836.357, 0.180, 63.487, 2.000, 85.659, -0.162
83, 325.000,-39.023, 24.528, 5987.782, -67.940, 105.021, 101.981, 88.803, 32.900
84, 230.000, -17.439, 84.511, 70.292, 382.479, -743.164, 2.000, 4.807, -152.767
84, 325.000,-6.407, 65.239, 5955.285, 348.892, -530.988, 101.980, 83.910, -146.693
85, 230.000, 22.433, 67.653, 418.755, 211.605, 695.264, 2.000, 29.951, -16.928
85, 325.000,29.643, 91.086, 5909.768, 287.912, 927.898, 101.981, 80.664, -17.238
86, 230.000, -63.485, -41.886, 113.014, -634.028, 537.364, 2.000, 7.744, 49.717
86, 325.000,-85.936, -27.111, 5911.166, -859.240, 434.799, 101.981, 80.747, 63.159
87, 230.000, 66.195, 2.985, 82.937, -528.181, -646.274, 2.000, 5.675, 140.742
87, 325.000,51.463, -17.154, 5938.042, -410.223, -663.744, 101.981, 82.514, 148.282
88, 230.000, 7.261, 4.949, 59.592, -447.784, -706.726, 2.000, 4.074, 147.642
88, 630.000,-41.629, -80.125, 4092.290, -600.486, -1085.752, 51.990, 73.133, 151.055
89, 230.000, -81.909, -18.898, 357.397, 659.074, 376.050, 2.000, 25.220, -60.292
89, 325.000,-65.807, -8.572, 5962.232, 454.623, 337.962, 101.981, 84.573, -53.373
90, 230.000, 15.206, -75.183, 712.669, -423.729, 126.813, 2.000, 58.175, 73.339
90, 325.000,3.868, -74.356, 5975.412, -398.964, -66.563, 101.981, 86.128, 99.472
91, 230.000, 21.652, 5.574, 555.344, -286.200, 559.648, 2.000, 41.460, 27.085
91, 325.000,13.745, 22.139, 5952.422, -235.507, 618.158, 101.980, 83.659, 20.856
92, 230.000, -33.049, 23.845, 478.449, -455.794, -516.588, 2.000, 34.780, 138.578
92, 325.000,-47.203, 9.084, 5945.524, -528.981, -490.021, 101.981, 83.085, 132.810
93, 230.000, -41.439, -2.151, 55.803, 824.802, 141.818, 2.000, 3.815, -80.244
93, 630.000,13.540, 13.329, 4242.401, 505.456, 194.613, 52.005, 82.724, -68.942
94, 230.000, -12.433, -33.859, 160.140, -93.145, 818.048, 2.000, 11.007, 6.496
94, 630.000,-39.307, 28.720, 4206.086, -424.895, 649.402, 52.011, 79.546, 33.196
95, 230.000, 53.955, -12.182, 738.138, -341.134, 205.678, 2.000, 61.646, 58.913
95, 325.000,45.542, -6.654, 5980.885, -250.000, 188.923, 101.981, 87.001, 52.922
96, 230.000, 4.067, -53.904, 517.127, 496.130, -435.843, 2.000, 38.064, -131.299
96, 325.000,18.687, -68.055, 5940.113, 520.540, -559.731, 101.981, 82.668, -137.078
97, 230.000, 50.206, -39.167, 504.277, 516.709, 426.897, 2.000, 36.957, -50.437
97, 325.000,66.788, -27.845, 5943.519, 646.806, 354.145, 101.981, 82.927, -61.298
98, 230.000, -59.397, -19.427, 138.305, 607.501, -561.550, 2.000, 9.491, -132.749
98, 325.000,-42.089, -37.377, 5935.053, 508.720, -620.910, 101.981, 82.298, -140.672
99, 230.000, 27.413, -94.205, 536.274, 527.633, 370.860, 2.000, 39.744, -54.898
99, 325.000,45.490, -95.475, 5937.184, 744.682, -247.044, 101.971, 82.472, -108.353
100, 230.000, -45.538, 10.525, 340.630, 750.465, 155.875, 2.000, 23.961, -78.266
100, 325.000,-23.866, 15.482, 5948.023, 673.516, 191.330, 101.981, 83.286, -74.141
101, 230.000, 39.666, -53.939, 286.491, 227.939, -754.646, 2.000, 19.972, -163.193
101, 325.000,48.100, -78.873, 5905.114, 347.802, -936.961, 101.981, 80.394, -159.635
102, 230.000, 48.663, 37.665, 316.594, 486.137, 605.775, 2.000, 22.176, -38.747
102, 325.000,64.970, 57.214, 5912.143, 626.384, 723.483, 101.981, 80.806, -40.886
103, 230.000, -5.732, -61.299, 331.440, -111.927, 762.328, 2.000, 23.276, 8.353
103, 325.000,-9.241, -39.829, 5950.585, -127.408, 665.937, 101.981, 83.500, 10.831
104, 230.000, 53.339, 61.432, 145.165, 302.891, -768.575, 2.000, 9.966, -158.491
104, 325.000,64.879, 40.498, 5937.770, 472.344, -623.637, 101.981, 82.494, -142.860
105, 230.000, -8.922, -2.003, 507.451, -603.090, -286.879, 2.000, 37.229, 115.440
105, 325.000,-26.976, -10.541, 5944.042, -664.563, -309.783, 101.981, 82.968, 114.992
106, 230.000, -2.800, 22.374, 762.559, -157.260, 311.926, 2.000, 65.388, 26.755
106, 325.000,-7.307, 31.654, 5974.874, -170.253, 375.627, 101.981, 86.051, 24.382
107, 230.000, 26.272, -75.763, 38.448, 416.457, 727.055, 2.000, 2.627, -29.804
107, 325.000,40.266, -55.980, 5941.829, 504.910, 555.774, 101.981, 82.798, -42.255
108, 230.000, -43.024, 40.519, 53.141, -328.373, -769.981, 2.000, 3.632, 156.903
108, 325.000,-54.475, 17.266, 5930.732, -425.491, -717.339, 101.981, 81.995, 149.326
109, 230.000, -8.577, -75.975, 494.626, -633.236, -240.585, 2.000, 36.136, 110.803
109, 325.000,-27.383, -86.293, 5930.036, -686.540, -482.250, 101.981, 81.947, 125.086
110, 230.000, -3.849, -65.894, 159.449, -6.671, -823.441, 2.000, 10.959, 179.536
110, 325.000,-4.206, -93.954, 5897.019, -17.782, -1045.987, 101.981, 79.940, 179.026
111, 230.000, -80.329, 22.455, 677.881, 479.275, -119.568, 2.000, 53.920, -104.008
111, 325.000,-70.250, 20.042, 5983.037, 262.654, -58.463, 101.981, 87.425, -102.549
112, 230.000, -29.214, 23.860, 8.396, -837.491, 45.412, 2.000, 0.574, 86.896
112, 325.000,-56.628, 25.846, 5917.414, -919.389, 90.241, 101.981, 81.127, 84.394
113, 230.000, -76.225, 10.331, 209.467, 471.076, 661.615, 2.000, 14.462, -35.451
113, 325.000,-64.692, 30.849, 5939.027, 291.028, 715.843, 101.981, 82.587, -22.124
114, 230.000, -63.068, -60.106, 734.017, -344.174, 215.144, 2.000, 61.059, 57.990
114, 325.000,-76.340, -57.678, 5958.624, -603.357, -7.226, 101.981, 84.218, 90.686
115, 230.000, 13.576, 66.207, 77.357, -722.660, 418.692, 2.000, 5.292, 59.913
115, 325.000,-8.564, 81.644, 5914.799, -719.094, 606.030, 101.981, 80.966, 49.877
116, 230.000, -34.409, -20.945, 510.215, 641.414, 178.304, 2.000, 37.466, -74.465
116, 325.000,-16.302, -16.187, 5961.308, 564.153, 112.526, 101.978, 84.488, -78.720
117, 230.000, -26.374, -64.500, 142.657, -535.224, -629.848, 2.000, 9.792, 139.643
117, 325.000,-44.091, -86.799, 5892.961, -640.795, -855.358, 101.981, 79.720, 143.161
118, 230.000, 72.017, 22.436, 602.649, -459.179, -359.851, 2.000, 45.931, 128.085
118, 325.000,61.227, 12.877, 5972.910, -303.190, -318.724, 101.981, 85.788, 136.431
119, 230.000, -29.095, 92.998, 315.877, -777.011, 0.223, 2.000, 22.123, 89.984
119, 325.000,-55.959, 106.658, 5852.315, -1052.780, 715.651, 101.983, 77.728, 55.793
120, 230.000, 11.562, 94.976, 830.726, 14.021, -114.988, 2.000, 82.062, -173.048
120, 325.000,12.997, 100.560, 5975.529, 77.550, 395.320, 101.981, 86.143, -11.099
121, 230.000, 15.805, -92.905, 370.272, 322.802, -679.868, 2.000, 26.196, -154.602
121, 325.000,27.287, -124.670, 5815.997, 451.305, -1356.785, 101.984, 76.188, -161.601
122, 230.000, 37.664, -84.801, 376.825, -711.234, -235.951, 2.000, 26.696, 108.353
122, 325.000,20.077, -98.583, 5924.985, -566.209, -665.862, 101.981, 81.608, 139.624
123, 230.000, 10.620, 64.366, 69.626, 834.690, 44.377, 2.000, 4.762, -86.957
123, 325.000,37.150, 67.846, 5918.540, 894.424, 200.238, 101.981, 81.197, -77.381
124, 230.000, 60.712, 22.105, 587.828, -302.299, 516.331, 2.000, 44.493, 30.348
124, 325.000,53.702, 37.602, 5958.098, -181.889, 580.667, 101.981, 84.169, 17.393
125, 230.000, -19.409, 82.127, 449.216, -431.959, -561.374, 2.000, 32.383, 142.423
125, 325.000,-32.854, 69.540, 5958.121, -510.449, -330.719, 101.981, 84.171, 122.939
126, 230.000, 44.996, 1.346, 541.854, 637.898, 54.811, 2.000, 40.242, -85.089
126, 325.000,64.653, 2.977, 5942.794, 740.890, 58.978, 101.981, 82.871, -85.449
127, 230.000, -67.876, 17.203, 378.899, 258.813, 702.122, 2.000, 26.855, -20.235
127, 325.000,-62.412, 38.657, 5938.444, 104.224, 770.210, 101.981, 82.543, -7.706
128, 230.000, 43.752, -35.754, 478.935, -60.034, 685.960, 2.000, 34.820, 5.002
128, 325.000,42.999, -16.396, 5954.792, 21.673, 639.661, 101.981, 83.865, -1.941
129, 230.000, -53.346, -4.424, 150.873, 383.605, -730.485, 2.000, 10.363, -152.294
129, 325.000,-42.662, -27.243, 5932.785, 296.091, -763.936, 101.981, 82.137, -158.814
130, 230.000, -75.210, -54.156, 513.236, 608.334, -264.656, 2.000, 37.727, -113.511
130, 325.000,-63.262, -65.524, 5958.822, 307.555, -516.696, 101.981, 84.238, -149.237
131, 230.000, 46.356, 11.197, 349.205, -581.203, 493.743, 2.000, 24.603, 49.651
131, 325.000,29.837, 26.331, 5943.295, -512.199, 533.001, 101.981, 82.910, 43.860
132, 230.000, -4.030, 17.168, 498.722, -609.830, -287.937, 2.000, 36.484, 115.275
132, 325.000,-22.244, 9.035, 5944.898, -683.430, -245.146, 101.980, 83.037, 109.733
133, 230.000, 48.418, 49.681, 195.234, -802.072, 148.623, 2.000, 13.460, 79.502
133, 325.000,25.259, 55.710, 5939.232, -724.572, 263.995, 101.981, 82.602, 69.981
134, 230.000, 69.883, 65.472, 209.441, 766.481, 268.636, 2.000, 14.460, -70.685
134, 325.000,103.846, 83.783, 5773.735, 1373.388, 805.645, 101.987, 74.582, -59.604
135, 230.000, 25.843, 50.739, 401.502, -511.298, -529.995, 2.000, 28.599, 136.029
135, 325.000,11.193, 36.105, 5953.284, -477.568, -446.659, 101.981, 83.732, 133.085
136, 230.000, 59.365, 70.420, 672.966, -357.812, 350.158, 2.000, 53.353, 45.619
136, 325.000,53.975, 85.586, 5947.151, -95.025, 701.112, 101.981, 83.216, 7.719
137, 230.000, 29.358, -86.371, 468.465, -209.776, -663.369, 2.000, 33.953, 162.452
137, 325.000,26.020, -113.570, 5873.389, -62.891, -1170.015, 101.982, 78.718, 176.923
138, 230.000, 2.345, 64.090, 785.827, -286.550, -62.361, 2.000, 69.535, 102.278
138, 325.000,-5.585, 64.079, 5981.631, -290.386, 70.311, 101.981, 87.141, 76.389
139, 230.000, 36.870, -24.616, 489.942, -130.163, 668.235, 2.000, 35.741, 11.022
139, 325.000,33.823, -5.432, 5954.210, -57.690, 642.854, 101.981, 83.813, 5.128
140, 230.000, -10.576, 25.403, 114.934, -800.476, -222.603, 2.000, 7.876, 105.541
140, 325.000,-35.992, 18.916, 5925.462, -851.274, -182.861, 101.981, 81.641, 102.123
141, 230.000, 43.215, -69.243, 756.697, -78.285, 353.278, 2.000, 64.443, 12.495
141, 325.000,42.802, -62.257, 5986.594, 43.074, 167.341, 101.981, 88.347, -14.435
142, 230.000, -61.212, 27.184, 335.894, -653.195, -405.012, 2.000, 23.607, 121.801
142, 325.000,-82.978, 15.984, 5919.886, -837.060, -351.425, 101.981, 81.281, 112.774
143, 230.000, -9.440, -32.359, 835.640, -35.429, -63.038, 2.000, 85.054, 150.663
143, 325.000,-10.614, -34.756, 5987.451, -55.199, -128.810, 101.981, 88.659, 156.803
144, 230.000, -5.283, 38.775, 275.688, -200.174, 766.453, 2.000, 19.189, 14.637
144, 325.000,-11.518, 63.066, 5922.790, -216.278, 861.965, 101.981, 81.467, 14.085
145, 230.000, 11.673, -46.123, 641.353, -17.954, 540.248, 2.000, 49.875, 1.903
145, 325.000,11.408, -31.586, 5971.121, 5.992, 463.529, 101.981, 85.561, -0.741
146, 230.000, -54.028, -20.231, 496.572, 540.692, 405.701, 2.000, 36.301, -53.118
146, 325.000,-39.413, -8.796, 5959.902, 452.451, 379.515, 101.981, 84.341, -50.010
147, 230.000, 44.205, 35.772, 144.346, -286.292, -775.064, 2.000, 9.910, 159.727
147, 325.000,36.325, 12.485, 5940.464, -208.071, -732.647, 101.981, 82.694, 164.146
148, 230.000, -28.545, -83.582, 645.295, 248.215, -474.876, 2.000, 50.295, -152.404
148, 325.000,-23.551, -102.800, 5924.601, 135.181, -866.122, 101.981, 81.584, -171.129
149, 230.000, 77.265, 44.677, 232.966, -780.912, -198.561, 2.000, 16.126, 104.266
149, 325.000,57.777, 40.963, 5962.144, -563.984, -61.612, 101.980, 84.564, 96.235
150, 230.000, -82.593, -9.007, 472.100, -49.843, 691.492, 2.000, 34.253, 4.123
150, 325.000,-88.166, 10.624, 5939.748, -330.004, 692.507, 101.980, 82.641, 25.479
151, 230.000, -23.436, 34.953, 534.329, -629.600, 147.040, 2.000, 39.572, 76.854
151, 325.000,-42.359, 40.013, 5945.332, -690.256, 213.940, 101.981, 83.070, 72.780
152, 230.000, 14.761, 13.756, 325.553, 759.203, -145.428, 2.000, 22.838, -100.844
152, 325.000,38.154, 9.609, 5931.869, 816.506, -124.273, 101.981, 82.074, -98.654
153, 230.000, -52.478, -74.260, 66.426, -727.538, -412.068, 2.000, 4.542, 119.527
153, 325.000,-80.662, -95.107, 5819.678, -1097.565, -892.492, 101.983, 76.338, 129.117
154, 230.000, 54.527, -54.509, 284.136, 362.211, 701.138, 2.000, 19.801, -27.321
154, 325.000,67.523, -35.526, 5937.527, 525.916, 581.715, 101.981, 82.476, -42.116
155, 230.000, 48.332, -14.520, 721.116, 369.240, -217.204, 2.000, 59.287, -120.466
155, 325.000,59.910, -21.007, 5965.252, 471.176, -250.930, 101.981, 84.886, -118.038
156, 230.000, -70.876, -16.367, 441.485, 113.263, -704.121, 2.000, 31.759, -170.862
156, 325.000,-70.125, -37.669, 5938.366, -68.572, -774.787, 101.981, 82.538, 174.942
157, 230.000, -22.748, -7.975, 157.273, 808.544, -158.257, 2.000, 10.807, -101.075
157, 630.000,52.574, -38.164, 4162.755, 874.203, -443.487, 51.999, 76.749, -116.899
158, 230.000, -82.031, 13.482, 667.028, -508.489, 6.094, 2.000, 52.679, 89.313
158, 325.000,-101.045, 14.421, 5929.531, -840.648, 57.095, 101.981, 81.912, 86.115
159, 230.000, -60.892, 34.458, 106.768, -776.906, 297.559, 2.000, 7.313, 69.043
159, 325.000,-87.796, 45.257, 5889.632, -1003.139, 418.575, 101.981, 79.543, 67.351
160, 230.000, 66.400, 18.225, 681.439, 263.050, 412.274, 2.000, 54.334, -32.540
160, 325.000,76.114, 30.529, 5954.134, 440.068, 473.120, 101.981, 83.806, -42.927
161, 230.000, -65.578, -46.630, 735.630, 378.532, 138.153, 2.000, 61.287, -69.949
161, 325.000,-57.564, -44.585, 5985.336, 211.417, 14.530, 101.981, 87.972, -86.068
162, 230.000, 51.965, 23.083, 446.503, 652.014, 281.135, 2.000, 32.163, -66.675
162, 325.000,72.769, 32.073, 5926.721, 791.081, 342.607, 101.981, 81.724, -66.583
163, 230.000, 11.186, -53.002, 352.431, -757.612, -73.081, 2.000, 24.846, 95.510
163, 325.000,-11.320, -56.476, 5937.933, -760.805, -176.931, 101.981, 82.506, 103.092
164, 230.000, -89.196, 26.192, 30.845, -827.590, -132.920, 2.000, 2.108, 99.124
164, 325.000,-126.262, 25.453, 5798.506, -1498.785, 36.618, 101.984, 75.503, 88.600
165, 230.000, 53.365, -9.018, 463.883, -593.767, -368.479, 2.000, 33.577, 121.823
165, 325.000,37.035, -20.102, 5953.962, -510.940, -398.070, 101.981, 83.791, 127.922
166, 230.000, 74.910, -30.862, 628.861, -554.804, -15.803, 2.000, 48.569, 91.632
166, 325.000,62.080, -32.503, 5976.772, -370.356, -100.911, 101.981, 86.325, 105.241
167, 230.000, -17.324, 80.742, 240.850, -312.340, 740.242, 2.000, 16.687, 22.877
167, 325.000,-27.949, 108.612, 5868.446, -403.822, 1125.899, 101.981, 78.480, 19.731
168, 230.000, 69.096, -30.867, 22.731, -634.506, 548.096, 2.000, 1.553, 49.179
168, 325.000,51.296, -14.603, 5947.035, -502.464, 499.453, 101.981, 83.206, 45.172
169, 230.000, 40.360, -44.225, 525.574, -321.688, 569.045, 2.000, 38.800, 29.480
169, 325.000,31.929, -28.669, 5962.745, -252.990, 500.838, 101.981, 84.624, 26.800
170, 230.000, -87.880, -17.507, 102.084, 575.202, -601.868, 2.000, 6.991, -136.298
170, 325.000,-75.474, -36.857, 5941.725, 277.247, -698.674, 101.981, 82.790, -158.356
171, 230.000, 61.983, -12.120, 604.236, -324.805, 482.622, 2.000, 46.087, 33.941
171, 325.000,54.224, 1.448, 5966.635, -210.658, 473.367, 101.981, 85.037, 23.990
172, 230.000, -53.432, -44.412, 438.721, 714.335, -27.820, 2.000, 31.538, -92.230
172, 325.000,-33.917, -46.505, 5955.302, 622.836, -125.020, 101.981, 83.911, -101.350
173, 230.000, 81.748, 57.529, 326.884, -269.316, -723.975, 2.000, 22.937, 159.595
173, 325.000,87.332, 46.487, 5962.202, 390.656, -292.233, 101.744, 85.322, -126.799
174, 230.000, 87.074, 43.538, 563.817, -71.319, 616.885, 2.000, 42.237, 6.595
174, 325.000,96.713, 66.671, 5884.749, 551.719, 967.734, 101.986, 79.281, -29.688
175, 230.000, -9.699, 17.976, 25.495, 757.947, 358.317, 2.000, 1.742, -64.698
175, 325.000,14.373, 29.840, 5924.018, 774.582, 418.602, 101.981, 81.546, -61.612
176, 230.000, 17.579, 76.241, 43.183, 809.535, -215.203, 2.000, 2.951, -104.887
176, 325.000,43.635, 72.849, 5920.871, 901.382, 4.013, 101.981, 81.344, -89.745
177, 230.000, -6.379, -53.119, 746.662, -219.392, 312.868, 2.000, 62.898, 35.039
177, 325.000,-12.700, -45.478, 5980.195, -237.648, 223.560, 101.981, 86.877, 46.750
178, 230.000, 21.181, 65.428, 544.875, -627.900, 111.250, 2.000, 40.513, 79.953
178, 325.000,3.652, 70.688, 5952.902, -600.585, 267.335, 101.981, 83.698, 66.005
179, 230.000, 37.249, -21.844, 604.799, -567.602, -124.779, 2.000, 46.142, 102.398
179, 325.000,21.608, -25.920, 5964.659, -510.949, -175.859, 101.981, 84.823, 108.993
180, 230.000, -17.327, -45.666, 672.122, 364.063, -345.304, 2.000, 53.257, -133.485
180, 325.000,-7.321, -56.542, 5963.138, 342.961, -438.813, 101.981, 84.664, -141.990
181, 230.000, -13.330, -56.019, 676.627, 319.125, -379.288, 2.000, 53.774, -139.923
181, 325.000,-4.593, -68.274, 5960.072, 301.813, -505.618, 101.981, 84.358, -149.166
182, 230.000, -25.359, -13.652, 337.328, -717.036, -274.943, 2.000, 23.714, 110.979
182, 325.000,-47.595, -22.259, 5929.705, -783.246, -307.122, 101.981, 81.925, 111.411
183, 230.000, 70.530, -12.294, 305.817, 777.409, -75.066, 2.000, 21.383, -95.515
183, 325.000,97.090, -15.103, 5898.386, 1031.842, -116.606, 101.981, 80.015, -96.448
184, 230.000, 8.316, -13.206, 418.191, 709.439, -159.172, 2.000, 29.906, -102.646
184, 325.000,29.761, -18.251, 5937.720, 758.156, -194.670, 101.981, 82.490, -104.401
185, 230.000, -64.171, 4.011, 271.542, -338.248, 717.898, 2.000, 18.889, 25.228
185, 325.000,-76.551, 25.943, 5919.473, -507.507, 755.966, 101.981, 81.255, 33.875
186, 230.000, -94.039, -21.222, 211.822, -800.527, -133.460, 2.000, 14.628, 99.465
186, 325.000,-134.337, -28.894, 5747.801, -1652.539, -322.408, 101.989, 73.673, 101.040
187, 230.000, 90.242, 33.703, 399.787, -737.343, 4.454, 2.000, 28.466, 89.654
187, 325.000,76.481, 36.547, 5976.950, -341.344, 166.999, 101.978, 86.362, 63.930
188, 230.000, 33.012, -18.080, 236.063, -425.676, -683.080, 2.000, 16.346, 148.070
188, 325.000,20.597, -39.486, 5931.084, -380.058, -739.592, 101.981, 82.019, 152.802
189, 230.000, -20.753, -24.028, 5.683, 799.432, -253.773, 2.000, 0.388, -107.612
189, 325.000,4.449, -32.689, 5927.754, 792.293, -321.246, 101.981, 81.793, -112.071
190, 230.000, -36.554, -77.620, 312.908, 692.135, -355.755, 2.000, 21.904, -117.203
190, 325.000,-18.135, -92.725, 5922.489, 588.801, -668.241, 101.981, 81.448, -138.616
191, 230.000, -42.220, -71.828, 328.036, -592.709, -494.583, 2.000, 23.023, 129.843
191, 325.000,-62.725, -91.396, 5877.168, -803.995, -825.740, 101.981, 78.905, 135.764
192, 230.000, -17.666, 60.515, 482.442, -109.942, 677.264, 2.000, 35.112, 9.221
192, 325.000,-21.478, 82.398, 5926.086, -157.629, 851.983, 101.981, 81.682, 10.482
193, 230.000, -60.985, 8.384, 567.913, -2.515, -617.246, 2.000, 42.616, 179.767
193, 325.000,-62.678, -9.257, 5955.555, -128.316, -619.745, 101.981, 83.934, 168.302
194, 230.000, -94.421, -18.115, 554.141, -621.715, 99.610, 2.000, 41.351, 80.898
194, 325.000,-124.872, -17.737, 5837.512, -1339.225, -24.747, 101.985, 77.077, 91.059
195, 230.000, 47.079, -57.414, 113.475, 757.932, -340.861, 2.000, 7.775, -114.215
195, 325.000,72.943, -70.847, 5886.630, 955.393, -551.431, 101.981, 79.386, -119.993
196, 230.000, 57.427, 16.881, 811.220, -171.578, -126.518, 2.000, 75.276, 126.404
196, 325.000,54.044, 13.770, 5987.944, -64.991, -97.389, 101.981, 88.880, 146.283
197, 230.000, -17.647, -86.186, 240.491, 642.641, 482.390, 2.000, 16.662, -53.107
197, 325.000,0.679, -76.105, 5953.543, 613.847, 218.195, 101.980, 83.755, -70.432
198, 230.000, 56.017, 65.094, 513.262, -212.593, -628.403, 2.000, 37.729, 161.309
198, 325.000,52.442, 49.983, 5971.641, -49.118, -454.096, 101.981, 85.626, 173.826
199, 230.000, 70.424, -58.891, 255.773, 166.909, -781.182, 2.000, 17.755, -167.939
199, 325.000,82.821, -88.425, 5841.442, 594.771, -1180.483, 101.982, 77.249, -153.259
200, 230.000, -56.281, -39.874, 68.628, -806.327, -220.570, 2.000, 4.693, 105.299
200, 325.000,-83.975, -48.500, 5892.060, -1014.711, -351.049, 101.981, 79.672, 109.084
201, 230.000, 64.272, 25.475, 665.722, -440.305, 257.816, 2.000, 52.532, 59.649
201, 325.000,53.644, 33.537, 5972.228, -312.478, 322.534, 101.981, 85.700, 44.093
202, 230.000, -15.294, -58.560, 166.079, -797.267, -200.768, 2.000, 11.420, 104.134
202, 325.000,-40.432, -66.565, 5916.571, -863.529, -343.098, 101.981, 81.075, 111.669
203, 230.000, 34.110, -72.413, 787.645, 108.338, -267.213, 2.000, 69.893, -157.931
203, 325.000,38.679, -83.144, 5963.239, 221.848, -509.696, 101.981, 84.674, -156.479
204, 230.000, -27.130, 37.063, 382.329, -42.959, -745.321, 2.000, 27.118, 176.701
204, 325.000,-29.016, 15.495, 5947.598, -104.261, -695.928, 101.981, 83.252, 171.480
205, 230.000, 35.685, -58.899, 30.871, -70.035, -835.264, 2.000, 2.109, 175.207
205, 325.000,34.960, -87.690, 5896.582, 30.994, -1048.145, 101.981, 79.916, -178.306
206, 230.000, 1.742, 27.098, 620.414, 563.711, -28.995, 2.000, 47.704, -92.944
206, 325.000,18.106, 26.820, 5959.623, 592.522, 31.410, 101.981, 84.314, -86.966
207, 230.000, 51.674, 77.695, 331.261, -563.195, -525.929, 2.000, 23.262, 133.040
207, 325.000,38.495, 67.228, 5971.427, -387.617, -246.308, 101.980, 85.602, 122.434
208, 230.000, -11.450, 38.319, 346.236, 243.367, 724.166, 2.000, 24.380, -18.576
208, 325.000,-4.357, 61.031, 5928.756, 230.350, 816.084, 101.981, 81.860, -15.762
209, 230.000, -55.218, -59.753, 512.314, -486.518, 452.060, 2.000, 37.647, 47.103
209, 325.000,-71.864, -49.486, 5943.236, -684.562, 280.341, 101.981, 82.905, 67.730
210, 230.000, 39.046, 40.934, 656.149, -87.872, -515.045, 2.000, 51.470, 170.318
210, 325.000,37.427, 27.152, 5971.903, -16.479, -453.088, 101.981, 85.658, 177.917
211, 230.000, -64.731, 13.296, 187.427, -635.779, 513.985, 2.000, 12.912, 51.047
211, 325.000,-86.774, 29.626, 5901.895, -841.564, 573.270, 101.981, 80.211, 55.737
212, 230.000, -25.023, -34.034, 787.286, 238.219, -164.183, 2.000, 69.822, -124.575
212, 325.000,-18.846, -39.329, 5981.310, 200.148, -230.385, 101.981, 87.079, -139.017
213, 230.000, 81.747, -55.949, 621.694, -528.455, -194.308, 2.000, 47.834, 110.188
213, 325.000,78.111, -68.657, 5957.712, 30.285, -608.383, 101.970, 84.162, -177.150
214, 230.000, 34.729, -87.581, 814.317, -62.886, -190.936, 2.000, 76.133, 161.770
214, 325.000,36.137, -100.629, 5950.416, 119.745, -669.289, 101.982, 83.481, -169.856
215, 230.000, 58.691, 4.420, 36.630, -833.400, -87.333, 2.000, 2.503, 95.982
215, 325.000,33.686, 1.759, 5942.324, -742.479, -81.562, 101.981, 82.836, 96.269
216, 230.000, -69.846, 13.817, 466.469, -672.314, 184.188, 2.000, 33.789, 74.679
216, 325.000,-92.477, 19.796, 5915.512, -906.534, 232.714, 101.981, 81.009, 75.603
217, 230.000, -53.863, -49.837, 133.723, 825.637, -62.974, 2.000, 9.174, -94.362
217, 325.000,-30.054, -53.355, 5941.335, 732.848, -180.663, 101.981, 82.760, -103.849
218, 230.000, -5.669, 5.625, 775.818, 118.590, -295.916, 2.000, 67.662, -158.161
218, 630.000,1.642, -23.076, 4260.811, 69.440, -360.437, 51.999, 85.076, -169.095
219, 230.000, -59.246, 69.639, 350.690, 177.299, 741.016, 2.000, 24.715, -13.456
219, 325.000,-59.556, 97.906, 5873.449, -133.497, 1163.754, 101.982, 78.721, 6.544
220, 230.000, -21.273, 92.222, 168.126, -277.178, -773.582, 2.000, 11.563, 160.287
220, 325.000,-30.999, 75.678, 5962.025, -383.151, -419.815, 101.980, 84.554, 137.614
221, 230.000, 56.072, -64.530, 820.154, -168.942, -48.275, 2.000, 77.908, 105.947
221, 325.000,54.291, -69.131, 5982.869, 17.126, -272.422, 101.981, 87.388, -176.403
222, 230.000, 21.136, 65.847, 95.429, -833.032, 21.809, 2.000, 6.533, 88.500
222, 325.000,-4.165, 68.601, 5930.531, -816.814, 175.572, 101.981, 81.981, 77.869
223, 230.000, 69.045, 13.501, 610.201, 327.644, 473.105, 2.000, 46.677, -34.704
223, 325.000,80.951, 27.551, 5942.828, 523.677, 527.041, 101.981, 82.874, -44.817
224, 230.000, -12.426, -84.523, 78.534, -331.414, 766.499, 2.000, 5.373, 23.382
224, 325.000,-23.167, -64.562, 5951.162, -382.687, 553.476, 101.981, 83.549, 34.661
225, 230.000, -60.520, 7.259, 473.380, 444.664, -530.762, 2.000, 34.359, -140.044
225, 325.000,-48.929, -8.171, 5955.559, 340.266, -533.588, 101.981, 83.934, -147.475
226, 230.000, -81.468, -37.269, 613.323, -385.319, 422.951, 2.000, 46.989, 42.334
226, 325.000,-98.093, -27.964, 5933.456, -764.999, 279.488, 101.981, 82.184, 69.931
227, 230.000, 51.872, 34.993, 38.653, 697.904, 463.638, 2.000, 2.641, -56.403
227, 325.000,75.820, 50.922, 5897.709, 867.479, 577.708, 101.981, 79.978, -56.338
228, 230.000, 25.442, 29.888, 520.045, -658.081, -2.587, 2.000, 38.317, 90.225
228, 325.000,6.641, 30.455, 5955.591, -628.971, 66.756, 101.981, 83.938, 83.942
229, 230.000, -33.927, -83.656, 350.767, 744.796, -160.517, 2.000, 24.721, -102.162
229, 325.000,-14.419, -94.086, 5931.508, 639.217, -526.945, 101.980, 82.049, -129.501
230, 230.000, -15.403, 52.651, 478.653, 359.845, -587.305, 2.000, 34.797, -148.504
230, 325.000,-5.150, 36.539, 5958.233, 341.629, -501.910, 101.981, 84.182, -145.759
231, 230.000, 18.814, -40.241, 13.772, -837.230, 48.780, 2.000, 0.941, 86.666
231, 325.000,-7.500, -39.555, 5930.743, -833.500, -26.894, 101.981, 81.996, 91.848
232, 230.000, 10.628, 43.210, 168.459, -785.253, -241.916, 2.000, 11.586, 107.123
232, 325.000,-13.569, 36.619, 5933.820, -794.451, -166.666, 101.981, 82.210, 101.848
233, 230.000, -7.558, -27.488, 36.963, 695.289, -467.687, 2.000, 2.526, -123.927
233, 325.000,14.449, -42.955, 5923.217, 706.746, -534.045, 101.981, 81.494, -127.076
234, 230.000, -30.499, 38.615, 754.982, -20.957, -364.811, 2.000, 64.173, 176.712
234, 325.000,-31.735, 29.157, 5980.840, -77.953, -304.411, 101.981, 86.992, 165.637
235, 230.000, -12.827, 54.417, 607.615, 383.088, 433.095, 2.000, 46.420, -41.494
235, 325.000,-2.123, 68.294, 5951.702, 369.203, 556.899, 101.981, 83.595, -33.543
236, 230.000, -72.531, -61.234, 142.298, -824.020, 65.315, 2.000, 9.768, 85.468
236, 325.000,-107.401, -67.671, 5809.740, -1406.661, -372.485, 101.985, 75.939, 104.832
237, 230.000, -73.973, 65.932, 694.340, -317.759, 347.051, 2.000, 55.875, 42.477
237, 325.000,-96.165, 87.483, 5826.197, -1004.309, 962.726, 102.012, 76.570, 46.211
238, 230.000, -98.171, -5.909, 282.881, 767.119, -187.165, 2.000, 19.710, -103.711
238, 325.000,-85.687, -11.839, 5978.502, 267.235, -230.354, 101.974, 86.623, -130.761
239, 230.000, 99.018, 10.251, 481.700, 83.762, -681.523, 2.000, 35.050, -172.993
239, 325.000,119.540, -6.979, 5871.448, 1003.129, -630.162, 102.004, 78.593, -122.137
240, 230.000, -54.314, -37.703, 542.699, -146.849, -622.444, 2.000, 40.318, 166.725
240, 325.000,-60.399, -57.037, 5936.302, -287.539, -739.500, 101.981, 82.387, 158.752
241, 230.000, 20.607, -44.903, 764.018, -125.206, 322.683, 2.000, 65.628, 21.207
241, 325.000,17.520, -36.775, 5983.260, -90.324, 248.216, 101.981, 87.472, 19.996
242, 230.000, 10.640, -5.769, 607.538, 539.539, 208.130, 2.000, 46.413, -68.906
242, 325.000,26.603, 0.164, 5954.261, 612.010, 203.972, 101.981, 83.816, -71.568
243, 230.000, -56.866, -37.582, 137.307, -160.381, -811.756, 2.000, 9.422, 168.824
243, 325.000,-64.059, -64.215, 5903.737, -326.110, -953.298, 101.981, 80.315, 161.115
244, 230.000, -29.736, -38.968, 348.591, -605.666, -463.872, 2.000, 24.557, 127.448
244, 325.000,-48.744, -53.942, 5923.433, -686.081, -558.068, 101.981, 81.508, 129.125
245, 230.000, 79.480, -6.737, 55.112, -740.787, -389.513, 2.000, 3.767, 117.736
245, 325.000,59.256, -19.101, 5946.852, -570.482, -422.671, 101.981, 83.192, 126.535
246, 230.000, 12.273, -47.949, 2.662, 638.975, -543.349, 2.000, 0.182, -130.376
246, 325.000,32.983, -66.561, 5912.291, 688.657, -663.154, 101.981, 80.815, -133.919
247, 230.000, -6.625, 25.485, 133.083, -825.599, -64.803, 2.000, 9.129, 94.488
247, 325.000,-32.676, 23.972, 5925.552, -869.872, -18.757, 101.981, 81.647, 91.235
248, 230.000, 30.810, 18.476, 667.002, 297.031, 412.801, 2.000, 52.676, -35.737
248, 325.000,39.938, 30.671, 5960.847, 359.026, 456.734, 101.981, 84.433, -38.170
249, 230.000, -20.344, 22.642, 478.653, -668.724, -164.993, 2.000, 34.797, 103.860
249, 325.000,-40.541, 18.213, 5943.418, -726.748, -129.703, 101.981, 82.920, 100.119
250, 230.000, 96.984, -15.987, 75.769, 103.330, 828.918, 2.000, 5.183, -7.106
250, 325.000,114.482, 6.218, 5876.640, 866.691, 763.593, 101.981, 78.880, -48.619
251, 230.000, -19.664, -57.506, 141.300, -825.376, -48.089, 2.000, 9.698, 93.334
251, 325.000,-45.898, -60.738, 5918.004, -902.139, -180.500, 101.981, 81.163, 101.314
252, 230.000, -15.629, -63.833, 434.267, -628.289, -346.683, 2.000, 31.181, 118.889
252, 325.000,-34.730, -76.251, 5926.207, -691.795, -520.288, 101.981, 81.690, 126.946
253, 230.000, -84.386, -35.592, 71.162, -248.316, -797.997, 2.000, 4.867, 162.715
253, 325.000,-100.789, -63.776, 5844.878, -761.145, -1061.947, 101.982, 77.399, 144.369
254, 230.000, -18.197, -15.848, 630.628, -476.693, 280.351, 2.000, 48.751, 59.539
254, 325.000,-32.356, -8.065, 5959.407, -537.118, 257.201, 101.981, 84.293, 64.412
255, 230.000, -29.079, 44.485, 520.762, -650.225, -97.666, 2.000, 38.380, 98.542
255, 325.000,-48.810, 42.726, 5944.725, -727.494, -13.846, 101.981, 83.022, 91.090
256, 230.000, -28.843, 16.956, 505.096, 664.779, -80.443, 2.000, 37.027, -96.900
256, 630.000,17.832, 27.484, 4243.521, 475.945, 231.605, 51.994, 82.890, -64.051
257, 230.000, 65.864, -28.654, 438.926, -397.133, 594.267, 2.000, 31.554, 33.754
257, 325.000,56.134, -12.019, 5957.814, -264.448, 551.080, 101.981, 84.142, 25.635
258, 230.000, 1.775, -31.371, 401.246, 695.387, -242.822, 2.000, 28.579, -109.249
258, 325.000,22.654, -39.283, 5937.587, 721.190, -306.821, 101.981, 82.481, -113.047
259, 230.000, -18.421, 41.337, 534.201, -615.375, 198.663, 2.000, 39.560, 72.108
259, 325.000,-36.822, 48.072, 5945.168, -667.573, 280.210, 101.981, 83.057, 67.230
260, 230.000, 34.429, -87.955, 192.675, 732.096, -361.159, 2.000, 13.280, -116.258
260, 325.000,60.916, -110.290, 5816.262, 1022.306, -998.132, 101.984, 76.199, -134.315
261, 230.000, 12.418, 53.952, 781.603, 204.546, 225.346, 2.000, 68.725, -42.230
261, 325.000,18.445, 61.574, 5974.981, 234.759, 337.172, 101.981, 86.066, -34.848
262, 230.000, 69.701, -3.907, 302.182, 550.382, 556.138, 2.000, 21.117, -44.702
262, 325.000,89.028, 12.709, 5912.150, 769.179, 569.273, 101.981, 80.806, -53.495
263, 230.000, 30.293, -21.102, 759.922, 271.341, -228.946, 2.000, 64.959, -130.156
263, 325.000,38.547, -27.978, 5973.683, 331.916, -272.282, 101.981, 85.889, -129.363
264, 230.000, 36.795, -49.476, 518.816, 521.029, 403.586, 2.000, 38.210, -52.239
264, 325.000,52.997, -39.047, 5949.160, 615.357, 313.078, 101.981, 83.380, -63.034
265, 230.000, 15.772, 18.463, 303.820, 25.743, -781.380, 2.000, 21.237, -178.113
265, 630.000,38.363, -57.288, 4161.739, 384.409, -907.637, 52.006, 76.675, -157.046
266, 230.000, 71.776, 23.621, 807.252, -97.859, -205.648, 2.000, 74.245, 154.552
266, 325.000,71.581, 18.760, 5986.583, 82.997, -152.130, 101.981, 88.342, -151.385
267, 230.000, 28.911, 84.948, 470.462, 77.698, -690.038, 2.000, 34.118, -173.576
267, 325.000,32.697, 69.663, 5971.351, 182.663, -422.670, 101.980, 85.591, -156.628
268, 230.000, -43.283, 7.840, 754.035, 338.665, -142.343, 2.000, 64.025, -112.797
268, 325.000,-34.623, 3.985, 5981.876, 262.738, -131.480, 101.981, 87.188, -116.584
269, 230.000, 58.457, 26.654, 626.609, -539.738, -139.886, 2.000, 48.337, 104.530
269, 325.000,44.477, 23.322, 5972.252, -439.465, -90.861, 101.981, 85.703, 101.681
270, 230.000, -85.099, 21.135, 167.205, -605.225, 556.120, 2.000, 11.499, 47.421
270, 325.000,-110.888, 39.899, 5849.732, -1077.667, 699.125, 101.982, 77.615, 57.027
271, 230.000, -7.578, -88.744, 44.284, 825.670, -140.827, 2.000, 3.026, -99.679
271, 325.000,17.314, -99.463, 5904.715, 841.822, -543.149, 101.981, 80.370, -122.830
272, 230.000, 10.165, 27.207, 829.139, 34.677, 121.863, 2.000, 81.312, -15.884
272, 325.000,11.338, 31.158, 5985.937, 57.940, 185.266, 101.981, 88.143, -17.367
273, 230.000, -69.763, -66.080, 649.826, 457.056, 268.980, 2.000, 50.782, -59.523
273, 325.000,-63.003, -64.193, 5987.417, 130.170, -48.871, 101.979, 88.670, -110.578
274, 230.000, 47.060, 68.993, 176.292, -340.957, -745.784, 2.000, 12.133, 155.431
274, 325.000,38.525, 49.005, 5955.557, -227.980, -590.328, 101.981, 83.935, 158.884
275, 230.000, 59.509, 55.390, 21.937, 822.614, -162.322, 2.000, 1.499, -101.162
275, 325.000,88.813, 53.620, 5887.119, 1099.695, 42.250, 101.981, 79.412, -87.800
276, 230.000, 1.895, -25.371, 391.416, -304.948, -676.257, 2.000, 27.818, 155.728
276, 325.000,-7.229, -46.192, 5934.706, -311.411, -742.623, 101.981, 82.273, 157.250
277, 230.000, -9.996, 42.082, 641.327, 387.838, -376.569, 2.000, 49.872, -134.155
277, 325.000,0.953, 32.141, 5969.413, 381.728, -299.321, 101.981, 85.354, -128.101
278, 230.000, 44.753, 30.869, 195.977, -378.687, 722.297, 2.000, 13.512, 27.667
278, 325.000,34.206, 53.935, 5926.523, -303.181, 808.456, 101.981, 81.711, 20.557
279, 230.000, -17.597, -20.255, 162.623, -733.950, 372.014, 2.000, 11.180, 63.121
279, 325.000,-40.875, -9.051, 5926.032, -793.890, 347.970, 101.981, 81.678, 66.332
280, 230.000, 8.573, -72.390, 377.542, -9.802, -748.926, 2.000, 26.751, 179.250
280, 325.000,8.669, -97.949, 5903.255, 16.629, -1010.229, 101.981, 80.288, -179.057
281, 230.000, 91.124, 36.909, 454.438, 628.366, -319.634, 2.000, 32.806, -116.961
281, 325.000,125.185, 34.220, 5806.422, 1468.723, -16.369, 101.989, 75.804, -90.639
282, 230.000, 81.787, -52.943, 405.239, 732.395, -53.885, 2.000, 28.891, -94.208
282, 325.000,116.959, -63.477, 5783.637, 1471.998, -505.110, 101.990, 74.940, -108.939
283, 230.000, 74.282, -60.584, 177.956, 448.281, -686.221, 2.000, 12.249, -146.845
283, 325.000,99.883, -91.157, 5761.448, 1082.864, -1226.644, 101.987, 74.146, -138.562
284, 230.000, -9.947, 61.722, 392.261, 735.846, 90.474, 2.000, 27.883, -82.991
284, 325.000,11.689, 66.149, 5938.913, 739.959, 225.791, 101.981, 82.578, -73.031
285, 230.000, 51.699, 21.904, 262.019, -571.391, 555.321, 2.000, 18.203, 45.817
285, 325.000,35.514, 39.370, 5937.037, -491.336, 615.918, 101.981, 82.441, 38.580
286, 230.000, -78.522, 0.745, 18.072, 633.487, -549.447, 2.000, 1.235, -130.936
286, 325.000,-61.422, -16.452, 5943.823, 463.310, -570.496, 101.981, 82.951, -140.919
287, 230.000, -60.105, 29.329, 466.008, 319.969, 619.661, 2.000, 33.751, -27.310
287, 325.000,-52.550, 48.429, 5943.827, 193.283, 709.031, 101.981, 82.952, -15.248
288, 230.000, -39.857, 15.980, 281.166, 781.479, -117.304, 2.000, 19.586, -98.537
288, 325.000,-16.894, 12.791, 5950.095, 680.467, -52.871, 101.982, 83.456, -94.443
289, 230.000, 41.552, 72.801, 451.443, 412.771, 573.884, 2.000, 32.563, -35.726
289, 325.000,56.357, 94.378, 5888.336, 608.588, 909.102, 101.981, 79.475, -33.800
290, 230.000, -41.312, -88.472, 533.893, -556.100, 330.506, 2.000, 39.533, 59.276
290, 325.000,-61.979, -90.143, 5920.306, -869.898, -251.279, 101.983, 81.304, 106.112
291, 230.000, -37.626, 49.015, 328.881, -743.189, 207.440, 2.000, 23.085, 74.404
291, 325.000,-61.234, 56.858, 5917.113, -863.288, 334.258, 101.981, 81.108, 68.834
292, 230.000, 29.768, 35.284, 25.751, -725.733, -419.729, 2.000, 1.759, 120.043
292, 325.000,7.305, 22.736, 5940.784, -682.880, -330.829, 101.979, 82.721, 115.848
293, 230.000, -26.893, -25.877, 681.106, -460.495, -166.019, 2.000, 54.295, 109.825
293, 325.000,-40.593, -31.144, 5962.540, -520.367, -215.708, 101.981, 84.603, 112.515
294, 230.000, 21.354, -62.586, 599.859, 59.897, -583.186, 2.000, 45.657, -174.136
294, 325.000,23.802, -81.483, 5939.229, 115.913, -762.462, 101.981, 82.601, -171.356
295, 230.000, 21.968, -4.479, 384.121, -674.197, 318.487, 2.000, 27.256, 64.714
295, 630.000,-35.217, 29.877, 4204.860, -646.831, 435.847, 51.999, 79.492, 56.027
296, 230.000, -66.852, -46.464, 477.501, 599.334, -341.050, 2.000, 34.701, -119.642
296, 325.000,-52.304, -58.356, 5953.556, 425.963, -492.879, 101.981, 83.756, -139.165
297, 230.000, -23.755, -49.528, 614.347, 495.560, -283.762, 2.000, 47.092, -119.796
297, 325.000,-10.065, -58.885, 5958.428, 464.963, -387.475, 101.981, 84.200, -129.806
298, 230.000, -48.118, 51.178, 100.062, -778.651, -295.320, 2.000, 6.852, 110.770
298, 325.000,-74.215, 43.945, 5911.601, -945.415, -168.477, 101.981, 80.773, 100.104
299, 230.000, -52.308, 48.528, 782.474, 156.042, 258.669, 2.000, 68.890, -31.100
299, 325.000,-49.693, 57.332, 5976.485, 32.573, 386.999, 101.981, 86.282, -4.811
300, 230.000, 85.266, 4.500, 736.577, 103.952, -387.521, 2.000, 61.422, -164.984
300, 325.000,92.771, -6.026, 5961.953, 416.719, -388.209, 101.981, 84.543, -132.972
301, 230.000, 16.867, 79.316, 653.333, 140.855, 506.794, 2.000, 51.162, -15.532
301, 325.000,21.748, 97.864, 5930.179, 207.249, 811.972, 101.981, 81.957, -14.319
302, 230.000, -36.605, -69.656, 50.556, -803.139, 236.507, 2.000, 3.456, 73.591
302, 325.000,-63.406, -65.596, 5911.265, -962.093, 23.330, 101.981, 80.753, 88.611
303, 230.000, 50.243, 64.487, 264.067, -322.661, -727.793, 2.000, 18.350, 156.090
303, 325.000,42.423, 45.028, 5956.670, -203.953, -587.888, 101.981, 84.036, 160.867
304, 230.000, 44.373, 73.845, 563.331, -452.561, 425.876, 2.000, 42.192, 46.740
304, 325.000,34.076, 90.370, 5936.618, -303.305, 730.640, 101.981, 82.410, 22.544
305, 230.000, -51.183, 57.297, 156.659, -436.203, -699.077, 2.000, 10.765, 148.037
305, 325.000,-66.555, 38.048, 5931.885, -594.622, -573.018, 101.981, 82.075, 133.940
306, 230.000, -59.857, 38.836, 817.133, 53.540, -181.523, 2.000, 76.960, -163.567
306, 325.000,-60.243, 35.026, 5987.706, -85.323, -96.208, 101.981, 88.770, 138.431
307, 230.000, 45.610, -45.630, 247.608, -662.753, -450.525, 2.000, 17.170, 124.207
307, 325.000,26.729, -60.675, 5933.253, -587.518, -566.155, 101.981, 82.170, 133.939
308, 230.000, 48.337, 24.239, 273.564, 436.056, -662.225, 2.000, 19.035, -146.636
308, 325.000,62.829, 4.676, 5930.068, 545.683, -636.961, 101.981, 81.950, -139.413
309, 230.000, 48.097, 54.144, 689.630, -403.226, 255.621, 2.000, 55.306, 57.628
309, 325.000,38.318, 63.175, 5968.365, -298.451, 398.397, 101.981, 85.232, 36.838
310, 230.000, -14.864, 39.749, 332.643, 146.707, 755.876, 2.000, 23.365, -10.984
310, 325.000,-10.769, 63.523, 5926.646, 123.902, 853.649, 101.981, 81.719, -8.258
311, 230.000, 61.843, -60.208, 531.564, -167.801, -626.743, 2.000, 39.327, 165.011
311, 325.000,60.976, -82.054, 5919.910, 76.757, -904.470, 101.981, 81.283, -175.149
312, 230.000, -49.176, -33.567, 633.520, 524.920, -163.203, 2.000, 49.052, -107.271
312, 325.000,-35.327, -39.055, 5967.936, 445.557, -233.241, 101.981, 85.183, -117.631
313, 230.000, 22.111, 4.385, 47.970, 675.067, 495.487, 2.000, 3.279, -53.722
313, 325.000,44.042, 20.243, 5920.717, 737.239, 520.371, 101.981, 81.334, -54.784
314, 230.000, 1.461, -30.991, 702.634, -108.001, 445.157, 2.000, 56.898, 13.637
314, 630.000,-9.723, -14.463, 4273.798, -144.156, 62.873, 52.001, 87.893, 66.436
315, 230.000, 12.282, -92.726, 28.132, -430.463, -719.329, 2.000, 1.922, 149.103
315, 325.000,0.593, -126.866, 5808.645, -377.603, -1409.710, 101.984, 75.897, 165.005
316, 230.000, 60.455, 21.841, 238.751, -169.891, -785.913, 2.000, 16.538, 167.802
316, 325.000,56.893, -1.560, 5939.377, -51.198, -768.347, 101.981, 82.613, 176.188
317, 230.000, -7.946, -21.124, 540.779, -634.298, -93.533, 2.000, 40.146, 98.388
317, 325.000,-26.722, -24.296, 5949.222, -675.420, -140.589, 101.981, 83.385, 101.758
318, 230.000, -49.357, 22.465, 551.377, 483.081, 407.603, 2.000, 41.100, -49.844
318, 325.000,-36.435, 34.837, 5957.446, 405.378, 462.253, 101.981, 84.108, -41.250
319, 230.000, 46.076, 40.965, 13.464, -783.522, -299.059, 2.000, 0.920, 110.891
319, 325.000,22.324, 32.465, 5941.242, -720.482, -227.423, 101.981, 82.753, 107.519
320, 230.000, 54.751, -53.673, 442.074, 712.524, 20.090, 2.000, 31.807, -88.385
320, 325.000,78.246, -55.602, 5915.825, 921.485, -152.093, 101.981, 81.029, -99.372
321, 230.000, -90.589, -4.250, 497.801, 62.917, 672.131, 2.000, 36.405, -5.348
321, 325.000,-95.089, 14.702, 5940.396, -327.893, 688.087, 101.981, 82.688, 25.479
322, 230.000, 60.320, -37.859, 788.464, 282.598, -44.583, 2.000, 70.057, -98.965
322, 325.000,70.266, -40.408, 5970.678, 446.927, -143.047, 101.981, 85.506, -107.748
323, 230.000, 54.606, 12.208, 667.719, -465.067, -203.442, 2.000, 52.757, 113.627
323, 325.000,42.568, 6.679, 5974.411, -375.264, -186.455, 101.981, 85.988, 116.421
324, 230.000, 25.232, 83.306, 215.815, 376.973, 717.523, 2.000, 14.910, -27.717
324, 325.000,38.784, 112.095, 5847.799, 527.243, 1181.005, 101.982, 77.529, -24.058
325, 230.000, 2.672, 45.079, 36.170, 325.843, 772.038, 2.000, 2.472, -22.882
325, 325.000,13.087, 70.733, 5912.716, 343.044, 889.559, 101.981, 80.840, -21.088
326, 230.000, -18.998, 50.536, 310.092, 757.128, -184.727, 2.000, 21.697, -103.711
326, 325.000,3.498, 46.100, 5941.624, 746.490, -95.087, 101.981, 82.782, -97.259
327, 230.000, 31.421, -48.078, 131.496, -754.427, -342.158, 2.000, 9.020, 114.396
327, 325.000,8.724, -59.966, 5928.784, -718.535, -449.901, 101.981, 81.862, 122.052
328, 230.000, -81.881, -12.700, 241.106, -300.920, -744.875, 2.000, 16.706, 158.002
328, 325.000,-95.875, -35.944, 5896.691, -634.553, -834.065, 101.981, 79.922, 142.736
329, 230.000, -45.110, -70.477, 116.700, -466.393, 687.301, 2.000, 7.998, 34.160
329, 325.000,-61.551, -52.712, 5934.930, -632.133, 496.179, 101.981, 82.289, 51.871
330, 230.000, 30.327, -24.140, 88.159, -732.926, -398.210, 2.000, 6.033, 118.516
330, 325.000,7.831, -37.225, 5929.784, -702.314, -462.177, 101.981, 81.930, 123.348
331, 230.000, -46.180, -77.574, 272.361, 125.540, -783.316, 2.000, 18.948, -170.895
331, 325.000,-46.771, -108.239, 5855.082, -117.979, -1254.464, 101.982, 77.855, 174.627
332, 230.000, -12.018, 36.585, 286.465, 27.922, -787.834, 2.000, 19.970, -177.970
332, 630.000,-23.023, -17.640, 4238.208, -212.135, -529.390, 51.994, 82.336, 158.163
333, 230.000, 42.565, 65.240, 761.458, -151.130, 317.593, 2.000, 65.208, 25.448
333, 325.000,40.132, 76.803, 5966.140, -31.100, 522.893, 101.981, 84.982, 3.404
334, 230.000, -13.759, -79.998, 548.971, -470.645, 425.028, 2.000, 40.882, 47.916
334, 325.000,-27.845, -71.108, 5961.947, -529.232, 210.355, 101.981, 84.543, 68.324
335, 230.000, 7.344, 3.417, 708.598, -273.002, 356.205, 2.000, 57.652, 37.467
335, 630.000,-16.750, 50.756, 4216.111, -286.666, 656.810, 51.998, 80.353, 23.579
336, 230.000, -19.344, -11.795, 780.707, 283.732, -116.257, 2.000, 68.557, -112.281
336, 630.000,-8.482, -39.572, 4254.068, 47.658, -437.273, 52.002, 84.097, -173.780
337, 230.000, -27.253, 24.745, 110.199, 830.370, -43.189, 2.000, 7.549, -92.977
337, 325.000,-1.683, 23.988, 5934.655, 804.162, 45.439, 101.980, 82.271, -86.766
338, 230.000, -4.803, 76.674, 629.706, -441.168, -335.209, 2.000, 48.656, 127.228
338, 325.000,-17.522, 69.898, 5968.800, -469.723, -148.192, 101.981, 85.283, 107.510
339, 230.000, -13.224, -32.198, 381.817, 710.017, 231.549, 2.000, 27.079, -71.938
339, 325.000,7.888, -25.949, 5944.122, 716.581, 152.204, 101.981, 82.974, -78.008
340, 230.000, -39.899, -63.618, 191.625, 190.473, -794.055, 2.000, 13.207, -166.511
340, 325.000,-35.972, -90.966, 5897.614, 69.965, -1040.436, 101.981, 79.973, -176.153
341, 230.000, 45.533, -57.593, 186.966, 565.722, 590.361, 2.000, 12.880, -43.779
341, 325.000,64.518, -41.603, 5928.891, 707.983, 464.939, 101.981, 81.870, -56.707
342, 230.000, 19.772, 0.057, 189.833, 96.863, -811.237, 2.000, 13.081, -173.191
342, 325.000,23.207, -25.216, 5926.786, 145.412, -849.267, 101.981, 81.728, -170.284
343, 230.000, 37.624, -58.079, 807.432, 89.751, -208.621, 2.000, 74.290, -156.722
343, 325.000,41.330, -65.745, 5975.627, 184.107, -356.642, 101.981, 86.157, -152.696
344, 230.000, -30.238, -38.421, 792.687, -268.014, 57.789, 2.000, 70.921, 77.832
344, 325.000,-38.392, -37.636, 5979.979, -330.079, -9.908, 101.981, 86.839, 91.719
345, 230.000, -38.507, -29.633, 84.934, 828.713, 97.701, 2.000, 5.812, -83.276
345, 325.000,-13.237, -27.227, 5938.136, 778.956, 31.554, 101.981, 82.521, -87.680
346, 230.000, 60.198, 43.075, 745.152, -189.946, 334.952, 2.000, 62.672, 29.557
346, 325.000,57.034, 53.980, 5971.312, -39.601, 459.413, 101.981, 85.584, 4.927
347, 230.000, 40.251, 68.284, 98.116, -750.719, 360.995, 2.000, 6.718, 64.319
347, 325.000,18.817, 82.485, 5923.238, -663.707, 586.385, 101.981, 81.496, 48.539
348, 230.000, 25.712, 27.091, 170.302, -574.064, 587.343, 2.000, 11.715, 44.345
348, 325.000,8.384, 45.937, 5927.808, -547.380, 656.254, 101.981, 81.797, 39.831
349, 230.000, 17.253, -95.221, 55.573, 697.555, 462.442, 2.000, 3.799, -56.458
349, 325.000,39.881, -91.086, 5929.170, 842.766, -59.648, 101.980, 81.890, -94.048
350, 230.000, 48.032, -2.175, 330.109, -212.243, 741.286, 2.000, 23.177, 15.977
350, 325.000,42.672, 20.189, 5939.029, -130.621, 761.618, 101.981, 82.587, 9.732
351, 230.000, 6.872, 68.324, 408.157, 506.878, 529.156, 2.000, 29.119, -43.768
351, 325.000,22.162, 86.600, 5918.319, 546.591, 737.541, 101.981, 81.183, -36.542
352, 230.000, 33.426, -92.257, 345.647, 89.006, -759.032, 2.000, 24.336, -173.312
352, 325.000,42.676, -132.956, 5734.756, 409.927, -1679.149, 101.997, 73.227, -166.281
353, 230.000, -17.883, 85.665, 564.944, -589.547, -191.824, 2.000, 42.341, 108.024
353, 325.000,-35.721, 85.236, 5948.357, -685.738, 126.713, 101.981, 83.314, 79.531
354, 230.000, 93.430, 16.674, 103.364, 405.520, -726.907, 2.000, 7.079, -150.844
354, 325.000,116.756, -3.291, 5859.692, 1042.308, -668.851, 101.982, 78.066, -122.688
355, 230.000, 23.941, 57.617, 279.477, 97.675, 784.778, 2.000, 19.463, -7.095
355, 325.000,27.733, 83.435, 5908.890, 162.471, 963.249, 101.981, 80.613, -9.574
356, 230.000, 35.531, 20.021, 120.719, -667.955, 492.734, 2.000, 8.275, 53.585
356, 325.000,15.326, 35.911, 5930.893, -624.595, 550.970, 101.981, 82.006, 48.584
357, 230.000, -50.139, 37.373, 511.265, 659.692, -83.295, 2.000, 37.557, -97.196
357, 325.000,-32.112, 35.866, 5960.771, 581.587, -11.972, 101.981, 84.426, -91.179
358, 230.000, 37.721, 21.956, 48.866, 723.107, -422.199, 2.000, 3.340, -120.279
358, 325.000,61.517, 9.082, 5919.708, 818.152, -396.085, 101.981, 81.270, -115.833
359, 230.000, -36.687, 48.077, 408.311, 25.950, -732.211, 2.000, 29.131, -177.970
359, 325.000,-36.802, 27.468, 5952.195, -45.121, -662.201, 101.981, 83.637, 176.102
360, 230.000, -6.934, -29.541, 6.195, 604.885, 581.033, 2.000, 0.423, -46.152
360, 630.000,62.754, 9.297, 4169.593, 882.410, 351.248, 51.994, 77.168, -68.295
361, 230.000, -31.786, 20.945, 475.300, 690.072, -37.617, 2.000, 34.518, -93.120
361, 325.000,-12.047, 20.331, 5955.773, 629.960, 37.164, 101.982, 83.952, -86.624
362, 230.000, 26.801, 78.109, 548.791, 599.411, -207.504, 2.000, 40.866, -109.095
362, 325.000,45.312, 75.960, 5946.190, 714.381, 41.791, 101.981, 83.138, -86.652
363, 230.000, 24.055, -23.581, 185.226, 768.096, 281.502, 2.000, 12.758, -69.872
363, 325.000,48.408, -15.329, 5925.246, 835.774, 249.289, 101.981, 81.627, -73.392
364, 230.000, -27.086, 13.612, 439.105, -700.572, -141.103, 2.000, 31.568, 101.388
364, 325.000,-48.494, 9.683, 5938.220, -769.359, -121.770, 101.981, 82.527, 98.994
365, 230.000, 7.232, 38.201, 99.064, 423.778, -717.023, 2.000, 6.783, -149.416
365, 325.000,20.794, 16.436, 5934.497, 475.547, -651.807, 101.981, 82.258, -143.886
366, 230.000, 6.314, 15.677, 600.832, -403.019, 424.383, 2.000, 45.752, 43.521
366, 325.000,-5.287, 28.381, 5954.844, -408.654, 492.041, 101.981, 83.869, 39.711
367, 230.000, -23.521, 37.874, 106.538, -769.032, 317.432, 2.000, 7.297, 67.571
367, 325.000,-48.235, 48.762, 5916.083, -841.361, 401.590, 101.981, 81.045, 64.484
368, 230.000, -78.117, -20.534, 0.256, -725.188, -421.458, 2.000, 0.017, 120.164
368, 325.000,-106.115, -35.158, 5863.909, -1095.448, -532.847, 101.981, 78.264, 115.939
369, 230.000, 67.059, -0.540, 497.365, 664.003, 123.500, 2.000, 36.368, -79.464
369, 325.000,88.916, 3.052, 5924.448, 868.346, 126.960, 101.981, 81.574, -81.682
370, 230.000, -6.670, 27.722, 230.022, -288.317, 753.317, 2.000, 15.917, 20.943
370, 325.000,-15.698, 51.524, 5923.880, -309.089, 825.414, 101.981, 81.537, 20.529
371, 230.000, -30.853, 26.672, 830.854, 26.913, -111.723, 2.000, 82.125, -166.456
371, 325.000,-30.721, 24.093, 5988.658, -30.156, -65.169, 101.981, 89.313, 155.168
372, 230.000, -58.199, -42.571, 342.191, 143.168, 752.284, 2.000, 24.077, -10.775
372, 325.000,-55.691, -21.382, 5949.985, 16.835, 683.055, 101.981, 83.449, -1.412
373, 230.000, 6.834, -34.157, 797.781, 257.890, -23.704, 2.000, 72.015, -95.252
373, 325.000,14.204, -35.498, 5981.901, 279.332, -89.445, 101.981, 87.193, -107.756
374, 230.000, 0.348, -11.503, 383.583, 325.218, 671.283, 2.000, 27.214, -25.849
374, 630.000,41.691, 58.606, 4150.425, 551.736, 870.926, 51.998, 76.050, -32.354
375, 230.000, -50.922, 63.641, 557.674, 203.563, 592.525, 2.000, 41.673, -18.960
375, 325.000,-47.724, 83.967, 5929.504, 34.951, 842.027, 101.981, 81.911, -2.377
376, 230.000, 90.767, -4.267, 212.897, 810.643, -32.505, 2.000, 14.704, -92.296
376, 325.000,124.978, -5.706, 5821.139, 1407.318, -60.187, 101.983, 76.397, -92.449
377, 230.000, 49.759, 40.663, 552.221, -426.512, -465.470, 2.000, 41.176, 137.501
377, 325.000,38.646, 28.191, 5966.084, -340.450, -398.874, 101.981, 84.977, 139.518
378, 230.000, -66.540, -4.530, 309.989, -349.927, 696.406, 2.000, 21.690, 26.678
378, 325.000,-79.345, 16.309, 5922.912, -529.489, 712.716, 101.981, 81.475, 36.609
379, 230.000, 61.634, -43.551, 794.172, -229.007, -142.726, 2.000, 71.233, 121.933
379, 325.000,57.472, -49.052, 5982.909, -77.014, -260.799, 101.981, 87.398, 163.548
380, 230.000, -40.814, -20.954, 383.506, -257.530, -700.089, 2.000, 27.208, 159.804
380, 325.000,-49.494, -42.428, 5930.525, -342.715, -761.984, 101.981, 81.981, 155.783
381, 230.000, -54.951, -74.860, 470.897, 672.253, 172.787, 2.000, 34.154, -75.585
381, 325.000,-39.393, -74.894, 5968.658, 476.618, -130.124, 101.980, 85.268, -105.270
382, 230.000, 4.231, -75.288, 809.095, -143.145, -168.517, 2.000, 74.716, 139.654
382, 325.000,0.431, -82.801, 5975.368, -136.756, -381.420, 101.981, 86.121, 160.275
383, 230.000, -25.668, -21.511, 378.822, -395.055, 635.570, 2.000, 26.849, 31.864
383, 325.000,-38.090, -2.823, 5939.401, -460.220, 617.167, 101.981, 82.614, 36.712
384, 230.000, -32.244, 91.984, 188.477, 804.407, -144.672, 2.000, 12.986, -100.196
384, 325.000,-12.135, 97.504, 5939.142, 661.508, 396.731, 101.979, 82.600, -59.047
385, 230.000, 28.284, -58.610, 639.740, 517.405, 162.936, 2.000, 49.704, -72.520
385, 325.000,43.892, -55.669, 5959.080, 597.611, 37.773, 101.981, 84.262, -86.383
386, 230.000, -40.254, -33.551, 772.132, 129.300, 301.027, 2.000, 67.008, -23.245
386, 325.000,-37.500, -25.832, 5983.672, 58.668, 247.826, 101.981, 87.563, -13.318
387, 230.000, -2.066, -2.472, 409.181, 602.391, -416.197, 2.000, 29.199, -124.641
387, 325.000,16.098, -15.125, 5931.494, 671.142, -484.709, 101.977, 82.054, -125.837
388, 230.000, 16.902, -22.636, 775.793, 310.756, -71.414, 2.000, 67.657, -102.942
388, 325.000,25.997, -25.096, 5977.334, 355.597, -119.171, 101.981, 86.410, -108.528
389, 230.000, -67.963, 35.969, 415.734, 557.762, -468.605, 2.000, 29.713, -130.035
389, 325.000,-53.769, 23.352, 5961.248, 415.798, -399.731, 101.981, 84.474, -133.871
390, 230.000, -12.890, -50.829, 432.193, 351.533, -627.022, 2.000, 31.016, -150.723
390, 325.000,-2.789, -70.755, 5932.285, 337.103, -750.704, 101.981, 82.102, -155.818
391, 230.000, -36.075, 64.679, 782.064, -286.135, 100.131, 2.000, 68.812, 70.713
391, 325.000,-45.374, 69.871, 5969.576, -394.344, 279.039, 101.981, 85.373, 54.717
392, 230.000, 3.963, 71.998, 808.200, 196.283, -108.675, 2.000, 74.485, -118.972
392, 325.000,9.528, 71.309, 5985.008, 212.367, 61.274, 101.981, 87.885, -73.906
393, 230.000, -0.310, 72.562, 838.303, 10.182, -25.866, 2.000, 88.101, -158.513
393, 325.000,-0.039, 74.246, 5987.156, 9.761, 151.955, 101.981, 88.543, -3.676
394, 230.000, 30.846, -36.604, 420.316, 476.721, -547.354, 2.000, 30.074, -138.946
394, 325.000,45.806, -53.810, 5929.373, 552.928, -637.187, 101.981, 81.902, -139.050
395, 230.000, 50.234, -73.678, 88.517, -806.063, 214.363, 2.000, 6.058, 75.108
395, 325.000,28.240, -70.982, 5950.947, -674.231, -26.649, 101.980, 83.531, 92.263
396, 230.000, -43.543, 10.399, 552.298, 278.818, -566.349, 2.000, 41.183, -153.789
396, 325.000,-36.330, -5.908, 5958.855, 202.161, -565.998, 101.981, 84.241, -160.344
397, 230.000, -4.947, -42.292, 330.621, -225.647, -737.087, 2.000, 23.215, 162.979
397, 325.000,-11.889, -65.580, 5924.920, -242.213, -840.154, 101.981, 81.605, 163.918
398, 230.000, -54.942, -75.301, 822.125, -120.537, -114.480, 2.000, 78.569, 133.524
398, 325.000,-62.804, -84.697, 5954.371, -404.627, -501.312, 101.982, 83.825, 141.092
399, 230.000, 15.069, -78.284, 541.803, -487.024, 415.669, 2.000, 40.237, 49.520
399, 325.000,1.619, -69.261, 5966.854, -465.142, 222.368, 101.981, 85.062, 64.449
400, 230.000, 34.342, 26.079, 96.120, 826.654, 104.537, 2.000, 6.580, -82.793
400, 325.000,61.171, 29.994, 5915.724, 921.115, 157.983, 101.981, 81.023, -80.268
401, 230.000, -62.797, -17.075, 466.213, -100.229, -690.017, 2.000, 33.768, 171.735
401, 325.000,-67.730, -37.901, 5935.877, -252.331, -755.582, 101.981, 82.357, 161.533
402, 230.000, 31.811, 14.815, 234.015, 610.593, 525.297, 2.000, 16.201, -49.294
402, 325.000,51.297, 31.307, 5922.386, 686.609, 568.428, 101.981, 81.441, -50.379
403, 230.000, 29.296, -92.549, 323.428, -50.605, 772.242, 2.000, 22.681, 3.749
403, 325.000,30.297, -78.119, 5977.714, 91.622, 355.777, 101.977, 86.483, -14.441
404, 230.000, 88.030, -16.163, 83.065, 463.281, -694.258, 2.000, 5.683, -146.285
404, 325.000,110.399, -38.993, 5852.503, 966.355, -826.987, 101.982, 77.739, -130.556
405, 230.000, 3.183, 40.134, 831.366, 101.807, -44.616, 2.000, 82.385, -113.665
405, 325.000,6.084, 39.692, 5987.998, 110.827, 28.245, 101.981, 88.906, -75.702
406, 230.000, 29.465, 39.541, 691.064, -278.113, -385.496, 2.000, 55.478, 144.192
406, 325.000,22.174, 29.406, 5976.113, -229.298, -320.406, 101.981, 86.228, 144.411
407, 230.000, -1.567, 83.170, 188.605, -298.709, 760.740, 2.000, 12.995, 21.438
407, 325.000,-10.784, 112.177, 5865.391, -322.998, 1167.149, 101.981, 78.334, 15.469
408, 230.000, -16.629, -85.283, 768.267, 26.676, 335.527, 2.000, 66.341, -4.546
408, 325.000,-16.728, -80.313, 5988.714, -28.576, 60.301, 101.981, 89.362, 25.356
409, 230.000, 48.046, -49.111, 597.939, 461.757, -364.380, 2.000, 45.470, -128.278
409, 325.000,63.071, -61.375, 5936.391, 607.564, -509.271, 101.981, 82.393, -129.970
410, 230.000, -86.748, -41.837, 13.132, -820.757, 172.364, 2.000, 0.897, 78.140
410, 325.000,-126.872, -43.687, 5763.927, -1618.829, -169.002, 101.989, 74.231, 95.960
411, 230.000, 10.930, -27.812, 6.271, -686.518, -481.848, 2.000, 0.428, 125.064
411, 325.000,-10.836, -43.816, 5923.560, -691.779, -549.618, 101.981, 81.517, 128.467
412, 230.000, -50.864, 8.952, 236.165, -591.170, 546.139, 2.000, 16.354, 47.267
412, 325.000,-70.373, 25.945, 5916.993, -718.856, 584.508, 101.981, 81.101, 50.885
413, 230.000, -56.878, -62.916, 96.017, -340.778, 760.378, 2.000, 6.573, 24.140
413, 325.000,-70.152, -42.638, 5934.938, -544.225, 591.176, 101.981, 82.290, 42.632
414, 230.000, -24.028, 62.387, 87.903, -469.835, 689.240, 2.000, 6.016, 34.281
414, 325.000,-39.701, 86.479, 5894.250, -561.141, 901.214, 101.981, 79.790, 31.908
415, 230.000, 74.239, 37.620, 331.748, -485.783, -597.898, 2.000, 23.298, 140.907
415, 325.000,62.803, 21.391, 5959.165, -299.244, -517.622, 101.981, 84.271, 149.967
416, 230.000, -41.449, 13.539, 167.154, -335.145, 750.507, 2.000, 11.495, 24.064
416, 325.000,-52.837, 37.184, 5920.088, -424.076, 801.201, 101.981, 81.294, 27.892
417, 230.000, -79.073, 24.659, 709.085, -180.953, -409.852, 2.000, 57.714, 156.178
417, 325.000,-87.969, 14.390, 5962.116, -450.604, -345.335, 101.981, 84.561, 127.466
418, 230.000, 7.573, 87.395, 55.650, 44.392, 835.737, 2.000, 3.804, -3.041
418, 325.000,9.654, 121.453, 5831.566, 88.096, 1361.874, 101.982, 76.829, -3.701
419, 230.000, 14.306, 72.010, 624.382, 543.200, 136.401, 2.000, 48.108, -75.904
419, 325.000,30.353, 78.633, 5949.003, 603.251, 338.617, 101.981, 83.367, -60.694
420, 230.000, -31.138, -20.433, 700.100, -415.765, -201.303, 2.000, 56.583, 115.835
420, 325.000,-43.607, -26.578, 5964.769, -481.600, -242.471, 101.981, 84.835, 116.724
421, 230.000, -52.291, -64.942, 575.208, 406.553, -455.383, 2.000, 43.297, -138.242
421, 325.000,-43.381, -81.313, 5942.896, 243.183, -701.475, 101.981, 82.879, -160.880
422, 230.000, 7.796, -82.428, 398.430, 626.432, -390.333, 2.000, 28.361, -121.927
422, 325.000,26.699, -98.767, 5905.006, 688.083, -725.762, 101.981, 80.387, -136.527
423, 230.000, -41.553, -30.986, 820.256, 145.953, 96.961, 2.000, 77.942, -56.403
423, 325.000,-38.389, -28.957, 5988.474, 74.151, 43.080, 101.981, 89.180, -59.844
424, 230.000, 30.363, 72.017, 327.319, 169.028, -753.535, 2.000, 22.969, -167.357
424, 325.000,36.467, 52.055, 5953.449, 251.556, -601.927, 101.981, 83.746, -157.319
425, 230.000, -85.244, -9.528, 353.787, 14.545, -760.360, 2.000, 24.948, -178.904
425, 325.000,-89.847, -32.533, 5922.398, -310.777, -835.342, 101.981, 81.442, 159.593
426, 230.000, -94.009, 22.088, 318.769, -758.618, -162.507, 2.000, 22.337, 102.091
426, 325.000,-131.581, 20.852, 5778.860, -1573.659, 5.980, 101.988, 74.767, 89.782
427, 230.000, -40.257, 29.768, 388.549, -685.133, 288.352, 2.000, 27.596, 67.175
427, 325.000,-61.798, 39.167, 5925.932, -789.950, 358.497, 101.981, 81.672, 65.590
428, 230.000, -33.758, 2.337, 822.662, -80.817, 142.195, 2.000, 78.755, 29.612
428, 325.000,-36.682, 6.357, 5985.323, -148.775, 151.468, 101.981, 87.968, 44.486
429, 230.000, 76.076, 9.517, 604.236, 416.983, -405.645, 2.000, 46.087, -134.210
429, 325.000,91.318, -1.668, 5938.832, 666.827, -393.497, 101.981, 82.572, -120.545
430, 230.000, -23.190, -51.637, 151.257, -425.678, 706.713, 2.000, 10.389, 31.062
430, 325.000,-36.965, -30.906, 5935.838, -485.043, 632.250, 101.981, 82.354, 37.494
431, 230.000, 14.313, 82.883, 743.053, -215.136, -324.211, 2.000, 62.361, 146.433
431, 325.000,8.978, 77.578, 5985.846, -179.406, -81.271, 101.981, 88.115, 114.371
432, 230.000, -32.512, 43.240, 426.152, 687.053, -223.332, 2.000, 30.536, -108.007
432, 325.000,-12.826, 37.578, 5952.223, 647.159, -146.281, 101.981, 83.640, -102.737
433, 230.000, -52.899, 81.711, 3.660, 814.853, 198.811, 2.000, 0.250, -76.289
433, 325.000,-34.347, 96.817, 5920.848, 540.060, 721.977, 101.981, 81.342, -36.798
434, 230.000, 37.561, 84.570, 418.908, 130.649, 714.822, 2.000, 29.963, -10.358
434, 325.000,45.455, 114.608, 5840.851, 366.915, 1272.662, 101.983, 77.223, -16.083
435, 230.000, 1.595, -91.631, 104.618, 733.564, -393.017, 2.000, 7.165, -118.181
435, 325.000,24.100, -112.563, 5862.755, 791.330, -933.521, 101.982, 78.209, -139.713
436, 230.000, 12.947, -17.641, 449.625, -455.706, 541.934, 2.000, 32.416, 40.060
436, 630.000,-27.704, 27.911, 4218.416, -476.139, 516.622, 51.997, 80.544, 42.665
437, 230.000, -70.270, -24.092, 274.664, 712.942, -346.118, 2.000, 19.115, -115.896
437, 325.000,-51.019, -35.313, 5946.977, 574.262, -415.758, 101.981, 83.202, -125.904
438, 230.000, 4.964, -93.117, 50.684, -641.797, 537.635, 2.000, 3.464, 50.047
438, 325.000,-14.211, -83.016, 5950.219, -656.704, 180.496, 101.980, 83.470, 74.632
439, 230.000, -60.490, 76.588, 106.538, -659.242, -507.517, 2.000, 7.297, 127.591
439, 325.000,-88.419, 72.082, 5877.778, -1149.995, 19.450, 101.986, 78.928, 89.031
440, 230.000, 66.854, -46.970, 139.047, 671.016, -483.660, 2.000, 9.542, -125.784
440, 325.000,92.025, -65.031, 5863.043, 994.038, -711.328, 101.981, 78.224, -125.587
441, 230.000, 8.589, 54.460, 208.980, 35.620, -811.531, 2.000, 14.427, -177.487
441, 325.000,9.887, 30.705, 5944.656, 56.364, -725.995, 101.981, 83.016, -175.561
442, 230.000, 23.396, -28.633, 470.564, 676.661, -155.638, 2.000, 34.126, -102.953
442, 325.000,43.908, -33.838, 5939.720, 737.983, -210.483, 101.981, 82.638, -105.919
443, 230.000, -16.152, -74.306, 657.044, 436.466, -285.156, 2.000, 51.568, -123.158
443, 325.000,-4.428, -85.377, 5953.491, 407.328, -509.156, 101.981, 83.750, -141.340
444, 230.000, 77.959, -58.402, 763.634, 223.586, 265.324, 2.000, 65.565, -40.121
444, 325.000,93.135, -58.022, 5941.559, 746.666, -102.940, 101.984, 82.770, -97.850
445, 230.000, 58.952, 22.469, 595.456, 423.660, -411.665, 2.000, 45.229, -134.177
445, 325.000,72.882, 11.272, 5950.097, 569.765, -375.383, 101.981, 83.458, -123.378
446, 230.000, 1.563, 8.119, 460.146, -512.729, -478.433, 2.000, 33.271, 133.018
446, 630.000,-60.449, -41.492, 4151.957, -817.808, -617.839, 51.999, 76.133, 127.070
447, 230.000, -74.356, 22.533, 673.222, -499.357, 30.632, 2.000, 53.383, 86.490
447, 325.000,-91.896, 24.436, 5940.018, -758.042, 103.933, 101.981, 82.660, 82.193
448, 230.000, -24.770, 51.215, 478.269, -688.318, -31.633, 2.000, 34.765, 92.631
448, 325.000,-45.676, 51.642, 5939.958, -762.095, 72.847, 101.981, 82.656, 84.540
449, 230.000, -66.638, -0.824, 759.845, -298.631, 192.298, 2.000, 64.946, 57.221
449, 325.000,-77.075, 4.534, 5967.712, -465.702, 196.816, 101.981, 85.157, 67.090
450, 230.000, -72.131, 7.587, 247.454, 235.553, 766.032, 2.000, 17.159, -17.093
450, 325.000,-67.496, 31.099, 5932.925, 63.163, 815.842, 101.981, 82.147, -4.427
451, 230.000, 1.669, -62.727, 492.527, 574.004, 362.574, 2.000, 35.959, -57.721
451, 325.000,18.525, -53.737, 5954.235, 595.906, 247.308, 101.981, 83.816, -67.461
452, 230.000, -72.683, 67.483, 90.181, 743.340, -377.938, 2.000, 6.172, -116.950
452, 325.000,-58.511, 63.417, 5977.563, 366.868, -9.863, 101.972, 86.487, -91.540
453, 230.000, -57.743, 50.991, 137.819, 545.900, -621.710, 2.000, 9.457, -138.715
453, 325.000,-42.775, 33.474, 5950.178, 432.398, -526.836, 101.981, 83.466, -140.623
454, 230.000, 34.355, -66.689, 563.587, -393.014, 481.075, 2.000, 42.216, 39.247
454, 325.000,24.134, -54.958, 5970.434, -326.159, 341.616, 101.981, 85.477, 43.674
455, 230.000, 95.713, -3.121, 90.386, 492.603, 672.827, 2.000, 6.186, -36.209
455, 325.000,124.355, 16.824, 5816.692, 1244.507, 698.488, 101.985, 76.215, -60.696
456, 230.000, -5.069, -5.206, 437.722, -630.643, 337.953, 2.000, 31.458, 61.814
456, 325.000,-24.133, 4.816, 5936.740, -709.303, 348.527, 101.982, 82.417, 63.832
457, 230.000, -79.301, -18.504, 686.200, 74.228, -476.595, 2.000, 54.896, -171.147
457, 325.000,-80.861, -32.750, 5960.764, -174.633, -555.021, 101.981, 84.425, 162.534
458, 230.000, -84.333, -47.063, 21.323, 454.936, 704.346, 2.000, 1.457, -32.858
458, 325.000,-77.211, -29.541, 5965.215, 89.178, 526.040, 101.979, 84.889, -9.622
459, 230.000, -61.681, 70.017, 652.821, -493.090, 184.963, 2.000, 51.106, 69.438
459, 325.000,-81.536, 82.062, 5895.767, -870.696, 592.861, 101.982, 79.870, 55.749
460, 230.000, -59.748, -34.326, 607.948, 47.676, -575.891, 2.000, 46.453, -175.267
460, 325.000,-60.388, -51.995, 5949.279, -99.258, -682.226, 101.981, 83.390, 171.722
461, 230.000, -43.741, 26.452, 68.013, -314.779, 774.475, 2.000, 4.651, 22.119
461, 325.000,-54.863, 51.603, 5912.314, -418.629, 859.364, 101.981, 80.816, 25.972
462, 230.000, 48.418, -53.795, 43.004, -156.053, -822.996, 2.000, 2.939, 169.263
462, 325.000,45.631, -81.991, 5900.391, -16.814, -1026.812, 101.981, 80.127, 179.062
463, 230.000, -89.671, 3.243, 277.839, -251.750, -750.301, 2.000, 19.345, 161.452
463, 325.000,-104.125, -18.812, 5898.040, -690.156, -778.543, 101.981, 79.996, 138.444
464, 230.000, -52.445, 58.146, 348.130, 676.208, 353.655, 2.000, 24.523, -62.391
464, 325.000,-34.459, 71.018, 5939.332, 555.790, 533.508, 101.981, 82.609, -46.172
465, 230.000, -15.269, -94.287, 774.180, 278.409, -163.271, 2.000, 67.369, -120.389
465, 325.000,-9.203, -108.152, 5942.317, 204.541, -718.895, 101.982, 82.831, -164.118
466, 230.000, 16.926, 62.667, 561.923, 319.607, -534.432, 2.000, 42.063, -149.119
466, 325.000,26.620, 48.856, 5962.997, 364.476, -423.083, 101.981, 84.650, -139.256
467, 230.000, 44.265, 23.140, 580.712, 96.005, 597.562, 2.000, 43.816, -9.127
467, 325.000,48.090, 41.000, 5949.866, 182.678, 659.487, 101.981, 83.439, -15.483
468, 230.000, -39.121, 86.490, 799.675, -250.224, 37.830, 2.000, 72.439, 81.403
468, 325.000,-49.637, 95.723, 5946.766, -481.540, 522.524, 101.980, 83.186, 42.663
469, 230.000, 40.054, 14.427, 792.124, 241.640, -132.942, 2.000, 70.803, -118.818
469, 325.000,47.644, 10.997, 5979.555, 318.950, -111.286, 101.981, 86.767, -109.235
470, 230.000, 9.322, 15.540, 755.980, -298.239, -207.538, 2.000, 64.330, 124.833
470, 630.000,-15.166, 9.518, 4267.201, -283.748, 0.070, 51.999, 86.196, 89.986
471, 230.000, -91.421, 2.481, 717.711, -423.583, -94.823, 2.000, 58.835, 102.618
471, 325.000,-110.809, 0.056, 5919.520, -906.149, -87.243, 101.981, 81.257, 95.499
472, 230.000, -32.911, -30.946, 199.433, -317.009, -750.504, 2.000, 13.755, 157.101
472, 325.000,-43.519, -54.904, 5917.400, -392.003, -836.613, 101.981, 81.126, 154.894
473, 230.000, -89.318, 4.036, 211.028, 368.573, 723.288, 2.000, 14.572, -27.002
473, 325.000,-83.678, 25.958, 5938.380, 42.536, 776.471, 101.980, 82.540, -3.136
474, 230.000, 44.031, -13.838, 620.696, 560.503, 64.011, 2.000, 47.733, -83.485
474, 325.000,61.174, -12.307, 5952.680, 658.154, 40.416, 101.981, 83.679, -86.486
475, 230.000, -62.039, 20.502, 636.387, 538.711, -91.245, 2.000, 49.352, -99.613
475, 325.000,-48.243, 18.423, 5973.416, 429.778, -52.543, 101.981, 85.854, -96.970
476, 230.000, 85.663, -40.457, 484.976, -334.032, -597.281, 2.000, 35.324, 150.784
476, 325.000,84.198, -61.253, 5926.890, 117.029, -853.159, 101.982, 81.733, -172.189
477, 230.000, -1.265, 88.818, 278.479, -364.281, -702.334, 2.000, 19.391, 152.586
477, 325.000,-12.139, 72.444, 5960.477, -385.077, -439.877, 101.980, 84.398, 138.800
478, 230.000, 56.318, 26.783, 25.393, -432.300, -718.329, 2.000, 1.735, 148.960
478, 325.000,44.023, 4.705, 5939.504, -336.128, -691.731, 101.981, 82.622, 154.084
479, 230.000, -43.312, -21.932, 131.957, -435.519, 704.581, 2.000, 9.052, 31.721
479, 325.000,-57.923, -0.439, 5925.732, -531.130, 687.605, 101.981, 81.659, 37.684
480, 230.000, 99.552, -1.451, 479.652, 16.854, 687.877, 2.000, 34.880, -1.404
480, 325.000,118.465, 17.574, 5871.260, 943.478, 718.113, 102.004, 78.583, -52.724
481, 230.000, -23.631, 72.972, 778.967, 137.534, 278.960, 2.000, 68.234, -26.244
481, 325.000,-20.764, 83.670, 5967.692, 74.540, 500.306, 101.981, 85.155, -8.474
482, 230.000, 74.856, -35.283, 285.953, -105.710, 781.396, 2.000, 19.933, 7.704
482, 325.000,74.961, -13.456, 5945.764, 113.316, 710.071, 101.981, 83.104, -9.067
483, 230.000, 87.499, 43.625, 419.958, -725.059, -38.060, 2.000, 30.045, 93.005
483, 325.000,75.308, 46.677, 5978.848, -285.967, 198.480, 101.977, 86.668, 55.237
484, 230.000, -14.288, 48.460, 820.256, -24.989, -173.434, 2.000, 77.942, 171.801
484, 325.000,-15.289, 44.665, 5988.186, -51.697, -90.210, 101.981, 89.005, 150.184
485, 230.000, 41.665, -5.521, 768.037, 177.111, -286.837, 2.000, 66.302, -148.306
485, 325.000,47.500, -13.704, 5975.883, 255.354, -304.644, 101.981, 86.194, -140.030
486, 230.000, -21.388, 3.989, 704.861, -326.636, 316.234, 2.000, 57.178, 45.927
486, 325.000,-31.150, 13.103, 5967.061, -386.399, 337.801, 101.981, 85.084, 48.839
487, 230.000, -49.180, 80.146, 676.294, 451.699, 205.226, 2.000, 53.736, -65.566
487, 325.000,-40.840, 92.628, 5952.180, 224.338, 624.544, 101.980, 83.638, -19.758
488, 230.000, -37.030, -45.487, 497.212, -661.479, -136.929, 2.000, 36.355, 101.695
488, 325.000,-57.491, -50.813, 5934.944, -766.183, -242.105, 101.981, 82.290, 107.536
489, 230.000, -29.492, -33.503, 144.909, 386.064, -730.397, 2.000, 9.949, -152.141
489, 325.000,-18.126, -57.053, 5923.124, 344.679, -816.697, 101.981, 81.488, -157.118
490, 230.000, 16.160, -58.666, 143.936, 773.151, -291.624, 2.000, 9.881, -110.666
490, 325.000,40.681, -69.578, 5913.087, 842.318, -441.724, 101.981, 80.862, -117.673
491, 230.000, -19.222, -9.380, 448.832, 642.441, -298.903, 2.000, 32.351, -114.951
491, 630.000,37.041, -57.862, 4169.952, 648.964, -695.982, 52.012, 77.145, -137.002
492, 230.000, 42.376, -86.160, 104.772, 347.539, -756.150, 2.000, 7.176, -155.316
492, 325.000,60.353, -124.227, 5740.755, 732.482, -1542.466, 101.989, 73.435, -154.598
493, 230.000, 1.828, 30.349, 386.424, 719.422, -191.395, 2.000, 27.433, -104.898
493, 325.000,23.519, 25.224, 5939.917, 754.008, -134.360, 101.981, 82.653, -100.104
494, 230.000, 14.376, -77.398, 274.562, 783.315, -120.653, 2.000, 19.107, -98.756
494, 325.000,38.655, -84.762, 5913.694, 867.867, -379.808, 101.981, 80.899, -113.636
495, 230.000, -49.963, 26.381, 391.211, 724.897, -158.120, 2.000, 27.802, -102.305
495, 325.000,-29.455, 22.264, 5952.720, 649.731, -110.153, 101.981, 83.683, -99.622
496, 230.000, 14.434, 87.591, 58.619, 666.362, 506.013, 2.000, 4.008, -52.788
496, 325.000,36.313, 111.089, 5852.496, 786.363, 999.729, 101.982, 77.738, -38.188
497, 230.000, 45.334, 5.521, 248.324, -307.203, 739.922, 2.000, 17.221, 22.547
497, 325.000,36.898, 28.333, 5934.113, -234.231, 775.001, 101.981, 82.231, 16.817
498, 230.000, -17.672, -96.323, 440.205, 383.337, 602.325, 2.000, 31.657, -32.474
498, 325.000,-8.598, -88.684, 5980.316, 305.901, 99.284, 101.976, 86.922, -72.019
499, 230.000, -61.022, -43.532, 480.420, -494.154, -478.051, 2.000, 34.944, 134.051
499, 325.000,-78.297, -59.525, 5912.198, -711.901, -639.034, 101.981, 80.809, 131.913
500, 230.000, -3.363, 1.098, 491.017, 527.468, -429.189, 2.000, 35.832, -129.134
500, 630.000,58.037, -50.883, 4144.663, 799.841, -686.363, 51.998, 75.732, -130.634
