ion,x0,y0,z0,vx0,vy0,vz0,ke0,elev0,azim0,x1,y1,z1,vx1,vy1,vz1,ke1,elev1,azim1
1, 230.000, -80.316, -30.057, 614.373, -570.984, 6.843, 2.000, 47.094, 89.313
1, 325.000,-101.786, -31.830, 5914.511, -934.818, -118.358, 101.981, 80.948, 97.216
2, 230.000, 50.488, 54.793, 269.289, 467.412, 642.288, 2.000, 18.727, -36.044
2, 325.000,67.129, 76.940, 5890.543, 659.705, 857.647, 101.981, 79.591, -37.568
3, 230.000, 8.451, -24.847, 692.933, -98.176, -462.309, 2.000, 55.704, 168.011
3, 325.000,5.810, -38.547, 5965.435, -85.493, -524.864, 101.981, 84.906, 170.749
4, 230.000, -14.958, 68.877, 16.357, 658.021, -519.870, 2.000, 1.117, -128.310
4, 325.000,5.377, 54.448, 5940.757, 650.821, -391.163, 101.981, 82.716, -121.007
5, 230.000, 17.899, 28.876, 334.231, 631.409, -439.473, 2.000, 23.483, -124.839
5, 325.000,37.407, 16.147, 5935.981, 687.531, -400.789, 101.981, 82.364, -120.240
6, 230.000, 61.653, 42.877, 153.971, -619.175, -544.463, 2.000, 10.578, 131.326
6, 325.000,44.483, 27.433, 5949.476, -503.547, -468.320, 101.981, 83.407, 132.924
7, 230.000, 20.268, 26.683, 545.643, -325.642, -547.499, 2.000, 40.582, 149.257
7, 630.000,4.870, -7.557, 4656.647, -105.636, -330.427, 61.994, 85.740, 162.271
8, 230.000, 77.222, 57.274, 431.886, -67.769, -715.825, 2.000, 30.991, 174.592
8, 325.000,82.060, 41.930, 5962.439, 327.839, -458.683, 101.979, 84.598, -144.445
9, 230.000, 3.135, 91.928, 493.449, -406.264, -543.122, 2.000, 36.037, 143.203
9, 325.000,-8.261, 82.157, 5971.279, -413.133, -205.284, 101.980, 85.582, 116.423
10, 230.000, -80.950, 30.809, 356.091, -684.027, 329.895, 2.000, 25.122, 64.253
10, 325.000,-107.588, 43.007, 5864.429, -1109.919, 496.000, 101.982, 78.288, 65.921
11, 230.000, 96.798, -17.965, 146.957, 825.649, -15.201, 2.000, 10.091, -91.055
11, 325.000,145.049, -22.684, 5672.023, 1912.951, -207.065, 101.995, 71.261, -96.178
12, 230.000, 91.717, -7.704, 312.575, -487.097, -607.090, 2.000, 21.880, 141.258
12, 325.000,83.549, -26.027, 5949.979, -129.967, -670.725, 101.980, 83.450, 169.034
13, 230.000, 93.428, 26.223, 720.911, 394.342, -168.242, 2.000, 59.260, -113.105
13, 325.000,116.241, 24.951, 5893.000, 1069.252, 5.372, 101.985, 79.716, -89.712
14, 230.000, -87.131, -38.594, 489.430, 39.652, 680.007, 2.000, 35.698, -3.337
14, 325.000,-93.627, -22.705, 5952.598, -409.804, 516.987, 101.979, 83.676, 38.403
15, 230.000, -30.491, -70.967, 399.556, -727.488, 120.996, 2.000, 28.448, 80.557
15, 325.000,-53.309, -70.495, 5927.515, -851.962, -89.149, 101.981, 81.777, 95.974
16, 230.000, -33.170, 53.137, 113.373, -126.713, 821.349, 2.000, 7.768, 8.770
16, 325.000,-38.305, 80.658, 5901.769, -218.438, 995.309, 101.981, 80.204, 12.378
17, 230.000, 55.017, 17.302, 440.794, 49.870, 711.855, 2.000, 31.704, -4.007
17, 325.000,57.978, 38.837, 5936.806, 166.354, 771.922, 101.981, 82.424, -12.162
18, 230.000, -2.797, 16.859, 356.117, -537.641, 536.328, 2.000, 25.124, 45.070
18, 325.000,-19.130, 33.436, 5933.234, -563.760, 590.009, 101.981, 82.169, 43.697
19, 230.000, 9.539, -95.947, 690.680, -436.122, 190.481, 2.000, 55.432, 66.406
19, 325.000,-1.498, -100.008, 5965.516, -405.280, -341.433, 101.978, 84.924, 130.113
20, 230.000, 17.277, -95.772, 5.913, -135.825, 827.672, 2.000, 0.404, 9.319
20, 325.000,14.554, -78.435, 5973.275, -63.177, 429.187, 101.978, 85.846, 8.374
21, 230.000, -69.784, -70.962, 445.120, 625.477, -337.892, 2.000, 32.052, -118.379
21, 325.000,-63.474, -91.772, 5912.743, 83.066, -950.434, 101.985, 80.834, -175.005
22, 230.000, -55.538, 34.465, 680.646, -470.132, 138.640, 2.000, 54.241, 73.569
22, 325.000,-70.657, 39.502, 5952.595, -620.147, 226.379, 101.981, 83.671, 69.946
23, 230.000, -6.098, 5.979, 464.933, -620.006, 320.863, 2.000, 33.663, 62.638
23, 325.000,-24.719, 15.678, 5940.402, -673.612, 356.434, 101.981, 82.689, 62.115
24, 230.000, 7.116, -52.714, 612.248, 470.609, -327.419, 2.000, 46.882, -124.828
24, 325.000,20.847, -63.449, 5951.936, 499.111, -441.078, 101.981, 83.615, -131.468
25, 230.000, -13.995, -18.224, 272.693, 522.328, -596.939, 2.000, 18.972, -138.814
25, 325.000,1.750, -36.920, 5930.455, 515.208, -658.380, 101.981, 81.976, -141.955
26, 230.000, -91.353, 16.928, 488.662, 673.668, 104.425, 2.000, 35.634, -81.189
26, 325.000,-77.969, 20.977, 5976.812, 339.446, 177.228, 101.980, 86.334, -62.430
27, 230.000, 31.123, -0.591, 796.988, 107.253, -238.393, 2.000, 71.841, -155.777
27, 325.000,34.751, -7.298, 5981.434, 173.577, -248.090, 101.981, 87.102, -145.021
28, 230.000, -2.252, 82.527, 383.814, -442.470, -600.359, 2.000, 27.232, 143.609
28, 325.000,-15.370, 68.207, 5957.996, -466.771, -391.851, 101.981, 84.160, 130.013
29, 230.000, 77.823, 58.510, 620.593, 470.775, 311.061, 2.000, 47.722, -56.546
29, 325.000,102.709, 76.015, 5833.900, 1104.793, 785.171, 101.987, 76.921, -54.599
30, 230.000, 7.553, 81.525, 357.192, 320.103, 688.093, 2.000, 25.205, -24.948
30, 325.000,17.531, 107.050, 5884.685, 367.336, 1051.131, 101.981, 79.285, -19.263
31, 230.000, 86.838, 25.545, 92.792, -783.007, 286.031, 2.000, 6.352, 69.933
31, 325.000,67.769, 35.651, 5954.108, -514.724, 390.749, 101.980, 83.806, 52.796
32, 230.000, -1.489, 24.287, 529.209, 436.165, -482.931, 2.000, 39.119, -137.913
32, 630.000,48.489, -5.194, 4612.751, 673.060, -275.710, 61.999, 81.039, -112.276
33, 230.000, -2.452, -72.106, 722.908, -341.960, 252.965, 2.000, 59.528, 53.508
33, 325.000,-12.134, -67.281, 5977.612, -359.186, 91.152, 101.981, 86.453, 75.760
34, 230.000, -73.927, 57.684, 632.317, 196.539, 514.851, 2.000, 48.927, -20.894
34, 325.000,-75.194, 77.357, 5924.755, -191.847, 854.184, 101.981, 81.595, 12.658
35, 230.000, -52.308, -1.781, 695.032, 102.416, 458.220, 2.000, 55.959, -12.599
35, 325.000,-50.565, 11.201, 5970.745, 9.108, 468.301, 101.981, 85.514, -1.114
36, 230.000, -29.334, -7.663, 715.433, -349.916, 263.132, 2.000, 58.535, 53.057
36, 325.000,-39.867, -0.325, 5969.090, -415.805, 257.429, 101.981, 85.316, 58.238
37, 230.000, -13.066, -37.274, 762.277, 341.986, -74.185, 2.000, 65.342, -102.239
37, 325.000,-3.686, -40.113, 5978.304, 328.517, -145.452, 101.981, 86.561, -113.881
38, 230.000, 27.755, 51.548, 485.437, 480.402, 486.918, 2.000, 35.363, -44.614
38, 325.000,42.691, 67.382, 5930.446, 560.165, 620.675, 101.981, 81.975, -42.067
39, 230.000, -38.553, -12.275, 390.418, -24.658, -741.950, 2.000, 27.741, 178.097
39, 325.000,-40.113, -34.773, 5936.452, -93.793, -786.727, 101.981, 82.398, 173.201
40, 230.000, 19.478, 55.008, 640.611, 192.996, 505.860, 2.000, 49.796, -20.883
40, 325.000,25.548, 71.029, 5949.744, 241.461, 641.443, 101.981, 83.429, -20.628
41, 230.000, 82.086, 48.181, 87.442, 834.052, -15.355, 2.000, 5.984, -91.055
41, 325.000,120.004, 55.006, 5779.597, 1529.890, 355.948, 101.986, 74.796, -76.902
42, 230.000, 87.675, -30.370, 324.887, -763.478, 122.773, 2.000, 22.789, 80.865
42, 325.000,70.654, -28.613, 5970.898, -465.967, 12.911, 101.980, 85.536, 88.413
43, 230.000, 49.624, 82.083, 692.651, 468.752, -63.483, 2.000, 55.670, -97.713
43, 325.000,67.971, 89.273, 5918.838, 801.609, 440.530, 101.981, 81.215, -61.209
44, 230.000, -17.028, 58.875, 767.934, 312.523, -127.005, 2.000, 66.285, -112.116
44, 325.000,-8.701, 56.786, 5982.141, 288.055, -14.213, 101.981, 87.240, -92.825
45, 230.000, -40.856, -66.782, 463.627, -361.339, 598.338, 2.000, 33.556, 31.128
45, 325.000,-52.965, -51.877, 5953.025, -486.437, 440.520, 101.981, 83.709, 47.836
46, 230.000, 41.563, -36.513, 13.413, 146.986, -825.675, 2.000, 0.916, -169.906
46, 325.000,47.468, -63.844, 5909.603, 246.150, -940.860, 101.981, 80.655, -165.339
47, 230.000, 14.260, -89.860, 27.313, 341.897, -765.431, 2.000, 1.866, -155.931
47, 325.000,26.493, -123.833, 5810.013, 455.312, -1380.718, 101.983, 75.951, -161.749
48, 230.000, -94.989, -1.649, 543.237, -248.782, -588.664, 2.000, 40.366, 157.090
48, 325.000,-112.249, -18.492, 5895.771, -841.910, -633.090, 101.982, 79.870, 126.942
49, 230.000, -17.331, 7.345, 96.094, 684.896, 474.560, 2.000, 6.579, -55.282
49, 325.000,4.010, 22.633, 5922.799, 685.680, 565.209, 101.981, 81.467, -50.501
50, 230.000, -80.627, -31.271, 440.973, -2.497, 713.484, 2.000, 31.718, 0.201
50, 325.000,-84.997, -12.206, 5948.273, -286.492, 636.447, 101.981, 83.308, 24.235
51, 230.000, 27.383, -27.489, 337.430, -48.449, -766.366, 2.000, 23.722, 176.383
51, 325.000,26.509, -51.259, 5930.012, -1.322, -839.141, 101.981, 81.946, 179.910
52, 230.000, -25.950, -90.502, 806.510, -226.528, 41.840, 2.000, 74.059, 79.535
52, 325.000,-34.321, -97.095, 5962.621, -371.506, -422.145, 101.980, 84.612, 138.651
53, 230.000, -23.204, 95.883, 235.602, -159.662, 789.002, 2.000, 16.313, 11.440
53, 325.000,-33.491, 142.310, 5678.891, -416.167, 1857.895, 101.997, 71.465, 12.626
54, 230.000, -68.094, -33.828, 64.737, -692.678, 468.540, 2.000, 4.427, 55.925
54, 325.000,-92.948, -20.809, 5901.156, -948.118, 382.976, 101.981, 80.169, 68.005
55, 230.000, -31.548, -39.459, 268.060, -726.061, 323.269, 2.000, 18.638, 66.000
55, 325.000,-54.466, -30.548, 5928.353, -810.564, 258.497, 101.981, 81.833, 72.312
56, 230.000, -54.490, -61.663, 331.876, 714.687, -287.410, 2.000, 23.308, -111.907
56, 325.000,-35.737, -73.004, 5940.897, 577.462, -491.424, 101.981, 82.726, -130.398
57, 230.000, -50.225, -37.348, 40.905, -720.747, 427.052, 2.000, 2.795, 59.353
57, 325.000,-74.567, -25.058, 5914.974, -869.035, 356.472, 101.981, 80.977, 67.697
58, 230.000, 28.155, 74.613, 675.680, -213.630, -448.713, 2.000, 53.665, 154.541
58, 325.000,23.180, 64.734, 5981.320, -146.756, -267.257, 101.981, 87.082, 151.228
59, 230.000, -76.791, -38.424, 94.430, -710.751, 435.247, 2.000, 6.464, 58.518
59, 325.000,-104.144, -27.760, 5881.388, -1092.447, 291.849, 101.981, 79.117, 75.043
60, 230.000, -36.612, 1.647, 755.570, 359.424, -58.753, 2.000, 64.265, -99.284
60, 325.000,-27.231, 0.020, 5982.320, 279.033, -57.443, 101.981, 87.274, -101.633
61, 230.000, 56.890, -47.333, 667.770, 270.373, 429.541, 2.000, 52.763, -32.188
61, 325.000,66.547, -36.833, 5965.136, 426.288, 323.456, 101.981, 84.874, -52.810
62, 230.000, 56.189, -13.106, 583.528, 562.840, 215.013, 2.000, 44.083, -69.092
62, 325.000,74.014, -7.252, 5944.670, 701.742, 194.082, 101.981, 83.017, -74.540
63, 230.000, 59.122, 44.308, 778.199, -186.819, -251.056, 2.000, 68.093, 143.346
63, 325.000,55.837, 38.758, 5986.918, -50.969, -152.936, 101.981, 88.458, 161.568
64, 230.000, -76.629, -40.649, 599.398, -252.008, 529.847, 2.000, 45.612, 25.437
64, 325.000,-88.152, -27.950, 5950.147, -550.825, 402.036, 101.981, 83.462, 53.875
65, 230.000, -28.958, 17.270, 131.394, 790.298, -248.374, 2.000, 9.013, -107.447
65, 630.000,34.857, 6.660, 4615.639, 706.023, -50.309, 61.995, 81.282, -94.076
66, 230.000, -47.907, 74.030, 383.327, -224.260, -711.542, 2.000, 27.195, 162.506
66, 325.000,-57.013, 57.169, 5955.794, -402.034, -485.785, 101.981, 83.956, 140.389
67, 230.000, 4.740, 32.567, 507.400, 242.375, 622.353, 2.000, 37.224, -21.278
67, 325.000,11.968, 51.542, 5942.801, 257.754, 697.049, 101.981, 82.872, -20.293
68, 230.000, 74.203, -48.479, 198.818, 205.834, 788.434, 2.000, 13.712, -14.631
68, 325.000,84.861, -27.684, 5933.229, 502.566, 642.892, 101.980, 82.169, -38.016
69, 230.000, 22.417, -50.315, 750.732, -284.058, -243.383, 2.000, 63.514, 130.590
69, 325.000,14.957, -58.358, 5973.843, -249.493, -346.623, 101.981, 85.911, 144.254
70, 230.000, -37.550, 87.167, 334.307, -700.941, -316.929, 2.000, 23.489, 114.330
70, 325.000,-61.680, 86.619, 5909.662, -958.229, 162.370, 101.979, 80.661, 80.383
71, 230.000, 44.367, 50.881, 463.192, 201.677, -669.554, 2.000, 33.520, -163.237
71, 325.000,51.554, 32.663, 5952.939, 304.267, -582.333, 101.981, 83.702, -152.413
72, 230.000, 35.271, -49.841, 759.103, 354.629, -39.053, 2.000, 64.827, -96.284
72, 325.000,46.175, -52.287, 5971.120, 440.160, -145.543, 101.981, 85.560, -108.297
73, 230.000, -7.120, -99.572, 655.688, 521.313, -42.780, 2.000, 51.419, -94.691
73, 325.000,5.721, -121.501, 5875.211, 479.782, -1064.760, 102.017, 78.757, -155.744
74, 230.000, 74.862, 14.325, 255.031, 775.363, 193.119, 2.000, 17.701, -76.014
74, 325.000,102.310, 20.934, 5885.726, 1078.561, 253.424, 101.981, 79.339, -76.777
75, 230.000, 28.906, -51.398, 521.043, -623.980, -206.607, 2.000, 38.404, 108.320
75, 325.000,11.422, -58.728, 5951.978, -586.367, -315.158, 101.981, 83.618, 118.257
76, 230.000, -8.605, -80.957, 56.725, -163.619, -820.692, 2.000, 3.878, 168.725
76, 325.000,-14.293, -112.057, 5860.777, -210.163, -1215.112, 101.981, 78.118, 170.187
77, 230.000, -88.279, 29.043, 392.568, -690.138, -270.414, 2.000, 27.907, 111.397
77, 325.000,-117.907, 24.266, 5852.869, -1265.380, -111.965, 101.983, 77.754, 95.057
78, 230.000, -76.099, 43.507, 257.284, -764.768, -229.038, 2.000, 17.863, 106.672
78, 325.000,-105.056, 40.084, 5872.702, -1174.564, -34.381, 101.981, 78.685, 91.677
79, 230.000, 2.414, -62.985, 823.456, -159.431, 5.122, 2.000, 79.037, 88.160
79, 325.000,-1.944, -64.512, 5985.655, -159.214, -125.425, 101.981, 88.061, 128.230
80, 230.000, -96.835, 3.595, 722.319, 266.914, -332.470, 2.000, 59.448, -141.242
80, 325.000,-99.144, -5.105, 5973.647, -276.141, -329.206, 101.980, 85.886, 140.010
81, 230.000, -68.888, 13.052, 302.950, 678.296, 389.435, 2.000, 21.173, -60.138
81, 325.000,-50.449, 25.157, 5947.900, 552.671, 431.527, 101.981, 83.277, -52.017
82, 230.000, 30.820, -71.828, 641.199, 183.708, 508.565, 2.000, 49.859, -19.861
82, 325.000,37.152, -60.023, 5973.344, 271.154, 338.830, 101.981, 85.845, -38.669
83, 230.000, -38.248, 22.307, 836.357, 0.180, 63.487, 2.000, 85.659, -0.162
83, 325.000,-39.022, 24.527, 5987.786, -67.792, 104.930, 101.981, 88.805, 32.865
84, 230.000, -17.439, 84.511, 70.292, 382.479, -743.164, 2.000, 4.807, -152.767
84, 325.000,-6.406, 65.238, 5955.277, 348.903, -531.065, 101.980, 83.910, -146.696
85, 230.000, 22.433, 67.653, 418.755, 211.605, 695.264, 2.000, 29.951, -16.928
85, 325.000,29.643, 91.086, 5909.775, 287.898, 927.855, 101.981, 80.665, -17.238
86, 230.000, -63.485, -41.886, 113.014, -634.028, 537.364, 2.000, 7.744, 49.717
86, 325.000,-85.935, -27.111, 5911.171, -859.195, 434.819, 101.981, 80.748, 63.157
87, 230.000, 66.195, 2.985, 82.937, -528.181, -646.274, 2.000, 5.675, 140.742
87, 325.000,51.462, -17.154, 5938.036, -410.343, -663.720, 101.981, 82.514, 148.274
88, 230.000, 7.261, 4.949, 59.592, -447.784, -706.726, 2.000, 4.074, 147.642
88, 630.000,-40.056, -77.134, 4508.423, -589.672, -1062.720, 61.989, 74.913, 150.975
89, 230.000, -81.909, -18.898, 357.397, 659.074, 376.050, 2.000, 25.220, -60.292
89, 325.000,-65.806, -8.571, 5962.226, 454.698, 337.975, 101.981, 84.572, -53.377
90, 230.000, 15.206, -75.183, 712.669, -423.729, 126.813, 2.000, 58.175, 73.339
90, 325.000,3.867, -74.355, 5975.413, -398.972, -66.498, 101.981, 86.128, 99.463
91, 230.000, 21.652, 5.574, 555.344, -286.200, 559.648, 2.000, 41.460, 27.085
91, 325.000,13.743, 22.137, 5952.455, -235.843, 617.716, 101.980, 83.661, 20.897
92, 230.000, -33.049, 23.845, 478.449, -455.794, -516.588, 2.000, 34.780, 138.578
92, 325.000,-47.202, 9.083, 5945.534, -528.817, -490.072, 101.981, 83.086, 132.822
93, 230.000, -41.439, -2.151, 55.803, 824.802, 141.818, 2.000, 3.815, -80.244
93, 630.000,12.957, 12.849, 4637.807, 511.879, 191.050, 62.002, 83.281, -69.533
94, 230.000, -12.433, -33.859, 160.140, -93.145, 818.048, 2.000, 11.007, 6.496
94, 630.000,-37.926, 27.594, 4606.572, -409.602, 649.311, 62.008, 80.538, 32.245
95, 230.000, 53.955, -12.182, 738.138, -341.134, 205.678, 2.000, 61.646, 58.913
95, 325.000,45.541, -6.654, 5980.878, -250.160, 188.950, 101.981, 86.999, 52.936
96, 230.000, 4.067, -53.904, 517.127, 496.130, -435.843, 2.000, 38.064, -131.299
96, 325.000,18.687, -68.054, 5940.123, 520.522, -559.643, 101.981, 82.668, -137.074
97, 230.000, 50.206, -39.167, 504.277, 516.709, 426.897, 2.000, 36.957, -50.437
97, 325.000,66.787, -27.844, 5943.525, 646.736, 354.183, 101.981, 82.928, -61.293
98, 230.000, -59.397, -19.427, 138.305, 607.501, -561.550, 2.000, 9.491, -132.749
98, 325.000,-42.088, -37.376, 5935.051, 508.819, -620.844, 101.981, 82.298, -140.663
99, 230.000, 27.413, -94.205, 536.274, 527.633, 370.860, 2.000, 39.744, -54.898
99, 325.000,45.490, -95.475, 5937.187, 744.671, -247.013, 101.971, 82.472, -108.351
100, 230.000, -45.538, 10.525, 340.630, 750.465, 155.875, 2.000, 23.961, -78.266
100, 325.000,-23.864, 15.482, 5947.989, 673.875, 191.138, 101.981, 83.284, -74.165
101, 230.000, 39.666, -53.939, 286.491, 227.939, -754.646, 2.000, 19.972, -163.193
101, 325.000,48.099, -78.872, 5905.123, 347.774, -936.918, 101.981, 80.394, -159.636
102, 230.000, 48.663, 37.665, 316.594, 486.137, 605.775, 2.000, 22.176, -38.747
102, 325.000,64.969, 57.213, 5912.153, 626.338, 723.444, 101.981, 80.806, -40.885
103, 230.000, -5.732, -61.299, 331.440, -111.927, 762.328, 2.000, 23.276, 8.353
103, 325.000,-9.241, -39.827, 5950.565, -127.373, 666.125, 101.981, 83.498, 10.825
104, 230.000, 53.339, 61.432, 145.165, 302.891, -768.575, 2.000, 9.966, -158.491
104, 325.000,64.879, 40.497, 5937.770, 472.295, -623.677, 101.981, 82.494, -142.864
105, 230.000, -8.922, -2.003, 507.451, -603.090, -286.879, 2.000, 37.229, 115.440
105, 325.000,-26.974, -10.540, 5944.099, -664.134, -309.620, 101.981, 82.972, 114.995
106, 230.000, -2.800, 22.374, 762.559, -157.260, 311.926, 2.000, 65.388, 26.755
106, 325.000,-7.306, 31.652, 5974.898, -170.180, 375.285, 101.981, 86.055, 24.393
107, 230.000, 26.272, -75.763, 38.448, 416.457, 727.055, 2.000, 2.627, -29.804
107, 325.000,40.266, -55.979, 5941.826, 504.873, 555.840, 101.981, 82.797, -42.249
108, 230.000, -43.024, 40.519, 53.141, -328.373, -769.981, 2.000, 3.632, 156.903
108, 325.000,-54.474, 17.266, 5930.733, -425.384, -717.391, 101.981, 81.995, 149.334
109, 230.000, -8.577, -75.975, 494.626, -633.236, -240.585, 2.000, 36.136, 110.803
109, 325.000,-27.383, -86.292, 5930.041, -686.529, -482.203, 101.981, 81.948, 125.083
110, 230.000, -3.849, -65.894, 159.449, -6.671, -823.441, 2.000, 10.959, 179.536
110, 325.000,-4.206, -93.954, 5897.028, -17.780, -1045.938, 101.981, 79.941, 179.026
111, 230.000, -80.329, 22.455, 677.881, 479.275, -119.568, 2.000, 53.920, -104.008
111, 325.000,-70.249, 20.042, 5983.034, 262.716, -58.480, 101.981, 87.424, -102.549
112, 230.000, -29.214, 23.860, 8.396, -837.491, 45.412, 2.000, 0.574, 86.896
112, 325.000,-56.627, 25.845, 5917.431, -919.284, 90.185, 101.981, 81.128, 84.397
113, 230.000, -76.225, 10.331, 209.467, 471.076, 661.615, 2.000, 14.462, -35.451
113, 325.000,-64.691, 30.849, 5939.026, 291.098, 715.819, 101.981, 82.587, -22.130
114, 230.000, -63.068, -60.106, 734.017, -344.174, 215.144, 2.000, 61.059, 57.990
114, 325.000,-76.340, -57.678, 5958.627, -603.328, -7.202, 101.981, 84.218, 90.684
115, 230.000, 13.576, 66.207, 77.357, -722.660, 418.692, 2.000, 5.292, 59.913
115, 325.000,-8.565, 81.643, 5914.805, -719.094, 605.967, 101.981, 80.966, 49.880
116, 230.000, -34.409, -20.945, 510.215, 641.414, 178.304, 2.000, 37.466, -74.465
116, 325.000,-16.301, -16.185, 5961.252, 564.652, 112.979, 101.978, 84.482, -78.685
117, 230.000, -26.374, -64.500, 142.657, -535.224, -629.848, 2.000, 9.792, 139.643
117, 325.000,-44.091, -86.798, 5892.969, -640.776, -855.318, 101.981, 79.721, 143.161
118, 230.000, 72.017, 22.436, 602.649, -459.179, -359.851, 2.000, 45.931, 128.085
118, 325.000,61.226, 12.877, 5972.904, -303.275, -318.746, 101.981, 85.787, 136.425
119, 230.000, -29.095, 92.998, 315.877, -777.011, 0.223, 2.000, 22.123, 89.984
119, 325.000,-55.959, 106.657, 5852.318, -1052.773, 715.631, 101.983, 77.728, 55.794
120, 230.000, 11.562, 94.976, 830.726, 14.021, -114.988, 2.000, 82.062, -173.048
120, 325.000,12.997, 100.560, 5975.532, 77.546, 395.287, 101.981, 86.143, -11.099
121, 230.000, 15.805, -92.905, 370.272, 322.802, -679.868, 2.000, 26.196, -154.602
121, 325.000,27.287, -124.670, 5816.001, 451.302, -1356.770, 101.984, 76.188, -161.601
122, 230.000, 37.664, -84.801, 376.825, -711.234, -235.951, 2.000, 26.696, 108.353
122, 325.000,20.077, -98.583, 5924.987, -566.220, -665.830, 101.981, 81.608, 139.622
123, 230.000, 10.620, 64.366, 69.626, 834.690, 44.377, 2.000, 4.762, -86.957
123, 325.000,37.150, 67.845, 5918.546, 894.398, 200.171, 101.981, 81.197, -77.385
124, 230.000, 60.712, 22.105, 587.828, -302.299, 516.331, 2.000, 44.493, 30.348
124, 325.000,53.702, 37.602, 5958.099, -181.968, 580.622, 101.981, 84.169, 17.401
125, 230.000, -19.409, 82.127, 449.216, -431.959, -561.374, 2.000, 32.383, 142.423
125, 325.000,-32.854, 69.539, 5958.119, -510.428, -330.776, 101.981, 84.171, 122.945
126, 230.000, 44.996, 1.346, 541.854, 637.898, 54.811, 2.000, 40.242, -85.089
126, 325.000,64.652, 2.977, 5942.808, 740.783, 58.973, 101.981, 82.872, -85.448
127, 230.000, -67.876, 17.203, 378.899, 258.813, 702.122, 2.000, 26.855, -20.235
127, 325.000,-62.411, 38.657, 5938.447, 104.291, 770.178, 101.981, 82.544, -7.712
128, 230.000, 43.752, -35.754, 478.935, -60.034, 685.960, 2.000, 34.820, 5.002
128, 325.000,42.998, -16.395, 5954.784, 21.526, 639.735, 101.981, 83.865, -1.927
129, 230.000, -53.346, -4.424, 150.873, 383.605, -730.485, 2.000, 10.363, -152.294
129, 325.000,-42.661, -27.243, 5932.786, 296.227, -763.875, 101.981, 82.137, -158.804
130, 230.000, -75.210, -54.156, 513.236, 608.334, -264.656, 2.000, 37.727, -113.511
130, 325.000,-63.261, -65.524, 5958.823, 307.586, -516.669, 101.981, 84.238, -149.234
131, 230.000, 46.356, 11.197, 349.205, -581.203, 493.743, 2.000, 24.603, 49.651
131, 325.000,29.836, 26.330, 5943.290, -512.385, 532.876, 101.981, 82.910, 43.877
132, 230.000, -4.030, 17.168, 498.722, -609.830, -287.937, 2.000, 36.484, 115.275
132, 325.000,-22.242, 9.033, 5944.956, -682.824, -245.455, 101.980, 83.041, 109.772
133, 230.000, 48.418, 49.681, 195.234, -802.072, 148.623, 2.000, 13.460, 79.502
133, 325.000,25.258, 55.709, 5939.229, -724.625, 263.910, 101.981, 82.602, 69.988
134, 230.000, 69.883, 65.472, 209.441, 766.481, 268.636, 2.000, 14.460, -70.685
134, 325.000,103.846, 83.783, 5773.738, 1373.380, 805.637, 101.987, 74.583, -59.604
135, 230.000, 25.843, 50.739, 401.502, -511.298, -529.995, 2.000, 28.599, 136.029
135, 325.000,11.192, 36.104, 5953.262, -477.645, -446.870, 101.981, 83.730, 133.093
136, 230.000, 59.365, 70.420, 672.966, -357.812, 350.158, 2.000, 53.353, 45.619
136, 325.000,53.975, 85.585, 5947.154, -95.045, 701.086, 101.981, 83.216, 7.720
137, 230.000, 29.358, -86.371, 468.465, -209.776, -663.369, 2.000, 33.953, 162.452
137, 325.000,26.020, -113.570, 5873.393, -62.897, -1169.995, 101.982, 78.718, 176.923
138, 230.000, 2.345, 64.090, 785.827, -286.550, -62.361, 2.000, 69.535, 102.278
138, 325.000,-5.585, 64.078, 5981.632, -290.383, 70.218, 101.981, 87.141, 76.406
139, 230.000, 36.870, -24.616, 489.942, -130.163, 668.235, 2.000, 35.741, 11.022
139, 325.000,33.821, -5.432, 5954.199, -57.971, 642.932, 101.981, 83.812, 5.152
140, 230.000, -10.576, 25.403, 114.934, -800.476, -222.603, 2.000, 7.876, 105.541
140, 325.000,-35.990, 18.915, 5925.486, -851.076, -182.998, 101.981, 81.642, 102.135
141, 230.000, 43.215, -69.243, 756.697, -78.285, 353.278, 2.000, 64.443, 12.495
141, 325.000,42.802, -62.256, 5986.592, 43.041, 167.393, 101.981, 88.346, -14.420
142, 230.000, -61.212, 27.184, 335.894, -653.195, -405.012, 2.000, 23.607, 121.801
142, 325.000,-82.977, 15.983, 5919.893, -837.002, -351.442, 101.981, 81.282, 112.777
143, 230.000, -9.440, -32.359, 835.640, -35.429, -63.038, 2.000, 85.054, 150.663
143, 325.000,-10.614, -34.755, 5987.457, -55.120, -128.551, 101.981, 88.662, 156.791
144, 230.000, -5.283, 38.775, 275.688, -200.174, 766.453, 2.000, 19.189, 14.637
144, 325.000,-11.518, 63.065, 5922.807, -216.259, 861.853, 101.981, 81.468, 14.086
145, 230.000, 11.673, -46.123, 641.353, -17.954, 540.248, 2.000, 49.875, 1.903
145, 325.000,11.408, -31.584, 5971.098, 5.901, 463.804, 101.981, 85.558, -0.729
146, 230.000, -54.028, -20.231, 496.572, 540.692, 405.701, 2.000, 36.301, -53.118
146, 325.000,-39.412, -8.795, 5959.884, 452.643, 379.567, 101.981, 84.340, -50.018
147, 230.000, 44.205, 35.772, 144.346, -286.292, -775.064, 2.000, 9.910, 159.727
147, 325.000,36.324, 12.484, 5940.445, -208.273, -732.741, 101.981, 82.693, 164.133
148, 230.000, -28.545, -83.582, 645.295, 248.215, -474.876, 2.000, 50.295, -152.404
148, 325.000,-23.551, -102.799, 5924.605, 135.189, -866.093, 101.981, 81.584, -171.128
149, 230.000, 77.265, 44.677, 232.966, -780.912, -198.561, 2.000, 16.126, 104.266
149, 325.000,57.776, 40.963, 5962.139, -564.040, -61.649, 101.980, 84.564, 96.238
150, 230.000, -82.593, -9.007, 472.100, -49.843, 691.492, 2.000, 34.253, 4.123
150, 325.000,-88.166, 10.625, 5939.750, -329.957, 692.507, 101.980, 82.641, 25.476
151, 230.000, -23.436, 34.953, 534.329, -629.600, 147.040, 2.000, 39.572, 76.854
151, 325.000,-42.359, 40.012, 5945.346, -690.169, 213.847, 101.981, 83.071, 72.785
152, 230.000, 14.761, 13.756, 325.553, 759.203, -145.428, 2.000, 22.838, -100.844
152, 325.000,38.152, 9.609, 5931.901, 816.260, -124.354, 101.981, 82.076, -98.662
153, 230.000, -52.478, -74.260, 66.426, -727.538, -412.068, 2.000, 4.542, 119.527
153, 325.000,-80.662, -95.107, 5819.682, -1097.556, -892.480, 101.983, 76.338, 129.116
154, 230.000, 54.527, -54.509, 284.136, 362.211, 701.138, 2.000, 19.801, -27.321
154, 325.000,67.523, -35.526, 5937.528, 525.862, 581.753, 101.981, 82.476, -42.111
155, 230.000, 48.332, -14.520, 721.116, 369.240, -217.204, 2.000, 59.287, -120.466
155, 325.000,59.909, -21.006, 5965.261, 471.076, -250.897, 101.981, 84.887, -118.040
156, 230.000, -70.876, -16.367, 441.485, 113.263, -704.121, 2.000, 31.759, -170.862
156, 325.000,-70.124, -37.669, 5938.370, -68.513, -774.764, 101.981, 82.538, 174.946
157, 230.000, -22.748, -7.975, 157.273, 808.544, -158.257, 2.000, 10.807, -101.075
157, 630.000,50.582, -36.779, 4568.931, 863.866, -429.510, 61.997, 78.077, -116.436
158, 230.000, -82.031, 13.482, 667.028, -508.489, 6.094, 2.000, 52.679, 89.313
158, 325.000,-101.045, 14.421, 5929.536, -840.615, 57.090, 101.981, 81.913, 86.115
159, 230.000, -60.892, 34.458, 106.768, -776.906, 297.559, 2.000, 7.313, 69.043
159, 325.000,-87.796, 45.257, 5889.640, -1003.102, 418.555, 101.981, 79.544, 67.351
160, 230.000, 66.400, 18.225, 681.439, 263.050, 412.274, 2.000, 54.334, -32.540
160, 325.000,76.114, 30.529, 5954.140, 440.010, 473.100, 101.981, 83.807, -42.925
161, 230.000, -65.578, -46.630, 735.630, 378.532, 138.153, 2.000, 61.287, -69.949
161, 325.000,-57.564, -44.585, 5985.334, 211.470, 14.570, 101.981, 87.972, -86.059
162, 230.000, 51.965, 23.083, 446.503, 652.014, 281.135, 2.000, 32.163, -66.675
162, 325.000,72.768, 32.073, 5926.732, 791.015, 342.577, 101.981, 81.725, -66.583
163, 230.000, 11.186, -53.002, 352.431, -757.612, -73.081, 2.000, 24.846, 95.510
163, 325.000,-11.320, -56.475, 5937.937, -760.797, -176.811, 101.981, 82.506, 103.083
164, 230.000, -89.196, 26.192, 30.845, -827.590, -132.920, 2.000, 2.108, 99.124
164, 325.000,-126.262, 25.453, 5798.509, -1498.774, 36.614, 101.984, 75.503, 88.601
165, 230.000, 53.365, -9.018, 463.883, -593.767, -368.479, 2.000, 33.577, 121.823
165, 325.000,37.034, -20.101, 5953.952, -511.117, -397.996, 101.981, 83.791, 127.907
166, 230.000, 74.910, -30.862, 628.861, -554.804, -15.803, 2.000, 48.569, 91.632
166, 325.000,62.079, -32.503, 5976.768, -370.420, -100.881, 101.981, 86.325, 105.235
167, 230.000, -17.324, 80.742, 240.850, -312.340, 740.242, 2.000, 16.687, 22.877
167, 325.000,-27.949, 108.612, 5868.451, -403.816, 1125.874, 101.981, 78.480, 19.731
168, 230.000, 69.096, -30.867, 22.731, -634.506, 548.096, 2.000, 1.553, 49.179
168, 325.000,51.295, -14.603, 5947.023, -502.573, 499.491, 101.981, 83.205, 45.176
169, 230.000, 40.360, -44.225, 525.574, -321.688, 569.045, 2.000, 38.800, 29.480
169, 325.000,31.928, -28.668, 5962.729, -253.118, 500.960, 101.981, 84.623, 26.806
170, 230.000, -87.880, -17.507, 102.084, 575.202, -601.868, 2.000, 6.991, -136.298
170, 325.000,-75.473, -36.857, 5941.725, 277.295, -698.658, 101.981, 82.790, -158.352
171, 230.000, 61.983, -12.120, 604.236, -324.805, 482.622, 2.000, 46.087, 33.941
171, 325.000,54.223, 1.448, 5966.630, -210.778, 473.373, 101.981, 85.037, 24.002
172, 230.000, -53.432, -44.412, 438.721, 714.335, -27.820, 2.000, 31.538, -92.230
172, 325.000,-33.916, -46.504, 5955.296, 622.906, -124.941, 101.981, 83.911, -101.342
173, 230.000, 81.748, 57.529, 326.884, -269.316, -723.975, 2.000, 22.937, 159.595
173, 325.000,87.331, 46.487, 5962.204, 390.617, -292.258, 101.744, 85.322, -126.804
174, 230.000, 87.074, 43.538, 563.817, -71.319, 616.885, 2.000, 42.237, 6.595
174, 325.000,96.712, 66.671, 5884.753, 551.698, 967.723, 101.986, 79.281, -29.687
175, 230.000, -9.699, 17.976, 25.495, 757.947, 358.317, 2.000, 1.742, -64.698
175, 325.000,14.373, 29.837, 5924.057, 774.465, 418.268, 101.981, 81.549, -61.628
176, 230.000, 17.579, 76.241, 43.183, 809.535, -215.203, 2.000, 2.951, -104.887
176, 325.000,43.635, 72.849, 5920.875, 901.361, 3.963, 101.981, 81.344, -89.748
177, 230.000, -6.379, -53.119, 746.662, -219.392, 312.868, 2.000, 62.898, 35.039
177, 325.000,-12.700, -45.477, 5980.191, -237.613, 223.714, 101.981, 86.876, 46.726
178, 230.000, 21.181, 65.428, 544.875, -627.900, 111.250, 2.000, 40.513, 79.953
178, 325.000,3.651, 70.687, 5952.904, -600.597, 267.258, 101.981, 83.698, 66.012
179, 230.000, 37.249, -21.844, 604.799, -567.602, -124.779, 2.000, 46.142, 102.398
179, 325.000,21.606, -25.918, 5964.648, -511.160, -175.648, 101.981, 84.822, 108.964
180, 230.000, -17.327, -45.666, 672.122, 364.063, -345.304, 2.000, 53.257, -133.485
180, 325.000,-7.321, -56.541, 5963.146, 342.986, -438.691, 101.981, 84.665, -141.980
181, 230.000, -13.330, -56.019, 676.627, 319.125, -379.288, 2.000, 53.774, -139.923
181, 325.000,-4.593, -68.273, 5960.079, 301.825, -505.529, 101.981, 84.358, -149.161
182, 230.000, -25.359, -13.652, 337.328, -717.036, -274.943, 2.000, 23.714, 110.979
182, 325.000,-47.594, -22.258, 5929.728, -783.103, -307.053, 101.981, 81.926, 111.410
183, 230.000, 70.530, -12.294, 305.817, 777.409, -75.066, 2.000, 21.383, -95.515
183, 325.000,97.090, -15.103, 5898.394, 1031.800, -116.599, 101.981, 80.016, -96.447
184, 230.000, 8.316, -13.206, 418.191, 709.439, -159.172, 2.000, 29.906, -102.646
184, 325.000,29.759, -18.250, 5937.759, 757.891, -194.488, 101.981, 82.493, -104.393
185, 230.000, -64.171, 4.011, 271.542, -338.248, 717.898, 2.000, 18.889, 25.228
185, 325.000,-76.550, 25.943, 5919.481, -507.442, 755.950, 101.981, 81.256, 33.872
186, 230.000, -94.039, -21.222, 211.822, -800.527, -133.460, 2.000, 14.628, 99.465
186, 325.000,-134.337, -28.894, 5747.804, -1652.529, -322.406, 101.989, 73.673, 101.040
187, 230.000, 90.242, 33.703, 399.787, -737.343, 4.454, 2.000, 28.466, 89.654
187, 325.000,76.481, 36.547, 5976.948, -341.389, 166.981, 101.978, 86.362, 63.936
188, 230.000, 33.012, -18.080, 236.063, -425.676, -683.080, 2.000, 16.346, 148.070
188, 325.000,20.596, -39.485, 5931.097, -380.173, -739.430, 101.981, 82.020, 152.790
189, 230.000, -20.753, -24.028, 5.683, 799.432, -253.773, 2.000, 0.388, -107.612
189, 325.000,4.449, -32.687, 5927.772, 792.298, -320.903, 101.981, 81.794, -112.049
190, 230.000, -36.554, -77.620, 312.908, 692.135, -355.755, 2.000, 21.904, -117.203
190, 325.000,-18.134, -92.725, 5922.492, 588.813, -668.202, 101.981, 81.448, -138.614
191, 230.000, -42.220, -71.828, 328.036, -592.709, -494.583, 2.000, 23.023, 129.843
191, 325.000,-62.725, -91.396, 5877.174, -803.981, -825.717, 101.981, 78.905, 135.764
192, 230.000, -17.666, 60.515, 482.442, -109.942, 677.264, 2.000, 35.112, 9.221
192, 325.000,-21.478, 82.398, 5926.095, -157.613, 851.924, 101.981, 81.682, 10.482
193, 230.000, -60.985, 8.384, 567.913, -2.515, -617.246, 2.000, 42.616, 179.767
193, 325.000,-62.677, -9.257, 5955.558, -128.217, -619.740, 101.981, 83.934, 168.311
194, 230.000, -94.421, -18.115, 554.141, -621.715, 99.610, 2.000, 41.351, 80.898
194, 325.000,-124.872, -17.737, 5837.516, -1339.208, -24.743, 101.985, 77.077, 91.058
195, 230.000, 47.079, -57.414, 113.475, 757.932, -340.861, 2.000, 7.775, -114.215
195, 325.000,72.943, -70.846, 5886.637, 955.367, -551.404, 101.981, 79.387, -119.992
196, 230.000, 57.427, 16.881, 811.220, -171.578, -126.518, 2.000, 75.276, 126.404
196, 325.000,54.042, 13.770, 5987.943, -65.104, -97.419, 101.981, 88.879, 146.246
197, 230.000, -17.647, -86.186, 240.491, 642.641, 482.390, 2.000, 16.662, -53.107
197, 325.000,0.679, -76.104, 5953.540, 613.853, 218.255, 101.980, 83.755, -70.427
198, 230.000, 56.017, 65.094, 513.262, -212.593, -628.403, 2.000, 37.729, 161.309
198, 325.000,52.441, 49.982, 5971.637, -49.163, -454.142, 101.981, 85.626, 173.821
199, 230.000, 70.424, -58.891, 255.773, 166.909, -781.182, 2.000, 17.755, -167.939
199, 325.000,82.820, -88.425, 5841.445, 594.757, -1180.472, 101.982, 77.250, -153.260
200, 230.000, -56.281, -39.874, 68.628, -806.327, -220.570, 2.000, 4.693, 105.299
200, 325.000,-83.975, -48.499, 5892.068, -1014.673, -351.025, 101.981, 79.673, 109.083
201, 230.000, 64.272, 25.475, 665.722, -440.305, 257.816, 2.000, 52.532, 59.649
201, 325.000,53.643, 33.537, 5972.226, -312.558, 322.491, 101.981, 85.700, 44.104
202, 230.000, -15.294, -58.560, 166.079, -797.267, -200.768, 2.000, 11.420, 104.134
202, 325.000,-40.432, -66.564, 5916.579, -863.497, -343.032, 101.981, 81.075, 111.666
203, 230.000, 34.110, -72.413, 787.645, 108.338, -267.213, 2.000, 69.893, -157.931
203, 325.000,38.679, -83.144, 5963.243, 221.829, -509.656, 101.981, 84.675, -156.479
204, 230.000, -27.130, 37.063, 382.329, -42.959, -745.321, 2.000, 27.118, 176.701
204, 325.000,-29.015, 15.493, 5947.582, -104.005, -696.105, 101.981, 83.251, 171.502
205, 230.000, 35.685, -58.899, 30.871, -70.035, -835.264, 2.000, 2.109, 175.207
205, 325.000,34.960, -87.690, 5896.589, 30.974, -1048.102, 101.981, 79.917, -178.307
206, 230.000, 1.742, 27.098, 620.414, 563.711, -28.995, 2.000, 47.704, -92.944
206, 325.000,18.105, 26.818, 5959.643, 592.353, 31.102, 101.981, 84.316, -86.994
207, 230.000, 51.674, 77.695, 331.261, -563.195, -525.929, 2.000, 23.262, 133.040
207, 325.000,38.494, 67.228, 5971.424, -387.647, -246.356, 101.980, 85.602, 122.437
208, 230.000, -11.450, 38.319, 346.236, 243.367, 724.166, 2.000, 24.380, -18.576
208, 325.000,-4.357, 61.030, 5928.772, 230.365, 815.965, 101.981, 81.861, -15.766
209, 230.000, -55.218, -59.753, 512.314, -486.518, 452.060, 2.000, 37.647, 47.103
209, 325.000,-71.863, -49.485, 5943.239, -684.524, 280.373, 101.981, 82.905, 67.727
210, 230.000, 39.046, 40.934, 656.149, -87.872, -515.045, 2.000, 51.470, 170.318
210, 325.000,37.425, 27.151, 5971.895, -16.603, -453.189, 101.981, 85.657, 177.902
211, 230.000, -64.731, 13.296, 187.427, -635.779, 513.985, 2.000, 12.912, 51.047
211, 325.000,-86.773, 29.626, 5901.904, -841.514, 573.256, 101.981, 80.211, 55.737
212, 230.000, -25.023, -34.034, 787.286, 238.219, -164.183, 2.000, 69.822, -124.575
212, 325.000,-18.845, -39.327, 5981.314, 200.239, -230.217, 101.981, 87.080, -138.984
213, 230.000, 81.747, -55.949, 621.694, -528.455, -194.308, 2.000, 47.834, 110.188
213, 325.000,78.110, -68.657, 5957.714, 30.257, -608.363, 101.970, 84.162, -177.153
214, 230.000, 34.729, -87.581, 814.317, -62.886, -190.936, 2.000, 76.133, 161.770
214, 325.000,36.137, -100.629, 5950.420, 119.735, -669.263, 101.982, 83.482, -169.857
215, 230.000, 58.691, 4.420, 36.630, -833.400, -87.333, 2.000, 2.503, 95.982
215, 325.000,33.684, 1.759, 5942.290, -742.752, -81.578, 101.981, 82.833, 96.268
216, 230.000, -69.846, 13.817, 466.469, -672.314, 184.188, 2.000, 33.789, 74.679
216, 325.000,-92.476, 19.796, 5915.519, -906.489, 232.705, 101.981, 81.010, 75.602
217, 230.000, -53.863, -49.837, 133.723, 825.637, -62.974, 2.000, 9.174, -94.362
217, 325.000,-30.053, -53.354, 5941.330, 732.905, -180.585, 101.981, 82.760, -103.842
218, 230.000, -5.669, 5.625, 775.818, 118.590, -295.916, 2.000, 67.662, -158.161
218, 630.000,1.572, -22.240, 4655.610, 70.523, -354.982, 61.996, 85.555, -168.764
219, 230.000, -59.246, 69.639, 350.690, 177.299, 741.016, 2.000, 24.715, -13.456
219, 325.000,-59.555, 97.906, 5873.453, -133.483, 1163.736, 101.982, 78.721, 6.543
220, 230.000, -21.273, 92.222, 168.126, -277.178, -773.582, 2.000, 11.563, 160.287
220, 325.000,-30.998, 75.677, 5962.022, -383.135, -419.864, 101.980, 84.554, 137.619
221, 230.000, 56.072, -64.530, 820.154, -168.942, -48.275, 2.000, 77.908, 105.947
221, 325.000,54.290, -69.131, 5982.870, 17.096, -272.386, 101.981, 87.388, -176.409
222, 230.000, 21.136, 65.847, 95.429, -833.032, 21.809, 2.000, 6.533, 88.500
222, 325.000,-4.165, 68.600, 5930.532, -816.821, 175.488, 101.981, 81.981, 77.875
223, 230.000, 69.045, 13.501, 610.201, 327.644, 473.105, 2.000, 46.677, -34.704
223, 325.000,80.950, 27.551, 5942.834, 523.623, 527.025, 101.981, 82.874, -44.814
224, 230.000, -12.426, -84.523, 78.534, -331.414, 766.499, 2.000, 5.373, 23.382
224, 325.000,-23.167, -64.561, 5951.156, -382.668, 553.546, 101.981, 83.549, 34.656
225, 230.000, -60.520, 7.259, 473.380, 444.664, -530.762, 2.000, 34.359, -140.044
225, 325.000,-48.928, -8.171, 5955.552, 340.408, -533.578, 101.981, 83.934, -147.463
226, 230.000, -81.468, -37.269, 613.323, -385.319, 422.951, 2.000, 46.989, 42.334
226, 325.000,-98.093, -27.963, 5933.459, -764.969, 279.500, 101.981, 82.184, 69.929
227, 230.000, 51.872, 34.993, 38.653, 697.904, 463.638, 2.000, 2.641, -56.403
227, 325.000,75.820, 50.922, 5897.718, 867.434, 577.677, 101.981, 79.979, -56.338
228, 230.000, 25.442, 29.888, 520.045, -658.081, -2.587, 2.000, 38.317, 90.225
228, 325.000,6.640, 30.454, 5955.583, -629.085, 66.418, 101.981, 83.937, 83.973
229, 230.000, -33.927, -83.656, 350.767, 744.796, -160.517, 2.000, 24.721, -102.162
229, 325.000,-14.419, -94.085, 5931.510, 639.228, -526.907, 101.980, 82.049, -129.498
230, 230.000, -15.403, 52.651, 478.653, 359.845, -587.305, 2.000, 34.797, -148.504
230, 325.000,-5.149, 36.537, 5958.211, 341.673, -502.143, 101.981, 84.180, -145.767
231, 230.000, 18.814, -40.241, 13.772, -837.230, 48.780, 2.000, 0.941, 86.666
231, 325.000,-7.500, -39.553, 5930.745, -833.493, -26.666, 101.981, 81.996, 91.832
232, 230.000, 10.628, 43.210, 168.459, -785.253, -241.916, 2.000, 11.586, 107.123
232, 325.000,-13.569, 36.617, 5933.820, -794.403, -166.899, 101.981, 82.210, 101.865
233, 230.000, -7.558, -27.488, 36.963, 695.289, -467.687, 2.000, 2.526, -123.927
233, 325.000,14.448, -42.954, 5923.240, 706.703, -533.848, 101.981, 81.496, -127.068
234, 230.000, -30.499, 38.615, 754.982, -20.957, -364.811, 2.000, 64.173, 176.712
234, 325.000,-31.734, 29.156, 5980.834, -77.821, -304.545, 101.981, 86.992, 165.666
235, 230.000, -12.827, 54.417, 607.615, 383.088, 433.095, 2.000, 46.420, -41.494
235, 325.000,-2.123, 68.293, 5951.710, 369.213, 556.807, 101.981, 83.595, -33.548
236, 230.000, -72.531, -61.234, 142.298, -824.020, 65.315, 2.000, 9.768, 85.468
236, 325.000,-107.401, -67.670, 5809.743, -1406.650, -372.475, 101.985, 75.939, 104.831
237, 230.000, -73.973, 65.932, 694.340, -317.759, 347.051, 2.000, 55.875, 42.477
237, 325.000,-96.165, 87.483, 5826.201, -1004.295, 962.714, 102.012, 76.570, 46.211
238, 230.000, -98.171, -5.909, 282.881, 767.119, -187.165, 2.000, 19.710, -103.711
238, 325.000,-85.687, -11.839, 5978.500, 267.284, -230.350, 101.974, 86.622, -130.755
239, 230.000, 99.018, 10.251, 481.700, 83.762, -681.523, 2.000, 35.050, -172.993
239, 325.000,119.539, -6.979, 5871.452, 1003.102, -630.164, 102.004, 78.593, -122.138
240, 230.000, -54.314, -37.703, 542.699, -146.849, -622.444, 2.000, 40.318, 166.725
240, 325.000,-60.399, -57.036, 5936.309, -287.492, -739.460, 101.981, 82.388, 158.755
241, 230.000, 20.607, -44.903, 764.018, -125.206, 322.683, 2.000, 65.628, 21.207
241, 325.000,17.520, -36.774, 5983.251, -90.411, 248.401, 101.981, 87.470, 20.000
242, 230.000, 10.640, -5.769, 607.538, 539.539, 208.130, 2.000, 46.413, -68.906
242, 325.000,26.601, 0.164, 5954.316, 611.468, 203.990, 101.981, 83.821, -71.551
243, 230.000, -56.866, -37.582, 137.307, -160.381, -811.756, 2.000, 9.422, 168.824
243, 325.000,-64.059, -64.215, 5903.744, -326.070, -953.264, 101.981, 80.316, 161.116
244, 230.000, -29.736, -38.968, 348.591, -605.666, -463.872, 2.000, 24.557, 127.448
244, 325.000,-48.744, -53.942, 5923.446, -686.023, -558.001, 101.981, 81.509, 129.124
245, 230.000, 79.480, -6.737, 55.112, -740.787, -389.513, 2.000, 3.767, 117.736
245, 325.000,59.255, -19.101, 5946.845, -570.568, -422.652, 101.981, 83.191, 126.529
246, 230.000, 12.273, -47.949, 2.662, 638.975, -543.349, 2.000, 0.182, -130.376
246, 325.000,32.983, -66.560, 5912.304, 688.623, -663.075, 101.981, 80.815, -133.917
247, 230.000, -6.625, 25.485, 133.083, -825.599, -64.803, 2.000, 9.129, 94.488
247, 325.000,-32.675, 23.971, 5925.578, -869.693, -18.922, 101.981, 81.648, 91.246
248, 230.000, 30.810, 18.476, 667.002, 297.031, 412.801, 2.000, 52.676, -35.737
248, 325.000,39.937, 30.670, 5960.862, 358.895, 456.640, 101.981, 84.435, -38.165
249, 230.000, -20.344, 22.642, 478.653, -668.724, -164.993, 2.000, 34.797, 103.860
249, 325.000,-40.539, 18.212, 5943.437, -726.570, -129.803, 101.981, 82.921, 100.129
250, 230.000, 96.984, -15.987, 75.769, 103.330, 828.918, 2.000, 5.183, -7.106
250, 325.000,114.481, 6.219, 5876.644, 866.665, 763.596, 101.981, 78.880, -48.618
251, 230.000, -19.664, -57.506, 141.300, -825.376, -48.089, 2.000, 9.698, 93.334
251, 325.000,-45.898, -60.737, 5918.012, -902.100, -180.434, 101.981, 81.164, 101.311
252, 230.000, -15.629, -63.833, 434.267, -628.289, -346.683, 2.000, 31.181, 118.889
252, 325.000,-34.730, -76.251, 5926.215, -691.774, -520.231, 101.981, 81.690, 126.944
253, 230.000, -84.386, -35.592, 71.162, -248.316, -797.997, 2.000, 4.867, 162.715
253, 325.000,-100.789, -63.776, 5844.881, -761.128, -1061.939, 101.982, 77.400, 144.370
254, 230.000, -18.197, -15.848, 630.628, -476.693, 280.351, 2.000, 48.751, 59.539
254, 325.000,-32.354, -8.064, 5959.431, -536.799, 257.307, 101.981, 84.296, 64.390
255, 230.000, -29.079, 44.485, 520.762, -650.225, -97.666, 2.000, 38.380, 98.542
255, 325.000,-48.809, 42.726, 5944.734, -727.424, -13.920, 101.981, 83.022, 91.096
256, 230.000, -28.843, 16.956, 505.096, 664.779, -80.443, 2.000, 37.027, -96.900
256, 630.000,17.116, 26.559, 4639.884, 478.092, 218.913, 61.995, 83.534, -65.397
257, 230.000, 65.864, -28.654, 438.926, -397.133, 594.267, 2.000, 31.554, 33.754
257, 325.000,56.133, -12.019, 5957.807, -264.548, 551.109, 101.981, 84.142, 25.642
258, 230.000, 1.775, -31.371, 401.246, 695.387, -242.822, 2.000, 28.579, -109.249
258, 325.000,22.653, -39.281, 5937.606, 721.109, -306.642, 101.981, 82.482, -113.037
259, 230.000, -18.421, 41.337, 534.201, -615.375, 198.663, 2.000, 39.560, 72.108
259, 325.000,-36.822, 48.071, 5945.180, -667.508, 280.111, 101.981, 83.058, 67.235
260, 230.000, 34.429, -87.955, 192.675, 732.096, -361.159, 2.000, 13.280, -116.258
260, 325.000,60.917, -110.290, 5816.265, 1022.300, -998.117, 101.984, 76.199, -134.314
261, 230.000, 12.418, 53.952, 781.603, 204.546, 225.346, 2.000, 68.725, -42.230
261, 325.000,18.445, 61.573, 5974.988, 234.733, 337.076, 101.981, 86.067, -34.853
262, 230.000, 69.701, -3.907, 302.182, 550.382, 556.138, 2.000, 21.117, -44.702
262, 325.000,89.027, 12.709, 5912.157, 769.126, 569.269, 101.981, 80.806, -53.493
263, 230.000, 30.293, -21.102, 759.922, 271.341, -228.946, 2.000, 64.959, -130.156
263, 325.000,38.546, -27.977, 5973.696, 331.775, -272.180, 101.981, 85.891, -129.365
264, 230.000, 36.795, -49.476, 518.816, 521.029, 403.586, 2.000, 38.210, -52.239
264, 325.000,52.997, -39.046, 5949.164, 615.289, 313.141, 101.981, 83.381, -63.027
265, 230.000, 15.772, 18.463, 303.820, 25.743, -781.380, 2.000, 21.237, -178.113
265, 630.000,37.000, -55.134, 4568.544, 368.452, -894.906, 62.004, 78.039, -157.622
266, 230.000, 71.776, 23.621, 807.252, -97.859, -205.648, 2.000, 74.245, 154.552
266, 325.000,71.580, 18.760, 5986.583, 82.933, -152.148, 101.981, 88.342, -151.406
267, 230.000, 28.911, 84.948, 470.462, 77.698, -690.038, 2.000, 34.118, -173.576
267, 325.000,32.697, 69.662, 5971.348, 182.641, -422.723, 101.980, 85.590, -156.633
268, 230.000, -43.283, 7.840, 754.035, 338.665, -142.343, 2.000, 64.025, -112.797
268, 325.000,-34.621, 3.985, 5981.863, 263.011, -131.516, 101.981, 87.186, -116.567
269, 230.000, 58.457, 26.654, 626.609, -539.738, -139.886, 2.000, 48.337, 104.530
269, 325.000,44.476, 23.321, 5972.242, -439.584, -90.920, 101.981, 85.702, 101.686
270, 230.000, -85.099, 21.135, 167.205, -605.225, 556.120, 2.000, 11.499, 47.421
270, 325.000,-110.888, 39.899, 5849.736, -1077.648, 699.119, 101.982, 77.615, 57.027
271, 230.000, -7.578, -88.744, 44.284, 825.670, -140.827, 2.000, 3.026, -99.679
271, 325.000,17.314, -99.463, 5904.718, 841.821, -543.115, 101.981, 80.371, -122.829
272, 230.000, 10.165, 27.207, 829.139, 34.677, 121.863, 2.000, 81.312, -15.884
272, 325.000,11.338, 31.156, 5985.947, 57.828, 184.959, 101.981, 88.146, -17.362
273, 230.000, -69.763, -66.080, 649.826, 457.056, 268.980, 2.000, 50.782, -59.523
273, 325.000,-63.002, -64.193, 5987.416, 130.200, -48.841, 101.979, 88.670, -110.562
274, 230.000, 47.060, 68.993, 176.292, -340.957, -745.784, 2.000, 12.133, 155.431
274, 325.000,38.525, 49.004, 5955.548, -228.031, -590.396, 101.981, 83.934, 158.882
275, 230.000, 59.509, 55.390, 21.937, 822.614, -162.322, 2.000, 1.499, -101.162
275, 325.000,88.813, 53.620, 5887.125, 1099.669, 42.230, 101.981, 79.412, -87.801
276, 230.000, 1.895, -25.371, 391.416, -304.948, -676.257, 2.000, 27.818, 155.728
276, 325.000,-7.229, -46.191, 5934.731, -311.389, -742.433, 101.981, 82.275, 157.246
277, 230.000, -9.996, 42.082, 641.327, 387.838, -376.569, 2.000, 49.872, -134.155
277, 325.000,0.953, 32.139, 5969.396, 381.740, -299.644, 101.981, 85.352, -128.130
278, 230.000, 44.753, 30.869, 195.977, -378.687, 722.297, 2.000, 13.512, 27.667
278, 325.000,34.205, 53.934, 5926.531, -303.248, 808.376, 101.981, 81.711, 20.563
279, 230.000, -17.597, -20.255, 162.623, -733.950, 372.014, 2.000, 11.180, 63.121
279, 325.000,-40.873, -9.050, 5926.057, -793.672, 348.045, 101.981, 81.680, 66.321
280, 230.000, 8.573, -72.390, 377.542, -9.802, -748.926, 2.000, 26.751, 179.250
280, 325.000,8.669, -97.948, 5903.262, 16.625, -1010.187, 101.981, 80.288, -179.057
281, 230.000, 91.124, 36.909, 454.438, 628.366, -319.634, 2.000, 32.806, -116.961
281, 325.000,125.185, 34.220, 5806.426, 1468.707, -16.376, 101.989, 75.804, -90.639
282, 230.000, 81.787, -52.943, 405.239, 732.395, -53.885, 2.000, 28.891, -94.208
282, 325.000,116.959, -63.477, 5783.641, 1471.986, -505.102, 101.990, 74.940, -108.939
283, 230.000, 74.282, -60.584, 177.956, 448.281, -686.221, 2.000, 12.249, -146.845
283, 325.000,99.883, -91.157, 5761.451, 1082.856, -1226.638, 101.987, 74.146, -138.562
284, 230.000, -9.947, 61.722, 392.261, 735.846, 90.474, 2.000, 27.883, -82.991
284, 325.000,11.689, 66.148, 5938.917, 739.954, 225.701, 101.981, 82.578, -73.037
285, 230.000, 51.699, 21.904, 262.019, -571.391, 555.321, 2.000, 18.203, 45.817
285, 325.000,35.513, 39.369, 5937.037, -491.439, 615.831, 101.981, 82.441, 38.590
286, 230.000, -78.522, 0.745, 18.072, 633.487, -549.447, 2.000, 1.235, -130.936
286, 325.000,-61.421, -16.452, 5943.817, 463.396, -570.482, 101.981, 82.951, -140.913
287, 230.000, -60.105, 29.329, 466.008, 319.969, 619.661, 2.000, 33.751, -27.310
287, 325.000,-52.549, 48.429, 5943.831, 193.347, 708.983, 101.981, 82.952, -15.254
288, 230.000, -39.857, 15.980, 281.166, 781.479, -117.304, 2.000, 19.586, -98.537
288, 325.000,-16.892, 12.790, 5950.009, 681.157, -53.343, 101.981, 83.449, -94.478
289, 230.000, 41.552, 72.801, 451.443, 412.771, 573.884, 2.000, 32.563, -35.726
289, 325.000,56.357, 94.378, 5888.341, 608.574, 909.079, 101.981, 79.475, -33.800
290, 230.000, -41.312, -88.472, 533.893, -556.100, 330.506, 2.000, 39.533, 59.276
290, 325.000,-61.979, -90.142, 5920.309, -869.884, -251.253, 101.983, 81.305, 106.111
291, 230.000, -37.626, 49.015, 328.881, -743.189, 207.440, 2.000, 23.085, 74.404
291, 325.000,-61.233, 56.857, 5917.122, -863.244, 334.212, 101.981, 81.109, 68.836
292, 230.000, 29.768, 35.284, 25.751, -725.733, -419.729, 2.000, 1.759, 120.043
292, 325.000,7.304, 22.734, 5940.726, -683.112, -331.390, 101.979, 82.717, 115.879
293, 230.000, -26.893, -25.877, 681.106, -460.495, -166.019, 2.000, 54.295, 109.825
293, 325.000,-40.592, -31.143, 5962.554, -520.246, -215.609, 101.981, 84.605, 112.511
294, 230.000, 21.354, -62.586, 599.859, 59.897, -583.186, 2.000, 45.657, -174.136
294, 325.000,23.801, -81.483, 5939.236, 115.895, -762.405, 101.981, 82.602, -171.357
295, 230.000, 21.968, -4.479, 384.121, -674.197, 318.487, 2.000, 27.256, 64.714
295, 630.000,-33.888, 28.780, 4605.497, -641.890, 427.812, 61.996, 80.492, 56.317
296, 230.000, -66.852, -46.464, 477.501, 599.334, -341.050, 2.000, 34.701, -119.642
296, 325.000,-52.303, -58.356, 5953.556, 426.006, -492.840, 101.981, 83.756, -139.160
297, 230.000, -23.755, -49.528, 614.347, 495.560, -283.762, 2.000, 47.092, -119.796
297, 325.000,-10.064, -58.884, 5958.433, 464.992, -387.367, 101.981, 84.200, -129.796
298, 230.000, -48.118, 51.178, 100.062, -778.651, -295.320, 2.000, 6.852, 110.770
298, 325.000,-74.214, 43.944, 5911.607, -945.369, -168.511, 101.981, 80.774, 100.107
299, 230.000, -52.308, 48.528, 782.474, 156.042, 258.669, 2.000, 68.890, -31.100
299, 325.000,-49.693, 57.332, 5976.488, 32.619, 386.950, 101.981, 86.282, -4.819
300, 230.000, 85.266, 4.500, 736.577, 103.952, -387.521, 2.000, 61.422, -164.984
300, 325.000,92.771, -6.026, 5961.956, 416.678, -388.209, 101.981, 84.544, -132.974
301, 230.000, 16.867, 79.316, 653.333, 140.855, 506.794, 2.000, 51.162, -15.532
301, 325.000,21.748, 97.864, 5930.184, 207.242, 811.937, 101.981, 81.957, -14.319
302, 230.000, -36.605, -69.656, 50.556, -803.139, 236.507, 2.000, 3.456, 73.591
302, 325.000,-63.406, -65.595, 5911.269, -962.064, 23.367, 101.981, 80.753, 88.609
303, 230.000, 50.243, 64.487, 264.067, -322.661, -727.793, 2.000, 18.350, 156.090
303, 325.000,42.422, 45.027, 5956.662, -204.010, -587.954, 101.981, 84.035, 160.864
304, 230.000, 44.373, 73.845, 563.331, -452.561, 425.876, 2.000, 42.192, 46.740
304, 325.000,34.075, 90.370, 5936.622, -303.321, 730.605, 101.981, 82.410, 22.546
305, 230.000, -51.183, 57.297, 156.659, -436.203, -699.077, 2.000, 10.765, 148.037
305, 325.000,-66.555, 38.048, 5931.887, -594.570, -573.057, 101.981, 82.075, 133.944
306, 230.000, -59.857, 38.836, 817.133, 53.540, -181.523, 2.000, 76.960, -163.567
306, 325.000,-60.243, 35.025, 5987.707, -85.257, -96.248, 101.981, 88.770, 138.465
307, 230.000, 45.610, -45.630, 247.608, -662.753, -450.525, 2.000, 17.170, 124.207
307, 325.000,26.728, -60.674, 5933.255, -587.567, -566.076, 101.981, 82.170, 133.933
308, 230.000, 48.337, 24.239, 273.564, 436.056, -662.225, 2.000, 19.035, -146.636
308, 325.000,62.828, 4.675, 5930.075, 545.578, -636.983, 101.981, 81.950, -139.420
309, 230.000, 48.097, 54.144, 689.630, -403.226, 255.621, 2.000, 55.306, 57.628
309, 325.000,38.317, 63.174, 5968.367, -298.491, 398.340, 101.981, 85.233, 36.846
310, 230.000, -14.864, 39.749, 332.643, 146.707, 755.876, 2.000, 23.365, -10.984
310, 325.000,-10.769, 63.522, 5926.661, 123.926, 853.541, 101.981, 81.720, -8.261
311, 230.000, 61.843, -60.208, 531.564, -167.801, -626.743, 2.000, 39.327, 165.011
311, 325.000,60.976, -82.054, 5919.914, 76.735, -904.445, 101.981, 81.283, -175.151
312, 230.000, -49.176, -33.567, 633.520, 524.920, -163.203, 2.000, 49.052, -107.271
312, 325.000,-35.326, -39.054, 5967.933, 445.651, -233.152, 101.981, 85.183, -117.617
313, 230.000, 22.111, 4.385, 47.970, 675.067, 495.487, 2.000, 3.279, -53.722
313, 325.000,44.041, 20.243, 5920.745, 737.069, 520.300, 101.981, 81.336, -54.782
314, 230.000, 1.461, -30.991, 702.634, -108.001, 445.157, 2.000, 56.898, 13.637
314, 630.000,-9.377, -14.039, 4666.993, -141.633, 75.472, 61.999, 88.031, 61.948
315, 230.000, 12.282, -92.726, 28.132, -430.463, -719.329, 2.000, 1.922, 149.103
315, 325.000,0.592, -126.866, 5808.649, -377.605, -1409.697, 101.984, 75.897, 165.005
316, 230.000, 60.455, 21.841, 238.751, -169.891, -785.913, 2.000, 16.538, 167.802
316, 325.000,56.892, -1.561, 5939.375, -51.312, -768.359, 101.981, 82.613, 176.179
317, 230.000, -7.946, -21.124, 540.779, -634.298, -93.533, 2.000, 40.146, 98.388
317, 325.000,-26.720, -24.294, 5949.250, -675.217, -140.376, 101.981, 83.388, 101.744
318, 230.000, -49.357, 22.465, 551.377, 483.081, 407.603, 2.000, 41.100, -49.844
318, 325.000,-36.434, 34.836, 5957.445, 405.493, 462.164, 101.981, 84.108, -41.263
319, 230.000, 46.076, 40.965, 13.464, -783.522, -299.059, 2.000, 0.920, 110.891
319, 325.000,22.323, 32.464, 5941.220, -720.611, -227.584, 101.981, 82.751, 107.527
320, 230.000, 54.751, -53.673, 442.074, 712.524, 20.090, 2.000, 31.807, -88.385
320, 325.000,78.246, -55.601, 5915.830, 921.452, -152.066, 101.981, 81.029, -99.371
321, 230.000, -90.589, -4.250, 497.801, 62.917, 672.131, 2.000, 36.405, -5.348
321, 325.000,-95.088, 14.702, 5940.398, -327.857, 688.085, 101.981, 82.688, 25.477
322, 230.000, 60.320, -37.859, 788.464, 282.598, -44.583, 2.000, 70.057, -98.965
322, 325.000,70.266, -40.408, 5970.683, 446.876, -143.016, 101.981, 85.507, -107.747
323, 230.000, 54.606, 12.208, 667.719, -465.067, -203.442, 2.000, 52.757, 113.627
323, 325.000,42.567, 6.678, 5974.399, -375.441, -186.487, 101.981, 85.986, 116.414
324, 230.000, 25.232, 83.306, 215.815, 376.973, 717.523, 2.000, 14.910, -27.717
324, 325.000,38.784, 112.095, 5847.803, 527.237, 1180.987, 101.982, 77.529, -24.058
325, 230.000, 2.672, 45.079, 36.170, 325.843, 772.038, 2.000, 2.472, -22.882
325, 325.000,13.087, 70.732, 5912.731, 343.031, 889.468, 101.981, 80.841, -21.090
326, 230.000, -18.998, 50.536, 310.092, 757.128, -184.727, 2.000, 21.697, -103.711
326, 325.000,3.498, 46.099, 5941.620, 746.499, -95.256, 101.981, 82.781, -97.272
327, 230.000, 31.421, -48.078, 131.496, -754.427, -342.158, 2.000, 9.020, 114.396
327, 325.000,8.724, -59.965, 5928.788, -718.566, -449.794, 101.981, 81.863, 122.045
328, 230.000, -81.881, -12.700, 241.106, -300.920, -744.875, 2.000, 16.706, 158.002
328, 325.000,-95.875, -35.944, 5896.696, -634.520, -834.057, 101.981, 79.922, 142.737
329, 230.000, -45.110, -70.477, 116.700, -466.393, 687.301, 2.000, 7.998, 34.160
329, 325.000,-61.551, -52.712, 5934.931, -632.096, 496.220, 101.981, 82.289, 51.867
330, 230.000, 30.327, -24.140, 88.159, -732.926, -398.210, 2.000, 6.033, 118.516
330, 325.000,7.830, -37.224, 5929.792, -702.405, -461.936, 101.981, 81.931, 123.331
331, 230.000, -46.180, -77.574, 272.361, 125.540, -783.316, 2.000, 18.948, -170.895
331, 325.000,-46.771, -108.239, 5855.086, -117.970, -1254.447, 101.982, 77.855, 174.628
332, 230.000, -12.018, 36.585, 286.465, 27.922, -787.834, 2.000, 19.970, -177.970
332, 630.000,-22.233, -16.920, 4634.345, -201.936, -533.562, 61.988, 82.982, 159.270
333, 230.000, 42.565, 65.240, 761.458, -151.130, 317.593, 2.000, 65.208, 25.448
333, 325.000,40.132, 76.803, 5966.143, -31.125, 522.849, 101.981, 84.983, 3.407
334, 230.000, -13.759, -79.998, 548.971, -470.645, 425.028, 2.000, 40.882, 47.916
334, 325.000,-27.845, -71.107, 5961.947, -529.215, 210.414, 101.981, 84.543, 68.317
335, 230.000, 7.344, 3.417, 708.598, -273.002, 356.205, 2.000, 57.652, 37.467
335, 630.000,-16.126, 48.929, 4616.824, -283.598, 640.447, 61.996, 81.373, 23.884
336, 230.000, -19.344, -11.795, 780.707, 283.732, -116.257, 2.000, 68.557, -112.281
336, 630.000,-8.243, -38.211, 4650.337, 55.300, -422.401, 62.000, 84.766, -172.541
337, 230.000, -27.253, 24.745, 110.199, 830.370, -43.189, 2.000, 7.549, -92.977
337, 325.000,-1.683, 23.985, 5934.667, 804.288, 44.816, 101.981, 82.270, -86.811
338, 230.000, -4.803, 76.674, 629.706, -441.168, -335.209, 2.000, 48.656, 127.228
338, 325.000,-17.522, 69.897, 5968.799, -469.711, -148.261, 101.981, 85.283, 107.518
339, 230.000, -13.224, -32.198, 381.817, 710.017, 231.549, 2.000, 27.079, -71.938
339, 325.000,7.888, -25.947, 5944.119, 716.499, 152.685, 101.981, 82.974, -77.970
340, 230.000, -39.899, -63.618, 191.625, 190.473, -794.055, 2.000, 13.207, -166.511
340, 325.000,-35.972, -90.966, 5897.620, 69.983, -1040.399, 101.981, 79.973, -176.152
341, 230.000, 45.533, -57.593, 186.966, 565.722, 590.361, 2.000, 12.880, -43.779
341, 325.000,64.517, -41.602, 5928.894, 707.931, 464.983, 101.981, 81.870, -56.702
342, 230.000, 19.772, 0.057, 189.833, 96.863, -811.237, 2.000, 13.081, -173.191
342, 325.000,23.205, -25.214, 5926.824, 145.164, -849.046, 101.981, 81.731, -170.298
343, 230.000, 37.624, -58.079, 807.432, 89.751, -208.621, 2.000, 74.290, -156.722
343, 325.000,41.329, -65.744, 5975.631, 184.071, -356.586, 101.981, 86.158, -152.697
344, 230.000, -30.238, -38.421, 792.687, -268.014, 57.789, 2.000, 70.921, 77.832
344, 325.000,-38.392, -37.635, 5979.984, -329.987, -9.810, 101.981, 86.840, 91.703
345, 230.000, -38.507, -29.633, 84.934, 828.713, 97.701, 2.000, 5.812, -83.276
345, 325.000,-13.236, -27.225, 5938.109, 779.151, 31.860, 101.981, 82.519, -87.658
346, 230.000, 60.198, 43.075, 745.152, -189.946, 334.952, 2.000, 62.672, 29.557
346, 325.000,57.034, 53.980, 5971.315, -39.649, 459.373, 101.981, 85.585, 4.933
347, 230.000, 40.251, 68.284, 98.116, -750.719, 360.995, 2.000, 6.718, 64.319
347, 325.000,18.816, 82.484, 5923.241, -663.726, 586.334, 101.981, 81.496, 48.543
348, 230.000, 25.712, 27.091, 170.302, -574.064, 587.343, 2.000, 11.715, 44.345
348, 325.000,8.384, 45.936, 5927.822, -547.438, 656.078, 101.981, 81.798, 39.842
349, 230.000, 17.253, -95.221, 55.573, 697.555, 462.442, 2.000, 3.799, -56.458
349, 325.000,39.881, -91.085, 5929.172, 842.757, -59.612, 101.980, 81.890, -94.046
350, 230.000, 48.032, -2.175, 330.109, -212.243, 741.286, 2.000, 23.177, 15.977
350, 325.000,42.670, 20.188, 5939.032, -130.783, 761.568, 101.981, 82.587, 9.744
351, 230.000, 6.872, 68.324, 408.157, 506.878, 529.156, 2.000, 29.119, -43.768
351, 325.000,22.162, 86.600, 5918.326, 546.580, 737.489, 101.981, 81.183, -36.544
352, 230.000, 33.426, -92.257, 345.647, 89.006, -759.032, 2.000, 24.336, -173.312
352, 325.000,42.675, -132.956, 5734.759, 409.923, -1679.139, 101.997, 73.227, -166.281
353, 230.000, -17.883, 85.665, 564.944, -589.547, -191.824, 2.000, 42.341, 108.024
353, 325.000,-35.721, 85.236, 5948.360, -685.725, 126.673, 101.981, 83.314, 79.534
354, 230.000, 93.430, 16.674, 103.364, 405.520, -726.907, 2.000, 7.079, -150.844
354, 325.000,116.756, -3.291, 5859.696, 1042.286, -668.854, 101.982, 78.066, -122.689
355, 230.000, 23.941, 57.617, 279.477, 97.675, 784.778, 2.000, 19.463, -7.095
355, 325.000,27.733, 83.434, 5908.899, 162.451, 963.194, 101.981, 80.613, -9.573
356, 230.000, 35.531, 20.021, 120.719, -667.955, 492.734, 2.000, 8.275, 53.585
356, 325.000,15.325, 35.910, 5930.899, -624.724, 550.763, 101.981, 82.007, 48.600
357, 230.000, -50.139, 37.373, 511.265, 659.692, -83.295, 2.000, 37.557, -97.196
357, 325.000,-32.111, 35.865, 5960.761, 581.692, -12.073, 101.981, 84.425, -91.189
358, 230.000, 37.721, 21.956, 48.866, 723.107, -422.199, 2.000, 3.340, -120.279
358, 325.000,61.516, 9.081, 5919.722, 818.039, -396.113, 101.981, 81.271, -115.837
359, 230.000, -36.687, 48.077, 408.311, 25.950, -732.211, 2.000, 29.131, -177.970
359, 325.000,-36.801, 27.467, 5952.184, -45.002, -662.308, 101.981, 83.636, 176.113
360, 230.000, -6.934, -29.541, 6.195, 604.885, 581.033, 2.000, 0.423, -46.152
360, 630.000,60.442, 8.877, 4574.900, 864.700, 355.964, 61.992, 78.448, -67.625
361, 230.000, -31.786, 20.945, 475.300, 690.072, -37.617, 2.000, 34.518, -93.120
361, 325.000,-12.045, 20.329, 5955.767, 630.331, 36.644, 101.983, 83.948, -86.673
362, 230.000, 26.801, 78.109, 548.791, 599.411, -207.504, 2.000, 40.866, -109.095
362, 325.000,45.312, 75.959, 5946.193, 714.361, 41.748, 101.981, 83.138, -86.655
363, 230.000, 24.055, -23.581, 185.226, 768.096, 281.502, 2.000, 12.758, -69.872
363, 325.000,48.406, -15.328, 5925.264, 835.623, 249.355, 101.981, 81.628, -73.385
364, 230.000, -27.086, 13.612, 439.105, -700.572, -141.103, 2.000, 31.568, 101.388
364, 325.000,-48.492, 9.683, 5938.241, -769.192, -121.813, 101.981, 82.529, 98.999
365, 230.000, 7.232, 38.201, 99.064, 423.778, -717.023, 2.000, 6.783, -149.416
365, 325.000,20.793, 16.434, 5934.485, 475.195, -652.173, 101.981, 82.257, -143.922
366, 230.000, 6.314, 15.677, 600.832, -403.019, 424.383, 2.000, 45.752, 43.521
366, 325.000,-5.287, 28.378, 5954.885, -408.598, 491.591, 101.981, 83.873, 39.732
367, 230.000, -23.521, 37.874, 106.538, -769.032, 317.432, 2.000, 7.297, 67.571
367, 325.000,-48.234, 48.761, 5916.098, -841.295, 401.514, 101.981, 81.046, 64.487
368, 230.000, -78.117, -20.534, 0.256, -725.188, -421.458, 2.000, 0.017, 120.164
368, 325.000,-106.115, -35.158, 5863.914, -1095.424, -532.840, 101.981, 78.265, 115.939
369, 230.000, 67.059, -0.540, 497.365, 664.003, 123.500, 2.000, 36.368, -79.464
369, 325.000,88.916, 3.052, 5924.456, 868.292, 126.959, 101.981, 81.575, -81.681
370, 230.000, -6.670, 27.722, 230.022, -288.317, 753.317, 2.000, 15.917, 20.943
370, 325.000,-15.698, 51.523, 5923.903, -309.046, 825.266, 101.981, 81.539, 20.530
371, 230.000, -30.853, 26.672, 830.854, 26.913, -111.723, 2.000, 82.125, -166.456
371, 325.000,-30.720, 24.092, 5988.657, -29.976, -65.314, 101.981, 89.312, 155.347
372, 230.000, -58.199, -42.571, 342.191, 143.168, 752.284, 2.000, 24.077, -10.775
372, 325.000,-55.690, -21.382, 5949.979, 16.924, 683.100, 101.981, 83.449, -1.419
373, 230.000, 6.834, -34.157, 797.781, 257.890, -23.704, 2.000, 72.015, -95.252
373, 325.000,14.203, -35.496, 5981.909, 279.250, -89.211, 101.981, 87.194, -107.717
374, 230.000, 0.348, -11.503, 383.583, 325.218, 671.283, 2.000, 27.214, -25.849
374, 630.000,40.148, 56.406, 4558.787, 538.763, 855.933, 61.996, 77.491, -32.188
375, 230.000, -50.922, 63.641, 557.674, 203.563, 592.525, 2.000, 41.673, -18.960
375, 325.000,-47.723, 83.966, 5929.508, 34.973, 841.994, 101.981, 81.911, -2.378
376, 230.000, 90.767, -4.267, 212.897, 810.643, -32.505, 2.000, 14.704, -92.296
376, 325.000,124.978, -5.706, 5821.142, 1407.304, -60.186, 101.983, 76.397, -92.449
377, 230.000, 49.759, 40.663, 552.221, -426.512, -465.470, 2.000, 41.176, 137.501
377, 325.000,38.645, 28.190, 5966.072, -340.565, -398.961, 101.981, 84.975, 139.515
378, 230.000, -66.540, -4.530, 309.989, -349.927, 696.406, 2.000, 21.690, 26.678
378, 325.000,-79.344, 16.309, 5922.919, -529.424, 712.709, 101.981, 81.475, 36.606
379, 230.000, 61.634, -43.551, 794.172, -229.007, -142.726, 2.000, 71.233, 121.933
379, 325.000,57.472, -49.052, 5982.910, -77.064, -260.759, 101.981, 87.398, 163.536
380, 230.000, -40.814, -20.954, 383.506, -257.530, -700.089, 2.000, 27.208, 159.804
380, 325.000,-49.493, -42.427, 5930.538, -342.630, -761.920, 101.981, 81.982, 155.787
381, 230.000, -54.951, -74.860, 470.897, 672.253, 172.787, 2.000, 34.154, -75.585
381, 325.000,-39.392, -74.894, 5968.657, 476.643, -130.083, 101.980, 85.268, -105.265
382, 230.000, 4.231, -75.288, 809.095, -143.145, -168.517, 2.000, 74.716, 139.654
382, 325.000,0.431, -82.800, 5975.371, -136.757, -381.364, 101.981, 86.121, 160.272
383, 230.000, -25.668, -21.511, 378.822, -395.055, 635.570, 2.000, 26.849, 31.864
383, 325.000,-38.088, -2.823, 5939.415, -459.965, 617.220, 101.981, 82.616, 36.694
384, 230.000, -32.244, 91.984, 188.477, 804.407, -144.672, 2.000, 12.986, -100.196
384, 325.000,-12.135, 97.504, 5939.144, 661.518, 396.693, 101.979, 82.600, -59.050
385, 230.000, 28.284, -58.610, 639.740, 517.405, 162.936, 2.000, 49.704, -72.520
385, 325.000,43.891, -55.669, 5959.084, 597.567, 37.840, 101.981, 84.262, -86.377
386, 230.000, -40.254, -33.551, 772.132, 129.300, 301.027, 2.000, 67.008, -23.245
386, 325.000,-37.499, -25.831, 5983.666, 58.803, 247.925, 101.981, 87.562, -13.343
387, 230.000, -2.066, -2.472, 409.181, 602.391, -416.197, 2.000, 29.199, -124.641
387, 325.000,16.096, -15.123, 5931.613, 670.525, -484.107, 101.977, 82.063, -125.829
388, 230.000, 16.902, -22.636, 775.793, 310.756, -71.414, 2.000, 67.657, -102.942
388, 325.000,25.995, -25.095, 5977.350, 355.400, -118.969, 101.981, 86.412, -108.508
389, 230.000, -67.963, 35.969, 415.734, 557.762, -468.605, 2.000, 29.713, -130.035
389, 325.000,-53.768, 23.351, 5961.239, 415.885, -399.773, 101.981, 84.473, -133.868
390, 230.000, -12.890, -50.829, 432.193, 351.533, -627.022, 2.000, 31.016, -150.723
390, 325.000,-2.789, -70.754, 5932.296, 337.112, -750.615, 101.981, 82.103, -155.814
391, 230.000, -36.075, 64.679, 782.064, -286.135, 100.131, 2.000, 68.812, 70.713
391, 325.000,-45.374, 69.870, 5969.581, -394.314, 278.991, 101.981, 85.374, 54.719
392, 230.000, 3.963, 71.998, 808.200, 196.283, -108.675, 2.000, 74.485, -118.972
392, 325.000,9.528, 71.308, 5985.009, 212.359, 61.200, 101.981, 87.885, -73.923
393, 230.000, -0.310, 72.562, 838.303, 10.182, -25.866, 2.000, 88.101, -158.513
393, 325.000,-0.039, 74.245, 5987.158, 9.761, 151.888, 101.981, 88.544, -3.677
394, 230.000, 30.846, -36.604, 420.316, 476.721, -547.354, 2.000, 30.074, -138.946
394, 325.000,45.806, -53.810, 5929.387, 552.868, -637.116, 101.981, 81.903, -139.050
395, 230.000, 50.234, -73.678, 88.517, -806.063, 214.363, 2.000, 6.058, 75.108
395, 325.000,28.239, -70.982, 5950.944, -674.258, -26.596, 101.980, 83.531, 92.259
396, 230.000, -43.543, 10.399, 552.298, 278.818, -566.349, 2.000, 41.183, -153.789
396, 325.000,-36.329, -5.908, 5958.847, 202.416, -565.983, 101.981, 84.240, -160.321
397, 230.000, -4.947, -42.292, 330.621, -225.647, -737.087, 2.000, 23.215, 162.979
397, 325.000,-11.889, -65.579, 5924.936, -242.196, -840.050, 101.981, 81.606, 163.917
398, 230.000, -54.942, -75.301, 822.125, -120.537, -114.480, 2.000, 78.569, 133.524
398, 325.000,-62.804, -84.696, 5954.375, -404.609, -501.288, 101.982, 83.825, 141.092
399, 230.000, 15.069, -78.284, 541.803, -487.024, 415.669, 2.000, 40.237, 49.520
399, 325.000,1.619, -69.260, 5966.851, -465.149, 222.441, 101.981, 85.061, 64.442
400, 230.000, 34.342, 26.079, 96.120, 826.654, 104.537, 2.000, 6.580, -82.793
400, 325.000,61.170, 29.994, 5915.739, 921.026, 157.933, 101.981, 81.024, -80.270
401, 230.000, -62.797, -17.075, 466.213, -100.229, -690.017, 2.000, 33.768, 171.735
401, 325.000,-67.729, -37.900, 5935.883, -252.267, -755.553, 101.981, 82.357, 161.537
402, 230.000, 31.811, 14.815, 234.015, 610.593, 525.297, 2.000, 16.201, -49.294
402, 325.000,51.296, 31.307, 5922.405, 686.498, 568.364, 101.981, 81.442, -50.378
403, 230.000, 29.296, -92.549, 323.428, -50.605, 772.242, 2.000, 22.681, 3.749
403, 325.000,30.297, -78.119, 5977.711, 91.606, 355.824, 101.977, 86.483, -14.437
404, 230.000, 88.030, -16.163, 83.065, 463.281, -694.258, 2.000, 5.683, -146.285
404, 325.000,110.398, -38.994, 5852.507, 966.336, -826.982, 101.982, 77.739, -130.557
405, 230.000, 3.183, 40.134, 831.366, 101.807, -44.616, 2.000, 82.385, -113.665
405, 325.000,6.084, 39.690, 5988.000, 110.798, 28.026, 101.981, 88.907, -75.805
406, 230.000, 29.465, 39.541, 691.064, -278.113, -385.496, 2.000, 55.478, 144.192
406, 325.000,22.173, 29.405, 5976.097, -229.444, -320.600, 101.981, 86.226, 144.410
407, 230.000, -1.567, 83.170, 188.605, -298.709, 760.740, 2.000, 12.995, 21.438
407, 325.000,-10.784, 112.177, 5865.396, -322.997, 1167.124, 101.981, 78.334, 15.469
408, 230.000, -16.629, -85.283, 768.267, 26.676, 335.527, 2.000, 66.341, -4.546
408, 325.000,-16.728, -80.312, 5988.714, -28.566, 60.351, 101.981, 89.361, 25.330
409, 230.000, 48.046, -49.111, 597.939, 461.757, -364.380, 2.000, 45.470, -128.278
409, 325.000,63.070, -61.375, 5936.398, 607.525, -509.233, 101.981, 82.394, -129.970
410, 230.000, -86.748, -41.837, 13.132, -820.757, 172.364, 2.000, 0.897, 78.140
410, 325.000,-126.872, -43.687, 5763.930, -1618.820, -168.997, 101.989, 74.231, 95.960
411, 230.000, 10.930, -27.812, 6.271, -686.518, -481.848, 2.000, 0.428, 125.064
411, 325.000,-10.836, -43.814, 5923.581, -691.754, -549.418, 101.981, 81.518, 128.458
412, 230.000, -50.864, 8.952, 236.165, -591.170, 546.139, 2.000, 16.354, 47.267
412, 325.000,-70.372, 25.945, 5917.005, -718.777, 584.484, 101.981, 81.101, 50.883
413, 230.000, -56.878, -62.916, 96.017, -340.778, 760.378, 2.000, 6.573, 24.140
413, 325.000,-70.152, -42.637, 5934.939, -544.181, 591.210, 101.981, 82.290, 42.628
414, 230.000, -24.028, 62.387, 87.903, -469.835, 689.240, 2.000, 6.016, 34.281
414, 325.000,-39.701, 86.479, 5894.258, -561.122, 901.170, 101.981, 79.790, 31.909
415, 230.000, 74.239, 37.620, 331.748, -485.783, -597.898, 2.000, 23.298, 140.907
415, 325.000,62.802, 21.391, 5959.158, -299.316, -517.651, 101.981, 84.270, 149.963
416, 230.000, -41.449, 13.539, 167.154, -335.145, 750.507, 2.000, 11.495, 24.064
416, 325.000,-52.836, 37.183, 5920.102, -423.981, 801.145, 101.981, 81.295, 27.889
417, 230.000, -79.073, 24.659, 709.085, -180.953, -409.852, 2.000, 57.714, 156.178
417, 325.000,-87.968, 14.390, 5962.119, -450.559, -345.346, 101.981, 84.561, 127.470
418, 230.000, 7.573, 87.395, 55.650, 44.392, 835.737, 2.000, 3.804, -3.041
418, 325.000,9.654, 121.453, 5831.570, 88.095, 1361.858, 101.982, 76.829, -3.701
419, 230.000, 14.306, 72.010, 624.382, 543.200, 136.401, 2.000, 48.108, -75.904
419, 325.000,30.353, 78.632, 5949.008, 603.235, 338.563, 101.981, 83.367, -60.697
420, 230.000, -31.138, -20.433, 700.100, -415.765, -201.303, 2.000, 56.583, 115.835
420, 325.000,-43.606, -26.577, 5964.783, -481.467, -242.388, 101.981, 84.836, 116.722
421, 230.000, -52.291, -64.942, 575.208, 406.553, -455.383, 2.000, 43.297, -138.242
421, 325.000,-43.381, -81.313, 5942.900, 243.207, -701.439, 101.981, 82.879, -160.877
422, 230.000, 7.796, -82.428, 398.430, 626.432, -390.333, 2.000, 28.361, -121.927
422, 325.000,26.699, -98.767, 5905.010, 688.076, -725.728, 101.981, 80.388, -136.526
423, 230.000, -41.553, -30.986, 820.256, 145.953, 96.961, 2.000, 77.942, -56.403
423, 325.000,-38.388, -28.957, 5988.472, 74.275, 43.173, 101.981, 89.178, -59.832
424, 230.000, 30.363, 72.017, 327.319, 169.028, -753.535, 2.000, 22.969, -167.357
424, 325.000,36.466, 52.054, 5953.443, 251.513, -602.002, 101.981, 83.746, -157.325
425, 230.000, -85.244, -9.528, 353.787, 14.545, -760.360, 2.000, 24.948, -178.904
425, 325.000,-89.846, -32.533, 5922.402, -310.739, -835.333, 101.981, 81.442, 159.595
426, 230.000, -94.009, 22.088, 318.769, -758.618, -162.507, 2.000, 22.337, 102.091
426, 325.000,-131.581, 20.852, 5778.863, -1573.646, 5.977, 101.988, 74.767, 89.782
427, 230.000, -40.257, 29.768, 388.549, -685.133, 288.352, 2.000, 27.596, 67.175
427, 325.000,-61.797, 39.166, 5925.944, -789.878, 358.448, 101.981, 81.673, 65.591
428, 230.000, -33.758, 2.337, 822.662, -80.817, 142.195, 2.000, 78.755, 29.612
428, 325.000,-36.680, 6.357, 5985.330, -148.517, 151.430, 101.981, 87.970, 44.444
429, 230.000, 76.076, 9.517, 604.236, 416.983, -405.645, 2.000, 46.087, -134.210
429, 325.000,91.318, -1.668, 5938.837, 666.781, -393.499, 101.981, 82.572, -120.547
430, 230.000, -23.190, -51.637, 151.257, -425.678, 706.713, 2.000, 10.389, 31.062
430, 325.000,-36.964, -30.905, 5935.834, -484.938, 632.366, 101.981, 82.354, 37.483
431, 230.000, 14.313, 82.883, 743.053, -215.136, -324.211, 2.000, 62.361, 146.433
431, 325.000,8.978, 77.578, 5985.845, -179.414, -81.328, 101.981, 88.115, 114.385
432, 230.000, -32.512, 43.240, 426.152, 687.053, -223.332, 2.000, 30.536, -108.007
432, 325.000,-12.826, 37.576, 5952.208, 647.246, -146.474, 101.981, 83.638, -102.751
433, 230.000, -52.899, 81.711, 3.660, 814.853, 198.811, 2.000, 0.250, -76.289
433, 325.000,-34.347, 96.816, 5920.850, 540.076, 721.947, 101.981, 81.342, -36.800
434, 230.000, 37.561, 84.570, 418.908, 130.649, 714.822, 2.000, 29.963, -10.358
434, 325.000,45.455, 114.608, 5840.855, 366.908, 1272.647, 101.983, 77.224, -16.082
435, 230.000, 1.595, -91.631, 104.618, 733.564, -393.017, 2.000, 7.165, -118.181
435, 325.000,24.100, -112.563, 5862.759, 791.328, -933.499, 101.982, 78.210, -139.712
436, 230.000, 12.947, -17.641, 449.625, -455.706, 541.934, 2.000, 32.416, 40.060
436, 630.000,-26.673, 26.863, 4617.378, -471.114, 512.814, 61.995, 81.424, 42.573
437, 230.000, -70.270, -24.092, 274.664, 712.942, -346.118, 2.000, 19.115, -115.896
437, 325.000,-51.018, -35.312, 5946.972, 574.344, -415.714, 101.981, 83.201, -125.897
438, 230.000, 4.964, -93.117, 50.684, -641.797, 537.635, 2.000, 3.464, 50.047
438, 325.000,-14.212, -83.015, 5950.218, -656.701, 180.546, 101.980, 83.470, 74.628
439, 230.000, -60.490, 76.588, 106.538, -659.242, -507.517, 2.000, 7.297, 127.591
439, 325.000,-88.419, 72.082, 5877.782, -1149.977, 19.430, 101.986, 78.928, 89.032
440, 230.000, 66.854, -46.970, 139.047, 671.016, -483.660, 2.000, 9.542, -125.784
440, 325.000,92.024, -65.031, 5863.048, 994.017, -711.314, 101.981, 78.224, -125.587
441, 230.000, 8.589, 54.460, 208.980, 35.620, -811.531, 2.000, 14.427, -177.487
441, 325.000,9.886, 30.703, 5944.621, 56.284, -726.288, 101.981, 83.014, -175.569
442, 230.000, 23.396, -28.633, 470.564, 676.661, -155.638, 2.000, 34.126, -102.953
442, 325.000,43.907, -33.838, 5939.737, 737.876, -210.391, 101.981, 82.639, -105.914
443, 230.000, -16.152, -74.306, 657.044, 436.466, -285.156, 2.000, 51.568, -123.158
443, 325.000,-4.428, -85.376, 5953.495, 407.335, -509.103, 101.981, 83.750, -141.337
444, 230.000, 77.959, -58.402, 763.634, 223.586, 265.324, 2.000, 65.565, -40.121
444, 325.000,93.134, -58.022, 5941.563, 746.642, -102.923, 101.984, 82.770, -97.849
445, 230.000, 58.952, 22.469, 595.456, 423.660, -411.665, 2.000, 45.229, -134.177
445, 325.000,72.882, 11.272, 5950.103, 569.690, -375.400, 101.981, 83.459, -123.383
446, 230.000, 1.563, 8.119, 460.146, -512.729, -478.433, 2.000, 33.271, 133.018
446, 630.000,-58.209, -39.936, 4560.426, -799.652, -607.286, 61.997, 77.583, 127.214
447, 230.000, -74.356, 22.533, 673.222, -499.357, 30.632, 2.000, 53.383, 86.490
447, 325.000,-91.895, 24.436, 5940.023, -758.002, 103.921, 101.981, 82.661, 82.193
448, 230.000, -24.770, 51.215, 478.269, -688.318, -31.633, 2.000, 34.765, 92.631
448, 325.000,-45.676, 51.641, 5939.966, -762.041, 72.774, 101.981, 82.657, 84.545
449, 230.000, -66.638, -0.824, 759.845, -298.631, 192.298, 2.000, 64.946, 57.221
449, 325.000,-77.074, 4.534, 5967.718, -465.633, 196.814, 101.981, 85.158, 67.087
450, 230.000, -72.131, 7.587, 247.454, 235.553, 766.032, 2.000, 17.159, -17.093
450, 325.000,-67.496, 31.099, 5932.928, 63.232, 815.820, 101.981, 82.147, -4.432
451, 230.000, 1.669, -62.727, 492.527, 574.004, 362.574, 2.000, 35.959, -57.721
451, 325.000,18.525, -53.736, 5954.233, 595.881, 247.420, 101.981, 83.816, -67.451
452, 230.000, -72.683, 67.483, 90.181, 743.340, -377.938, 2.000, 6.172, -116.950
452, 325.000,-58.510, 63.417, 5977.561, 366.904, -9.898, 101.972, 86.486, -91.545
453, 230.000, -57.743, 50.991, 137.819, 545.900, -621.710, 2.000, 9.457, -138.715
453, 325.000,-42.774, 33.473, 5950.166, 432.483, -526.906, 101.981, 83.465, -140.621
454, 230.000, 34.355, -66.689, 563.587, -393.014, 481.075, 2.000, 42.216, 39.247
454, 325.000,24.133, -54.957, 5970.427, -326.199, 341.702, 101.981, 85.476, 43.670
455, 230.000, 95.713, -3.121, 90.386, 492.603, 672.827, 2.000, 6.186, -36.209
455, 325.000,124.355, 16.824, 5816.696, 1244.490, 698.489, 101.985, 76.215, -60.696
456, 230.000, -5.069, -5.206, 437.722, -630.643, 337.953, 2.000, 31.458, 61.814
456, 325.000,-24.130, 4.815, 5936.823, -708.656, 348.423, 101.982, 82.423, 63.818
457, 230.000, -79.301, -18.504, 686.200, 74.228, -476.595, 2.000, 54.896, -171.147
457, 325.000,-80.861, -32.750, 5960.767, -174.586, -555.006, 101.981, 84.425, 162.538
458, 230.000, -84.333, -47.063, 21.323, 454.936, 704.346, 2.000, 1.457, -32.858
458, 325.000,-77.211, -29.540, 5965.212, 89.225, 526.062, 101.979, 84.889, -9.626
459, 230.000, -61.681, 70.017, 652.821, -493.090, 184.963, 2.000, 51.106, 69.438
459, 325.000,-81.536, 82.062, 5895.770, -870.681, 592.844, 101.982, 79.870, 55.749
460, 230.000, -59.748, -34.326, 607.948, 47.676, -575.891, 2.000, 46.453, -175.267
460, 325.000,-60.388, -51.995, 5949.284, -99.206, -682.188, 101.981, 83.390, 171.726
461, 230.000, -43.741, 26.452, 68.013, -314.779, 774.475, 2.000, 4.651, 22.119
461, 325.000,-54.862, 51.602, 5912.326, -418.565, 859.311, 101.981, 80.817, 25.970
462, 230.000, 48.418, -53.795, 43.004, -156.053, -822.996, 2.000, 2.939, 169.263
462, 325.000,45.630, -81.990, 5900.398, -16.841, -1026.773, 101.981, 80.127, 179.060
463, 230.000, -89.671, 3.243, 277.839, -251.750, -750.301, 2.000, 19.345, 161.452
463, 325.000,-104.125, -18.812, 5898.044, -690.126, -778.541, 101.981, 79.996, 138.445
464, 230.000, -52.445, 58.146, 348.130, 676.208, 353.655, 2.000, 24.523, -62.391
464, 325.000,-34.459, 71.017, 5939.333, 555.823, 533.456, 101.981, 82.609, -46.176
465, 230.000, -15.269, -94.287, 774.180, 278.409, -163.271, 2.000, 67.369, -120.389
465, 325.000,-9.203, -108.152, 5942.320, 204.545, -718.868, 101.982, 82.831, -164.117
466, 230.000, 16.926, 62.667, 561.923, 319.607, -534.432, 2.000, 42.063, -149.119
466, 325.000,26.619, 48.855, 5962.993, 364.430, -423.189, 101.981, 84.649, -139.267
467, 230.000, 44.265, 23.140, 580.712, 96.005, 597.562, 2.000, 43.816, -9.127
467, 325.000,48.089, 40.999, 5949.876, 182.592, 659.424, 101.981, 83.440, -15.477
468, 230.000, -39.121, 86.490, 799.675, -250.224, 37.830, 2.000, 72.439, 81.403
468, 325.000,-49.637, 95.723, 5946.769, -481.528, 522.499, 101.980, 83.186, 42.663
469, 230.000, 40.054, 14.427, 792.124, 241.640, -132.942, 2.000, 70.803, -118.818
469, 325.000,47.642, 10.996, 5979.563, 318.794, -111.327, 101.981, 86.768, -109.250
470, 230.000, 9.322, 15.540, 755.980, -298.239, -207.538, 2.000, 64.330, 124.833
470, 630.000,-14.607, 9.214, 4661.174, -281.722, -7.108, 61.997, 86.540, 91.445
471, 230.000, -91.421, 2.481, 717.711, -423.583, -94.823, 2.000, 58.835, 102.618
471, 325.000,-110.809, 0.056, 5919.524, -906.124, -87.244, 101.981, 81.257, 95.500
472, 230.000, -32.911, -30.946, 199.433, -317.009, -750.504, 2.000, 13.755, 157.101
472, 325.000,-43.519, -54.903, 5917.414, -391.940, -836.540, 101.981, 81.127, 154.896
473, 230.000, -89.318, 4.036, 211.028, 368.573, 723.288, 2.000, 14.572, -27.002
473, 325.000,-83.677, 25.958, 5938.381, 42.581, 776.463, 101.980, 82.540, -3.139
474, 230.000, 44.031, -13.838, 620.696, 560.503, 64.011, 2.000, 47.733, -83.485
474, 325.000,61.173, -12.307, 5952.692, 658.045, 40.442, 101.981, 83.680, -86.483
475, 230.000, -62.039, 20.502, 636.387, 538.711, -91.245, 2.000, 49.352, -99.613
475, 325.000,-48.242, 18.423, 5973.407, 429.898, -52.586, 101.981, 85.853, -96.974
476, 230.000, 85.663, -40.457, 484.976, -334.032, -597.281, 2.000, 35.324, 150.784
476, 325.000,84.198, -61.253, 5926.893, 117.002, -853.143, 101.982, 81.733, -172.191
477, 230.000, -1.265, 88.818, 278.479, -364.281, -702.334, 2.000, 19.391, 152.586
477, 325.000,-12.139, 72.443, 5960.473, -385.071, -439.940, 101.980, 84.398, 138.805
478, 230.000, 56.318, 26.783, 25.393, -432.300, -718.329, 2.000, 1.735, 148.960
478, 325.000,44.022, 4.704, 5939.490, -336.295, -691.768, 101.981, 82.621, 154.074
479, 230.000, -43.312, -21.932, 131.957, -435.519, 704.581, 2.000, 9.052, 31.721
479, 325.000,-57.921, -0.438, 5925.741, -531.006, 687.623, 101.981, 81.659, 37.677
480, 230.000, 99.552, -1.451, 479.652, 16.854, 687.877, 2.000, 34.880, -1.404
480, 325.000,118.464, 17.574, 5871.265, 943.450, 718.113, 102.004, 78.583, -52.723
481, 230.000, -23.631, 72.972, 778.967, 137.534, 278.960, 2.000, 68.234, -26.244
481, 325.000,-20.764, 83.669, 5967.696, 74.554, 500.257, 101.981, 85.156, -8.476
482, 230.000, 74.856, -35.283, 285.953, -105.710, 781.396, 2.000, 19.933, 7.704
482, 325.000,74.960, -13.455, 5945.763, 113.256, 710.089, 101.981, 83.104, -9.062
483, 230.000, 87.499, 43.625, 419.958, -725.059, -38.060, 2.000, 30.045, 93.005
483, 325.000,75.307, 46.677, 5978.846, -286.007, 198.458, 101.977, 86.668, 55.244
484, 230.000, -14.288, 48.460, 820.256, -24.989, -173.434, 2.000, 77.942, 171.801
484, 325.000,-15.289, 44.664, 5988.184, -51.647, -90.362, 101.981, 89.004, 150.250
485, 230.000, 41.665, -5.521, 768.037, 177.111, -286.837, 2.000, 66.302, -148.306
485, 325.000,47.498, -13.704, 5975.892, 255.199, -304.606, 101.981, 86.196, -140.044
486, 230.000, -21.388, 3.989, 704.861, -326.636, 316.234, 2.000, 57.178, 45.927
486, 325.000,-31.148, 13.102, 5967.088, -386.092, 337.684, 101.981, 85.087, 48.826
487, 230.000, -49.180, 80.146, 676.294, 451.699, 205.226, 2.000, 53.736, -65.566
487, 325.000,-40.839, 92.628, 5952.183, 224.354, 624.515, 101.980, 83.639, -19.761
488, 230.000, -37.030, -45.487, 497.212, -661.479, -136.929, 2.000, 36.355, 101.695
488, 325.000,-57.490, -50.813, 5934.953, -766.130, -242.051, 101.981, 82.290, 107.533
489, 230.000, -29.492, -33.503, 144.909, 386.064, -730.397, 2.000, 9.949, -152.141
489, 325.000,-18.125, -57.052, 5923.137, 344.729, -816.585, 101.981, 81.489, -157.112
490, 230.000, 16.160, -58.666, 143.936, 773.151, -291.624, 2.000, 9.881, -110.666
490, 325.000,40.681, -69.577, 5913.096, 842.289, -441.661, 101.981, 80.863, -117.671
491, 230.000, -19.222, -9.380, 448.832, 642.441, -298.903, 2.000, 32.351, -114.951
491, 630.000,35.630, -55.772, 4576.107, 642.781, -675.814, 62.011, 78.480, -136.435
492, 230.000, 42.376, -86.160, 104.772, 347.539, -756.150, 2.000, 7.176, -155.316
492, 325.000,60.353, -124.227, 5740.757, 732.478, -1542.458, 101.989, 73.435, -154.598
493, 230.000, 1.828, 30.349, 386.424, 719.422, -191.395, 2.000, 27.433, -104.898
493, 325.000,23.518, 25.223, 5939.934, 753.825, -134.615, 101.981, 82.654, -100.125
494, 230.000, 14.376, -77.398, 274.562, 783.315, -120.653, 2.000, 19.107, -98.756
494, 325.000,38.655, -84.761, 5913.699, 867.853, -379.765, 101.981, 80.899, -113.634
495, 230.000, -49.963, 26.381, 391.211, 724.897, -158.120, 2.000, 27.802, -102.305
495, 325.000,-29.453, 22.263, 5952.697, 649.925, -110.285, 101.981, 83.681, -99.631
496, 230.000, 14.434, 87.591, 58.619, 666.362, 506.013, 2.000, 4.008, -52.788
496, 325.000,36.313, 111.089, 5852.500, 786.358, 999.709, 101.982, 77.739, -38.188
497, 230.000, 45.334, 5.521, 248.324, -307.203, 739.922, 2.000, 17.221, 22.547
497, 325.000,36.897, 28.332, 5934.118, -234.386, 774.915, 101.981, 82.231, 16.829
498, 230.000, -17.672, -96.323, 440.205, 383.337, 602.325, 2.000, 31.657, -32.474
498, 325.000,-8.598, -88.683, 5980.315, 305.907, 99.329, 101.976, 86.922, -72.011
499, 230.000, -61.022, -43.532, 480.420, -494.154, -478.051, 2.000, 34.944, 134.051
499, 325.000,-78.296, -59.525, 5912.205, -711.869, -639.010, 101.981, 80.809, 131.913
500, 230.000, -3.363, 1.098, 491.017, 527.468, -429.189, 2.000, 35.832, -129.134
500, 630.000,55.879, -48.996, 4554.348, 782.978, -671.079, 61.996, 77.242, -130.599
