ion,x0,y0,z0,vx0,vy0,vz0,ke0,elev0,azim0,x1,y1,z1,vx1,vy1,vz1,ke1,elev1,azim1
1, 230.000, -80.316, -30.057, 614.373, -570.984, 6.843, 2.000, 47.094, 89.313
1, 325.000,-101.787, -31.831, 5914.488, -934.956, -118.405, 101.981, 80.947, 97.218
2, 230.000, 50.488, 54.793, 269.289, 467.412, 642.288, 2.000, 18.727, -36.044
2, 325.000,67.130, 76.941, 5890.509, 659.829, 857.785, 101.981, 79.590, -37.568
3, 230.000, 8.451, -24.847, 692.933, -98.176, -462.309, 2.000, 55.704, 168.011
3, 325.000,5.812, -38.556, 5965.329, -85.264, -526.104, 101.981, 84.895, 170.794
4, 230.000, -14.958, 68.877, 16.357, 658.021, -519.870, 2.000, 1.117, -128.310
4, 325.000,5.376, 54.454, 5940.796, 650.813, -390.580, 101.981, 82.719, -120.970
5, 230.000, 17.899, 28.876, 334.231, 631.409, -439.473, 2.000, 23.483, -124.839
5, 325.000,37.414, 16.151, 5935.905, 688.530, -400.193, 101.981, 82.359, -120.166
6, 230.000, 61.653, 42.877, 153.971, -619.175, -544.463, 2.000, 10.578, 131.326
6, 325.000,44.488, 27.437, 5949.544, -503.049, -467.999, 101.981, 83.412, 132.933
7, 230.000, 20.268, 26.683, 545.643, -325.642, -547.499, 2.000, 40.582, 149.257
7, 630.000,5.399, -10.988, 2030.083, -68.081, -307.385, 11.999, 81.185, 167.511
8, 230.000, 77.222, 57.274, 431.886, -67.769, -715.825, 2.000, 30.991, 174.592
8, 325.000,82.062, 41.932, 5962.438, 328.016, -458.571, 101.979, 84.598, -144.424
9, 230.000, 3.135, 91.928, 493.449, -406.264, -543.122, 2.000, 36.037, 143.203
9, 325.000,-8.261, 82.161, 5971.287, -413.142, -205.033, 101.980, 85.583, 116.394
10, 230.000, -80.950, 30.809, 356.091, -684.027, 329.895, 2.000, 25.122, 64.253
10, 325.000,-107.589, 43.007, 5864.407, -1110.021, 496.040, 101.982, 78.287, 65.921
11, 230.000, 96.798, -17.965, 146.957, 825.649, -15.201, 2.000, 10.091, -91.055
11, 325.000,145.048, -22.684, 5672.011, 1912.989, -207.074, 101.995, 71.261, -96.178
12, 230.000, 91.717, -7.704, 312.575, -487.097, -607.090, 2.000, 21.880, 141.258
12, 325.000,83.552, -26.027, 5949.979, -129.737, -670.770, 101.980, 83.450, 169.053
13, 230.000, 93.428, 26.223, 720.911, 394.342, -168.242, 2.000, 59.260, -113.105
13, 325.000,116.242, 24.951, 5892.981, 1069.360, 5.401, 101.985, 79.715, -89.711
14, 230.000, -87.131, -38.594, 489.430, 39.652, 680.007, 2.000, 35.698, -3.337
14, 325.000,-93.629, -22.707, 5952.591, -409.988, 516.921, 101.979, 83.675, 38.419
15, 230.000, -30.491, -70.967, 399.556, -727.488, 120.996, 2.000, 28.448, 80.557
15, 325.000,-53.310, -70.498, 5927.493, -852.092, -89.364, 101.981, 81.775, 95.987
16, 230.000, -33.170, 53.137, 113.373, -126.713, 821.349, 2.000, 7.768, 8.770
16, 325.000,-38.307, 80.660, 5901.722, -218.570, 995.560, 101.981, 80.201, 12.383
17, 230.000, 55.017, 17.302, 440.794, 49.870, 711.855, 2.000, 31.704, -4.007
17, 325.000,57.982, 38.839, 5936.768, 166.744, 772.132, 101.981, 82.421, -12.186
18, 230.000, -2.797, 16.859, 356.117, -537.641, 536.328, 2.000, 25.124, 45.070
18, 325.000,-19.135, 33.445, 5933.056, -564.378, 591.207, 101.981, 82.156, 43.670
19, 230.000, 9.539, -95.947, 690.680, -436.122, 190.481, 2.000, 55.432, 66.406
19, 325.000,-1.497, -100.011, 5965.507, -405.270, -341.612, 101.978, 84.923, 130.128
20, 230.000, 17.277, -95.772, 5.913, -135.825, 827.672, 2.000, 0.404, 9.319
20, 325.000,14.554, -78.440, 5973.295, -63.127, 428.916, 101.978, 85.849, 8.373
21, 230.000, -69.784, -70.962, 445.120, 625.477, -337.892, 2.000, 32.052, -118.379
21, 325.000,-63.477, -91.774, 5912.725, 82.958, -950.552, 101.985, 80.833, -175.012
22, 230.000, -55.538, 34.465, 680.646, -470.132, 138.640, 2.000, 54.241, 73.569
22, 325.000,-70.660, 39.504, 5952.559, -620.426, 226.542, 101.981, 83.668, 69.941
23, 230.000, -6.098, 5.979, 464.933, -620.006, 320.863, 2.000, 33.663, 62.638
23, 325.000,-24.729, 15.684, 5940.113, -675.502, 357.666, 101.981, 82.668, 62.100
24, 230.000, 7.116, -52.714, 612.248, 470.609, -327.419, 2.000, 46.882, -124.828
24, 325.000,20.848, -63.454, 5951.891, 499.233, -441.545, 101.981, 83.611, -131.491
25, 230.000, -13.995, -18.224, 272.693, 522.328, -596.939, 2.000, 18.972, -138.814
25, 325.000,1.749, -36.930, 5930.303, 515.127, -659.811, 101.981, 81.966, -142.020
26, 230.000, -91.353, 16.928, 488.662, 673.668, 104.425, 2.000, 35.634, -81.189
26, 325.000,-77.972, 20.978, 5976.825, 339.193, 177.286, 101.980, 86.336, -62.405
27, 230.000, 31.123, -0.591, 796.988, 107.253, -238.393, 2.000, 71.841, -155.777
27, 325.000,34.760, -7.299, 5981.383, 174.992, -248.329, 101.981, 87.092, -144.828
28, 230.000, -2.252, 82.527, 383.814, -442.470, -600.359, 2.000, 27.232, 143.609
28, 325.000,-15.370, 68.212, 5958.015, -466.821, -391.498, 101.981, 84.161, 129.985
29, 230.000, 77.823, 58.510, 620.593, 470.775, 311.061, 2.000, 47.722, -56.546
29, 325.000,102.709, 76.015, 5833.879, 1104.863, 785.224, 101.987, 76.920, -54.599
30, 230.000, 7.553, 81.525, 357.192, 320.103, 688.093, 2.000, 25.205, -24.948
30, 325.000,17.531, 107.051, 5884.658, 367.354, 1051.274, 101.981, 79.284, -19.261
31, 230.000, 86.838, 25.545, 92.792, -783.007, 286.031, 2.000, 6.352, 69.933
31, 325.000,67.773, 35.652, 5954.124, -514.451, 390.863, 101.980, 83.807, 52.774
32, 230.000, -1.489, 24.287, 529.209, 436.165, -482.931, 2.000, 39.119, -137.913
32, 630.000,63.582, -7.996, 1891.056, 763.641, -251.328, 12.005, 66.968, -108.217
33, 230.000, -2.452, -72.106, 722.908, -341.960, 252.965, 2.000, 59.528, 53.508
33, 325.000,-12.134, -67.286, 5977.616, -359.233, 90.762, 101.981, 86.453, 75.821
34, 230.000, -73.927, 57.684, 632.317, 196.539, 514.851, 2.000, 48.927, -20.894
34, 325.000,-75.196, 77.357, 5924.738, -191.952, 854.275, 101.981, 81.594, 12.664
35, 230.000, -52.308, -1.781, 695.032, 102.416, 458.220, 2.000, 55.959, -12.599
35, 325.000,-50.572, 11.201, 5970.739, 8.412, 468.396, 101.981, 85.514, -1.029
36, 230.000, -29.334, -7.663, 715.433, -349.916, 263.132, 2.000, 58.535, 53.057
36, 325.000,-39.875, -0.326, 5969.010, -416.995, 257.357, 101.981, 85.307, 58.318
37, 230.000, -13.066, -37.274, 762.277, 341.986, -74.185, 2.000, 65.342, -102.239
37, 325.000,-3.687, -40.121, 5978.287, 328.345, -146.554, 101.981, 86.558, -114.053
38, 230.000, 27.755, 51.548, 485.437, 480.402, 486.918, 2.000, 35.363, -44.614
38, 325.000,42.693, 67.385, 5930.397, 560.348, 620.981, 101.981, 81.972, -42.062
39, 230.000, -38.553, -12.275, 390.418, -24.658, -741.950, 2.000, 27.741, 178.097
39, 325.000,-40.118, -34.777, 5936.386, -94.402, -787.150, 101.981, 82.393, 173.161
40, 230.000, 19.478, 55.008, 640.611, 192.996, 505.860, 2.000, 49.796, -20.883
40, 325.000,25.549, 71.033, 5949.700, 241.591, 641.806, 101.981, 83.425, -20.628
41, 230.000, 82.086, 48.181, 87.442, 834.052, -15.355, 2.000, 5.984, -91.055
41, 325.000,120.003, 55.006, 5779.582, 1529.938, 355.978, 101.986, 74.795, -76.902
42, 230.000, 87.675, -30.370, 324.887, -763.478, 122.773, 2.000, 22.789, 80.865
42, 325.000,70.658, -28.614, 5970.919, -465.697, 12.809, 101.980, 85.539, 88.424
43, 230.000, 49.624, 82.083, 692.651, 468.752, -63.483, 2.000, 55.670, -97.713
43, 325.000,67.972, 89.275, 5918.820, 801.679, 440.638, 101.981, 81.214, -61.205
44, 230.000, -17.028, 58.875, 767.934, 312.523, -127.005, 2.000, 66.285, -112.116
44, 325.000,-8.702, 56.792, 5982.147, 287.946, -13.669, 101.981, 87.241, -92.718
45, 230.000, -40.856, -66.782, 463.627, -361.339, 598.338, 2.000, 33.556, 31.128
45, 325.000,-52.967, -51.880, 5953.026, -486.651, 440.263, 101.981, 83.709, 47.865
46, 230.000, 41.563, -36.513, 13.413, 146.986, -825.675, 2.000, 0.916, -169.906
46, 325.000,47.470, -63.846, 5909.548, 246.390, -941.141, 101.981, 80.652, -165.329
47, 230.000, 14.260, -89.860, 27.313, 341.897, -765.431, 2.000, 1.866, -155.931
47, 325.000,26.492, -123.832, 5809.996, 455.323, -1380.782, 101.983, 75.951, -161.750
48, 230.000, -94.989, -1.649, 543.237, -248.782, -588.664, 2.000, 40.366, 157.090
48, 325.000,-112.250, -18.491, 5895.753, -842.031, -633.097, 101.982, 79.869, 126.938
49, 230.000, -17.331, 7.345, 96.094, 684.896, 474.560, 2.000, 6.579, -55.282
49, 325.000,4.011, 22.647, 5922.391, 685.966, 569.045, 101.980, 81.442, -50.323
50, 230.000, -80.627, -31.271, 440.973, -2.497, 713.484, 2.000, 31.718, 0.201
50, 325.000,-84.999, -12.208, 5948.269, -286.721, 636.389, 101.981, 83.307, 24.254
51, 230.000, 27.383, -27.489, 337.430, -48.449, -766.366, 2.000, 23.722, 176.383
51, 325.000,26.513, -51.265, 5929.932, -0.972, -839.703, 101.981, 81.940, 179.934
52, 230.000, -25.950, -90.502, 806.510, -226.528, 41.840, 2.000, 74.059, 79.535
52, 325.000,-34.321, -97.096, 5962.607, -371.552, -422.292, 101.980, 84.611, 138.657
53, 230.000, -23.204, 95.883, 235.602, -159.662, 789.002, 2.000, 16.313, 11.440
53, 325.000,-33.491, 142.310, 5678.875, -416.179, 1857.941, 101.997, 71.465, 12.626
54, 230.000, -68.094, -33.828, 64.737, -692.678, 468.540, 2.000, 4.427, 55.925
54, 325.000,-92.949, -20.810, 5901.128, -948.325, 382.907, 101.981, 80.168, 68.013
55, 230.000, -31.548, -39.459, 268.060, -726.061, 323.269, 2.000, 18.638, 66.000
55, 325.000,-54.471, -30.551, 5928.305, -811.011, 258.171, 101.981, 81.830, 72.342
56, 230.000, -54.490, -61.663, 331.876, 714.687, -287.410, 2.000, 23.308, -111.907
56, 325.000,-35.739, -73.006, 5940.892, 577.310, -491.659, 101.981, 82.726, -130.419
57, 230.000, -50.225, -37.348, 40.905, -720.747, 427.052, 2.000, 2.795, 59.353
57, 325.000,-74.570, -25.060, 5914.935, -869.359, 356.323, 101.981, 80.974, 67.713
58, 230.000, 28.155, 74.613, 675.680, -213.630, -448.713, 2.000, 53.665, 154.541
58, 325.000,23.181, 64.738, 5981.338, -146.630, -266.914, 101.981, 87.085, 151.218
59, 230.000, -76.791, -38.424, 94.430, -710.751, 435.247, 2.000, 6.464, 58.518
59, 325.000,-104.145, -27.762, 5881.366, -1092.580, 291.797, 101.981, 79.116, 75.047
60, 230.000, -36.612, 1.647, 755.570, 359.424, -58.753, 2.000, 64.265, -99.284
60, 325.000,-27.241, 0.020, 5982.428, 276.739, -57.420, 101.981, 87.295, -101.722
61, 230.000, 56.890, -47.333, 667.770, 270.373, 429.541, 2.000, 52.763, -32.188
61, 325.000,66.550, -36.836, 5965.127, 426.566, 323.273, 101.981, 84.873, -52.843
62, 230.000, 56.189, -13.106, 583.528, 562.840, 215.013, 2.000, 44.083, -69.092
62, 325.000,74.018, -7.253, 5944.625, 702.136, 194.025, 101.981, 83.014, -74.553
63, 230.000, 59.122, 44.308, 778.199, -186.819, -251.056, 2.000, 68.093, 143.346
63, 325.000,55.840, 38.761, 5986.927, -50.653, -152.709, 101.981, 88.461, 161.649
64, 230.000, -76.629, -40.649, 599.398, -252.008, 529.847, 2.000, 45.612, 25.437
64, 325.000,-88.154, -27.951, 5950.135, -551.016, 401.956, 101.981, 83.461, 53.890
65, 230.000, -28.958, 17.270, 131.394, 790.298, -248.374, 2.000, 9.013, -107.447
65, 630.000,46.861, 7.931, 1918.852, 733.835, -13.576, 12.000, 69.068, -91.060
66, 230.000, -47.907, 74.030, 383.327, -224.260, -711.542, 2.000, 27.195, 162.506
66, 325.000,-57.014, 57.172, 5955.799, -402.206, -485.576, 101.981, 83.957, 140.365
67, 230.000, 4.740, 32.567, 507.400, 242.375, 622.353, 2.000, 37.224, -21.278
67, 325.000,11.970, 51.549, 5942.706, 257.912, 697.800, 101.981, 82.865, -20.285
68, 230.000, 74.203, -48.479, 198.818, 205.834, 788.434, 2.000, 13.712, -14.631
68, 325.000,84.863, -27.687, 5933.222, 502.766, 642.797, 101.980, 82.169, -38.031
69, 230.000, 22.417, -50.315, 750.732, -284.058, -243.383, 2.000, 63.514, 130.590
69, 325.000,14.959, -58.363, 5973.820, -249.328, -347.144, 101.981, 85.908, 144.313
70, 230.000, -37.550, 87.167, 334.307, -700.941, -316.929, 2.000, 23.489, 114.330
70, 325.000,-61.679, 86.621, 5909.647, -958.298, 162.503, 101.979, 80.660, 80.376
71, 230.000, 44.367, 50.881, 463.192, 201.677, -669.554, 2.000, 33.520, -163.237
71, 325.000,51.557, 32.667, 5952.950, 304.656, -582.024, 101.981, 83.703, -152.371
72, 230.000, 35.271, -49.841, 759.103, 354.629, -39.053, 2.000, 64.827, -96.284
72, 325.000,46.177, -52.290, 5971.093, 440.426, -145.869, 101.981, 85.557, -108.325
73, 230.000, -7.120, -99.572, 655.688, 521.313, -42.780, 2.000, 51.419, -94.691
73, 325.000,5.720, -121.504, 5875.184, 479.772, -1064.915, 102.017, 78.756, -155.747
74, 230.000, 74.862, 14.325, 255.031, 775.363, 193.119, 2.000, 17.701, -76.014
74, 325.000,102.311, 20.934, 5885.694, 1078.730, 253.458, 101.981, 79.338, -76.778
75, 230.000, 28.906, -51.398, 521.043, -623.980, -206.607, 2.000, 38.404, 108.320
75, 325.000,11.424, -58.733, 5951.966, -586.205, -315.677, 101.981, 83.617, 118.303
76, 230.000, -8.605, -80.957, 56.725, -163.619, -820.692, 2.000, 3.878, 168.725
76, 325.000,-14.293, -112.057, 5860.751, -210.177, -1215.235, 101.981, 78.117, 170.188
77, 230.000, -88.279, 29.043, 392.568, -690.138, -270.414, 2.000, 27.907, 111.397
77, 325.000,-117.907, 24.267, 5852.850, -1265.470, -111.937, 101.983, 77.753, 95.055
78, 230.000, -76.099, 43.507, 257.284, -764.768, -229.038, 2.000, 17.863, 106.672
78, 325.000,-105.056, 40.085, 5872.681, -1174.673, -34.326, 101.981, 78.684, 91.674
79, 230.000, 2.414, -62.985, 823.456, -159.431, 5.122, 2.000, 79.037, 88.160
79, 325.000,-1.944, -64.517, 5985.645, -159.216, -125.889, 101.981, 88.058, 128.333
80, 230.000, -96.835, 3.595, 722.319, 266.914, -332.470, 2.000, 59.448, -141.242
80, 325.000,-99.147, -5.105, 5973.639, -276.321, -329.205, 101.980, 85.885, 139.991
81, 230.000, -68.888, 13.052, 302.950, 678.296, 389.435, 2.000, 21.173, -60.138
81, 325.000,-50.455, 25.158, 5947.933, 552.155, 431.721, 101.981, 83.279, -51.979
82, 230.000, 30.820, -71.828, 641.199, 183.708, 508.565, 2.000, 49.859, -19.861
82, 325.000,37.154, -60.027, 5973.354, 271.323, 338.515, 101.981, 85.846, -38.713
83, 230.000, -38.248, 22.307, 836.357, 0.180, 63.487, 2.000, 85.659, -0.162
83, 325.000,-39.028, 24.531, 5987.769, -68.530, 105.383, 101.981, 88.797, 33.035
84, 230.000, -17.439, 84.511, 70.292, 382.479, -743.164, 2.000, 4.807, -152.767
84, 325.000,-6.408, 65.243, 5955.315, 348.848, -530.682, 101.980, 83.913, -146.681
85, 230.000, 22.433, 67.653, 418.755, 211.605, 695.264, 2.000, 29.951, -16.928
85, 325.000,29.644, 91.088, 5909.738, 287.968, 928.069, 101.981, 80.663, -17.238
86, 230.000, -63.485, -41.886, 113.014, -634.028, 537.364, 2.000, 7.744, 49.717
86, 325.000,-85.937, -27.113, 5911.145, -859.420, 434.718, 101.981, 80.746, 63.168
87, 230.000, 66.195, 2.985, 82.937, -528.181, -646.274, 2.000, 5.675, 140.742
87, 325.000,51.468, -17.155, 5938.064, -409.744, -663.838, 101.981, 82.516, 148.316
88, 230.000, 7.261, 4.949, 59.592, -447.784, -706.726, 2.000, 4.074, 147.642
88, 630.000,-54.322, -103.983, 1527.919, -657.335, -1204.604, 11.991, 48.072, 151.379
89, 230.000, -81.909, -18.898, 357.397, 659.074, 376.050, 2.000, 25.220, -60.292
89, 325.000,-65.811, -8.573, 5962.258, 454.323, 337.910, 101.981, 84.575, -53.359
90, 230.000, 15.206, -75.183, 712.669, -423.729, 126.813, 2.000, 58.175, 73.339
90, 325.000,3.868, -74.359, 5975.411, -398.935, -66.823, 101.981, 86.127, 99.509
91, 230.000, 21.652, 5.574, 555.344, -286.200, 559.648, 2.000, 41.460, 27.085
91, 325.000,13.751, 22.147, 5952.290, -234.163, 619.923, 101.980, 83.647, 20.693
92, 230.000, -33.049, 23.845, 478.449, -455.794, -516.588, 2.000, 34.780, 138.578
92, 325.000,-47.209, 9.086, 5945.482, -529.635, -489.815, 101.981, 83.082, 132.763
93, 230.000, -41.439, -2.151, 55.803, 824.802, 141.818, 2.000, 3.815, -80.244
93, 630.000,18.674, 16.785, 1986.588, 481.245, 212.876, 12.008, 75.164, -66.138
94, 230.000, -12.433, -33.859, 160.140, -93.145, 818.048, 2.000, 11.007, 6.496
94, 630.000,-49.032, 37.789, 1882.778, -499.422, 656.644, 12.014, 66.338, 37.255
95, 230.000, 53.955, -12.182, 738.138, -341.134, 205.678, 2.000, 61.646, 58.913
95, 325.000,45.547, -6.655, 5980.915, -249.362, 188.813, 101.981, 87.006, 52.868
96, 230.000, 4.067, -53.904, 517.127, 496.130, -435.843, 2.000, 38.064, -131.299
96, 325.000,18.688, -68.059, 5940.074, 520.612, -560.079, 101.981, 82.665, -137.092
97, 230.000, 50.206, -39.167, 504.277, 516.709, 426.897, 2.000, 36.957, -50.437
97, 325.000,66.790, -27.847, 5943.498, 647.087, 353.995, 101.981, 82.926, -61.319
98, 230.000, -59.397, -19.427, 138.305, 607.501, -561.550, 2.000, 9.491, -132.749
98, 325.000,-42.093, -37.379, 5935.059, 508.324, -621.173, 101.981, 82.298, -140.706
99, 230.000, 27.413, -94.205, 536.274, 527.633, 370.860, 2.000, 39.744, -54.898
99, 325.000,45.490, -95.478, 5937.173, 744.725, -247.170, 101.971, 82.471, -108.361
100, 230.000, -45.538, 10.525, 340.630, 750.465, 155.875, 2.000, 23.961, -78.266
100, 325.000,-23.873, 15.486, 5948.161, 672.078, 192.099, 101.981, 83.298, -74.049
101, 230.000, 39.666, -53.939, 286.491, 227.939, -754.646, 2.000, 19.972, -163.193
101, 325.000,48.101, -78.874, 5905.081, 347.914, -937.131, 101.981, 80.392, -159.632
102, 230.000, 48.663, 37.665, 316.594, 486.137, 605.775, 2.000, 22.176, -38.747
102, 325.000,64.972, 57.215, 5912.105, 626.570, 723.640, 101.981, 80.803, -40.888
103, 230.000, -5.732, -61.299, 331.440, -111.927, 762.328, 2.000, 23.276, 8.353
103, 325.000,-9.242, -39.835, 5950.666, -127.548, 665.185, 101.981, 83.507, 10.855
104, 230.000, 53.339, 61.432, 145.165, 302.891, -768.575, 2.000, 9.966, -158.491
104, 325.000,64.881, 40.501, 5937.771, 472.539, -623.479, 101.981, 82.494, -142.841
105, 230.000, -8.922, -2.003, 507.451, -603.090, -286.879, 2.000, 37.229, 115.440
105, 325.000,-26.985, -10.545, 5943.816, -666.281, -310.435, 101.981, 82.950, 114.982
106, 230.000, -2.800, 22.374, 762.559, -157.260, 311.926, 2.000, 65.388, 26.755
106, 325.000,-7.308, 31.662, 5974.780, -170.547, 376.996, 101.981, 86.038, 24.341
107, 230.000, 26.272, -75.763, 38.448, 416.457, 727.055, 2.000, 2.627, -29.804
107, 325.000,40.267, -55.983, 5941.841, 505.058, 555.508, 101.981, 82.799, -42.277
108, 230.000, -43.024, 40.519, 53.141, -328.373, -769.981, 2.000, 3.632, 156.903
108, 325.000,-54.479, 17.269, 5930.726, -425.921, -717.130, 101.981, 81.995, 149.293
109, 230.000, -8.577, -75.975, 494.626, -633.236, -240.585, 2.000, 36.136, 110.803
109, 325.000,-27.383, -86.295, 5930.015, -686.582, -482.438, 101.981, 81.946, 125.094
110, 230.000, -3.849, -65.894, 159.449, -6.671, -823.441, 2.000, 10.959, 179.536
110, 325.000,-4.206, -93.956, 5896.984, -17.792, -1046.185, 101.981, 79.938, 179.026
111, 230.000, -80.329, 22.455, 677.881, 479.275, -119.568, 2.000, 53.920, -104.008
111, 325.000,-70.253, 20.043, 5983.048, 262.407, -58.393, 101.981, 87.427, -102.545
112, 230.000, -29.214, 23.860, 8.396, -837.491, 45.412, 2.000, 0.574, 86.896
112, 325.000,-56.633, 25.848, 5917.345, -919.811, 90.466, 101.981, 81.123, 84.383
113, 230.000, -76.225, 10.331, 209.467, 471.076, 661.615, 2.000, 14.462, -35.451
113, 325.000,-64.695, 30.850, 5939.029, 290.749, 715.935, 101.981, 82.587, -22.103
114, 230.000, -63.068, -60.106, 734.017, -344.174, 215.144, 2.000, 61.059, 57.990
114, 325.000,-76.341, -57.680, 5958.612, -603.472, -7.325, 101.981, 84.217, 90.695
115, 230.000, 13.576, 66.207, 77.357, -722.660, 418.692, 2.000, 5.292, 59.913
115, 325.000,-8.564, 81.646, 5914.773, -719.092, 606.285, 101.981, 80.964, 49.865
116, 230.000, -34.409, -20.945, 510.215, 641.414, 178.304, 2.000, 37.466, -74.465
116, 325.000,-16.310, -16.193, 5961.529, 562.159, 110.718, 101.978, 84.510, -78.858
117, 230.000, -26.374, -64.500, 142.657, -535.224, -629.848, 2.000, 9.792, 139.643
117, 325.000,-44.091, -86.800, 5892.930, -640.869, -855.517, 101.981, 79.719, 143.163
118, 230.000, 72.017, 22.436, 602.649, -459.179, -359.851, 2.000, 45.931, 128.085
118, 325.000,61.230, 12.879, 5972.932, -302.848, -318.639, 101.981, 85.791, 136.455
119, 230.000, -29.095, 92.998, 315.877, -777.011, 0.223, 2.000, 22.123, 89.984
119, 325.000,-55.958, 106.659, 5852.300, -1052.807, 715.733, 101.983, 77.728, 55.791
120, 230.000, 11.562, 94.976, 830.726, 14.021, -114.988, 2.000, 82.062, -173.048
120, 325.000,12.997, 100.562, 5975.520, 77.567, 395.454, 101.981, 86.142, -11.098
121, 230.000, 15.805, -92.905, 370.272, 322.802, -679.868, 2.000, 26.196, -154.602
121, 325.000,27.287, -124.670, 5815.983, 451.314, -1356.841, 101.984, 76.187, -161.602
122, 230.000, 37.664, -84.801, 376.825, -711.234, -235.951, 2.000, 26.696, 108.353
122, 325.000,20.078, -98.584, 5924.974, -566.166, -665.990, 101.981, 81.608, 139.632
123, 230.000, 10.620, 64.366, 69.626, 834.690, 44.377, 2.000, 4.762, -86.957
123, 325.000,37.150, 67.849, 5918.515, 894.531, 200.505, 101.981, 81.195, -77.366
124, 230.000, 60.712, 22.105, 587.828, -302.299, 516.331, 2.000, 44.493, 30.348
124, 325.000,53.706, 37.604, 5958.090, -181.573, 580.845, 101.981, 84.168, 17.359
125, 230.000, -19.409, 82.127, 449.216, -431.959, -561.374, 2.000, 32.383, 142.423
125, 325.000,-32.855, 69.543, 5958.126, -510.531, -330.493, 101.981, 84.172, 122.917
126, 230.000, 44.996, 1.346, 541.854, 637.898, 54.811, 2.000, 40.242, -85.089
126, 325.000,64.657, 2.978, 5942.741, 741.318, 58.995, 101.981, 82.867, -85.450
127, 230.000, -67.876, 17.203, 378.899, 258.813, 702.122, 2.000, 26.855, -20.235
127, 325.000,-62.415, 38.658, 5938.432, 103.954, 770.336, 101.981, 82.543, -7.685
128, 230.000, 43.752, -35.754, 478.935, -60.034, 685.960, 2.000, 34.820, 5.002
128, 325.000,43.004, -16.399, 5954.821, 22.261, 639.364, 101.981, 83.868, -1.994
129, 230.000, -53.346, -4.424, 150.873, 383.605, -730.485, 2.000, 10.363, -152.294
129, 325.000,-42.667, -27.245, 5932.781, 295.547, -764.179, 101.981, 82.137, -158.856
130, 230.000, -75.210, -54.156, 513.236, 608.334, -264.656, 2.000, 37.727, -113.511
130, 325.000,-63.264, -65.525, 5958.819, 307.428, -516.805, 101.981, 84.238, -149.253
131, 230.000, 46.356, 11.197, 349.205, -581.203, 493.743, 2.000, 24.603, 49.651
131, 325.000,29.843, 26.334, 5943.315, -511.456, 533.497, 101.981, 82.912, 43.792
132, 230.000, -4.030, 17.168, 498.722, -609.830, -287.937, 2.000, 36.484, 115.275
132, 325.000,-22.254, 9.039, 5944.667, -685.856, -243.910, 101.980, 83.019, 109.577
133, 230.000, 48.418, 49.681, 195.234, -802.072, 148.623, 2.000, 13.460, 79.502
133, 325.000,25.262, 55.713, 5939.242, -724.364, 264.333, 101.981, 82.603, 69.952
134, 230.000, 69.883, 65.472, 209.441, 766.481, 268.636, 2.000, 14.460, -70.685
134, 325.000,103.846, 83.783, 5773.723, 1373.421, 805.677, 101.987, 74.582, -59.603
135, 230.000, 25.843, 50.739, 401.502, -511.298, -529.995, 2.000, 28.599, 136.029
135, 325.000,11.195, 36.112, 5953.372, -477.257, -445.817, 101.981, 83.740, 133.049
136, 230.000, 59.365, 70.420, 672.966, -357.812, 350.158, 2.000, 53.353, 45.619
136, 325.000,53.976, 85.587, 5947.140, -94.948, 701.216, 101.981, 83.215, 7.711
137, 230.000, 29.358, -86.371, 468.465, -209.776, -663.369, 2.000, 33.953, 162.452
137, 325.000,26.021, -113.571, 5873.373, -62.866, -1170.097, 101.982, 78.717, 176.925
138, 230.000, 2.345, 64.090, 785.827, -286.550, -62.361, 2.000, 69.535, 102.278
138, 325.000,-5.585, 64.083, 5981.626, -290.401, 70.685, 101.981, 87.140, 76.320
139, 230.000, 36.870, -24.616, 489.942, -130.163, 668.235, 2.000, 35.741, 11.022
139, 325.000,33.830, -5.434, 5954.255, -56.568, 642.545, 101.981, 83.817, 5.031
140, 230.000, -10.576, 25.403, 114.934, -800.476, -222.603, 2.000, 7.876, 105.541
140, 325.000,-35.998, 18.920, 5925.364, -852.068, -182.313, 101.981, 81.634, 102.077
141, 230.000, 43.215, -69.243, 756.697, -78.285, 353.278, 2.000, 64.443, 12.495
141, 325.000,42.804, -62.259, 5986.598, 43.210, 167.136, 101.981, 88.348, -14.495
142, 230.000, -61.212, 27.184, 335.894, -653.195, -405.012, 2.000, 23.607, 121.801
142, 325.000,-82.980, 15.985, 5919.857, -837.293, -351.359, 101.981, 81.280, 112.765
143, 230.000, -9.440, -32.359, 835.640, -35.429, -63.038, 2.000, 85.054, 150.663
143, 325.000,-10.616, -34.763, 5987.426, -55.512, -129.848, 101.981, 88.649, 156.852
144, 230.000, -5.283, 38.775, 275.688, -200.174, 766.453, 2.000, 19.189, 14.637
144, 325.000,-11.519, 63.071, 5922.722, -216.354, 862.413, 101.981, 81.462, 14.083
145, 230.000, 11.673, -46.123, 641.353, -17.954, 540.248, 2.000, 49.875, 1.903
145, 325.000,11.410, -31.593, 5971.204, 6.356, 462.430, 101.981, 85.571, -0.787
146, 230.000, -54.028, -20.231, 496.572, 540.692, 405.701, 2.000, 36.301, -53.118
146, 325.000,-39.419, -8.797, 5959.974, 451.683, 379.307, 101.981, 84.348, -49.978
147, 230.000, 44.205, 35.772, 144.346, -286.292, -775.064, 2.000, 9.910, 159.727
147, 325.000,36.331, 12.488, 5940.539, -207.262, -732.270, 101.981, 82.700, 164.196
148, 230.000, -28.545, -83.582, 645.295, 248.215, -474.876, 2.000, 50.295, -152.404
148, 325.000,-23.552, -102.801, 5924.585, 135.148, -866.236, 101.981, 81.583, -171.132
149, 230.000, 77.265, 44.677, 232.966, -780.912, -198.561, 2.000, 16.126, 104.266
149, 325.000,57.780, 40.965, 5962.167, -563.760, -61.467, 101.980, 84.567, 96.222
150, 230.000, -82.593, -9.007, 472.100, -49.843, 691.492, 2.000, 34.253, 4.123
150, 325.000,-88.169, 10.624, 5939.737, -330.194, 692.510, 101.980, 82.640, 25.492
151, 230.000, -23.436, 34.953, 534.329, -629.600, 147.040, 2.000, 39.572, 76.854
151, 325.000,-42.363, 40.017, 5945.279, -690.603, 214.312, 101.981, 83.065, 72.760
152, 230.000, 14.761, 13.756, 325.553, 759.203, -145.428, 2.000, 22.838, -100.844
152, 325.000,38.162, 9.612, 5931.741, 817.489, -123.950, 101.981, 82.065, -98.622
153, 230.000, -52.478, -74.260, 66.426, -727.538, -412.068, 2.000, 4.542, 119.527
153, 325.000,-80.661, -95.107, 5819.665, -1097.599, -892.539, 101.983, 76.337, 129.117
154, 230.000, 54.527, -54.509, 284.136, 362.211, 701.138, 2.000, 19.801, -27.321
154, 325.000,67.525, -35.529, 5937.523, 526.133, 581.564, 101.981, 82.476, -42.135
155, 230.000, 48.332, -14.520, 721.116, 369.240, -217.204, 2.000, 59.287, -120.466
155, 325.000,59.914, -21.008, 5965.215, 471.574, -251.063, 101.981, 84.882, -118.031
156, 230.000, -70.876, -16.367, 441.485, 113.263, -704.121, 2.000, 31.759, -170.862
156, 325.000,-70.128, -37.669, 5938.351, -68.808, -774.883, 101.981, 82.537, 174.926
157, 230.000, -22.748, -7.975, 157.273, 808.544, -158.257, 2.000, 10.807, -101.075
157, 630.000,68.118, -48.280, 1758.303, 931.286, -512.565, 12.003, 58.844, -118.828
158, 230.000, -82.031, 13.482, 667.028, -508.489, 6.094, 2.000, 52.679, 89.313
158, 325.000,-101.046, 14.422, 5929.512, -840.782, 57.115, 101.981, 81.911, 86.114
159, 230.000, -60.892, 34.458, 106.768, -776.906, 297.559, 2.000, 7.313, 69.043
159, 325.000,-87.798, 45.258, 5889.601, -1003.288, 418.655, 101.981, 79.542, 67.350
160, 230.000, 66.400, 18.225, 681.439, 263.050, 412.274, 2.000, 54.334, -32.540
160, 325.000,76.117, 30.530, 5954.110, 440.299, 473.201, 101.981, 83.804, -42.937
161, 230.000, -65.578, -46.630, 735.630, 378.532, 138.153, 2.000, 61.287, -69.949
161, 325.000,-57.567, -44.587, 5985.344, 211.205, 14.372, 101.981, 87.974, -86.107
162, 230.000, 51.965, 23.083, 446.503, 652.014, 281.135, 2.000, 32.163, -66.675
162, 325.000,72.772, 32.074, 5926.679, 791.347, 342.724, 101.981, 81.721, -66.583
163, 230.000, 11.186, -53.002, 352.431, -757.612, -73.081, 2.000, 24.846, 95.510
163, 325.000,-11.320, -56.481, 5937.914, -760.838, -177.415, 101.981, 82.505, 103.126
164, 230.000, -89.196, 26.192, 30.845, -827.590, -132.920, 2.000, 2.108, 99.124
164, 325.000,-126.261, 25.454, 5798.495, -1498.832, 36.632, 101.984, 75.503, 88.600
165, 230.000, 53.365, -9.018, 463.883, -593.767, -368.479, 2.000, 33.577, 121.823
165, 325.000,37.041, -20.104, 5954.003, -510.229, -398.366, 101.981, 83.795, 127.981
166, 230.000, 74.910, -30.862, 628.861, -554.804, -15.803, 2.000, 48.569, 91.632
166, 325.000,62.083, -32.504, 5976.785, -370.102, -101.032, 101.981, 86.327, 105.269
167, 230.000, -17.324, 80.742, 240.850, -312.340, 740.242, 2.000, 16.687, 22.877
167, 325.000,-27.949, 108.612, 5868.426, -403.845, 1125.998, 101.981, 78.479, 19.731
168, 230.000, 69.096, -30.867, 22.731, -634.506, 548.096, 2.000, 1.553, 49.179
168, 325.000,51.301, -14.605, 5947.085, -502.028, 499.304, 101.981, 83.210, 45.156
169, 230.000, 40.360, -44.225, 525.574, -321.688, 569.045, 2.000, 38.800, 29.480
169, 325.000,31.933, -28.673, 5962.808, -252.479, 500.347, 101.981, 84.631, 26.776
170, 230.000, -87.880, -17.507, 102.084, 575.202, -601.868, 2.000, 6.991, -136.298
170, 325.000,-75.477, -36.857, 5941.726, 277.056, -698.741, 101.981, 82.790, -158.371
171, 230.000, 61.983, -12.120, 604.236, -324.805, 482.622, 2.000, 46.087, 33.941
171, 325.000,54.228, 1.447, 5966.654, -210.175, 473.341, 101.981, 85.039, 23.942
172, 230.000, -53.432, -44.412, 438.721, 714.335, -27.820, 2.000, 31.538, -92.230
172, 325.000,-33.920, -46.508, 5955.324, 622.554, -125.340, 101.981, 83.913, -101.383
173, 230.000, 81.748, 57.529, 326.884, -269.316, -723.975, 2.000, 22.937, 159.595
173, 325.000,87.334, 46.490, 5962.196, 390.812, -292.131, 101.744, 85.322, -126.778
174, 230.000, 87.074, 43.538, 563.817, -71.319, 616.885, 2.000, 42.237, 6.595
174, 325.000,96.714, 66.670, 5884.734, 551.803, 967.778, 101.986, 79.280, -29.691
175, 230.000, -9.699, 17.976, 25.495, 757.947, 358.317, 2.000, 1.742, -64.698
175, 325.000,14.377, 29.848, 5923.862, 775.052, 419.935, 101.981, 81.536, -61.550
176, 230.000, 17.579, 76.241, 43.183, 809.535, -215.203, 2.000, 2.951, -104.887
176, 325.000,43.635, 72.852, 5920.858, 901.469, 4.211, 101.981, 81.343, -89.732
177, 230.000, -6.379, -53.119, 746.662, -219.392, 312.868, 2.000, 62.898, 35.039
177, 325.000,-12.701, -45.483, 5980.213, -237.787, 222.944, 101.981, 86.880, 46.845
178, 230.000, 21.181, 65.428, 544.875, -627.900, 111.250, 2.000, 40.513, 79.953
178, 325.000,3.653, 70.691, 5952.893, -600.539, 267.641, 101.981, 83.697, 65.979
179, 230.000, 37.249, -21.844, 604.799, -567.602, -124.779, 2.000, 46.142, 102.398
179, 325.000,21.613, -25.925, 5964.706, -510.109, -176.705, 101.981, 84.828, 109.106
180, 230.000, -17.327, -45.666, 672.122, 364.063, -345.304, 2.000, 53.257, -133.485
180, 325.000,-7.322, -56.546, 5963.108, 342.861, -439.302, 101.981, 84.661, -142.029
181, 230.000, -13.330, -56.019, 676.627, 319.125, -379.288, 2.000, 53.774, -139.923
181, 325.000,-4.594, -68.278, 5960.044, 301.768, -505.974, 101.981, 84.355, -149.188
182, 230.000, -25.359, -13.652, 337.328, -717.036, -274.943, 2.000, 23.714, 110.979
182, 325.000,-47.601, -22.261, 5929.615, -783.818, -307.397, 101.981, 81.919, 111.414
183, 230.000, 70.530, -12.294, 305.817, 777.409, -75.066, 2.000, 21.383, -95.515
183, 325.000,97.092, -15.103, 5898.356, 1032.009, -116.634, 101.981, 80.014, -96.448
184, 230.000, 8.316, -13.206, 418.191, 709.439, -159.172, 2.000, 29.906, -102.646
184, 325.000,29.769, -18.256, 5937.561, 759.214, -195.394, 101.981, 82.479, -104.433
185, 230.000, -64.171, 4.011, 271.542, -338.248, 717.898, 2.000, 18.889, 25.228
185, 325.000,-76.553, 25.944, 5919.443, -507.768, 756.027, 101.981, 81.254, 33.886
186, 230.000, -94.039, -21.222, 211.822, -800.527, -133.460, 2.000, 14.628, 99.465
186, 325.000,-134.337, -28.894, 5747.789, -1652.578, -322.417, 101.989, 73.673, 101.040
187, 230.000, 90.242, 33.703, 399.787, -737.343, 4.454, 2.000, 28.466, 89.654
187, 325.000,76.484, 36.548, 5976.958, -341.166, 167.075, 101.978, 86.363, 63.908
188, 230.000, 33.012, -18.080, 236.063, -425.676, -683.080, 2.000, 16.346, 148.070
188, 325.000,20.600, -39.492, 5931.033, -379.597, -740.239, 101.981, 82.016, 152.851
189, 230.000, -20.753, -24.028, 5.683, 799.432, -253.773, 2.000, 0.388, -107.612
189, 325.000,4.449, -32.698, 5927.681, 792.277, -322.619, 101.981, 81.788, -112.156
190, 230.000, -36.554, -77.620, 312.908, 692.135, -355.755, 2.000, 21.904, -117.203
190, 325.000,-18.136, -92.726, 5922.477, 588.751, -668.394, 101.981, 81.447, -138.625
191, 230.000, -42.220, -71.828, 328.036, -592.709, -494.583, 2.000, 23.023, 129.843
191, 325.000,-62.725, -91.396, 5877.148, -804.052, -825.829, 101.981, 78.904, 135.766
192, 230.000, -17.666, 60.515, 482.442, -109.942, 677.264, 2.000, 35.112, 9.221
192, 325.000,-21.479, 82.401, 5926.051, -157.694, 852.220, 101.981, 81.679, 10.483
193, 230.000, -60.985, 8.384, 567.913, -2.515, -617.246, 2.000, 42.616, 179.767
193, 325.000,-62.682, -9.256, 5955.545, -128.711, -619.762, 101.981, 83.933, 168.268
194, 230.000, -94.421, -18.115, 554.141, -621.715, 99.610, 2.000, 41.351, 80.898
194, 325.000,-124.873, -17.737, 5837.496, -1339.292, -24.759, 101.985, 77.076, 91.059
195, 230.000, 47.079, -57.414, 113.475, 757.932, -340.861, 2.000, 7.775, -114.215
195, 325.000,72.943, -70.848, 5886.603, 955.496, -551.541, 101.981, 79.385, -119.995
196, 230.000, 57.427, 16.881, 811.220, -171.578, -126.518, 2.000, 75.276, 126.404
196, 325.000,54.048, 13.771, 5987.951, -64.541, -97.268, 101.981, 88.883, 146.434
197, 230.000, -17.647, -86.186, 240.491, 642.641, 482.390, 2.000, 16.662, -53.107
197, 325.000,0.678, -76.108, 5953.554, 613.827, 217.955, 101.980, 83.756, -70.451
198, 230.000, 56.017, 65.094, 513.262, -212.593, -628.403, 2.000, 37.729, 161.309
198, 325.000,52.444, 49.986, 5971.656, -48.939, -453.909, 101.981, 85.628, 173.846
199, 230.000, 70.424, -58.891, 255.773, 166.909, -781.182, 2.000, 17.755, -167.939
199, 325.000,82.821, -88.425, 5841.427, 594.824, -1180.530, 101.982, 77.249, -153.258
200, 230.000, -56.281, -39.874, 68.628, -806.327, -220.570, 2.000, 4.693, 105.299
200, 325.000,-83.976, -48.501, 5892.029, -1014.863, -351.144, 101.981, 79.671, 109.086
201, 230.000, 64.272, 25.475, 665.722, -440.305, 257.816, 2.000, 52.532, 59.649
201, 325.000,53.647, 33.539, 5972.236, -312.156, 322.705, 101.981, 85.701, 44.048
202, 230.000, -15.294, -58.560, 166.079, -797.267, -200.768, 2.000, 11.420, 104.134
202, 325.000,-40.433, -66.568, 5916.537, -863.656, -343.365, 101.981, 81.073, 111.681
203, 230.000, 34.110, -72.413, 787.645, 108.338, -267.213, 2.000, 69.893, -157.931
203, 325.000,38.680, -83.146, 5963.223, 221.923, -509.856, 101.981, 84.673, -156.478
204, 230.000, -27.130, 37.063, 382.329, -42.959, -745.321, 2.000, 27.118, 176.701
204, 325.000,-29.022, 15.499, 5947.663, -105.288, -695.218, 101.981, 83.258, 171.388
205, 230.000, 35.685, -58.899, 30.871, -70.035, -835.264, 2.000, 2.109, 175.207
205, 325.000,34.961, -87.691, 5896.551, 31.076, -1048.317, 101.981, 79.915, -178.302
206, 230.000, 1.742, 27.098, 620.414, 563.711, -28.995, 2.000, 47.704, -92.944
206, 325.000,18.110, 26.827, 5959.549, 593.199, 32.644, 101.981, 84.307, -86.850
207, 230.000, 51.674, 77.695, 331.261, -563.195, -525.929, 2.000, 23.262, 133.040
207, 325.000,38.497, 67.231, 5971.443, -387.499, -246.117, 101.980, 85.604, 122.421
208, 230.000, -11.450, 38.319, 346.236, 243.367, 724.166, 2.000, 24.380, -18.576
208, 325.000,-4.358, 61.036, 5928.692, 230.287, 816.564, 101.981, 81.856, -15.750
209, 230.000, -55.218, -59.753, 512.314, -486.518, 452.060, 2.000, 37.647, 47.103
209, 325.000,-71.865, -49.488, 5943.225, -684.713, 280.213, 101.981, 82.904, 67.744
210, 230.000, 39.046, 40.934, 656.149, -87.872, -515.045, 2.000, 51.470, 170.318
210, 325.000,37.431, 27.156, 5971.935, -15.983, -452.680, 101.981, 85.663, 177.978
211, 230.000, -64.731, 13.296, 187.427, -635.779, 513.985, 2.000, 12.912, 51.047
211, 325.000,-86.776, 29.626, 5901.861, -841.764, 573.328, 101.981, 80.209, 55.741
212, 230.000, -25.023, -34.034, 787.286, 238.219, -164.183, 2.000, 69.822, -124.575
212, 325.000,-18.849, -39.334, 5981.297, 199.781, -231.059, 101.981, 87.077, -139.152
213, 230.000, 81.747, -55.949, 621.694, -528.455, -194.308, 2.000, 47.834, 110.188
213, 325.000,78.113, -68.658, 5957.702, 30.397, -608.466, 101.970, 84.161, -177.140
214, 230.000, 34.729, -87.581, 814.317, -62.886, -190.936, 2.000, 76.133, 161.770
214, 325.000,36.138, -100.630, 5950.404, 119.785, -669.395, 101.982, 83.480, -169.855
215, 230.000, 58.691, 4.420, 36.630, -833.400, -87.333, 2.000, 2.503, 95.982
215, 325.000,33.693, 1.759, 5942.461, -741.387, -81.498, 101.981, 82.846, 96.273
216, 230.000, -69.846, 13.817, 466.469, -672.314, 184.188, 2.000, 33.789, 74.679
216, 325.000,-92.479, 19.797, 5915.483, -906.715, 232.752, 101.981, 81.008, 75.603
217, 230.000, -53.863, -49.837, 133.723, 825.637, -62.974, 2.000, 9.174, -94.362
217, 325.000,-30.057, -53.358, 5941.353, 732.622, -180.973, 101.981, 82.761, -103.875
218, 230.000, -5.669, 5.625, 775.818, 118.590, -295.916, 2.000, 67.662, -158.161
218, 630.000,2.286, -29.135, 2016.396, 65.200, -388.972, 12.002, 78.933, -170.484
219, 230.000, -59.246, 69.639, 350.690, 177.299, 741.016, 2.000, 24.715, -13.456
219, 325.000,-59.557, 97.906, 5873.434, -133.552, 1163.826, 101.982, 78.720, 6.546
220, 230.000, -21.273, 92.222, 168.126, -277.178, -773.582, 2.000, 11.563, 160.287
220, 325.000,-30.999, 75.682, 5962.035, -383.214, -419.617, 101.980, 84.555, 137.596
221, 230.000, 56.072, -64.530, 820.154, -168.942, -48.275, 2.000, 77.908, 105.947
221, 325.000,54.292, -69.133, 5982.862, 17.244, -272.565, 101.981, 87.386, -176.380
222, 230.000, 21.136, 65.847, 95.429, -833.032, 21.809, 2.000, 6.533, 88.500
222, 325.000,-4.164, 68.604, 5930.524, -816.789, 175.909, 101.981, 81.981, 77.846
223, 230.000, 69.045, 13.501, 610.201, 327.644, 473.105, 2.000, 46.677, -34.704
223, 325.000,80.953, 27.551, 5942.804, 523.894, 527.102, 101.981, 82.872, -44.825
224, 230.000, -12.426, -84.523, 78.534, -331.414, 766.499, 2.000, 5.373, 23.382
224, 325.000,-23.168, -64.566, 5951.183, -382.763, 553.194, 101.981, 83.551, 34.680
225, 230.000, -60.520, 7.259, 473.380, 444.664, -530.762, 2.000, 34.359, -140.044
225, 325.000,-48.934, -8.171, 5955.588, 339.700, -533.626, 101.981, 83.937, -147.520
226, 230.000, -81.468, -37.269, 613.323, -385.319, 422.951, 2.000, 46.989, 42.334
226, 325.000,-98.095, -27.965, 5933.442, -765.120, 279.442, 101.981, 82.183, 69.936
227, 230.000, 51.872, 34.993, 38.653, 697.904, 463.638, 2.000, 2.641, -56.403
227, 325.000,75.822, 50.923, 5897.670, 867.659, 577.828, 101.981, 79.976, -56.338
228, 230.000, 25.442, 29.888, 520.045, -658.081, -2.587, 2.000, 38.317, 90.225
228, 325.000,6.644, 30.463, 5955.624, -628.515, 68.107, 101.981, 83.941, 83.815
229, 230.000, -33.927, -83.656, 350.767, 744.796, -160.517, 2.000, 24.721, -102.162
229, 325.000,-14.421, -94.087, 5931.499, 639.175, -527.095, 101.980, 82.049, -129.511
230, 230.000, -15.403, 52.651, 478.653, 359.845, -587.305, 2.000, 34.797, -148.504
230, 325.000,-5.151, 36.545, 5958.321, 341.457, -500.982, 101.981, 84.190, -145.723
231, 230.000, 18.814, -40.241, 13.772, -837.230, 48.780, 2.000, 0.941, 86.666
231, 325.000,-7.501, -39.561, 5930.735, -833.529, -27.803, 101.981, 81.995, 91.910
232, 230.000, 10.628, 43.210, 168.459, -785.253, -241.916, 2.000, 11.586, 107.123
232, 325.000,-13.571, 36.626, 5933.821, -794.643, -165.735, 101.981, 82.210, 101.781
233, 230.000, -7.558, -27.488, 36.963, 695.289, -467.687, 2.000, 2.526, -123.927
233, 325.000,14.450, -42.962, 5923.126, 706.918, -534.831, 101.981, 81.488, -127.110
234, 230.000, -30.499, 38.615, 754.982, -20.957, -364.811, 2.000, 64.173, 176.712
234, 325.000,-31.739, 29.161, 5980.860, -78.479, -303.878, 101.981, 86.996, 165.519
235, 230.000, -12.827, 54.417, 607.615, 383.088, 433.095, 2.000, 46.420, -41.494
235, 325.000,-2.124, 68.297, 5951.670, 369.167, 557.263, 101.981, 83.592, -33.523
236, 230.000, -72.531, -61.234, 142.298, -824.020, 65.315, 2.000, 9.768, 85.468
236, 325.000,-107.400, -67.671, 5809.726, -1406.705, -372.523, 101.985, 75.938, 104.833
237, 230.000, -73.973, 65.932, 694.340, -317.759, 347.051, 2.000, 55.875, 42.477
237, 325.000,-96.165, 87.483, 5826.178, -1004.367, 962.778, 102.012, 76.569, 46.211
238, 230.000, -98.171, -5.909, 282.881, 767.119, -187.165, 2.000, 19.710, -103.711
238, 325.000,-85.691, -11.839, 5978.510, 267.042, -230.372, 101.974, 86.624, -130.784
239, 230.000, 99.018, 10.251, 481.700, 83.762, -681.523, 2.000, 35.050, -172.993
239, 325.000,119.541, -6.978, 5871.430, 1003.238, -630.152, 102.004, 78.592, -122.134
240, 230.000, -54.314, -37.703, 542.699, -146.849, -622.444, 2.000, 40.318, 166.725
240, 325.000,-60.401, -57.038, 5936.272, -287.730, -739.660, 101.981, 82.385, 158.744
241, 230.000, 20.607, -44.903, 764.018, -125.206, 322.683, 2.000, 65.628, 21.207
241, 325.000,17.523, -36.781, 5983.296, -89.976, 247.477, 101.981, 87.480, 19.980
242, 230.000, 10.640, -5.769, 607.538, 539.539, 208.130, 2.000, 46.413, -68.906
242, 325.000,26.613, 0.164, 5954.041, 614.175, 203.902, 101.981, 83.797, -71.634
243, 230.000, -56.866, -37.582, 137.307, -160.381, -811.756, 2.000, 9.422, 168.824
243, 325.000,-64.061, -64.216, 5903.706, -326.269, -953.434, 101.981, 80.313, 161.109
244, 230.000, -29.736, -38.968, 348.591, -605.666, -463.872, 2.000, 24.557, 127.448
244, 325.000,-48.747, -53.945, 5923.381, -686.312, -558.338, 101.981, 81.505, 129.129
245, 230.000, 79.480, -6.737, 55.112, -740.787, -389.513, 2.000, 3.767, 117.736
245, 325.000,59.260, -19.101, 5946.879, -570.136, -422.749, 101.981, 83.194, 126.557
246, 230.000, 12.273, -47.949, 2.662, 638.975, -543.349, 2.000, 0.182, -130.376
246, 325.000,32.984, -66.565, 5912.240, 688.790, -663.471, 101.981, 80.811, -133.927
247, 230.000, -6.625, 25.485, 133.083, -825.599, -64.803, 2.000, 9.129, 94.488
247, 325.000,-32.682, 23.977, 5925.450, -870.586, -18.095, 101.981, 81.640, 91.191
248, 230.000, 30.810, 18.476, 667.002, 297.031, 412.801, 2.000, 52.676, -35.737
248, 325.000,39.943, 30.675, 5960.786, 359.548, 457.112, 101.981, 84.427, -38.187
249, 230.000, -20.344, 22.642, 478.653, -668.724, -164.993, 2.000, 34.797, 103.860
249, 325.000,-40.547, 18.216, 5943.339, -727.458, -129.307, 101.981, 82.913, 100.079
250, 230.000, 96.984, -15.987, 75.769, 103.330, 828.918, 2.000, 5.183, -7.106
250, 325.000,114.483, 6.217, 5876.627, 866.797, 763.580, 101.981, 78.879, -48.622
251, 230.000, -19.664, -57.506, 141.300, -825.376, -48.089, 2.000, 9.698, 93.334
251, 325.000,-45.899, -60.741, 5917.972, -902.296, -180.762, 101.981, 81.161, 101.328
252, 230.000, -15.629, -63.833, 434.267, -628.289, -346.683, 2.000, 31.181, 118.889
252, 325.000,-34.731, -76.254, 5926.177, -691.882, -520.520, 101.981, 81.688, 126.955
253, 230.000, -84.386, -35.592, 71.162, -248.316, -797.997, 2.000, 4.867, 162.715
253, 325.000,-100.790, -63.775, 5844.863, -761.213, -1061.979, 101.982, 77.399, 144.368
254, 230.000, -18.197, -15.848, 630.628, -476.693, 280.351, 2.000, 48.751, 59.539
254, 325.000,-32.364, -8.067, 5959.310, -538.393, 256.778, 101.981, 84.284, 64.502
255, 230.000, -29.079, 44.485, 520.762, -650.225, -97.666, 2.000, 38.380, 98.542
255, 325.000,-48.813, 42.730, 5944.692, -727.774, -13.553, 101.981, 83.019, 91.067
256, 230.000, -28.843, 16.956, 505.096, 664.779, -80.443, 2.000, 37.027, -96.900
256, 630.000,23.625, 33.704, 1978.994, 470.606, 292.485, 12.008, 74.358, -58.139
257, 230.000, 65.864, -28.654, 438.926, -397.133, 594.267, 2.000, 31.554, 33.754
257, 325.000,56.138, -12.021, 5957.843, -264.047, 550.961, 101.981, 84.145, 25.606
258, 230.000, 1.775, -31.371, 401.246, 695.387, -242.822, 2.000, 28.579, -109.249
258, 325.000,22.657, -39.289, 5937.511, 721.514, -307.540, 101.981, 82.475, -113.086
259, 230.000, -18.421, 41.337, 534.201, -615.375, 198.663, 2.000, 39.560, 72.108
259, 325.000,-36.825, 48.076, 5945.121, -667.834, 280.604, 101.981, 83.053, 67.209
260, 230.000, 34.429, -87.955, 192.675, 732.096, -361.159, 2.000, 13.280, -116.258
260, 325.000,60.916, -110.290, 5816.248, 1022.328, -998.188, 101.984, 76.198, -134.316
261, 230.000, 12.418, 53.952, 781.603, 204.546, 225.346, 2.000, 68.725, -42.230
261, 325.000,18.446, 61.578, 5974.956, 234.864, 337.554, 101.981, 86.063, -34.830
262, 230.000, 69.701, -3.907, 302.182, 550.382, 556.138, 2.000, 21.117, -44.702
262, 325.000,89.030, 12.708, 5912.122, 769.388, 569.286, 101.981, 80.804, -53.501
263, 230.000, 30.293, -21.102, 759.922, 271.341, -228.946, 2.000, 64.959, -130.156
263, 325.000,38.552, -27.981, 5973.634, 332.479, -272.686, 101.981, 85.883, -129.357
264, 230.000, 36.795, -49.476, 518.816, 521.029, 403.586, 2.000, 38.210, -52.239
264, 325.000,53.000, -39.050, 5949.145, 615.632, 312.827, 101.981, 83.379, -63.063
265, 230.000, 15.772, 18.463, 303.820, 25.743, -781.380, 2.000, 21.237, -178.113
265, 630.000,48.128, -73.989, 1748.486, 461.922, -976.053, 12.007, 58.301, -154.674
266, 230.000, 71.776, 23.621, 807.252, -97.859, -205.648, 2.000, 74.245, 154.552
266, 325.000,71.584, 18.761, 5986.581, 83.255, -152.055, 101.981, 88.341, -151.298
267, 230.000, 28.911, 84.948, 470.462, 77.698, -690.038, 2.000, 34.118, -173.576
267, 325.000,32.698, 69.666, 5971.364, 182.749, -422.458, 101.980, 85.592, -156.607
268, 230.000, -43.283, 7.840, 754.035, 338.665, -142.343, 2.000, 64.025, -112.797
268, 325.000,-34.630, 3.986, 5981.926, 261.646, -131.335, 101.981, 87.198, -116.655
269, 230.000, 58.457, 26.654, 626.609, -539.738, -139.886, 2.000, 48.337, 104.530
269, 325.000,44.482, 23.324, 5972.290, -438.988, -90.623, 101.981, 85.708, 101.664
270, 230.000, -85.099, 21.135, 167.205, -605.225, 556.120, 2.000, 11.499, 47.421
270, 325.000,-110.889, 39.898, 5849.715, -1077.743, 699.146, 101.982, 77.614, 57.028
271, 230.000, -7.578, -88.744, 44.284, 825.670, -140.827, 2.000, 3.026, -99.679
271, 325.000,17.313, -99.464, 5904.702, 841.827, -543.285, 101.981, 80.370, -122.837
272, 230.000, 10.165, 27.207, 829.139, 34.677, 121.863, 2.000, 81.312, -15.884
272, 325.000,11.341, 31.165, 5985.894, 58.389, 186.492, 101.981, 88.130, -17.385
273, 230.000, -69.763, -66.080, 649.826, 457.056, 268.980, 2.000, 50.782, -59.523
273, 325.000,-63.005, -64.195, 5987.418, 130.049, -48.989, 101.979, 88.670, -110.641
274, 230.000, 47.060, 68.993, 176.292, -340.957, -745.784, 2.000, 12.133, 155.431
274, 325.000,38.528, 49.009, 5955.591, -227.778, -590.056, 101.981, 83.938, 158.892
275, 230.000, 59.509, 55.390, 21.937, 822.614, -162.322, 2.000, 1.499, -101.162
275, 325.000,88.814, 53.621, 5887.099, 1099.801, 42.330, 101.981, 79.411, -87.796
276, 230.000, 1.895, -25.371, 391.416, -304.948, -676.257, 2.000, 27.818, 155.728
276, 325.000,-7.230, -46.199, 5934.606, -311.498, -743.386, 101.981, 82.266, 157.265
277, 230.000, -9.996, 42.082, 641.327, 387.838, -376.569, 2.000, 49.872, -134.155
277, 325.000,0.952, 32.148, 5969.481, 381.681, -298.030, 101.981, 85.362, -127.984
278, 230.000, 44.753, 30.869, 195.977, -378.687, 722.297, 2.000, 13.512, 27.667
278, 325.000,34.209, 53.938, 5926.493, -302.914, 808.779, 101.981, 81.709, 20.533
279, 230.000, -17.597, -20.255, 162.623, -733.950, 372.014, 2.000, 11.180, 63.121
279, 325.000,-40.882, -9.053, 5925.933, -794.761, 347.673, 101.981, 81.672, 66.373
280, 230.000, 8.573, -72.390, 377.542, -9.802, -748.926, 2.000, 26.751, 179.250
280, 325.000,8.669, -97.950, 5903.227, 16.646, -1010.395, 101.981, 80.286, -179.056
281, 230.000, 91.124, 36.909, 454.438, 628.366, -319.634, 2.000, 32.806, -116.961
281, 325.000,125.185, 34.221, 5806.406, 1468.789, -16.341, 101.989, 75.803, -90.637
282, 230.000, 81.787, -52.943, 405.239, 732.395, -53.885, 2.000, 28.891, -94.208
282, 325.000,116.959, -63.478, 5783.622, 1472.044, -505.141, 101.990, 74.939, -108.940
283, 230.000, 74.282, -60.584, 177.956, 448.281, -686.221, 2.000, 12.249, -146.845
283, 325.000,99.883, -91.156, 5761.437, 1082.896, -1226.670, 101.987, 74.145, -138.562
284, 230.000, -9.947, 61.722, 392.261, 735.846, 90.474, 2.000, 27.883, -82.991
284, 325.000,11.689, 66.153, 5938.897, 739.980, 226.152, 101.981, 82.577, -73.006
285, 230.000, 51.699, 21.904, 262.019, -571.391, 555.321, 2.000, 18.203, 45.817
285, 325.000,35.518, 39.372, 5937.035, -490.921, 616.265, 101.981, 82.440, 38.541
286, 230.000, -78.522, 0.745, 18.072, 633.487, -549.447, 2.000, 1.235, -130.936
286, 325.000,-61.426, -16.452, 5943.844, 462.966, -570.550, 101.981, 82.953, -140.943
287, 230.000, -60.105, 29.329, 466.008, 319.969, 619.661, 2.000, 33.751, -27.310
287, 325.000,-52.553, 48.430, 5943.813, 193.027, 709.219, 101.981, 82.951, -15.225
288, 230.000, -39.857, 15.980, 281.166, 781.479, -117.304, 2.000, 19.586, -98.537
288, 325.000,-16.903, 12.797, 5950.438, 677.711, -50.986, 101.982, 83.484, -94.302
289, 230.000, 41.552, 72.801, 451.443, 412.771, 573.884, 2.000, 32.563, -35.726
289, 325.000,56.358, 94.379, 5888.316, 608.643, 909.196, 101.981, 79.474, -33.800
290, 230.000, -41.312, -88.472, 533.893, -556.100, 330.506, 2.000, 39.533, 59.276
290, 325.000,-61.979, -90.145, 5920.293, -869.953, -251.384, 101.983, 81.304, 106.117
291, 230.000, -37.626, 49.015, 328.881, -743.189, 207.440, 2.000, 23.085, 74.404
291, 325.000,-61.235, 56.860, 5917.076, -863.466, 334.445, 101.981, 81.106, 68.827
292, 230.000, 29.768, 35.284, 25.751, -725.733, -419.729, 2.000, 1.759, 120.043
292, 325.000,7.309, 22.745, 5941.012, -681.956, -328.587, 101.979, 82.739, 115.726
293, 230.000, -26.893, -25.877, 681.106, -460.495, -166.019, 2.000, 54.295, 109.825
293, 325.000,-40.598, -31.148, 5962.484, -520.851, -216.102, 101.981, 84.597, 112.534
294, 230.000, 21.354, -62.586, 599.859, 59.897, -583.186, 2.000, 45.657, -174.136
294, 325.000,23.802, -81.486, 5939.198, 115.983, -762.689, 101.981, 82.599, -171.353
295, 230.000, 21.968, -4.479, 384.121, -674.197, 318.487, 2.000, 27.256, 64.714
295, 630.000,-45.480, 37.974, 1880.460, -676.333, 477.279, 12.002, 66.241, 54.790
296, 230.000, -66.852, -46.464, 477.501, 599.334, -341.050, 2.000, 34.701, -119.642
296, 325.000,-52.306, -58.358, 5953.555, 425.788, -493.039, 101.981, 83.755, -139.186
297, 230.000, -23.755, -49.528, 614.347, 495.560, -283.762, 2.000, 47.092, -119.796
297, 325.000,-10.066, -58.889, 5958.409, 464.846, -387.909, 101.981, 84.198, -129.845
298, 230.000, -48.118, 51.178, 100.062, -778.651, -295.320, 2.000, 6.852, 110.770
298, 325.000,-74.216, 43.947, 5911.576, -945.597, -168.341, 101.981, 80.772, 100.094
299, 230.000, -52.308, 48.528, 782.474, 156.042, 258.669, 2.000, 68.890, -31.100
299, 325.000,-49.695, 57.334, 5976.473, 32.388, 387.194, 101.981, 86.280, -4.782
300, 230.000, 85.266, 4.500, 736.577, 103.952, -387.521, 2.000, 61.422, -164.984
300, 325.000,92.773, -6.026, 5961.942, 416.882, -388.211, 101.981, 84.542, -132.960
301, 230.000, 16.867, 79.316, 653.333, 140.855, 506.794, 2.000, 51.162, -15.532
301, 325.000,21.749, 97.866, 5930.159, 207.280, 812.113, 101.981, 81.955, -14.318
302, 230.000, -36.605, -69.656, 50.556, -803.139, 236.507, 2.000, 3.456, 73.591
302, 325.000,-63.407, -65.598, 5911.247, -962.206, 23.180, 101.981, 80.752, 88.620
303, 230.000, 50.243, 64.487, 264.067, -322.661, -727.793, 2.000, 18.350, 156.090
303, 325.000,42.426, 45.031, 5956.704, -203.725, -587.627, 101.981, 84.039, 160.879
304, 230.000, 44.373, 73.845, 563.331, -452.561, 425.876, 2.000, 42.192, 46.740
304, 325.000,34.077, 90.372, 5936.605, -303.238, 730.777, 101.981, 82.409, 22.536
305, 230.000, -51.183, 57.297, 156.659, -436.203, -699.077, 2.000, 10.765, 148.037
305, 325.000,-66.557, 38.051, 5931.879, -594.832, -572.859, 101.981, 82.074, 133.922
306, 230.000, -59.857, 38.836, 817.133, 53.540, -181.523, 2.000, 76.960, -163.567
306, 325.000,-60.246, 35.027, 5987.705, -85.586, -96.048, 101.981, 88.769, 138.296
307, 230.000, 45.610, -45.630, 247.608, -662.753, -450.525, 2.000, 17.170, 124.207
307, 325.000,26.731, -60.678, 5933.242, -587.326, -566.470, 101.981, 82.169, 133.964
308, 230.000, 48.337, 24.239, 273.564, 436.056, -662.225, 2.000, 19.035, -146.636
308, 325.000,62.833, 4.677, 5930.039, 546.102, -636.877, 101.981, 81.948, -139.388
309, 230.000, 48.097, 54.144, 689.630, -403.226, 255.621, 2.000, 55.306, 57.628
309, 325.000,38.320, 63.177, 5968.358, -298.289, 398.624, 101.981, 85.231, 36.807
310, 230.000, -14.864, 39.749, 332.643, 146.707, 755.876, 2.000, 23.365, -10.984
310, 325.000,-10.770, 63.527, 5926.586, 123.805, 854.080, 101.981, 81.715, -8.248
311, 230.000, 61.843, -60.208, 531.564, -167.801, -626.743, 2.000, 39.327, 165.011
311, 325.000,60.978, -82.055, 5919.894, 76.844, -904.569, 101.981, 81.282, -175.144
312, 230.000, -49.176, -33.567, 633.520, 524.920, -163.203, 2.000, 49.052, -107.271
312, 325.000,-35.330, -39.058, 5967.950, 445.178, -233.596, 101.981, 85.185, -117.687
313, 230.000, 22.111, 4.385, 47.970, 675.067, 495.487, 2.000, 3.279, -53.722
313, 325.000,44.049, 20.246, 5920.608, 737.919, 520.653, 101.981, 81.327, -54.794
314, 230.000, 1.461, -30.991, 702.634, -108.001, 445.157, 2.000, 56.898, 13.637
314, 630.000,-12.191, -16.697, 2048.755, -157.089, 6.026, 12.004, 85.612, 87.803
315, 230.000, 12.282, -92.726, 28.132, -430.463, -719.329, 2.000, 1.922, 149.103
315, 325.000,0.593, -126.866, 5808.633, -377.596, -1409.763, 101.984, 75.896, 165.006
316, 230.000, 60.455, 21.841, 238.751, -169.891, -785.913, 2.000, 16.538, 167.802
316, 325.000,56.897, -1.559, 5939.387, -50.740, -768.300, 101.981, 82.613, 176.222
317, 230.000, -7.946, -21.124, 540.779, -634.298, -93.533, 2.000, 40.146, 98.388
317, 325.000,-26.727, -24.302, 5949.109, -676.232, -141.444, 101.981, 83.376, 101.814
318, 230.000, -49.357, 22.465, 551.377, 483.081, 407.603, 2.000, 41.100, -49.844
318, 325.000,-36.439, 34.840, 5957.450, 404.918, 462.606, 101.981, 84.108, -41.196
319, 230.000, 46.076, 40.965, 13.464, -783.522, -299.059, 2.000, 0.920, 110.891
319, 325.000,22.328, 32.470, 5941.329, -719.963, -226.780, 101.981, 82.759, 107.484
320, 230.000, 54.751, -53.673, 442.074, 712.524, 20.090, 2.000, 31.807, -88.385
320, 325.000,78.247, -55.603, 5915.801, 921.616, -152.201, 101.981, 81.027, -99.378
321, 230.000, -90.589, -4.250, 497.801, 62.917, 672.131, 2.000, 36.405, -5.348
321, 325.000,-95.090, 14.702, 5940.387, -328.040, 688.094, 101.981, 82.688, 25.489
322, 230.000, 60.320, -37.859, 788.464, 282.598, -44.583, 2.000, 70.057, -98.965
322, 325.000,70.269, -40.410, 5970.660, 447.135, -143.171, 101.981, 85.504, -107.755
323, 230.000, 54.606, 12.208, 667.719, -465.067, -203.442, 2.000, 52.757, 113.627
323, 325.000,42.574, 6.680, 5974.460, -374.558, -186.329, 101.981, 85.995, 116.449
324, 230.000, 25.232, 83.306, 215.815, 376.973, 717.523, 2.000, 14.910, -27.717
324, 325.000,38.784, 112.095, 5847.782, 527.266, 1181.080, 101.982, 77.528, -24.057
325, 230.000, 2.672, 45.079, 36.170, 325.843, 772.038, 2.000, 2.472, -22.882
325, 325.000,13.087, 70.737, 5912.658, 343.099, 889.926, 101.981, 80.837, -21.083
326, 230.000, -18.998, 50.536, 310.092, 757.128, -184.727, 2.000, 21.697, -103.711
326, 325.000,3.497, 46.106, 5941.640, 746.450, -94.413, 101.981, 82.783, -97.209
327, 230.000, 31.421, -48.078, 131.496, -754.427, -342.158, 2.000, 9.020, 114.396
327, 325.000,8.726, -59.970, 5928.767, -718.410, -450.327, 101.981, 81.861, 122.081
328, 230.000, -81.881, -12.700, 241.106, -300.920, -744.875, 2.000, 16.706, 158.002
328, 325.000,-95.877, -35.944, 5896.672, -634.685, -834.100, 101.981, 79.921, 142.732
329, 230.000, -45.110, -70.477, 116.700, -466.393, 687.301, 2.000, 7.998, 34.160
329, 325.000,-61.552, -52.715, 5934.928, -632.283, 496.014, 101.981, 82.289, 51.886
330, 230.000, 30.327, -24.140, 88.159, -732.926, -398.210, 2.000, 6.033, 118.516
330, 325.000,7.834, -37.232, 5929.751, -701.950, -463.140, 101.981, 81.928, 123.416
331, 230.000, -46.180, -77.574, 272.361, 125.540, -783.316, 2.000, 18.948, -170.895
331, 325.000,-46.772, -108.239, 5855.067, -118.018, -1254.534, 101.982, 77.855, 174.626
332, 230.000, -12.018, 36.585, 286.465, 27.922, -787.834, 2.000, 19.970, -177.970
332, 630.000,-28.359, -23.697, 1971.139, -260.856, -515.827, 11.997, 73.656, 153.174
333, 230.000, 42.565, 65.240, 761.458, -151.130, 317.593, 2.000, 65.208, 25.448
333, 325.000,40.134, 76.805, 5966.125, -30.999, 523.068, 101.981, 84.981, 3.392
334, 230.000, -13.759, -79.998, 548.971, -470.645, 425.028, 2.000, 40.882, 47.916
334, 325.000,-27.845, -71.111, 5961.949, -529.302, 210.118, 101.981, 84.544, 68.348
335, 230.000, 7.344, 3.417, 708.598, -273.002, 356.205, 2.000, 57.652, 37.467
335, 630.000,-21.490, 63.947, 1892.983, -303.712, 738.596, 12.001, 67.126, 22.353
336, 230.000, -19.344, -11.795, 780.707, 283.732, -116.257, 2.000, 68.557, -112.281
336, 630.000,-9.704, -48.979, 1990.594, 13.288, -509.535, 12.004, 75.638, -178.506
337, 230.000, -27.253, 24.745, 110.199, 830.370, -43.189, 2.000, 7.549, -92.977
337, 325.000,-1.685, 23.997, 5934.711, 803.658, 47.948, 101.980, 82.275, -86.586
338, 230.000, -4.803, 76.674, 629.706, -441.168, -335.209, 2.000, 48.656, 127.228
338, 325.000,-17.522, 69.901, 5968.803, -469.770, -147.916, 101.981, 85.283, 107.478
339, 230.000, -13.224, -32.198, 381.817, 710.017, 231.549, 2.000, 27.079, -71.938
339, 325.000,7.890, -25.958, 5944.131, 716.909, 150.282, 101.981, 82.975, -78.161
340, 230.000, -39.899, -63.618, 191.625, 190.473, -794.055, 2.000, 13.207, -166.511
340, 325.000,-35.973, -90.967, 5897.589, 69.892, -1040.585, 101.981, 79.971, -176.157
341, 230.000, 45.533, -57.593, 186.966, 565.722, 590.361, 2.000, 12.880, -43.779
341, 325.000,64.520, -41.605, 5928.880, 708.190, 464.764, 101.981, 81.869, -56.724
342, 230.000, 19.772, 0.057, 189.833, 96.863, -811.237, 2.000, 13.081, -173.191
342, 325.000,23.213, -25.222, 5926.636, 146.404, -850.147, 101.981, 81.718, -170.229
343, 230.000, 37.624, -58.079, 807.432, 89.751, -208.621, 2.000, 74.290, -156.722
343, 325.000,41.331, -65.747, 5975.609, 184.248, -356.864, 101.981, 86.155, -152.693
344, 230.000, -30.238, -38.421, 792.687, -268.014, 57.789, 2.000, 70.921, 77.832
344, 325.000,-38.396, -37.640, 5979.958, -330.446, -10.299, 101.981, 86.836, 91.785
345, 230.000, -38.507, -29.633, 84.934, 828.713, 97.701, 2.000, 5.812, -83.276
345, 325.000,-13.242, -27.234, 5938.245, 778.178, 30.330, 101.981, 82.529, -87.768
346, 230.000, 60.198, 43.075, 745.152, -189.946, 334.952, 2.000, 62.672, 29.557
346, 325.000,57.036, 53.982, 5971.301, -39.412, 459.573, 101.981, 85.583, 4.902
347, 230.000, 40.251, 68.284, 98.116, -750.719, 360.995, 2.000, 6.718, 64.319
347, 325.000,18.818, 82.487, 5923.227, -663.631, 586.591, 101.981, 81.495, 48.526
348, 230.000, 25.712, 27.091, 170.302, -574.064, 587.343, 2.000, 11.715, 44.345
348, 325.000,8.386, 45.943, 5927.751, -547.151, 656.958, 101.981, 81.793, 39.789
349, 230.000, 17.253, -95.221, 55.573, 697.555, 462.442, 2.000, 3.799, -56.458
349, 325.000,39.881, -91.088, 5929.163, 842.805, -59.788, 101.980, 81.890, -94.058
350, 230.000, 48.032, -2.175, 330.109, -212.243, 741.286, 2.000, 23.177, 15.977
350, 325.000,42.677, 20.190, 5939.017, -129.971, 761.821, 101.981, 82.586, 9.682
351, 230.000, 6.872, 68.324, 408.157, 506.878, 529.156, 2.000, 29.119, -43.768
351, 325.000,22.162, 86.603, 5918.289, 546.631, 737.751, 101.981, 81.181, -36.536
352, 230.000, 33.426, -92.257, 345.647, 89.006, -759.032, 2.000, 24.336, -173.312
352, 325.000,42.676, -132.956, 5734.742, 409.944, -1679.193, 101.997, 73.227, -166.281
353, 230.000, -17.883, 85.665, 564.944, -589.547, -191.824, 2.000, 42.341, 108.024
353, 325.000,-35.721, 85.239, 5948.348, -685.788, 126.875, 101.981, 83.313, 79.518
354, 230.000, 93.430, 16.674, 103.364, 405.520, -726.907, 2.000, 7.079, -150.844
354, 325.000,116.756, -3.290, 5859.678, 1042.394, -668.839, 101.982, 78.065, -122.686
355, 230.000, 23.941, 57.617, 279.477, 97.675, 784.778, 2.000, 19.463, -7.095
355, 325.000,27.734, 83.437, 5908.852, 162.551, 963.469, 101.981, 80.611, -9.576
356, 230.000, 35.531, 20.021, 120.719, -667.955, 492.734, 2.000, 8.275, 53.585
356, 325.000,15.330, 35.917, 5930.870, -624.080, 551.798, 101.981, 82.005, 48.518
357, 230.000, -50.139, 37.373, 511.265, 659.692, -83.295, 2.000, 37.557, -97.196
357, 325.000,-32.116, 35.869, 5960.813, 581.169, -11.566, 101.981, 84.430, -91.140
358, 230.000, 37.721, 21.956, 48.866, 723.107, -422.199, 2.000, 3.340, -120.279
358, 325.000,61.522, 9.083, 5919.653, 818.604, -395.970, 101.981, 81.267, -115.814
359, 230.000, -36.687, 48.077, 408.311, 25.950, -732.211, 2.000, 29.131, -177.970
359, 325.000,-36.806, 27.472, 5952.239, -45.598, -661.770, 101.981, 83.641, 176.058
360, 230.000, -6.934, -29.541, 6.195, 604.885, 581.033, 2.000, 0.423, -46.152
360, 630.000,80.156, 13.238, 1777.799, 973.336, 333.412, 11.995, 59.941, -71.091
361, 230.000, -31.786, 20.945, 475.300, 690.072, -37.617, 2.000, 34.518, -93.120
361, 325.000,-12.052, 20.339, 5955.931, 628.466, 39.261, 101.982, 83.965, -86.425
362, 230.000, 26.801, 78.109, 548.791, 599.411, -207.504, 2.000, 40.866, -109.095
362, 325.000,45.312, 75.962, 5946.179, 714.462, 41.962, 101.981, 83.137, -86.639
363, 230.000, 24.055, -23.581, 185.226, 768.096, 281.502, 2.000, 12.758, -69.872
363, 325.000,48.414, -15.331, 5925.171, 836.379, 249.026, 101.981, 81.622, -73.419
364, 230.000, -27.086, 13.612, 439.105, -700.572, -141.103, 2.000, 31.568, 101.388
364, 325.000,-48.500, 9.685, 5938.137, -770.026, -121.596, 101.981, 82.521, 98.974
365, 230.000, 7.232, 38.201, 99.064, 423.778, -717.023, 2.000, 6.783, -149.416
365, 325.000,20.801, 16.442, 5934.545, 476.954, -650.346, 101.981, 82.261, -143.744
366, 230.000, 6.314, 15.677, 600.832, -403.019, 424.383, 2.000, 45.752, 43.521
366, 325.000,-5.289, 28.390, 5954.680, -408.876, 493.840, 101.981, 83.855, 39.623
367, 230.000, -23.521, 37.874, 106.538, -769.032, 317.432, 2.000, 7.297, 67.571
367, 325.000,-48.237, 48.765, 5916.026, -841.624, 401.891, 101.981, 81.041, 64.475
368, 230.000, -78.117, -20.534, 0.256, -725.188, -421.458, 2.000, 0.017, 120.164
368, 325.000,-106.115, -35.158, 5863.887, -1095.547, -532.876, 101.981, 78.263, 115.938
369, 230.000, 67.059, -0.540, 497.365, 664.003, 123.500, 2.000, 36.368, -79.464
369, 325.000,88.919, 3.052, 5924.416, 868.564, 126.964, 101.981, 81.572, -81.684
370, 230.000, -6.670, 27.722, 230.022, -288.317, 753.317, 2.000, 15.917, 20.943
370, 325.000,-15.700, 51.530, 5923.789, -309.261, 826.004, 101.981, 81.531, 20.526
371, 230.000, -30.853, 26.672, 830.854, 26.913, -111.723, 2.000, 82.125, -166.456
371, 325.000,-30.726, 24.097, 5988.660, -30.876, -64.590, 101.981, 89.315, 154.451
372, 230.000, -58.199, -42.571, 342.191, 143.168, 752.284, 2.000, 24.077, -10.775
372, 325.000,-55.695, -21.385, 5950.006, 16.480, 682.876, 101.981, 83.451, -1.382
373, 230.000, 6.834, -34.157, 797.781, 257.890, -23.704, 2.000, 72.015, -95.252
373, 325.000,14.206, -35.504, 5981.872, 279.661, -90.382, 101.981, 87.187, -107.910
374, 230.000, 0.348, -11.503, 383.583, 325.218, 671.283, 2.000, 27.214, -25.849
374, 630.000,53.342, 75.586, 1714.097, 617.500, 949.515, 12.001, 56.544, -33.037
375, 230.000, -50.922, 63.641, 557.674, 203.563, 592.525, 2.000, 41.673, -18.960
375, 325.000,-47.725, 83.968, 5929.486, 34.862, 842.159, 101.981, 81.910, -2.370
376, 230.000, 90.767, -4.267, 212.897, 810.643, -32.505, 2.000, 14.704, -92.296
376, 325.000,124.978, -5.706, 5821.124, 1407.377, -60.190, 101.983, 76.396, -92.449
377, 230.000, 49.759, 40.663, 552.221, -426.512, -465.470, 2.000, 41.176, 137.501
377, 325.000,38.650, 28.194, 5966.134, -339.990, -398.525, 101.981, 84.982, 139.532
378, 230.000, -66.540, -4.530, 309.989, -349.927, 696.406, 2.000, 21.690, 26.678
378, 325.000,-79.347, 16.309, 5922.885, -529.750, 712.742, 101.981, 81.473, 36.622
379, 230.000, 61.634, -43.551, 794.172, -229.007, -142.726, 2.000, 71.233, 121.933
379, 325.000,57.475, -49.053, 5982.905, -76.814, -260.957, 101.981, 87.397, 163.598
380, 230.000, -40.814, -20.954, 383.506, -257.530, -700.089, 2.000, 27.208, 159.804
380, 325.000,-49.498, -42.430, 5930.473, -343.057, -762.238, 101.981, 81.977, 155.769
381, 230.000, -54.951, -74.860, 470.897, 672.253, 172.787, 2.000, 34.154, -75.585
381, 325.000,-39.395, -74.896, 5968.662, 476.516, -130.287, 101.980, 85.269, -105.292
382, 230.000, 4.231, -75.288, 809.095, -143.145, -168.517, 2.000, 74.716, 139.654
382, 325.000,0.431, -82.803, 5975.354, -136.750, -381.643, 101.981, 86.119, 160.286
383, 230.000, -25.668, -21.511, 378.822, -395.055, 635.570, 2.000, 26.849, 31.864
383, 325.000,-38.097, -2.824, 5939.344, -461.236, 616.957, 101.981, 82.610, 36.782
384, 230.000, -32.244, 91.984, 188.477, 804.407, -144.672, 2.000, 12.986, -100.196
384, 325.000,-12.137, 97.506, 5939.137, 661.469, 396.880, 101.979, 82.600, -59.036
385, 230.000, 28.284, -58.610, 639.740, 517.405, 162.936, 2.000, 49.704, -72.520
385, 325.000,43.893, -55.672, 5959.064, 597.789, 37.505, 101.981, 84.260, -86.410
386, 230.000, -40.254, -33.551, 772.132, 129.300, 301.027, 2.000, 67.008, -23.245
386, 325.000,-37.504, -25.835, 5983.693, 58.127, 247.429, 101.981, 87.568, -13.220
387, 230.000, -2.066, -2.472, 409.181, 602.391, -416.197, 2.000, 29.199, -124.641
387, 325.000,16.106, -15.133, 5931.017, 673.610, -487.114, 101.977, 82.021, -125.872
388, 230.000, 16.902, -22.636, 775.793, 310.756, -71.414, 2.000, 67.657, -102.942
388, 325.000,26.002, -25.102, 5977.270, 356.386, -119.982, 101.981, 86.400, -108.607
389, 230.000, -67.963, 35.969, 415.734, 557.762, -468.605, 2.000, 29.713, -130.035
389, 325.000,-53.772, 23.354, 5961.283, 415.447, -399.566, 101.981, 84.477, -133.884
390, 230.000, -12.890, -50.829, 432.193, 351.533, -627.022, 2.000, 31.016, -150.723
390, 325.000,-2.790, -70.758, 5932.242, 337.064, -751.062, 101.981, 82.099, -155.830
391, 230.000, -36.075, 64.679, 782.064, -286.135, 100.131, 2.000, 68.812, 70.713
391, 325.000,-45.375, 69.873, 5969.560, -394.461, 279.231, 101.981, 85.371, 54.706
392, 230.000, 3.963, 71.998, 808.200, 196.283, -108.675, 2.000, 74.485, -118.972
392, 325.000,9.528, 71.312, 5985.004, 212.396, 61.568, 101.981, 87.884, -73.835
393, 230.000, -0.310, 72.562, 838.303, 10.182, -25.866, 2.000, 88.101, -158.513
393, 325.000,-0.039, 74.249, 5987.149, 9.761, 152.223, 101.981, 88.541, -3.669
394, 230.000, 30.846, -36.604, 420.316, 476.721, -547.354, 2.000, 30.074, -138.946
394, 325.000,45.809, -53.813, 5929.320, 553.169, -637.471, 101.981, 81.899, -139.050
395, 230.000, 50.234, -73.678, 88.517, -806.063, 214.363, 2.000, 6.058, 75.108
395, 325.000,28.242, -70.985, 5950.958, -674.121, -26.862, 101.980, 83.532, 92.282
396, 230.000, -43.543, 10.399, 552.298, 278.818, -566.349, 2.000, 41.183, -153.789
396, 325.000,-36.337, -5.908, 5958.884, 201.142, -566.055, 101.981, 84.243, -160.438
397, 230.000, -4.947, -42.292, 330.621, -225.647, -737.087, 2.000, 23.215, 162.979
397, 325.000,-11.890, -65.584, 5924.858, -242.281, -840.569, 101.981, 81.601, 163.921
398, 230.000, -54.942, -75.301, 822.125, -120.537, -114.480, 2.000, 78.569, 133.524
398, 325.000,-62.805, -84.698, 5954.359, -404.696, -501.406, 101.982, 83.824, 141.092
399, 230.000, 15.069, -78.284, 541.803, -487.024, 415.669, 2.000, 40.237, 49.520
399, 325.000,1.619, -69.264, 5966.867, -465.115, 222.077, 101.981, 85.063, 64.477
400, 230.000, 34.342, 26.079, 96.120, 826.654, 104.537, 2.000, 6.580, -82.793
400, 325.000,61.174, 29.997, 5915.664, 921.471, 158.181, 101.981, 81.019, -80.259
401, 230.000, -62.797, -17.075, 466.213, -100.229, -690.017, 2.000, 33.768, 171.735
401, 325.000,-67.733, -37.901, 5935.851, -252.589, -755.697, 101.981, 82.355, 161.518
402, 230.000, 31.811, 14.815, 234.015, 610.593, 525.297, 2.000, 16.201, -49.294
402, 325.000,51.302, 31.310, 5922.311, 687.050, 568.681, 101.981, 81.436, -50.385
403, 230.000, 29.296, -92.549, 323.428, -50.605, 772.242, 2.000, 22.681, 3.749
403, 325.000,30.298, -78.122, 5977.724, 91.688, 355.589, 101.977, 86.485, -14.459
404, 230.000, 88.030, -16.163, 83.065, 463.281, -694.258, 2.000, 5.683, -146.285
404, 325.000,110.399, -38.993, 5852.488, 966.434, -827.005, 101.982, 77.738, -130.555
405, 230.000, 3.183, 40.134, 831.366, 101.807, -44.616, 2.000, 82.385, -113.665
405, 325.000,6.085, 39.698, 5987.992, 110.944, 29.122, 101.981, 88.903, -75.292
406, 230.000, 29.465, 39.541, 691.064, -278.113, -385.496, 2.000, 55.478, 144.192
406, 325.000,22.178, 29.412, 5976.177, -228.715, -319.631, 101.981, 86.237, 144.414
407, 230.000, -1.567, 83.170, 188.605, -298.709, 760.740, 2.000, 12.995, 21.438
407, 325.000,-10.783, 112.178, 5865.371, -323.003, 1167.248, 101.981, 78.333, 15.468
408, 230.000, -16.629, -85.283, 768.267, 26.676, 335.527, 2.000, 66.341, -4.546
408, 325.000,-16.728, -80.315, 5988.716, -28.617, 60.102, 101.981, 89.363, 25.461
409, 230.000, 48.046, -49.111, 597.939, 461.757, -364.380, 2.000, 45.470, -128.278
409, 325.000,63.072, -61.377, 5936.362, 607.718, -509.425, 101.981, 82.391, -129.972
410, 230.000, -86.748, -41.837, 13.132, -820.757, 172.364, 2.000, 0.897, 78.140
410, 325.000,-126.872, -43.688, 5763.917, -1618.866, -169.022, 101.989, 74.231, 95.961
411, 230.000, 10.930, -27.812, 6.271, -686.518, -481.848, 2.000, 0.428, 125.064
411, 325.000,-10.837, -43.823, 5923.473, -691.881, -550.418, 101.981, 81.511, 128.504
412, 230.000, -50.864, 8.952, 236.165, -591.170, 546.139, 2.000, 16.354, 47.267
412, 325.000,-70.376, 25.946, 5916.944, -719.176, 584.606, 101.981, 81.098, 50.893
413, 230.000, -56.878, -62.916, 96.017, -340.778, 760.378, 2.000, 6.573, 24.140
413, 325.000,-70.153, -42.640, 5934.936, -544.399, 591.037, 101.981, 82.289, 42.648
414, 230.000, -24.028, 62.387, 87.903, -469.835, 689.240, 2.000, 6.016, 34.281
414, 325.000,-39.702, 86.481, 5894.216, -561.216, 901.389, 101.981, 79.788, 31.907
415, 230.000, 74.239, 37.620, 331.748, -485.783, -597.898, 2.000, 23.298, 140.907
415, 325.000,62.807, 21.393, 5959.189, -298.960, -517.505, 101.981, 84.273, 149.985
416, 230.000, -41.449, 13.539, 167.154, -335.145, 750.507, 2.000, 11.495, 24.064
416, 325.000,-52.842, 37.186, 5920.030, -424.455, 801.424, 101.981, 81.291, 27.907
417, 230.000, -79.073, 24.659, 709.085, -180.953, -409.852, 2.000, 57.714, 156.178
417, 325.000,-87.971, 14.391, 5962.105, -450.783, -345.294, 101.981, 84.560, 127.452
418, 230.000, 7.573, 87.395, 55.650, 44.392, 835.737, 2.000, 3.804, -3.041
418, 325.000,9.654, 121.453, 5831.551, 88.102, 1361.940, 101.982, 76.828, -3.701
419, 230.000, 14.306, 72.010, 624.382, 543.200, 136.401, 2.000, 48.108, -75.904
419, 325.000,30.353, 78.635, 5948.984, 603.317, 338.831, 101.981, 83.365, -60.681
420, 230.000, -31.138, -20.433, 700.100, -415.765, -201.303, 2.000, 56.583, 115.835
420, 325.000,-43.612, -26.581, 5964.712, -482.132, -242.801, 101.981, 84.829, 116.730
421, 230.000, -52.291, -64.942, 575.208, 406.553, -455.383, 2.000, 43.297, -138.242
421, 325.000,-43.383, -81.315, 5942.883, 243.089, -701.619, 101.981, 82.878, -160.890
422, 230.000, 7.796, -82.428, 398.430, 626.432, -390.333, 2.000, 28.361, -121.927
422, 325.000,26.698, -98.768, 5904.986, 688.107, -725.896, 101.981, 80.386, -136.531
423, 230.000, -41.553, -30.986, 820.256, 145.953, 96.961, 2.000, 77.942, -56.403
423, 325.000,-38.393, -28.961, 5988.483, 73.658, 42.709, 101.981, 89.185, -59.893
424, 230.000, 30.363, 72.017, 327.319, 169.028, -753.535, 2.000, 22.969, -167.357
424, 325.000,36.468, 52.059, 5953.472, 251.729, -601.630, 101.981, 83.748, -157.295
425, 230.000, -85.244, -9.528, 353.787, 14.545, -760.360, 2.000, 24.948, -178.904
425, 325.000,-89.849, -32.533, 5922.385, -310.930, -835.378, 101.981, 81.441, 159.585
426, 230.000, -94.009, 22.088, 318.769, -758.618, -162.507, 2.000, 22.337, 102.091
426, 325.000,-131.581, 20.853, 5778.847, -1573.707, 5.992, 101.988, 74.766, 89.782
427, 230.000, -40.257, 29.768, 388.549, -685.133, 288.352, 2.000, 27.596, 67.175
427, 325.000,-61.801, 39.169, 5925.881, -790.241, 358.690, 101.981, 81.668, 65.587
428, 230.000, -33.758, 2.337, 822.662, -80.817, 142.195, 2.000, 78.755, 29.612
428, 325.000,-36.689, 6.358, 5985.293, -149.804, 151.622, 101.981, 87.960, 44.654
429, 230.000, 76.076, 9.517, 604.236, 416.983, -405.645, 2.000, 46.087, -134.210
429, 325.000,91.320, -1.667, 5938.812, 667.014, -393.489, 101.981, 82.570, -120.537
430, 230.000, -23.190, -51.637, 151.257, -425.678, 706.713, 2.000, 10.389, 31.062
430, 325.000,-36.968, -30.911, 5935.853, -485.462, 631.783, 101.981, 82.355, 37.539
431, 230.000, 14.313, 82.883, 743.053, -215.136, -324.211, 2.000, 62.361, 146.433
431, 325.000,8.979, 77.581, 5985.850, -179.374, -81.045, 101.981, 88.117, 114.315
432, 230.000, -32.512, 43.240, 426.152, 687.053, -223.332, 2.000, 30.536, -108.007
432, 325.000,-12.829, 37.583, 5952.280, 646.809, -145.508, 101.981, 83.645, -102.678
433, 230.000, -52.899, 81.711, 3.660, 814.853, 198.811, 2.000, 0.250, -76.289
433, 325.000,-34.349, 96.818, 5920.839, 539.995, 722.098, 101.981, 81.341, -36.790
434, 230.000, 37.561, 84.570, 418.908, 130.649, 714.822, 2.000, 29.963, -10.358
434, 325.000,45.455, 114.608, 5840.837, 366.942, 1272.723, 101.983, 77.223, -16.083
435, 230.000, 1.595, -91.631, 104.618, 733.564, -393.017, 2.000, 7.165, -118.181
435, 325.000,24.099, -112.564, 5862.740, 791.336, -933.609, 101.982, 78.209, -139.715
436, 230.000, 12.947, -17.641, 449.625, -455.706, 541.934, 2.000, 32.416, 40.060
436, 630.000,-35.487, 35.946, 1917.172, -504.127, 539.464, 12.000, 68.937, 43.061
437, 230.000, -70.270, -24.092, 274.664, 712.942, -346.118, 2.000, 19.115, -115.896
437, 325.000,-51.023, -35.314, 5946.996, 573.937, -415.935, 101.981, 83.203, -125.931
438, 230.000, 4.964, -93.117, 50.684, -641.797, 537.635, 2.000, 3.464, 50.047
438, 325.000,-14.211, -83.019, 5950.224, -656.716, 180.297, 101.980, 83.471, 74.648
439, 230.000, -60.490, 76.588, 106.538, -659.242, -507.517, 2.000, 7.297, 127.591
439, 325.000,-88.419, 72.084, 5877.765, -1150.063, 19.529, 101.986, 78.928, 89.027
440, 230.000, 66.854, -46.970, 139.047, 671.016, -483.660, 2.000, 9.542, -125.784
440, 325.000,92.025, -65.031, 5863.022, 994.120, -711.386, 101.981, 78.223, -125.587
441, 230.000, 8.589, 54.460, 208.980, 35.620, -811.531, 2.000, 14.427, -177.487
441, 325.000,9.888, 30.712, 5944.795, 56.685, -724.827, 101.981, 83.027, -175.528
442, 230.000, 23.396, -28.633, 470.564, 676.661, -155.638, 2.000, 34.126, -102.953
442, 325.000,43.912, -33.842, 5939.654, 738.409, -210.853, 101.981, 82.633, -105.937
443, 230.000, -16.152, -74.306, 657.044, 436.466, -285.156, 2.000, 51.568, -123.158
443, 325.000,-4.429, -85.379, 5953.475, 407.303, -509.367, 101.981, 83.748, -141.353
444, 230.000, 77.959, -58.402, 763.634, 223.586, 265.324, 2.000, 65.565, -40.121
444, 325.000,93.136, -58.023, 5941.547, 746.759, -103.006, 101.984, 82.769, -97.854
445, 230.000, 58.952, 22.469, 595.456, 423.660, -411.665, 2.000, 45.229, -134.177
445, 325.000,72.885, 11.273, 5950.073, 570.065, -375.312, 101.981, 83.456, -123.360
446, 230.000, 1.563, 8.119, 460.146, -512.729, -478.433, 2.000, 33.271, 133.018
446, 630.000,-77.433, -53.510, 1714.529, -910.319, -673.182, 12.002, 56.561, 126.483
447, 230.000, -74.356, 22.533, 673.222, -499.357, 30.632, 2.000, 53.383, 86.490
447, 325.000,-91.897, 24.437, 5939.996, -758.205, 103.979, 101.981, 82.659, 82.191
448, 230.000, -24.770, 51.215, 478.269, -688.318, -31.633, 2.000, 34.765, 92.631
448, 325.000,-45.678, 51.645, 5939.927, -762.308, 73.140, 101.981, 82.654, 84.520
449, 230.000, -66.638, -0.824, 759.845, -298.631, 192.298, 2.000, 64.946, 57.221
449, 325.000,-77.077, 4.534, 5967.691, -465.976, 196.825, 101.981, 85.155, 67.101
450, 230.000, -72.131, 7.587, 247.454, 235.553, 766.032, 2.000, 17.159, -17.093
450, 325.000,-67.500, 31.100, 5932.916, 62.884, 815.929, 101.981, 82.147, -4.407
451, 230.000, 1.669, -62.727, 492.527, 574.004, 362.574, 2.000, 35.959, -57.721
451, 325.000,18.526, -53.742, 5954.244, 596.007, 246.861, 101.981, 83.816, -67.501
452, 230.000, -72.683, 67.483, 90.181, 743.340, -377.938, 2.000, 6.172, -116.950
452, 325.000,-58.513, 63.420, 5977.572, 366.724, -9.720, 101.972, 86.488, -91.518
453, 230.000, -57.743, 50.991, 137.819, 545.900, -621.710, 2.000, 9.457, -138.715
453, 325.000,-42.778, 33.477, 5950.228, 432.057, -526.557, 101.981, 83.470, -140.630
454, 230.000, 34.355, -66.689, 563.587, -393.014, 481.075, 2.000, 42.216, 39.247
454, 325.000,24.136, -54.962, 5970.462, -326.000, 341.276, 101.981, 85.480, 43.689
455, 230.000, 95.713, -3.121, 90.386, 492.603, 672.827, 2.000, 6.186, -36.209
455, 325.000,124.356, 16.823, 5816.678, 1244.571, 698.486, 101.985, 76.214, -60.698
456, 230.000, -5.069, -5.206, 437.722, -630.643, 337.953, 2.000, 31.458, 61.814
456, 325.000,-24.144, 4.818, 5936.407, -711.891, 348.940, 101.982, 82.393, 63.888
457, 230.000, -79.301, -18.504, 686.200, 74.228, -476.595, 2.000, 54.896, -171.147
457, 325.000,-80.863, -32.751, 5960.753, -174.817, -555.081, 101.981, 84.424, 162.519
458, 230.000, -84.333, -47.063, 21.323, 454.936, 704.346, 2.000, 1.457, -32.858
458, 325.000,-77.214, -29.543, 5965.226, 88.991, 525.952, 101.979, 84.890, -9.603
459, 230.000, -61.681, 70.017, 652.821, -493.090, 184.963, 2.000, 51.106, 69.438
459, 325.000,-81.536, 82.062, 5895.751, -870.756, 592.927, 101.982, 79.869, 55.748
460, 230.000, -59.748, -34.326, 607.948, 47.676, -575.891, 2.000, 46.453, -175.267
460, 325.000,-60.391, -51.997, 5949.258, -99.466, -682.380, 101.981, 83.388, 171.707
461, 230.000, -43.741, 26.452, 68.013, -314.779, 774.475, 2.000, 4.651, 22.119
461, 325.000,-54.865, 51.605, 5912.265, -418.885, 859.576, 101.981, 80.813, 25.981
462, 230.000, 48.418, -53.795, 43.004, -156.053, -822.996, 2.000, 2.939, 169.263
462, 325.000,45.632, -81.992, 5900.364, -16.709, -1026.967, 101.981, 80.125, 179.068
463, 230.000, -89.671, 3.243, 277.839, -251.750, -750.301, 2.000, 19.345, 161.452
463, 325.000,-104.127, -18.811, 5898.026, -690.275, -778.549, 101.981, 79.995, 138.439
464, 230.000, -52.445, 58.146, 348.130, 676.208, 353.655, 2.000, 24.523, -62.391
464, 325.000,-34.462, 71.020, 5939.325, 555.657, 533.715, 101.981, 82.609, -46.154
465, 230.000, -15.269, -94.287, 774.180, 278.409, -163.271, 2.000, 67.369, -120.389
465, 325.000,-9.204, -108.154, 5942.304, 204.526, -719.005, 101.982, 82.830, -164.121
466, 230.000, 16.926, 62.667, 561.923, 319.607, -534.432, 2.000, 42.063, -149.119
466, 325.000,26.621, 48.861, 5963.016, 364.661, -422.661, 101.981, 84.652, -139.213
467, 230.000, 44.265, 23.140, 580.712, 96.005, 597.562, 2.000, 43.816, -9.127
467, 325.000,48.094, 41.002, 5949.827, 183.024, 659.742, 101.981, 83.436, -15.505
468, 230.000, -39.121, 86.490, 799.675, -250.224, 37.830, 2.000, 72.439, 81.403
468, 325.000,-49.637, 95.724, 5946.753, -481.588, 522.626, 101.980, 83.185, 42.660
469, 230.000, 40.054, 14.427, 792.124, 241.640, -132.942, 2.000, 70.803, -118.818
469, 325.000,47.649, 10.998, 5979.525, 319.572, -111.120, 101.981, 86.761, -109.173
470, 230.000, 9.322, 15.540, 755.980, -298.239, -207.538, 2.000, 64.330, 124.833
470, 630.000,-19.347, 11.273, 2032.997, -295.831, 32.817, 12.003, 81.671, 83.670
471, 230.000, -91.421, 2.481, 717.711, -423.583, -94.823, 2.000, 58.835, 102.618
471, 325.000,-110.810, 0.056, 5919.505, -906.250, -87.242, 101.981, 81.256, 95.499
472, 230.000, -32.911, -30.946, 199.433, -317.009, -750.504, 2.000, 13.755, 157.101
472, 325.000,-43.522, -54.907, 5917.342, -392.255, -836.906, 101.981, 81.122, 154.888
473, 230.000, -89.318, 4.036, 211.028, 368.573, 723.288, 2.000, 14.572, -27.002
473, 325.000,-83.680, 25.958, 5938.377, 42.357, 776.503, 101.980, 82.539, -3.122
474, 230.000, 44.031, -13.838, 620.696, 560.503, 64.011, 2.000, 47.733, -83.485
474, 325.000,61.179, -12.308, 5952.633, 658.589, 40.314, 101.981, 83.675, -86.497
475, 230.000, -62.039, 20.502, 636.387, 538.711, -91.245, 2.000, 49.352, -99.613
475, 325.000,-48.248, 18.425, 5973.452, 429.302, -52.370, 101.981, 85.859, -96.955
476, 230.000, 85.663, -40.457, 484.976, -334.032, -597.281, 2.000, 35.324, 150.784
476, 325.000,84.200, -61.253, 5926.879, 117.138, -853.220, 101.982, 81.732, -172.183
477, 230.000, -1.265, 88.818, 278.479, -364.281, -702.334, 2.000, 19.391, 152.586
477, 325.000,-12.139, 72.448, 5960.494, -385.102, -439.626, 101.980, 84.400, 138.782
478, 230.000, 56.318, 26.783, 25.393, -432.300, -718.329, 2.000, 1.735, 148.960
478, 325.000,44.029, 4.706, 5939.558, -335.460, -691.584, 101.981, 82.626, 154.124
479, 230.000, -43.312, -21.932, 131.957, -435.519, 704.581, 2.000, 9.052, 31.721
479, 325.000,-57.928, -0.440, 5925.695, -531.628, 687.534, 101.981, 81.656, 37.713
480, 230.000, 99.552, -1.451, 479.652, 16.854, 687.877, 2.000, 34.880, -1.404
480, 325.000,118.466, 17.573, 5871.243, 943.589, 718.113, 102.005, 78.582, -52.727
481, 230.000, -23.631, 72.972, 778.967, 137.534, 278.960, 2.000, 68.234, -26.244
481, 325.000,-20.765, 83.672, 5967.676, 74.484, 500.505, 101.981, 85.153, -8.465
482, 230.000, 74.856, -35.283, 285.953, -105.710, 781.396, 2.000, 19.933, 7.704
482, 325.000,74.963, -13.458, 5945.768, 113.555, 709.999, 101.981, 83.105, -9.087
483, 230.000, 87.499, 43.625, 419.958, -725.059, -38.060, 2.000, 30.045, 93.005
483, 325.000,75.311, 46.678, 5978.852, -285.807, 198.568, 101.977, 86.669, 55.210
484, 230.000, -14.288, 48.460, 820.256, -24.989, -173.434, 2.000, 77.942, 171.801
484, 325.000,-15.291, 44.671, 5988.194, -51.896, -89.600, 101.981, 89.009, 149.921
485, 230.000, 41.665, -5.521, 768.037, 177.111, -286.837, 2.000, 66.302, -148.306
485, 325.000,47.505, -13.706, 5975.849, 255.972, -304.794, 101.981, 86.189, -139.976
486, 230.000, -21.388, 3.989, 704.861, -326.636, 316.234, 2.000, 57.178, 45.927
486, 325.000,-31.157, 13.106, 5966.955, -387.625, 338.271, 101.981, 85.072, 48.890
487, 230.000, -49.180, 80.146, 676.294, 451.699, 205.226, 2.000, 53.736, -65.566
487, 325.000,-40.841, 92.629, 5952.171, 224.276, 624.659, 101.980, 83.637, -19.750
488, 230.000, -37.030, -45.487, 497.212, -661.479, -136.929, 2.000, 36.355, 101.695
488, 325.000,-57.493, -50.816, 5934.907, -766.398, -242.318, 101.981, 82.287, 107.546
489, 230.000, -29.492, -33.503, 144.909, 386.064, -730.397, 2.000, 9.949, -152.141
489, 325.000,-18.128, -57.058, 5923.074, 344.479, -817.144, 101.981, 81.485, -157.141
490, 230.000, 16.160, -58.666, 143.936, 773.151, -291.624, 2.000, 9.881, -110.666
490, 325.000,40.682, -69.581, 5913.051, 842.436, -441.975, 101.981, 80.860, -117.683
491, 230.000, -19.222, -9.380, 448.832, 642.441, -298.903, 2.000, 32.351, -114.951
491, 630.000,48.148, -73.209, 1767.301, 684.396, -796.141, 12.014, 59.287, -139.316
492, 230.000, 42.376, -86.160, 104.772, 347.539, -756.150, 2.000, 7.176, -155.316
492, 325.000,60.353, -124.226, 5740.745, 732.496, -1542.495, 101.989, 73.435, -154.598
493, 230.000, 1.828, 30.349, 386.424, 719.422, -191.395, 2.000, 27.433, -104.898
493, 325.000,23.524, 25.231, 5939.847, 754.740, -133.339, 101.981, 82.648, -100.019
494, 230.000, 14.376, -77.398, 274.562, 783.315, -120.653, 2.000, 19.107, -98.756
494, 325.000,38.654, -84.764, 5913.675, 867.924, -379.977, 101.981, 80.898, -113.644
495, 230.000, -49.963, 26.381, 391.211, 724.897, -158.120, 2.000, 27.802, -102.305
495, 325.000,-29.460, 22.268, 5952.814, 648.956, -109.626, 101.981, 83.691, -99.588
496, 230.000, 14.434, 87.591, 58.619, 666.362, 506.013, 2.000, 4.008, -52.788
496, 325.000,36.312, 111.089, 5852.480, 786.380, 999.809, 101.982, 77.738, -38.186
497, 230.000, 45.334, 5.521, 248.324, -307.203, 739.922, 2.000, 17.221, 22.547
497, 325.000,36.904, 28.335, 5934.092, -233.612, 775.347, 101.981, 82.229, 16.768
498, 230.000, -17.672, -96.323, 440.205, 383.337, 602.325, 2.000, 31.657, -32.474
498, 325.000,-8.599, -88.687, 5980.320, 305.874, 99.105, 101.976, 86.922, -72.047
499, 230.000, -61.022, -43.532, 480.420, -494.154, -478.051, 2.000, 34.944, 134.051
499, 325.000,-78.298, -59.525, 5912.172, -712.032, -639.131, 101.981, 80.807, 131.912
500, 230.000, -3.363, 1.098, 491.017, 527.468, -429.189, 2.000, 35.832, -129.134
500, 630.000,74.572, -65.283, 1688.705, 886.275, -764.280, 12.002, 55.277, -130.773
