ion,x0,y0,z0,vx0,vy0,vz0,ke0,elev0,azim0,x1,y1,z1,vx1,vy1,vz1,ke1,elev1,azim1
1, 230.000, -80.316, -30.057, 614.373, -570.984, 6.843, 2.000, 47.094, 89.313
1, 325.000,-101.786, -31.830, 5914.502, -934.873, -118.377, 101.981, 80.947, 97.217
2, 230.000, 50.488, 54.793, 269.289, 467.412, 642.288, 2.000, 18.727, -36.044
2, 325.000,67.130, 76.940, 5890.530, 659.755, 857.702, 101.981, 79.591, -37.568
3, 230.000, 8.451, -24.847, 692.933, -98.176, -462.309, 2.000, 55.704, 168.011
3, 325.000,5.811, -38.550, 5965.392, -85.401, -525.360, 101.981, 84.901, 170.767
4, 230.000, -14.958, 68.877, 16.357, 658.021, -519.870, 2.000, 1.117, -128.310
4, 325.000,5.376, 54.450, 5940.773, 650.817, -390.930, 101.981, 82.717, -120.992
5, 230.000, 17.899, 28.876, 334.231, 631.409, -439.473, 2.000, 23.483, -124.839
5, 325.000,37.410, 16.149, 5935.950, 687.930, -400.550, 101.981, 82.362, -120.210
6, 230.000, 61.653, 42.877, 153.971, -619.175, -544.463, 2.000, 10.578, 131.326
6, 325.000,44.485, 27.435, 5949.503, -503.348, -468.192, 101.981, 83.409, 132.928
7, 230.000, 20.268, 26.683, 545.643, -325.642, -547.499, 2.000, 40.582, 149.257
7, 630.000,5.122, -8.340, 3828.860, -91.548, -320.987, 41.998, 85.018, 164.081
8, 230.000, 77.222, 57.274, 431.886, -67.769, -715.825, 2.000, 30.991, 174.592
8, 325.000,82.061, 41.931, 5962.438, 327.910, -458.638, 101.979, 84.598, -144.437
9, 230.000, 3.135, 91.928, 493.449, -406.264, -543.122, 2.000, 36.037, 143.203
9, 325.000,-8.261, 82.159, 5971.282, -413.137, -205.184, 101.980, 85.583, 116.411
10, 230.000, -80.950, 30.809, 356.091, -684.027, 329.895, 2.000, 25.122, 64.253
10, 325.000,-107.588, 43.007, 5864.420, -1109.960, 496.016, 101.982, 78.288, 65.921
11, 230.000, 96.798, -17.965, 146.957, 825.649, -15.201, 2.000, 10.091, -91.055
11, 325.000,145.049, -22.684, 5672.018, 1912.966, -207.069, 101.995, 71.261, -96.178
12, 230.000, 91.717, -7.704, 312.575, -487.097, -607.090, 2.000, 21.880, 141.258
12, 325.000,83.550, -26.027, 5949.979, -129.875, -670.743, 101.980, 83.450, 169.042
13, 230.000, 93.428, 26.223, 720.911, 394.342, -168.242, 2.000, 59.260, -113.105
13, 325.000,116.241, 24.951, 5892.993, 1069.295, 5.384, 101.985, 79.715, -89.712
14, 230.000, -87.131, -38.594, 489.430, 39.652, 680.007, 2.000, 35.698, -3.337
14, 325.000,-93.628, -22.706, 5952.595, -409.877, 516.960, 101.979, 83.676, 38.409
15, 230.000, -30.491, -70.967, 399.556, -727.488, 120.996, 2.000, 28.448, 80.557
15, 325.000,-53.309, -70.496, 5927.506, -852.014, -89.235, 101.981, 81.776, 95.979
16, 230.000, -33.170, 53.137, 113.373, -126.713, 821.349, 2.000, 7.768, 8.770
16, 325.000,-38.306, 80.659, 5901.750, -218.491, 995.410, 101.981, 80.203, 12.380
17, 230.000, 55.017, 17.302, 440.794, 49.870, 711.855, 2.000, 31.704, -4.007
17, 325.000,57.979, 38.838, 5936.791, 166.510, 772.006, 101.981, 82.423, -12.171
18, 230.000, -2.797, 16.859, 356.117, -537.641, 536.328, 2.000, 25.124, 45.070
18, 325.000,-19.132, 33.439, 5933.163, -564.007, 590.488, 101.981, 82.164, 43.686
19, 230.000, 9.539, -95.947, 690.680, -436.122, 190.481, 2.000, 55.432, 66.406
19, 325.000,-1.498, -100.009, 5965.513, -405.276, -341.505, 101.978, 84.923, 130.119
20, 230.000, 17.277, -95.772, 5.913, -135.825, 827.672, 2.000, 0.404, 9.319
20, 325.000,14.554, -78.437, 5973.283, -63.157, 429.079, 101.978, 85.847, 8.373
21, 230.000, -69.784, -70.962, 445.120, 625.477, -337.892, 2.000, 32.052, -118.379
21, 325.000,-63.475, -91.773, 5912.736, 83.023, -950.481, 101.985, 80.834, -175.008
22, 230.000, -55.538, 34.465, 680.646, -470.132, 138.640, 2.000, 54.241, 73.569
22, 325.000,-70.658, 39.503, 5952.581, -620.259, 226.444, 101.981, 83.670, 69.944
23, 230.000, -6.098, 5.979, 464.933, -620.006, 320.863, 2.000, 33.663, 62.638
23, 325.000,-24.723, 15.680, 5940.287, -674.368, 356.927, 101.981, 82.681, 62.109
24, 230.000, 7.116, -52.714, 612.248, 470.609, -327.419, 2.000, 46.882, -124.828
24, 325.000,20.847, -63.451, 5951.918, 499.160, -441.265, 101.981, 83.613, -131.477
25, 230.000, -13.995, -18.224, 272.693, 522.328, -596.939, 2.000, 18.972, -138.814
25, 325.000,1.749, -36.924, 5930.394, 515.176, -658.953, 101.981, 81.972, -141.981
26, 230.000, -91.353, 16.928, 488.662, 673.668, 104.425, 2.000, 35.634, -81.189
26, 325.000,-77.970, 20.978, 5976.818, 339.345, 177.251, 101.980, 86.335, -62.420
27, 230.000, 31.123, -0.591, 796.988, 107.253, -238.393, 2.000, 71.841, -155.777
27, 325.000,34.754, -7.298, 5981.413, 174.143, -248.186, 101.981, 87.098, -144.944
28, 230.000, -2.252, 82.527, 383.814, -442.470, -600.359, 2.000, 27.232, 143.609
28, 325.000,-15.370, 68.209, 5958.003, -466.791, -391.710, 101.981, 84.160, 130.002
29, 230.000, 77.823, 58.510, 620.593, 470.775, 311.061, 2.000, 47.722, -56.546
29, 325.000,102.709, 76.015, 5833.891, 1104.821, 785.192, 101.987, 76.920, -54.599
30, 230.000, 7.553, 81.525, 357.192, 320.103, 688.093, 2.000, 25.205, -24.948
30, 325.000,17.531, 107.050, 5884.674, 367.343, 1051.188, 101.981, 79.285, -19.262
31, 230.000, 86.838, 25.545, 92.792, -783.007, 286.031, 2.000, 6.352, 69.933
31, 325.000,67.771, 35.651, 5954.115, -514.615, 390.795, 101.980, 83.806, 52.787
32, 230.000, -1.489, 24.287, 529.209, 436.165, -482.931, 2.000, 39.119, -137.913
32, 630.000,52.459, -5.790, 3769.222, 704.080, -265.924, 42.003, 78.708, -110.691
33, 230.000, -2.452, -72.106, 722.908, -341.960, 252.965, 2.000, 59.528, 53.508
33, 325.000,-12.134, -67.283, 5977.614, -359.205, 90.996, 101.981, 86.453, 75.785
34, 230.000, -73.927, 57.684, 632.317, 196.539, 514.851, 2.000, 48.927, -20.894
34, 325.000,-75.195, 77.357, 5924.748, -191.889, 854.221, 101.981, 81.594, 12.661
35, 230.000, -52.308, -1.781, 695.032, 102.416, 458.220, 2.000, 55.959, -12.599
35, 325.000,-50.568, 11.201, 5970.742, 8.830, 468.339, 101.981, 85.514, -1.080
36, 230.000, -29.334, -7.663, 715.433, -349.916, 263.132, 2.000, 58.535, 53.057
36, 325.000,-39.870, -0.325, 5969.058, -416.281, 257.400, 101.981, 85.313, 58.270
37, 230.000, -13.066, -37.274, 762.277, 341.986, -74.185, 2.000, 65.342, -102.239
37, 325.000,-3.687, -40.116, 5978.297, 328.448, -145.893, 101.981, 86.560, -113.950
38, 230.000, 27.755, 51.548, 485.437, 480.402, 486.918, 2.000, 35.363, -44.614
38, 325.000,42.692, 67.383, 5930.426, 560.238, 620.798, 101.981, 81.974, -42.065
39, 230.000, -38.553, -12.275, 390.418, -24.658, -741.950, 2.000, 27.741, 178.097
39, 325.000,-40.115, -34.774, 5936.426, -94.036, -786.896, 101.981, 82.396, 173.185
40, 230.000, 19.478, 55.008, 640.611, 192.996, 505.860, 2.000, 49.796, -20.883
40, 325.000,25.549, 71.031, 5949.726, 241.513, 641.588, 101.981, 83.427, -20.628
41, 230.000, 82.086, 48.181, 87.442, 834.052, -15.355, 2.000, 5.984, -91.055
41, 325.000,120.004, 55.006, 5779.591, 1529.909, 355.960, 101.986, 74.795, -76.902
42, 230.000, 87.675, -30.370, 324.887, -763.478, 122.773, 2.000, 22.789, 80.865
42, 325.000,70.656, -28.613, 5970.906, -465.859, 12.870, 101.980, 85.537, 88.417
43, 230.000, 49.624, 82.083, 692.651, 468.752, -63.483, 2.000, 55.670, -97.713
43, 325.000,67.972, 89.274, 5918.831, 801.637, 440.574, 101.981, 81.215, -61.207
44, 230.000, -17.028, 58.875, 767.934, 312.523, -127.005, 2.000, 66.285, -112.116
44, 325.000,-8.701, 56.788, 5982.143, 288.011, -13.995, 101.981, 87.240, -92.782
45, 230.000, -40.856, -66.782, 463.627, -361.339, 598.338, 2.000, 33.556, 31.128
45, 325.000,-52.966, -51.878, 5953.025, -486.523, 440.417, 101.981, 83.709, 47.848
46, 230.000, 41.563, -36.513, 13.413, 146.986, -825.675, 2.000, 0.916, -169.906
46, 325.000,47.469, -63.845, 5909.581, 246.246, -940.972, 101.981, 80.653, -165.335
47, 230.000, 14.260, -89.860, 27.313, 341.897, -765.431, 2.000, 1.866, -155.931
47, 325.000,26.492, -123.832, 5810.006, 455.316, -1380.744, 101.983, 75.951, -161.749
48, 230.000, -94.989, -1.649, 543.237, -248.782, -588.664, 2.000, 40.366, 157.090
48, 325.000,-112.249, -18.491, 5895.764, -841.959, -633.093, 101.982, 79.870, 126.941
49, 230.000, -17.331, 7.345, 96.094, 684.896, 474.560, 2.000, 6.579, -55.282
49, 325.000,4.011, 22.639, 5922.636, 685.795, 566.744, 101.981, 81.457, -50.429
50, 230.000, -80.627, -31.271, 440.973, -2.497, 713.484, 2.000, 31.718, 0.201
50, 325.000,-84.998, -12.207, 5948.271, -286.584, 636.423, 101.981, 83.307, 24.242
51, 230.000, 27.383, -27.489, 337.430, -48.449, -766.366, 2.000, 23.722, 176.383
51, 325.000,26.511, -51.261, 5929.980, -1.182, -839.366, 101.981, 81.944, 179.919
52, 230.000, -25.950, -90.502, 806.510, -226.528, 41.840, 2.000, 74.059, 79.535
52, 325.000,-34.321, -97.095, 5962.615, -371.525, -422.204, 101.980, 84.612, 138.653
53, 230.000, -23.204, 95.883, 235.602, -159.662, 789.002, 2.000, 16.313, 11.440
53, 325.000,-33.491, 142.310, 5678.885, -416.172, 1857.913, 101.997, 71.465, 12.626
54, 230.000, -68.094, -33.828, 64.737, -692.678, 468.540, 2.000, 4.427, 55.925
54, 325.000,-92.948, -20.809, 5901.145, -948.201, 382.948, 101.981, 80.169, 68.008
55, 230.000, -31.548, -39.459, 268.060, -726.061, 323.269, 2.000, 18.638, 66.000
55, 325.000,-54.468, -30.549, 5928.334, -810.743, 258.366, 101.981, 81.832, 72.324
56, 230.000, -54.490, -61.663, 331.876, 714.687, -287.410, 2.000, 23.308, -111.907
56, 325.000,-35.738, -73.005, 5940.895, 577.401, -491.518, 101.981, 82.726, -130.406
57, 230.000, -50.225, -37.348, 40.905, -720.747, 427.052, 2.000, 2.795, 59.353
57, 325.000,-74.569, -25.059, 5914.958, -869.165, 356.412, 101.981, 80.976, 67.703
58, 230.000, 28.155, 74.613, 675.680, -213.630, -448.713, 2.000, 53.665, 154.541
58, 325.000,23.181, 64.736, 5981.327, -146.706, -267.120, 101.981, 87.083, 151.224
59, 230.000, -76.791, -38.424, 94.430, -710.751, 435.247, 2.000, 6.464, 58.518
59, 325.000,-104.144, -27.761, 5881.380, -1092.500, 291.828, 101.981, 79.117, 75.044
60, 230.000, -36.612, 1.647, 755.570, 359.424, -58.753, 2.000, 64.265, -99.284
60, 325.000,-27.235, 0.020, 5982.363, 278.115, -57.434, 101.981, 87.282, -101.668
61, 230.000, 56.890, -47.333, 667.770, 270.373, 429.541, 2.000, 52.763, -32.188
61, 325.000,66.548, -36.834, 5965.132, 426.399, 323.383, 101.981, 84.873, -52.823
62, 230.000, 56.189, -13.106, 583.528, 562.840, 215.013, 2.000, 44.083, -69.092
62, 325.000,74.015, -7.253, 5944.652, 701.900, 194.059, 101.981, 83.016, -74.545
63, 230.000, 59.122, 44.308, 778.199, -186.819, -251.056, 2.000, 68.093, 143.346
63, 325.000,55.838, 38.759, 5986.922, -50.843, -152.845, 101.981, 88.459, 161.601
64, 230.000, -76.629, -40.649, 599.398, -252.008, 529.847, 2.000, 45.612, 25.437
64, 325.000,-88.153, -27.950, 5950.142, -550.901, 402.004, 101.981, 83.462, 53.881
65, 230.000, -28.958, 17.270, 131.394, 790.298, -248.374, 2.000, 9.013, -107.447
65, 630.000,37.880, 7.095, 3776.354, 713.985, -36.709, 41.999, 79.280, -92.943
66, 230.000, -47.907, 74.030, 383.327, -224.260, -711.542, 2.000, 27.195, 162.506
66, 325.000,-57.013, 57.170, 5955.796, -402.103, -485.701, 101.981, 83.957, 140.379
67, 230.000, 4.740, 32.567, 507.400, 242.375, 622.353, 2.000, 37.224, -21.278
67, 325.000,11.969, 51.545, 5942.763, 257.817, 697.350, 101.981, 82.869, -20.290
68, 230.000, 74.203, -48.479, 198.818, 205.834, 788.434, 2.000, 13.712, -14.631
68, 325.000,84.862, -27.685, 5933.226, 502.646, 642.854, 101.980, 82.169, -38.022
69, 230.000, 22.417, -50.315, 750.732, -284.058, -243.383, 2.000, 63.514, 130.590
69, 325.000,14.958, -58.360, 5973.834, -249.427, -346.832, 101.981, 85.910, 144.278
70, 230.000, -37.550, 87.167, 334.307, -700.941, -316.929, 2.000, 23.489, 114.330
70, 325.000,-61.679, 86.620, 5909.656, -958.257, 162.423, 101.979, 80.661, 80.380
71, 230.000, 44.367, 50.881, 463.192, 201.677, -669.554, 2.000, 33.520, -163.237
71, 325.000,51.555, 32.665, 5952.944, 304.422, -582.209, 101.981, 83.702, -152.396
72, 230.000, 35.271, -49.841, 759.103, 354.629, -39.053, 2.000, 64.827, -96.284
72, 325.000,46.176, -52.288, 5971.109, 440.267, -145.673, 101.981, 85.559, -108.308
73, 230.000, -7.120, -99.572, 655.688, 521.313, -42.780, 2.000, 51.419, -94.691
73, 325.000,5.721, -121.502, 5875.200, 479.778, -1064.822, 102.017, 78.757, -155.745
74, 230.000, 74.862, 14.325, 255.031, 775.363, 193.119, 2.000, 17.701, -76.014
74, 325.000,102.311, 20.934, 5885.713, 1078.629, 253.437, 101.981, 79.339, -76.777
75, 230.000, 28.906, -51.398, 521.043, -623.980, -206.607, 2.000, 38.404, 108.320
75, 325.000,11.423, -58.730, 5951.973, -586.302, -315.366, 101.981, 83.618, 118.275
76, 230.000, -8.605, -80.957, 56.725, -163.619, -820.692, 2.000, 3.878, 168.725
76, 325.000,-14.293, -112.057, 5860.766, -210.169, -1215.161, 101.981, 78.117, 170.187
77, 230.000, -88.279, 29.043, 392.568, -690.138, -270.414, 2.000, 27.907, 111.397
77, 325.000,-117.907, 24.266, 5852.861, -1265.416, -111.954, 101.983, 77.754, 95.056
78, 230.000, -76.099, 43.507, 257.284, -764.768, -229.038, 2.000, 17.863, 106.672
78, 325.000,-105.056, 40.084, 5872.694, -1174.608, -34.359, 101.981, 78.685, 91.676
79, 230.000, 2.414, -62.985, 823.456, -159.431, 5.122, 2.000, 79.037, 88.160
79, 325.000,-1.944, -64.514, 5985.651, -159.215, -125.610, 101.981, 88.060, 128.271
80, 230.000, -96.835, 3.595, 722.319, 266.914, -332.470, 2.000, 59.448, -141.242
80, 325.000,-99.145, -5.105, 5973.644, -276.213, -329.206, 101.980, 85.885, 140.002
81, 230.000, -68.888, 13.052, 302.950, 678.296, 389.435, 2.000, 21.173, -60.138
81, 325.000,-50.451, 25.157, 5947.913, 552.464, 431.604, 101.981, 83.278, -52.002
82, 230.000, 30.820, -71.828, 641.199, 183.708, 508.565, 2.000, 49.859, -19.861
82, 325.000,37.153, -60.025, 5973.348, 271.222, 338.704, 101.981, 85.845, -38.686
83, 230.000, -38.248, 22.307, 836.357, 0.180, 63.487, 2.000, 85.659, -0.162
83, 325.000,-39.024, 24.528, 5987.779, -68.087, 105.111, 101.981, 88.802, 32.934
84, 230.000, -17.439, 84.511, 70.292, 382.479, -743.164, 2.000, 4.807, -152.767
84, 325.000,-6.407, 65.240, 5955.292, 348.881, -530.912, 101.980, 83.911, -146.690
85, 230.000, 22.433, 67.653, 418.755, 211.605, 695.264, 2.000, 29.951, -16.928
85, 325.000,29.643, 91.087, 5909.761, 287.926, 927.941, 101.981, 80.664, -17.238
86, 230.000, -63.485, -41.886, 113.014, -634.028, 537.364, 2.000, 7.744, 49.717
86, 325.000,-85.936, -27.111, 5911.161, -859.285, 434.778, 101.981, 80.747, 63.162
87, 230.000, 66.195, 2.985, 82.937, -528.181, -646.274, 2.000, 5.675, 140.742
87, 325.000,51.465, -17.154, 5938.047, -410.103, -663.767, 101.981, 82.514, 148.290
88, 230.000, 7.261, 4.949, 59.592, -447.784, -706.726, 2.000, 4.074, 147.642
88, 630.000,-43.517, -83.704, 3627.817, -612.239, -1110.640, 41.991, 70.731, 151.134
89, 230.000, -81.909, -18.898, 357.397, 659.074, 376.050, 2.000, 25.220, -60.292
89, 325.000,-65.808, -8.572, 5962.239, 454.548, 337.949, 101.981, 84.573, -53.370
90, 230.000, 15.206, -75.183, 712.669, -423.729, 126.813, 2.000, 58.175, 73.339
90, 325.000,3.868, -74.357, 5975.412, -398.957, -66.628, 101.981, 86.127, 99.481
91, 230.000, 21.652, 5.574, 555.344, -286.200, 559.648, 2.000, 41.460, 27.085
91, 325.000,13.746, 22.141, 5952.389, -235.171, 618.599, 101.980, 83.656, 20.815
92, 230.000, -33.049, 23.845, 478.449, -455.794, -516.588, 2.000, 34.780, 138.578
92, 325.000,-47.204, 9.084, 5945.513, -529.145, -489.969, 101.981, 83.084, 132.799
93, 230.000, -41.439, -2.151, 55.803, 824.802, 141.818, 2.000, 3.815, -80.244
93, 630.000,14.272, 13.894, 3806.072, 499.095, 198.463, 42.006, 81.968, -68.315
94, 230.000, -12.433, -33.859, 160.140, -93.145, 818.048, 2.000, 11.007, 6.496
94, 630.000,-40.922, 30.088, 3762.936, -441.157, 649.947, 42.012, 78.209, 34.167
95, 230.000, 53.955, -12.182, 738.138, -341.134, 205.678, 2.000, 61.646, 58.913
95, 325.000,45.543, -6.654, 5980.893, -249.841, 188.895, 101.981, 87.002, 52.908
96, 230.000, 4.067, -53.904, 517.127, 496.130, -435.843, 2.000, 38.064, -131.299
96, 325.000,18.687, -68.056, 5940.103, 520.558, -559.818, 101.981, 82.667, -137.081
97, 230.000, 50.206, -39.167, 504.277, 516.709, 426.897, 2.000, 36.957, -50.437
97, 325.000,66.788, -27.845, 5943.514, 646.876, 354.108, 101.981, 82.927, -61.303
98, 230.000, -59.397, -19.427, 138.305, 607.501, -561.550, 2.000, 9.491, -132.749
98, 325.000,-42.090, -37.377, 5935.054, 508.621, -620.976, 101.981, 82.298, -140.680
99, 230.000, 27.413, -94.205, 536.274, 527.633, 370.860, 2.000, 39.744, -54.898
99, 325.000,45.490, -95.476, 5937.181, 744.692, -247.076, 101.971, 82.472, -108.355
100, 230.000, -45.538, 10.525, 340.630, 750.465, 155.875, 2.000, 23.961, -78.266
100, 325.000,-23.867, 15.483, 5948.058, 673.156, 191.522, 101.981, 83.289, -74.118
101, 230.000, 39.666, -53.939, 286.491, 227.939, -754.646, 2.000, 19.972, -163.193
101, 325.000,48.100, -78.873, 5905.106, 347.830, -937.004, 101.981, 80.393, -159.634
102, 230.000, 48.663, 37.665, 316.594, 486.137, 605.775, 2.000, 22.176, -38.747
102, 325.000,64.970, 57.214, 5912.134, 626.431, 723.522, 101.981, 80.805, -40.886
103, 230.000, -5.732, -61.299, 331.440, -111.927, 762.328, 2.000, 23.276, 8.353
103, 325.000,-9.241, -39.830, 5950.605, -127.443, 665.749, 101.981, 83.501, 10.837
104, 230.000, 53.339, 61.432, 145.165, 302.891, -768.575, 2.000, 9.966, -158.491
104, 325.000,64.880, 40.499, 5937.770, 472.393, -623.597, 101.981, 82.494, -142.855
105, 230.000, -8.922, -2.003, 507.451, -603.090, -286.879, 2.000, 37.229, 115.440
105, 325.000,-26.978, -10.542, 5943.986, -664.993, -309.946, 101.981, 82.963, 114.990
106, 230.000, -2.800, 22.374, 762.559, -157.260, 311.926, 2.000, 65.388, 26.755
106, 325.000,-7.307, 31.656, 5974.851, -170.327, 375.969, 101.981, 86.048, 24.372
107, 230.000, 26.272, -75.763, 38.448, 416.457, 727.055, 2.000, 2.627, -29.804
107, 325.000,40.266, -55.980, 5941.832, 504.947, 555.707, 101.981, 82.798, -42.260
108, 230.000, -43.024, 40.519, 53.141, -328.373, -769.981, 2.000, 3.632, 156.903
108, 325.000,-54.476, 17.267, 5930.731, -425.599, -717.287, 101.981, 81.995, 149.317
109, 230.000, -8.577, -75.975, 494.626, -633.236, -240.585, 2.000, 36.136, 110.803
109, 325.000,-27.383, -86.293, 5930.031, -686.550, -482.297, 101.981, 81.947, 125.088
110, 230.000, -3.849, -65.894, 159.449, -6.671, -823.441, 2.000, 10.959, 179.536
110, 325.000,-4.206, -93.955, 5897.010, -17.784, -1046.036, 101.981, 79.940, 179.026
111, 230.000, -80.329, 22.455, 677.881, 479.275, -119.568, 2.000, 53.920, -104.008
111, 325.000,-70.251, 20.042, 5983.040, 262.592, -58.445, 101.981, 87.426, -102.548
112, 230.000, -29.214, 23.860, 8.396, -837.491, 45.412, 2.000, 0.574, 86.896
112, 325.000,-56.629, 25.846, 5917.396, -919.495, 90.297, 101.981, 81.126, 84.391
113, 230.000, -76.225, 10.331, 209.467, 471.076, 661.615, 2.000, 14.462, -35.451
113, 325.000,-64.693, 30.849, 5939.027, 290.958, 715.866, 101.981, 82.587, -22.119
114, 230.000, -63.068, -60.106, 734.017, -344.174, 215.144, 2.000, 61.059, 57.990
114, 325.000,-76.340, -57.679, 5958.621, -603.386, -7.251, 101.981, 84.217, 90.688
115, 230.000, 13.576, 66.207, 77.357, -722.660, 418.692, 2.000, 5.292, 59.913
115, 325.000,-8.564, 81.644, 5914.792, -719.093, 606.094, 101.981, 80.966, 49.874
116, 230.000, -34.409, -20.945, 510.215, 641.414, 178.304, 2.000, 37.466, -74.465
116, 325.000,-16.304, -16.188, 5961.363, 563.654, 112.074, 101.978, 84.494, -78.754
117, 230.000, -26.374, -64.500, 142.657, -535.224, -629.848, 2.000, 9.792, 139.643
117, 325.000,-44.091, -86.799, 5892.954, -640.813, -855.397, 101.981, 79.720, 143.162
118, 230.000, 72.017, 22.436, 602.649, -459.179, -359.851, 2.000, 45.931, 128.085
118, 325.000,61.228, 12.878, 5972.915, -303.104, -318.703, 101.981, 85.789, 136.437
119, 230.000, -29.095, 92.998, 315.877, -777.011, 0.223, 2.000, 22.123, 89.984
119, 325.000,-55.959, 106.658, 5852.311, -1052.787, 715.672, 101.983, 77.728, 55.793
120, 230.000, 11.562, 94.976, 830.726, 14.021, -114.988, 2.000, 82.062, -173.048
120, 325.000,12.997, 100.561, 5975.527, 77.555, 395.354, 101.981, 86.143, -11.099
121, 230.000, 15.805, -92.905, 370.272, 322.802, -679.868, 2.000, 26.196, -154.602
121, 325.000,27.287, -124.670, 5815.994, 451.307, -1356.799, 101.984, 76.188, -161.602
122, 230.000, 37.664, -84.801, 376.825, -711.234, -235.951, 2.000, 26.696, 108.353
122, 325.000,20.077, -98.583, 5924.982, -566.199, -665.894, 101.981, 81.608, 139.626
123, 230.000, 10.620, 64.366, 69.626, 834.690, 44.377, 2.000, 4.762, -86.957
123, 325.000,37.150, 67.847, 5918.534, 894.451, 200.305, 101.981, 81.197, -77.377
124, 230.000, 60.712, 22.105, 587.828, -302.299, 516.331, 2.000, 44.493, 30.348
124, 325.000,53.703, 37.602, 5958.096, -181.810, 580.711, 101.981, 84.169, 17.384
125, 230.000, -19.409, 82.127, 449.216, -431.959, -561.374, 2.000, 32.383, 142.423
125, 325.000,-32.854, 69.540, 5958.122, -510.469, -330.663, 101.981, 84.171, 122.934
126, 230.000, 44.996, 1.346, 541.854, 637.898, 54.811, 2.000, 40.242, -85.089
126, 325.000,64.654, 2.978, 5942.781, 740.997, 58.982, 101.981, 82.870, -85.449
127, 230.000, -67.876, 17.203, 378.899, 258.813, 702.122, 2.000, 26.855, -20.235
127, 325.000,-62.413, 38.657, 5938.441, 104.156, 770.241, 101.981, 82.543, -7.701
128, 230.000, 43.752, -35.754, 478.935, -60.034, 685.960, 2.000, 34.820, 5.002
128, 325.000,43.000, -16.397, 5954.799, 21.820, 639.587, 101.981, 83.866, -1.954
129, 230.000, -53.346, -4.424, 150.873, 383.605, -730.485, 2.000, 10.363, -152.294
129, 325.000,-42.664, -27.244, 5932.784, 295.955, -763.997, 101.981, 82.137, -158.825
130, 230.000, -75.210, -54.156, 513.236, 608.334, -264.656, 2.000, 37.727, -113.511
130, 325.000,-63.262, -65.525, 5958.822, 307.523, -516.723, 101.981, 84.238, -149.241
131, 230.000, 46.356, 11.197, 349.205, -581.203, 493.743, 2.000, 24.603, 49.651
131, 325.000,29.839, 26.331, 5943.300, -512.014, 533.125, 101.981, 82.910, 43.843
132, 230.000, -4.030, 17.168, 498.722, -609.830, -287.937, 2.000, 36.484, 115.275
132, 325.000,-22.247, 9.036, 5944.840, -684.037, -244.837, 101.980, 83.032, 109.694
133, 230.000, 48.418, 49.681, 195.234, -802.072, 148.623, 2.000, 13.460, 79.502
133, 325.000,25.260, 55.711, 5939.235, -724.520, 264.079, 101.981, 82.602, 69.974
134, 230.000, 69.883, 65.472, 209.441, 766.481, 268.636, 2.000, 14.460, -70.685
134, 325.000,103.846, 83.783, 5773.732, 1373.396, 805.653, 101.987, 74.582, -59.604
135, 230.000, 25.843, 50.739, 401.502, -511.298, -529.995, 2.000, 28.599, 136.029
135, 325.000,11.193, 36.107, 5953.306, -477.490, -446.449, 101.981, 83.734, 133.076
136, 230.000, 59.365, 70.420, 672.966, -357.812, 350.158, 2.000, 53.353, 45.619
136, 325.000,53.975, 85.586, 5947.148, -95.006, 701.138, 101.981, 83.215, 7.717
137, 230.000, 29.358, -86.371, 468.465, -209.776, -663.369, 2.000, 33.953, 162.452
137, 325.000,26.020, -113.570, 5873.385, -62.884, -1170.036, 101.982, 78.718, 176.924
138, 230.000, 2.345, 64.090, 785.827, -286.550, -62.361, 2.000, 69.535, 102.278
138, 325.000,-5.585, 64.080, 5981.630, -290.390, 70.405, 101.981, 87.140, 76.372
139, 230.000, 36.870, -24.616, 489.942, -130.163, 668.235, 2.000, 35.741, 11.022
139, 325.000,33.825, -5.433, 5954.221, -57.410, 642.777, 101.981, 83.814, 5.104
140, 230.000, -10.576, 25.403, 114.934, -800.476, -222.603, 2.000, 7.876, 105.541
140, 325.000,-35.993, 18.917, 5925.437, -851.473, -182.724, 101.981, 81.639, 102.112
141, 230.000, 43.215, -69.243, 756.697, -78.285, 353.278, 2.000, 64.443, 12.495
141, 325.000,42.803, -62.257, 5986.595, 43.108, 167.290, 101.981, 88.347, -14.450
142, 230.000, -61.212, 27.184, 335.894, -653.195, -405.012, 2.000, 23.607, 121.801
142, 325.000,-82.978, 15.984, 5919.879, -837.119, -351.409, 101.981, 81.281, 112.772
143, 230.000, -9.440, -32.359, 835.640, -35.429, -63.038, 2.000, 85.054, 150.663
143, 325.000,-10.615, -34.758, 5987.444, -55.277, -129.070, 101.981, 88.657, 156.816
144, 230.000, -5.283, 38.775, 275.688, -200.174, 766.453, 2.000, 19.189, 14.637
144, 325.000,-11.518, 63.067, 5922.773, -216.297, 862.077, 101.981, 81.466, 14.085
145, 230.000, 11.673, -46.123, 641.353, -17.954, 540.248, 2.000, 49.875, 1.903
145, 325.000,11.409, -31.587, 5971.142, 6.083, 463.255, 101.981, 85.563, -0.752
146, 230.000, -54.028, -20.231, 496.572, 540.692, 405.701, 2.000, 36.301, -53.118
146, 325.000,-39.415, -8.796, 5959.920, 452.259, 379.463, 101.981, 84.343, -50.002
147, 230.000, 44.205, 35.772, 144.346, -286.292, -775.064, 2.000, 9.910, 159.727
147, 325.000,36.327, 12.485, 5940.483, -207.869, -732.553, 101.981, 82.695, 164.158
148, 230.000, -28.545, -83.582, 645.295, 248.215, -474.876, 2.000, 50.295, -152.404
148, 325.000,-23.552, -102.800, 5924.597, 135.173, -866.150, 101.981, 81.583, -171.130
149, 230.000, 77.265, 44.677, 232.966, -780.912, -198.561, 2.000, 16.126, 104.266
149, 325.000,57.778, 40.964, 5962.150, -563.928, -61.576, 101.980, 84.565, 96.232
150, 230.000, -82.593, -9.007, 472.100, -49.843, 691.492, 2.000, 34.253, 4.123
150, 325.000,-88.167, 10.624, 5939.745, -330.052, 692.508, 101.980, 82.641, 25.483
151, 230.000, -23.436, 34.953, 534.329, -629.600, 147.040, 2.000, 39.572, 76.854
151, 325.000,-42.360, 40.014, 5945.319, -690.342, 214.033, 101.981, 83.069, 72.775
152, 230.000, 14.761, 13.756, 325.553, 759.203, -145.428, 2.000, 22.838, -100.844
152, 325.000,38.156, 9.610, 5931.837, 816.752, -124.192, 101.981, 82.071, -98.646
153, 230.000, -52.478, -74.260, 66.426, -727.538, -412.068, 2.000, 4.542, 119.527
153, 325.000,-80.661, -95.107, 5819.675, -1097.573, -892.504, 101.983, 76.338, 129.117
154, 230.000, 54.527, -54.509, 284.136, 362.211, 701.138, 2.000, 19.801, -27.321
154, 325.000,67.524, -35.527, 5937.526, 525.971, 581.677, 101.981, 82.476, -42.121
155, 230.000, 48.332, -14.520, 721.116, 369.240, -217.204, 2.000, 59.287, -120.466
155, 325.000,59.911, -21.007, 5965.242, 471.276, -250.963, 101.981, 84.885, -118.036
156, 230.000, -70.876, -16.367, 441.485, 113.263, -704.121, 2.000, 31.759, -170.862
156, 325.000,-70.126, -37.669, 5938.362, -68.631, -774.811, 101.981, 82.538, 174.938
157, 230.000, -22.748, -7.975, 157.273, 808.544, -158.257, 2.000, 10.807, -101.075
157, 630.000,54.962, -39.794, 3711.917, 885.628, -458.408, 42.001, 74.962, -117.366
158, 230.000, -82.031, 13.482, 667.028, -508.489, 6.094, 2.000, 52.679, 89.313
158, 325.000,-101.045, 14.422, 5929.527, -840.682, 57.100, 101.981, 81.912, 86.114
159, 230.000, -60.892, 34.458, 106.768, -776.906, 297.559, 2.000, 7.313, 69.043
159, 325.000,-87.797, 45.257, 5889.624, -1003.176, 418.595, 101.981, 79.543, 67.351
160, 230.000, 66.400, 18.225, 681.439, 263.050, 412.274, 2.000, 54.334, -32.540
160, 325.000,76.115, 30.529, 5954.128, 440.126, 473.140, 101.981, 83.806, -42.930
161, 230.000, -65.578, -46.630, 735.630, 378.532, 138.153, 2.000, 61.287, -69.949
161, 325.000,-57.565, -44.585, 5985.338, 211.364, 14.491, 101.981, 87.973, -86.078
162, 230.000, 51.965, 23.083, 446.503, 652.014, 281.135, 2.000, 32.163, -66.675
162, 325.000,72.770, 32.073, 5926.711, 791.148, 342.636, 101.981, 81.723, -66.583
163, 230.000, 11.186, -53.002, 352.431, -757.612, -73.081, 2.000, 24.846, 95.510
163, 325.000,-11.320, -56.477, 5937.928, -760.813, -177.052, 101.981, 82.506, 103.100
164, 230.000, -89.196, 26.192, 30.845, -827.590, -132.920, 2.000, 2.108, 99.124
164, 325.000,-126.261, 25.453, 5798.503, -1498.797, 36.621, 101.984, 75.503, 88.600
165, 230.000, 53.365, -9.018, 463.883, -593.767, -368.479, 2.000, 33.577, 121.823
165, 325.000,37.037, -20.102, 5953.973, -510.762, -398.144, 101.981, 83.792, 127.937
166, 230.000, 74.910, -30.862, 628.861, -554.804, -15.803, 2.000, 48.569, 91.632
166, 325.000,62.081, -32.504, 5976.775, -370.293, -100.941, 101.981, 86.326, 105.248
167, 230.000, -17.324, 80.742, 240.850, -312.340, 740.242, 2.000, 16.687, 22.877
167, 325.000,-27.949, 108.612, 5868.441, -403.827, 1125.924, 101.981, 78.479, 19.731
168, 230.000, 69.096, -30.867, 22.731, -634.506, 548.096, 2.000, 1.553, 49.179
168, 325.000,51.297, -14.604, 5947.048, -502.355, 499.416, 101.981, 83.207, 45.168
169, 230.000, 40.360, -44.225, 525.574, -321.688, 569.045, 2.000, 38.800, 29.480
169, 325.000,31.930, -28.670, 5962.761, -252.863, 500.715, 101.981, 84.626, 26.794
170, 230.000, -87.880, -17.507, 102.084, 575.202, -601.868, 2.000, 6.991, -136.298
170, 325.000,-75.475, -36.857, 5941.725, 277.200, -698.691, 101.981, 82.790, -158.360
171, 230.000, 61.983, -12.120, 604.236, -324.805, 482.622, 2.000, 46.087, 33.941
171, 325.000,54.225, 1.448, 5966.639, -210.537, 473.360, 101.981, 85.038, 23.978
172, 230.000, -53.432, -44.412, 438.721, 714.335, -27.820, 2.000, 31.538, -92.230
172, 325.000,-33.918, -46.506, 5955.307, 622.765, -125.100, 101.981, 83.912, -101.358
173, 230.000, 81.748, 57.529, 326.884, -269.316, -723.975, 2.000, 22.937, 159.595
173, 325.000,87.332, 46.488, 5962.201, 390.695, -292.207, 101.744, 85.322, -126.793
174, 230.000, 87.074, 43.538, 563.817, -71.319, 616.885, 2.000, 42.237, 6.595
174, 325.000,96.713, 66.671, 5884.745, 551.740, 967.745, 101.986, 79.281, -29.689
175, 230.000, -9.699, 17.976, 25.495, 757.947, 358.317, 2.000, 1.742, -64.698
175, 325.000,14.374, 29.842, 5923.979, 774.700, 418.935, 101.981, 81.544, -61.597
176, 230.000, 17.579, 76.241, 43.183, 809.535, -215.203, 2.000, 2.951, -104.887
176, 325.000,43.635, 72.850, 5920.868, 901.404, 4.063, 101.981, 81.344, -89.742
177, 230.000, -6.379, -53.119, 746.662, -219.392, 312.868, 2.000, 62.898, 35.039
177, 325.000,-12.700, -45.479, 5980.200, -237.682, 223.406, 101.981, 86.878, 46.773
178, 230.000, 21.181, 65.428, 544.875, -627.900, 111.250, 2.000, 40.513, 79.953
178, 325.000,3.652, 70.688, 5952.899, -600.574, 267.411, 101.981, 83.698, 65.999
179, 230.000, 37.249, -21.844, 604.799, -567.602, -124.779, 2.000, 46.142, 102.398
179, 325.000,21.609, -25.921, 5964.671, -510.739, -176.071, 101.981, 84.825, 109.021
180, 230.000, -17.327, -45.666, 672.122, 364.063, -345.304, 2.000, 53.257, -133.485
180, 325.000,-7.321, -56.543, 5963.130, 342.936, -438.935, 101.981, 84.663, -142.000
181, 230.000, -13.330, -56.019, 676.627, 319.125, -379.288, 2.000, 53.774, -139.923
181, 325.000,-4.593, -68.275, 5960.065, 301.802, -505.707, 101.981, 84.357, -149.172
182, 230.000, -25.359, -13.652, 337.328, -717.036, -274.943, 2.000, 23.714, 110.979
182, 325.000,-47.597, -22.259, 5929.683, -783.389, -307.191, 101.981, 81.923, 111.412
183, 230.000, 70.530, -12.294, 305.817, 777.409, -75.066, 2.000, 21.383, -95.515
183, 325.000,97.091, -15.103, 5898.379, 1031.884, -116.613, 101.981, 80.015, -96.448
184, 230.000, 8.316, -13.206, 418.191, 709.439, -159.172, 2.000, 29.906, -102.646
184, 325.000,29.763, -18.252, 5937.680, 758.420, -194.851, 101.981, 82.487, -104.409
185, 230.000, -64.171, 4.011, 271.542, -338.248, 717.898, 2.000, 18.889, 25.228
185, 325.000,-76.551, 25.943, 5919.466, -507.573, 755.981, 101.981, 81.255, 33.878
186, 230.000, -94.039, -21.222, 211.822, -800.527, -133.460, 2.000, 14.628, 99.465
186, 325.000,-134.337, -28.894, 5747.798, -1652.549, -322.411, 101.989, 73.673, 101.040
187, 230.000, 90.242, 33.703, 399.787, -737.343, 4.454, 2.000, 28.466, 89.654
187, 325.000,76.482, 36.547, 5976.952, -341.300, 167.018, 101.978, 86.362, 63.925
188, 230.000, 33.012, -18.080, 236.063, -425.676, -683.080, 2.000, 16.346, 148.070
188, 325.000,20.597, -39.487, 5931.071, -379.943, -739.754, 101.981, 82.018, 152.815
189, 230.000, -20.753, -24.028, 5.683, 799.432, -253.773, 2.000, 0.388, -107.612
189, 325.000,4.449, -32.691, 5927.736, 792.289, -321.589, 101.981, 81.792, -112.092
190, 230.000, -36.554, -77.620, 312.908, 692.135, -355.755, 2.000, 21.904, -117.203
190, 325.000,-18.135, -92.725, 5922.486, 588.788, -668.279, 101.981, 81.448, -138.618
191, 230.000, -42.220, -71.828, 328.036, -592.709, -494.583, 2.000, 23.023, 129.843
191, 325.000,-62.725, -91.396, 5877.163, -804.009, -825.762, 101.981, 78.905, 135.765
192, 230.000, -17.666, 60.515, 482.442, -109.942, 677.264, 2.000, 35.112, 9.221
192, 325.000,-21.478, 82.399, 5926.077, -157.645, 852.043, 101.981, 81.681, 10.482
193, 230.000, -60.985, 8.384, 567.913, -2.515, -617.246, 2.000, 42.616, 179.767
193, 325.000,-62.679, -9.256, 5955.553, -128.415, -619.749, 101.981, 83.934, 168.294
194, 230.000, -94.421, -18.115, 554.141, -621.715, 99.610, 2.000, 41.351, 80.898
194, 325.000,-124.872, -17.737, 5837.508, -1339.241, -24.750, 101.985, 77.077, 91.059
195, 230.000, 47.079, -57.414, 113.475, 757.932, -340.861, 2.000, 7.775, -114.215
195, 325.000,72.943, -70.847, 5886.624, 955.419, -551.459, 101.981, 79.386, -119.993
196, 230.000, 57.427, 16.881, 811.220, -171.578, -126.518, 2.000, 75.276, 126.404
196, 325.000,54.045, 13.770, 5987.946, -64.879, -97.359, 101.981, 88.881, 146.321
197, 230.000, -17.647, -86.186, 240.491, 642.641, 482.390, 2.000, 16.662, -53.107
197, 325.000,0.679, -76.106, 5953.545, 613.842, 218.135, 101.980, 83.755, -70.437
198, 230.000, 56.017, 65.094, 513.262, -212.593, -628.403, 2.000, 37.729, 161.309
198, 325.000,52.442, 49.984, 5971.645, -49.074, -454.049, 101.981, 85.627, 173.831
199, 230.000, 70.424, -58.891, 255.773, 166.909, -781.182, 2.000, 17.755, -167.939
199, 325.000,82.821, -88.425, 5841.438, 594.784, -1180.495, 101.982, 77.249, -153.259
200, 230.000, -56.281, -39.874, 68.628, -806.327, -220.570, 2.000, 4.693, 105.299
200, 325.000,-83.975, -48.500, 5892.052, -1014.749, -351.073, 101.981, 79.672, 109.084
201, 230.000, 64.272, 25.475, 665.722, -440.305, 257.816, 2.000, 52.532, 59.649
201, 325.000,53.645, 33.538, 5972.230, -312.397, 322.577, 101.981, 85.700, 44.082
202, 230.000, -15.294, -58.560, 166.079, -797.267, -200.768, 2.000, 11.420, 104.134
202, 325.000,-40.432, -66.566, 5916.562, -863.561, -343.165, 101.981, 81.074, 111.672
203, 230.000, 34.110, -72.413, 787.645, 108.338, -267.213, 2.000, 69.893, -157.931
203, 325.000,38.679, -83.145, 5963.235, 221.867, -509.736, 101.981, 84.674, -156.479
204, 230.000, -27.130, 37.063, 382.329, -42.959, -745.321, 2.000, 27.118, 176.701
204, 325.000,-29.018, 15.496, 5947.614, -104.518, -695.750, 101.981, 83.254, 171.457
205, 230.000, 35.685, -58.899, 30.871, -70.035, -835.264, 2.000, 2.109, 175.207
205, 325.000,34.960, -87.690, 5896.574, 31.015, -1048.188, 101.981, 79.916, -178.305
206, 230.000, 1.742, 27.098, 620.414, 563.711, -28.995, 2.000, 47.704, -92.944
206, 325.000,18.107, 26.822, 5959.604, 592.691, 31.718, 101.981, 84.312, -86.937
207, 230.000, 51.674, 77.695, 331.261, -563.195, -525.929, 2.000, 23.262, 133.040
207, 325.000,38.495, 67.229, 5971.431, -387.588, -246.260, 101.980, 85.603, 122.430
208, 230.000, -11.450, 38.319, 346.236, 243.367, 724.166, 2.000, 24.380, -18.576
208, 325.000,-4.357, 61.032, 5928.740, 230.334, 816.204, 101.981, 81.859, -15.759
209, 230.000, -55.218, -59.753, 512.314, -486.518, 452.060, 2.000, 37.647, 47.103
209, 325.000,-71.864, -49.486, 5943.233, -684.600, 280.309, 101.981, 82.905, 67.733
210, 230.000, 39.046, 40.934, 656.149, -87.872, -515.045, 2.000, 51.470, 170.318
210, 325.000,37.428, 27.153, 5971.911, -16.355, -452.986, 101.981, 85.659, 177.932
211, 230.000, -64.731, 13.296, 187.427, -635.779, 513.985, 2.000, 12.912, 51.047
211, 325.000,-86.774, 29.626, 5901.887, -841.614, 573.285, 101.981, 80.211, 55.738
212, 230.000, -25.023, -34.034, 787.286, 238.219, -164.183, 2.000, 69.822, -124.575
212, 325.000,-18.847, -39.330, 5981.307, 200.056, -230.554, 101.981, 87.079, -139.051
213, 230.000, 81.747, -55.949, 621.694, -528.455, -194.308, 2.000, 47.834, 110.188
213, 325.000,78.111, -68.657, 5957.709, 30.313, -608.404, 101.970, 84.162, -177.148
214, 230.000, 34.729, -87.581, 814.317, -62.886, -190.936, 2.000, 76.133, 161.770
214, 325.000,36.137, -100.629, 5950.413, 119.755, -669.316, 101.982, 83.481, -169.856
215, 230.000, 58.691, 4.420, 36.630, -833.400, -87.333, 2.000, 2.503, 95.982
215, 325.000,33.688, 1.759, 5942.358, -742.206, -81.546, 101.981, 82.838, 96.270
216, 230.000, -69.846, 13.817, 466.469, -672.314, 184.188, 2.000, 33.789, 74.679
216, 325.000,-92.477, 19.796, 5915.505, -906.579, 232.723, 101.981, 81.009, 75.603
217, 230.000, -53.863, -49.837, 133.723, 825.637, -62.974, 2.000, 9.174, -94.362
217, 325.000,-30.055, -53.356, 5941.340, 732.792, -180.740, 101.981, 82.760, -103.855
218, 230.000, -5.669, 5.625, 775.818, 118.590, -295.916, 2.000, 67.662, -158.161
218, 630.000,1.732, -24.065, 3825.402, 68.358, -366.371, 42.000, 84.435, -169.431
219, 230.000, -59.246, 69.639, 350.690, 177.299, 741.016, 2.000, 24.715, -13.456
219, 325.000,-59.556, 97.906, 5873.445, -133.511, 1163.772, 101.982, 78.721, 6.544
220, 230.000, -21.273, 92.222, 168.126, -277.178, -773.582, 2.000, 11.563, 160.287
220, 325.000,-30.999, 75.679, 5962.027, -383.167, -419.765, 101.980, 84.555, 137.610
221, 230.000, 56.072, -64.530, 820.154, -168.942, -48.275, 2.000, 77.908, 105.947
221, 325.000,54.291, -69.132, 5982.867, 17.155, -272.457, 101.981, 87.387, -176.397
222, 230.000, 21.136, 65.847, 95.429, -833.032, 21.809, 2.000, 6.533, 88.500
222, 325.000,-4.164, 68.602, 5930.529, -816.808, 175.656, 101.981, 81.981, 77.863
223, 230.000, 69.045, 13.501, 610.201, 327.644, 473.105, 2.000, 46.677, -34.704
223, 325.000,80.951, 27.551, 5942.822, 523.731, 527.056, 101.981, 82.873, -44.819
224, 230.000, -12.426, -84.523, 78.534, -331.414, 766.499, 2.000, 5.373, 23.382
224, 325.000,-23.167, -64.563, 5951.167, -382.706, 553.405, 101.981, 83.549, 34.666
225, 230.000, -60.520, 7.259, 473.380, 444.664, -530.762, 2.000, 34.359, -140.044
225, 325.000,-48.930, -8.171, 5955.566, 340.125, -533.597, 101.981, 83.935, -147.486
226, 230.000, -81.468, -37.269, 613.323, -385.319, 422.951, 2.000, 46.989, 42.334
226, 325.000,-98.094, -27.964, 5933.452, -765.029, 279.477, 101.981, 82.184, 69.932
227, 230.000, 51.872, 34.993, 38.653, 697.904, 463.638, 2.000, 2.641, -56.403
227, 325.000,75.821, 50.922, 5897.699, 867.524, 577.738, 101.981, 79.978, -56.338
228, 230.000, 25.442, 29.888, 520.045, -658.081, -2.587, 2.000, 38.317, 90.225
228, 325.000,6.642, 30.457, 5955.600, -628.857, 67.094, 101.981, 83.938, 83.910
229, 230.000, -33.927, -83.656, 350.767, 744.796, -160.517, 2.000, 24.721, -102.162
229, 325.000,-14.419, -94.086, 5931.506, 639.207, -526.982, 101.980, 82.049, -129.503
230, 230.000, -15.403, 52.651, 478.653, 359.845, -587.305, 2.000, 34.797, -148.504
230, 325.000,-5.150, 36.540, 5958.255, 341.586, -501.678, 101.981, 84.184, -145.750
231, 230.000, 18.814, -40.241, 13.772, -837.230, 48.780, 2.000, 0.941, 86.666
231, 325.000,-7.501, -39.556, 5930.741, -833.507, -27.121, 101.981, 81.996, 91.864
232, 230.000, 10.628, 43.210, 168.459, -785.253, -241.916, 2.000, 11.586, 107.123
232, 325.000,-13.570, 36.620, 5933.820, -794.499, -166.434, 101.981, 82.210, 101.831
233, 230.000, -7.558, -27.488, 36.963, 695.289, -467.687, 2.000, 2.526, -123.927
233, 325.000,14.449, -42.957, 5923.194, 706.789, -534.241, 101.981, 81.493, -127.085
234, 230.000, -30.499, 38.615, 754.982, -20.957, -364.811, 2.000, 64.173, 176.712
234, 325.000,-31.736, 29.158, 5980.845, -78.084, -304.278, 101.981, 86.993, 165.607
235, 230.000, -12.827, 54.417, 607.615, 383.088, 433.095, 2.000, 46.420, -41.494
235, 325.000,-2.123, 68.295, 5951.694, 369.194, 556.990, 101.981, 83.594, -33.538
236, 230.000, -72.531, -61.234, 142.298, -824.020, 65.315, 2.000, 9.768, 85.468
236, 325.000,-107.400, -67.671, 5809.736, -1406.672, -372.494, 101.985, 75.938, 104.832
237, 230.000, -73.973, 65.932, 694.340, -317.759, 347.051, 2.000, 55.875, 42.477
237, 325.000,-96.165, 87.483, 5826.192, -1004.324, 962.739, 102.012, 76.570, 46.211
238, 230.000, -98.171, -5.909, 282.881, 767.119, -187.165, 2.000, 19.710, -103.711
238, 325.000,-85.688, -11.839, 5978.504, 267.187, -230.359, 101.974, 86.623, -130.767
239, 230.000, 99.018, 10.251, 481.700, 83.762, -681.523, 2.000, 35.050, -172.993
239, 325.000,119.540, -6.979, 5871.443, 1003.156, -630.159, 102.004, 78.593, -122.136
240, 230.000, -54.314, -37.703, 542.699, -146.849, -622.444, 2.000, 40.318, 166.725
240, 325.000,-60.400, -57.037, 5936.294, -287.587, -739.540, 101.981, 82.387, 158.750
241, 230.000, 20.607, -44.903, 764.018, -125.206, 322.683, 2.000, 65.628, 21.207
241, 325.000,17.521, -36.777, 5983.269, -90.237, 248.031, 101.981, 87.474, 19.992
242, 230.000, 10.640, -5.769, 607.538, 539.539, 208.130, 2.000, 46.413, -68.906
242, 325.000,26.606, 0.164, 5954.206, 612.551, 203.955, 101.981, 83.812, -71.584
243, 230.000, -56.866, -37.582, 137.307, -160.381, -811.756, 2.000, 9.422, 168.824
243, 325.000,-64.059, -64.215, 5903.729, -326.150, -953.332, 101.981, 80.315, 161.113
244, 230.000, -29.736, -38.968, 348.591, -605.666, -463.872, 2.000, 24.557, 127.448
244, 325.000,-48.745, -53.943, 5923.420, -686.139, -558.135, 101.981, 81.507, 129.126
245, 230.000, 79.480, -6.737, 55.112, -740.787, -389.513, 2.000, 3.767, 117.736
245, 325.000,59.257, -19.101, 5946.859, -570.395, -422.691, 101.981, 83.192, 126.540
246, 230.000, 12.273, -47.949, 2.662, 638.975, -543.349, 2.000, 0.182, -130.376
246, 325.000,32.983, -66.562, 5912.278, 688.690, -663.234, 101.981, 80.814, -133.921
247, 230.000, -6.625, 25.485, 133.083, -825.599, -64.803, 2.000, 9.129, 94.488
247, 325.000,-32.678, 23.973, 5925.527, -870.050, -18.591, 101.981, 81.645, 91.224
248, 230.000, 30.810, 18.476, 667.002, 297.031, 412.801, 2.000, 52.676, -35.737
248, 325.000,39.939, 30.672, 5960.831, 359.156, 456.829, 101.981, 84.432, -38.174
249, 230.000, -20.344, 22.642, 478.653, -668.724, -164.993, 2.000, 34.797, 103.860
249, 325.000,-40.542, 18.214, 5943.398, -726.925, -129.604, 101.981, 82.918, 100.109
250, 230.000, 96.984, -15.987, 75.769, 103.330, 828.918, 2.000, 5.183, -7.106
250, 325.000,114.482, 6.218, 5876.637, 866.718, 763.589, 101.981, 78.880, -48.620
251, 230.000, -19.664, -57.506, 141.300, -825.376, -48.089, 2.000, 9.698, 93.334
251, 325.000,-45.899, -60.739, 5917.996, -902.178, -180.565, 101.981, 81.163, 101.318
252, 230.000, -15.629, -63.833, 434.267, -628.289, -346.683, 2.000, 31.181, 118.889
252, 325.000,-34.730, -76.252, 5926.200, -691.817, -520.346, 101.981, 81.689, 126.948
253, 230.000, -84.386, -35.592, 71.162, -248.316, -797.997, 2.000, 4.867, 162.715
253, 325.000,-100.789, -63.776, 5844.874, -761.162, -1061.955, 101.982, 77.399, 144.369
254, 230.000, -18.197, -15.848, 630.628, -476.693, 280.351, 2.000, 48.751, 59.539
254, 325.000,-32.358, -8.065, 5959.383, -537.437, 257.096, 101.981, 84.291, 64.435
255, 230.000, -29.079, 44.485, 520.762, -650.225, -97.666, 2.000, 38.380, 98.542
255, 325.000,-48.811, 42.727, 5944.717, -727.564, -13.773, 101.981, 83.021, 91.084
256, 230.000, -28.843, 16.956, 505.096, 664.779, -80.443, 2.000, 37.027, -96.900
256, 630.000,18.705, 28.559, 3805.942, 473.960, 245.109, 41.993, 82.019, -62.654
257, 230.000, 65.864, -28.654, 438.926, -397.133, 594.267, 2.000, 31.554, 33.754
257, 325.000,56.135, -12.020, 5957.821, -264.348, 551.050, 101.981, 84.143, 25.628
258, 230.000, 1.775, -31.371, 401.246, 695.387, -242.822, 2.000, 28.579, -109.249
258, 325.000,22.655, -39.284, 5937.568, 721.271, -307.001, 101.981, 82.479, -113.056
259, 230.000, -18.421, 41.337, 534.201, -615.375, 198.663, 2.000, 39.560, 72.108
259, 325.000,-36.823, 48.073, 5945.156, -667.638, 280.308, 101.981, 83.056, 67.225
260, 230.000, 34.429, -87.955, 192.675, 732.096, -361.159, 2.000, 13.280, -116.258
260, 325.000,60.916, -110.290, 5816.258, 1022.311, -998.146, 101.984, 76.198, -134.315
261, 230.000, 12.418, 53.952, 781.603, 204.546, 225.346, 2.000, 68.725, -42.230
261, 325.000,18.446, 61.575, 5974.975, 234.785, 337.267, 101.981, 86.066, -34.843
262, 230.000, 69.701, -3.907, 302.182, 550.382, 556.138, 2.000, 21.117, -44.702
262, 325.000,89.028, 12.709, 5912.143, 769.231, 569.276, 101.981, 80.806, -53.496
263, 230.000, 30.293, -21.102, 759.922, 271.341, -228.946, 2.000, 64.959, -130.156
263, 325.000,38.549, -27.979, 5973.671, 332.056, -272.383, 101.981, 85.888, -129.362
264, 230.000, 36.795, -49.476, 518.816, 521.029, 403.586, 2.000, 38.210, -52.239
264, 325.000,52.998, -39.048, 5949.157, 615.426, 313.016, 101.981, 83.380, -63.041
265, 230.000, 15.772, 18.463, 303.820, 25.743, -781.380, 2.000, 21.237, -178.113
265, 630.000,39.958, -59.865, 3710.049, 401.355, -921.584, 42.007, 74.840, -156.467
266, 230.000, 71.776, 23.621, 807.252, -97.859, -205.648, 2.000, 74.245, 154.552
266, 325.000,71.582, 18.760, 5986.582, 83.062, -152.111, 101.981, 88.342, -151.363
267, 230.000, 28.911, 84.948, 470.462, 77.698, -690.038, 2.000, 34.118, -173.576
267, 325.000,32.697, 69.664, 5971.354, 182.684, -422.617, 101.980, 85.591, -156.623
268, 230.000, -43.283, 7.840, 754.035, 338.665, -142.343, 2.000, 64.025, -112.797
268, 325.000,-34.625, 3.985, 5981.888, 262.465, -131.444, 101.981, 87.191, -116.602
269, 230.000, 58.457, 26.654, 626.609, -539.738, -139.886, 2.000, 48.337, 104.530
269, 325.000,44.478, 23.322, 5972.261, -439.346, -90.801, 101.981, 85.704, 101.677
270, 230.000, -85.099, 21.135, 167.205, -605.225, 556.120, 2.000, 11.499, 47.421
270, 325.000,-110.888, 39.899, 5849.728, -1077.686, 699.130, 101.982, 77.614, 57.027
271, 230.000, -7.578, -88.744, 44.284, 825.670, -140.827, 2.000, 3.026, -99.679
271, 325.000,17.313, -99.463, 5904.712, 841.823, -543.183, 101.981, 80.370, -122.832
272, 230.000, 10.165, 27.207, 829.139, 34.677, 121.863, 2.000, 81.312, -15.884
272, 325.000,11.339, 31.160, 5985.926, 58.052, 185.572, 101.981, 88.140, -17.371
273, 230.000, -69.763, -66.080, 649.826, 457.056, 268.980, 2.000, 50.782, -59.523
273, 325.000,-63.003, -64.194, 5987.417, 130.140, -48.900, 101.979, 88.670, -110.594
274, 230.000, 47.060, 68.993, 176.292, -340.957, -745.784, 2.000, 12.133, 155.431
274, 325.000,38.526, 49.006, 5955.565, -227.930, -590.260, 101.981, 83.935, 158.886
275, 230.000, 59.509, 55.390, 21.937, 822.614, -162.322, 2.000, 1.499, -101.162
275, 325.000,88.814, 53.621, 5887.114, 1099.722, 42.270, 101.981, 79.411, -87.799
276, 230.000, 1.895, -25.371, 391.416, -304.948, -676.257, 2.000, 27.818, 155.728
276, 325.000,-7.229, -46.194, 5934.681, -311.433, -742.814, 101.981, 82.271, 157.254
277, 230.000, -9.996, 42.082, 641.327, 387.838, -376.569, 2.000, 49.872, -134.155
277, 325.000,0.953, 32.142, 5969.430, 381.717, -298.998, 101.981, 85.356, -128.072
278, 230.000, 44.753, 30.869, 195.977, -378.687, 722.297, 2.000, 13.512, 27.667
278, 325.000,34.207, 53.936, 5926.515, -303.115, 808.537, 101.981, 81.710, 20.551
279, 230.000, -17.597, -20.255, 162.623, -733.950, 372.014, 2.000, 11.180, 63.121
279, 325.000,-40.877, -9.051, 5926.007, -794.108, 347.896, 101.981, 81.677, 66.342
280, 230.000, 8.573, -72.390, 377.542, -9.802, -748.926, 2.000, 26.751, 179.250
280, 325.000,8.669, -97.949, 5903.248, 16.633, -1010.270, 101.981, 80.287, -179.057
281, 230.000, 91.124, 36.909, 454.438, 628.366, -319.634, 2.000, 32.806, -116.961
281, 325.000,125.185, 34.220, 5806.418, 1468.739, -16.362, 101.989, 75.804, -90.638
282, 230.000, 81.787, -52.943, 405.239, 732.395, -53.885, 2.000, 28.891, -94.208
282, 325.000,116.959, -63.477, 5783.633, 1472.009, -505.118, 101.990, 74.940, -108.940
283, 230.000, 74.282, -60.584, 177.956, 448.281, -686.221, 2.000, 12.249, -146.845
283, 325.000,99.883, -91.157, 5761.445, 1082.872, -1226.651, 101.987, 74.146, -138.562
284, 230.000, -9.947, 61.722, 392.261, 735.846, 90.474, 2.000, 27.883, -82.991
284, 325.000,11.689, 66.150, 5938.909, 739.964, 225.882, 101.981, 82.578, -73.025
285, 230.000, 51.699, 21.904, 262.019, -571.391, 555.321, 2.000, 18.203, 45.817
285, 325.000,35.515, 39.370, 5937.036, -491.232, 616.005, 101.981, 82.441, 38.571
286, 230.000, -78.522, 0.745, 18.072, 633.487, -549.447, 2.000, 1.235, -130.936
286, 325.000,-61.423, -16.452, 5943.828, 463.224, -570.509, 101.981, 82.952, -140.925
287, 230.000, -60.105, 29.329, 466.008, 319.969, 619.661, 2.000, 33.751, -27.310
287, 325.000,-52.551, 48.429, 5943.824, 193.219, 709.078, 101.981, 82.951, -15.243
288, 230.000, -39.857, 15.980, 281.166, 781.479, -117.304, 2.000, 19.586, -98.537
288, 325.000,-16.897, 12.793, 5950.181, 679.777, -52.400, 101.982, 83.463, -94.408
289, 230.000, 41.552, 72.801, 451.443, 412.771, 573.884, 2.000, 32.563, -35.726
289, 325.000,56.357, 94.378, 5888.331, 608.602, 909.126, 101.981, 79.475, -33.800
290, 230.000, -41.312, -88.472, 533.893, -556.100, 330.506, 2.000, 39.533, 59.276
290, 325.000,-61.979, -90.143, 5920.303, -869.911, -251.306, 101.983, 81.304, 106.113
291, 230.000, -37.626, 49.015, 328.881, -743.189, 207.440, 2.000, 23.085, 74.404
291, 325.000,-61.234, 56.858, 5917.104, -863.333, 334.305, 101.981, 81.108, 68.832
292, 230.000, 29.768, 35.284, 25.751, -725.733, -419.729, 2.000, 1.759, 120.043
292, 325.000,7.306, 22.739, 5940.841, -682.649, -330.268, 101.979, 82.726, 115.818
293, 230.000, -26.893, -25.877, 681.106, -460.495, -166.019, 2.000, 54.295, 109.825
293, 325.000,-40.594, -31.145, 5962.526, -520.488, -215.806, 101.981, 84.602, 112.520
294, 230.000, 21.354, -62.586, 599.859, 59.897, -583.186, 2.000, 45.657, -174.136
294, 325.000,23.802, -81.484, 5939.221, 115.930, -762.519, 101.981, 82.601, -171.355
295, 230.000, 21.968, -4.479, 384.121, -674.197, 318.487, 2.000, 27.256, 64.714
295, 630.000,-36.812, 31.176, 3761.549, -652.443, 444.541, 42.000, 78.147, 55.731
296, 230.000, -66.852, -46.464, 477.501, 599.334, -341.050, 2.000, 34.701, -119.642
296, 325.000,-52.304, -58.357, 5953.556, 425.919, -492.919, 101.981, 83.756, -139.171
297, 230.000, -23.755, -49.528, 614.347, 495.560, -283.762, 2.000, 47.092, -119.796
297, 325.000,-10.065, -58.886, 5958.423, 464.934, -387.584, 101.981, 84.199, -129.816
298, 230.000, -48.118, 51.178, 100.062, -778.651, -295.320, 2.000, 6.852, 110.770
298, 325.000,-74.215, 43.945, 5911.595, -945.460, -168.443, 101.981, 80.773, 100.102
299, 230.000, -52.308, 48.528, 782.474, 156.042, 258.669, 2.000, 68.890, -31.100
299, 325.000,-49.694, 57.333, 5976.482, 32.526, 387.048, 101.981, 86.282, -4.804
300, 230.000, 85.266, 4.500, 736.577, 103.952, -387.521, 2.000, 61.422, -164.984
300, 325.000,92.772, -6.026, 5961.950, 416.760, -388.210, 101.981, 84.543, -132.969
301, 230.000, 16.867, 79.316, 653.333, 140.855, 506.794, 2.000, 51.162, -15.532
301, 325.000,21.748, 97.865, 5930.174, 207.257, 812.008, 101.981, 81.956, -14.318
302, 230.000, -36.605, -69.656, 50.556, -803.139, 236.507, 2.000, 3.456, 73.591
302, 325.000,-63.406, -65.596, 5911.260, -962.121, 23.292, 101.981, 80.753, 88.613
303, 230.000, 50.243, 64.487, 264.067, -322.661, -727.793, 2.000, 18.350, 156.090
303, 325.000,42.424, 45.028, 5956.679, -203.896, -587.823, 101.981, 84.037, 160.870
304, 230.000, 44.373, 73.845, 563.331, -452.561, 425.876, 2.000, 42.192, 46.740
304, 325.000,34.076, 90.371, 5936.615, -303.288, 730.674, 101.981, 82.409, 22.542
305, 230.000, -51.183, 57.297, 156.659, -436.203, -699.077, 2.000, 10.765, 148.037
305, 325.000,-66.556, 38.049, 5931.884, -594.675, -572.978, 101.981, 82.075, 133.935
306, 230.000, -59.857, 38.836, 817.133, 53.540, -181.523, 2.000, 76.960, -163.567
306, 325.000,-60.244, 35.026, 5987.706, -85.389, -96.168, 101.981, 88.770, 138.398
307, 230.000, 45.610, -45.630, 247.608, -662.753, -450.525, 2.000, 17.170, 124.207
307, 325.000,26.729, -60.676, 5933.250, -587.470, -566.234, 101.981, 82.170, 133.945
308, 230.000, 48.337, 24.239, 273.564, 436.056, -662.225, 2.000, 19.035, -146.636
308, 325.000,62.830, 4.676, 5930.061, 545.788, -636.940, 101.981, 81.949, -139.407
309, 230.000, 48.097, 54.144, 689.630, -403.226, 255.621, 2.000, 55.306, 57.628
309, 325.000,38.319, 63.175, 5968.363, -298.411, 398.453, 101.981, 85.232, 36.830
310, 230.000, -14.864, 39.749, 332.643, 146.707, 755.876, 2.000, 23.365, -10.984
310, 325.000,-10.769, 63.524, 5926.631, 123.878, 853.757, 101.981, 81.718, -8.256
311, 230.000, 61.843, -60.208, 531.564, -167.801, -626.743, 2.000, 39.327, 165.011
311, 325.000,60.977, -82.054, 5919.906, 76.779, -904.494, 101.981, 81.282, -175.148
312, 230.000, -49.176, -33.567, 633.520, 524.920, -163.203, 2.000, 49.052, -107.271
312, 325.000,-35.328, -39.055, 5967.940, 445.462, -233.330, 101.981, 85.184, -117.645
313, 230.000, 22.111, 4.385, 47.970, 675.067, 495.487, 2.000, 3.279, -53.722
313, 325.000,44.044, 20.244, 5920.690, 737.409, 520.441, 101.981, 81.332, -54.787
314, 230.000, 1.461, -30.991, 702.634, -108.001, 445.157, 2.000, 56.898, 13.637
314, 630.000,-10.130, -14.924, 3840.486, -146.883, 49.772, 42.003, 87.688, 71.281
315, 230.000, 12.282, -92.726, 28.132, -430.463, -719.329, 2.000, 1.922, 149.103
315, 325.000,0.593, -126.866, 5808.642, -377.601, -1409.723, 101.984, 75.896, 165.005
316, 230.000, 60.455, 21.841, 238.751, -169.891, -785.913, 2.000, 16.538, 167.802
316, 325.000,56.894, -1.560, 5939.380, -51.084, -768.335, 101.981, 82.613, 176.196
317, 230.000, -7.946, -21.124, 540.779, -634.298, -93.533, 2.000, 40.146, 98.388
317, 325.000,-26.723, -24.297, 5949.194, -675.623, -140.803, 101.981, 83.383, 101.772
318, 230.000, -49.357, 22.465, 551.377, 483.081, 407.603, 2.000, 41.100, -49.844
318, 325.000,-36.436, 34.838, 5957.447, 405.263, 462.341, 101.981, 84.108, -41.236
319, 230.000, 46.076, 40.965, 13.464, -783.522, -299.059, 2.000, 0.920, 110.891
319, 325.000,22.325, 32.467, 5941.264, -720.352, -227.262, 101.981, 82.754, 107.510
320, 230.000, 54.751, -53.673, 442.074, 712.524, 20.090, 2.000, 31.807, -88.385
320, 325.000,78.246, -55.602, 5915.819, 921.517, -152.120, 101.981, 81.028, -99.374
321, 230.000, -90.589, -4.250, 497.801, 62.917, 672.131, 2.000, 36.405, -5.348
321, 325.000,-95.089, 14.702, 5940.393, -327.930, 688.089, 101.981, 82.688, 25.482
322, 230.000, 60.320, -37.859, 788.464, 282.598, -44.583, 2.000, 70.057, -98.965
322, 325.000,70.267, -40.409, 5970.674, 446.979, -143.078, 101.981, 85.506, -107.750
323, 230.000, 54.606, 12.208, 667.719, -465.067, -203.442, 2.000, 52.757, 113.627
323, 325.000,42.569, 6.679, 5974.423, -375.088, -186.423, 101.981, 85.990, 116.428
324, 230.000, 25.232, 83.306, 215.815, 376.973, 717.523, 2.000, 14.910, -27.717
324, 325.000,38.784, 112.095, 5847.794, 527.248, 1181.024, 101.982, 77.529, -24.058
325, 230.000, 2.672, 45.079, 36.170, 325.843, 772.038, 2.000, 2.472, -22.882
325, 325.000,13.087, 70.734, 5912.702, 343.058, 889.651, 101.981, 80.839, -21.087
326, 230.000, -18.998, 50.536, 310.092, 757.128, -184.727, 2.000, 21.697, -103.711
326, 325.000,3.498, 46.102, 5941.628, 746.480, -94.919, 101.981, 82.782, -97.247
327, 230.000, 31.421, -48.078, 131.496, -754.427, -342.158, 2.000, 9.020, 114.396
327, 325.000,8.725, -59.967, 5928.779, -718.504, -450.007, 101.981, 81.862, 122.059
328, 230.000, -81.881, -12.700, 241.106, -300.920, -744.875, 2.000, 16.706, 158.002
328, 325.000,-95.876, -35.944, 5896.686, -634.586, -834.074, 101.981, 79.922, 142.735
329, 230.000, -45.110, -70.477, 116.700, -466.393, 687.301, 2.000, 7.998, 34.160
329, 325.000,-61.551, -52.713, 5934.930, -632.170, 496.138, 101.981, 82.289, 51.875
330, 230.000, 30.327, -24.140, 88.159, -732.926, -398.210, 2.000, 6.033, 118.516
330, 325.000,7.832, -37.227, 5929.776, -702.223, -462.418, 101.981, 81.930, 123.365
331, 230.000, -46.180, -77.574, 272.361, 125.540, -783.316, 2.000, 18.948, -170.895
331, 325.000,-46.771, -108.239, 5855.078, -117.989, -1254.482, 101.982, 77.855, 174.627
332, 230.000, -12.018, 36.585, 286.465, 27.922, -787.834, 2.000, 19.970, -177.970
332, 630.000,-23.933, -18.535, 3800.952, -222.838, -525.495, 42.002, 81.460, 157.020
333, 230.000, 42.565, 65.240, 761.458, -151.130, 317.593, 2.000, 65.208, 25.448
333, 325.000,40.133, 76.804, 5966.136, -31.074, 522.937, 101.981, 84.982, 3.401
334, 230.000, -13.759, -79.998, 548.971, -470.645, 425.028, 2.000, 40.882, 47.916
334, 325.000,-27.845, -71.109, 5961.948, -529.250, 210.296, 101.981, 84.544, 68.330
335, 230.000, 7.344, 3.417, 708.598, -273.002, 356.205, 2.000, 57.652, 37.467
335, 630.000,-17.496, 52.908, 3772.744, -290.067, 674.348, 42.000, 78.989, 23.275
336, 230.000, -19.344, -11.795, 780.707, 283.732, -116.257, 2.000, 68.557, -112.281
336, 630.000,-8.741, -41.158, 3816.669, 39.723, -453.078, 42.004, 83.204, -174.989
337, 230.000, -27.253, 24.745, 110.199, 830.370, -43.189, 2.000, 7.549, -92.977
337, 325.000,-1.684, 23.990, 5934.659, 804.036, 46.068, 101.980, 82.272, -86.721
338, 230.000, -4.803, 76.674, 629.706, -441.168, -335.209, 2.000, 48.656, 127.228
338, 325.000,-17.522, 69.899, 5968.801, -469.735, -148.123, 101.981, 85.283, 107.502
339, 230.000, -13.224, -32.198, 381.817, 710.017, 231.549, 2.000, 27.079, -71.938
339, 325.000,7.888, -25.952, 5944.124, 716.663, 151.724, 101.981, 82.974, -78.047
340, 230.000, -39.899, -63.618, 191.625, 190.473, -794.055, 2.000, 13.207, -166.511
340, 325.000,-35.973, -90.966, 5897.608, 69.947, -1040.473, 101.981, 79.973, -176.154
341, 230.000, 45.533, -57.593, 186.966, 565.722, 590.361, 2.000, 12.880, -43.779
341, 325.000,64.518, -41.603, 5928.889, 708.035, 464.896, 101.981, 81.870, -56.711
342, 230.000, 19.772, 0.057, 189.833, 96.863, -811.237, 2.000, 13.081, -173.191
342, 325.000,23.209, -25.217, 5926.749, 145.660, -849.487, 101.981, 81.726, -170.270
343, 230.000, 37.624, -58.079, 807.432, 89.751, -208.621, 2.000, 74.290, -156.722
343, 325.000,41.330, -65.745, 5975.622, 184.142, -356.697, 101.981, 86.157, -152.695
344, 230.000, -30.238, -38.421, 792.687, -268.014, 57.789, 2.000, 70.921, 77.832
344, 325.000,-38.393, -37.637, 5979.973, -330.171, -10.006, 101.981, 86.838, 91.736
345, 230.000, -38.507, -29.633, 84.934, 828.713, 97.701, 2.000, 5.812, -83.276
345, 325.000,-13.238, -27.229, 5938.163, 778.762, 31.248, 101.981, 82.523, -87.702
346, 230.000, 60.198, 43.075, 745.152, -189.946, 334.952, 2.000, 62.672, 29.557
346, 325.000,57.035, 53.981, 5971.309, -39.554, 459.453, 101.981, 85.584, 4.920
347, 230.000, 40.251, 68.284, 98.116, -750.719, 360.995, 2.000, 6.718, 64.319
347, 325.000,18.817, 82.485, 5923.235, -663.688, 586.437, 101.981, 81.496, 48.536
348, 230.000, 25.712, 27.091, 170.302, -574.064, 587.343, 2.000, 11.715, 44.345
348, 325.000,8.385, 45.939, 5927.793, -547.323, 656.430, 101.981, 81.796, 39.821
349, 230.000, 17.253, -95.221, 55.573, 697.555, 462.442, 2.000, 3.799, -56.458
349, 325.000,39.881, -91.087, 5929.168, 842.776, -59.683, 101.980, 81.890, -94.051
350, 230.000, 48.032, -2.175, 330.109, -212.243, 741.286, 2.000, 23.177, 15.977
350, 325.000,42.673, 20.189, 5939.026, -130.458, 761.669, 101.981, 82.587, 9.719
351, 230.000, 6.872, 68.324, 408.157, 506.878, 529.156, 2.000, 29.119, -43.768
351, 325.000,22.162, 86.601, 5918.311, 546.601, 737.594, 101.981, 81.183, -36.541
352, 230.000, 33.426, -92.257, 345.647, 89.006, -759.032, 2.000, 24.336, -173.312
352, 325.000,42.676, -132.956, 5734.752, 409.931, -1679.160, 101.997, 73.227, -166.281
353, 230.000, -17.883, 85.665, 564.944, -589.547, -191.824, 2.000, 42.341, 108.024
353, 325.000,-35.721, 85.237, 5948.355, -685.750, 126.754, 101.981, 83.313, 79.528
354, 230.000, 93.430, 16.674, 103.364, 405.520, -726.907, 2.000, 7.079, -150.844
354, 325.000,116.756, -3.291, 5859.689, 1042.329, -668.848, 101.982, 78.066, -122.688
355, 230.000, 23.941, 57.617, 279.477, 97.675, 784.778, 2.000, 19.463, -7.095
355, 325.000,27.733, 83.436, 5908.880, 162.491, 963.304, 101.981, 80.612, -9.575
356, 230.000, 35.531, 20.021, 120.719, -667.955, 492.734, 2.000, 8.275, 53.585
356, 325.000,15.327, 35.913, 5930.887, -624.466, 551.177, 101.981, 82.006, 48.567
357, 230.000, -50.139, 37.373, 511.265, 659.692, -83.295, 2.000, 37.557, -97.196
357, 325.000,-32.113, 35.867, 5960.781, 581.483, -11.870, 101.981, 84.427, -91.169
358, 230.000, 37.721, 21.956, 48.866, 723.107, -422.199, 2.000, 3.340, -120.279
358, 325.000,61.519, 9.082, 5919.695, 818.265, -396.056, 101.981, 81.269, -115.828
359, 230.000, -36.687, 48.077, 408.311, 25.950, -732.211, 2.000, 29.131, -177.970
359, 325.000,-36.803, 27.469, 5952.206, -45.241, -662.093, 101.981, 83.638, 176.091
360, 230.000, -6.934, -29.541, 6.195, 604.885, 581.033, 2.000, 0.423, -46.152
360, 630.000,65.501, 9.829, 3719.926, 901.539, 346.570, 41.995, 75.445, -68.972
361, 230.000, -31.786, 20.945, 475.300, 690.072, -37.617, 2.000, 34.518, -93.120
361, 325.000,-12.048, 20.333, 5955.807, 629.583, 37.695, 101.981, 83.955, -86.574
362, 230.000, 26.801, 78.109, 548.791, 599.411, -207.504, 2.000, 40.866, -109.095
362, 325.000,45.312, 75.960, 5946.187, 714.401, 41.834, 101.981, 83.137, -86.649
363, 230.000, 24.055, -23.581, 185.226, 768.096, 281.502, 2.000, 12.758, -69.872
363, 325.000,48.409, -15.329, 5925.227, 835.925, 249.223, 101.981, 81.625, -73.399
364, 230.000, -27.086, 13.612, 439.105, -700.572, -141.103, 2.000, 31.568, 101.388
364, 325.000,-48.495, 9.684, 5938.199, -769.526, -121.726, 101.981, 82.525, 98.989
365, 230.000, 7.232, 38.201, 99.064, 423.778, -717.023, 2.000, 6.783, -149.416
365, 325.000,20.796, 16.437, 5934.509, 475.899, -651.442, 101.981, 82.258, -143.851
366, 230.000, 6.314, 15.677, 600.832, -403.019, 424.383, 2.000, 45.752, 43.521
366, 325.000,-5.288, 28.383, 5954.803, -408.709, 492.491, 101.981, 83.866, 39.689
367, 230.000, -23.521, 37.874, 106.538, -769.032, 317.432, 2.000, 7.297, 67.571
367, 325.000,-48.235, 48.762, 5916.069, -841.426, 401.665, 101.981, 81.044, 64.482
368, 230.000, -78.117, -20.534, 0.256, -725.188, -421.458, 2.000, 0.017, 120.164
368, 325.000,-106.115, -35.158, 5863.903, -1095.473, -532.855, 101.981, 78.264, 115.939
369, 230.000, 67.059, -0.540, 497.365, 664.003, 123.500, 2.000, 36.368, -79.464
369, 325.000,88.917, 3.052, 5924.440, 868.400, 126.961, 101.981, 81.574, -81.682
370, 230.000, -6.670, 27.722, 230.022, -288.317, 753.317, 2.000, 15.917, 20.943
370, 325.000,-15.699, 51.526, 5923.857, -309.132, 825.561, 101.981, 81.536, 20.528
371, 230.000, -30.853, 26.672, 830.854, 26.913, -111.723, 2.000, 82.125, -166.456
371, 325.000,-30.722, 24.094, 5988.658, -30.336, -65.024, 101.981, 89.314, 154.989
372, 230.000, -58.199, -42.571, 342.191, 143.168, 752.284, 2.000, 24.077, -10.775
372, 325.000,-55.692, -21.383, 5949.990, 16.746, 683.011, 101.981, 83.450, -1.405
373, 230.000, 6.834, -34.157, 797.781, 257.890, -23.704, 2.000, 72.015, -95.252
373, 325.000,14.204, -35.499, 5981.894, 279.414, -89.679, 101.981, 87.191, -107.794
374, 230.000, 0.348, -11.503, 383.583, 325.218, 671.283, 2.000, 27.214, -25.849
374, 630.000,43.521, 61.231, 3696.635, 565.691, 887.221, 42.000, 74.111, -32.522
375, 230.000, -50.922, 63.641, 557.674, 203.563, 592.525, 2.000, 41.673, -18.960
375, 325.000,-47.724, 83.967, 5929.499, 34.928, 842.060, 101.981, 81.911, -2.375
376, 230.000, 90.767, -4.267, 212.897, 810.643, -32.505, 2.000, 14.704, -92.296
376, 325.000,124.978, -5.706, 5821.135, 1407.333, -60.188, 101.983, 76.397, -92.449
377, 230.000, 49.759, 40.663, 552.221, -426.512, -465.470, 2.000, 41.176, 137.501
377, 325.000,38.647, 28.192, 5966.097, -340.335, -398.787, 101.981, 84.978, 139.522
378, 230.000, -66.540, -4.530, 309.989, -349.927, 696.406, 2.000, 21.690, 26.678
378, 325.000,-79.345, 16.309, 5922.905, -529.554, 712.722, 101.981, 81.474, 36.612
379, 230.000, 61.634, -43.551, 794.172, -229.007, -142.726, 2.000, 71.233, 121.933
379, 325.000,57.473, -49.052, 5982.908, -76.964, -260.838, 101.981, 87.397, 163.561
380, 230.000, -40.814, -20.954, 383.506, -257.530, -700.089, 2.000, 27.208, 159.804
380, 325.000,-49.495, -42.428, 5930.512, -342.800, -762.047, 101.981, 81.980, 155.780
381, 230.000, -54.951, -74.860, 470.897, 672.253, 172.787, 2.000, 34.154, -75.585
381, 325.000,-39.393, -74.895, 5968.659, 476.592, -130.165, 101.980, 85.268, -105.276
382, 230.000, 4.231, -75.288, 809.095, -143.145, -168.517, 2.000, 74.716, 139.654
382, 325.000,0.431, -82.801, 5975.364, -136.754, -381.476, 101.981, 86.120, 160.278
383, 230.000, -25.668, -21.511, 378.822, -395.055, 635.570, 2.000, 26.849, 31.864
383, 325.000,-38.091, -2.823, 5939.387, -460.474, 617.115, 101.981, 82.613, 36.729
384, 230.000, -32.244, 91.984, 188.477, 804.407, -144.672, 2.000, 12.986, -100.196
384, 325.000,-12.136, 97.505, 5939.141, 661.498, 396.768, 101.979, 82.600, -59.045
385, 230.000, 28.284, -58.610, 639.740, 517.405, 162.936, 2.000, 49.704, -72.520
385, 325.000,43.892, -55.670, 5959.076, 597.656, 37.706, 101.981, 84.261, -86.390
386, 230.000, -40.254, -33.551, 772.132, 129.300, 301.027, 2.000, 67.008, -23.245
386, 325.000,-37.501, -25.833, 5983.677, 58.533, 247.727, 101.981, 87.564, -13.294
387, 230.000, -2.066, -2.472, 409.181, 602.391, -416.197, 2.000, 29.199, -124.641
387, 325.000,16.100, -15.127, 5931.375, 671.760, -485.311, 101.977, 82.046, -125.846
388, 230.000, 16.902, -22.636, 775.793, 310.756, -71.414, 2.000, 67.657, -102.942
388, 325.000,25.998, -25.098, 5977.318, 355.794, -119.374, 101.981, 86.407, -108.547
389, 230.000, -67.963, 35.969, 415.734, 557.762, -468.605, 2.000, 29.713, -130.035
389, 325.000,-53.770, 23.352, 5961.257, 415.710, -399.690, 101.981, 84.474, -133.874
390, 230.000, -12.890, -50.829, 432.193, 351.533, -627.022, 2.000, 31.016, -150.723
390, 325.000,-2.789, -70.756, 5932.275, 337.093, -750.794, 101.981, 82.102, -155.821
391, 230.000, -36.075, 64.679, 782.064, -286.135, 100.131, 2.000, 68.812, 70.713
391, 325.000,-45.374, 69.871, 5969.572, -394.373, 279.087, 101.981, 85.373, 54.714
392, 230.000, 3.963, 71.998, 808.200, 196.283, -108.675, 2.000, 74.485, -118.972
392, 325.000,9.528, 71.310, 5985.007, 212.374, 61.348, 101.981, 87.885, -73.888
393, 230.000, -0.310, 72.562, 838.303, 10.182, -25.866, 2.000, 88.101, -158.513
393, 325.000,-0.039, 74.247, 5987.155, 9.761, 152.022, 101.981, 88.543, -3.674
394, 230.000, 30.846, -36.604, 420.316, 476.721, -547.354, 2.000, 30.074, -138.946
394, 325.000,45.807, -53.811, 5929.360, 552.988, -637.258, 101.981, 81.901, -139.050
395, 230.000, 50.234, -73.678, 88.517, -806.063, 214.363, 2.000, 6.058, 75.108
395, 325.000,28.240, -70.983, 5950.950, -674.203, -26.702, 101.980, 83.531, 92.268
396, 230.000, -43.543, 10.399, 552.298, 278.818, -566.349, 2.000, 41.183, -153.789
396, 325.000,-36.332, -5.908, 5958.862, 201.906, -566.012, 101.981, 84.241, -160.368
397, 230.000, -4.947, -42.292, 330.621, -225.647, -737.087, 2.000, 23.215, 162.979
397, 325.000,-11.889, -65.581, 5924.905, -242.230, -840.258, 101.981, 81.604, 163.919
398, 230.000, -54.942, -75.301, 822.125, -120.537, -114.480, 2.000, 78.569, 133.524
398, 325.000,-62.804, -84.697, 5954.368, -404.644, -501.335, 101.982, 83.825, 141.092
399, 230.000, 15.069, -78.284, 541.803, -487.024, 415.669, 2.000, 40.237, 49.520
399, 325.000,1.619, -69.261, 5966.857, -465.135, 222.295, 101.981, 85.062, 64.456
400, 230.000, 34.342, 26.079, 96.120, 826.654, 104.537, 2.000, 6.580, -82.793
400, 325.000,61.171, 29.995, 5915.709, 921.204, 158.032, 101.981, 81.022, -80.266
401, 230.000, -62.797, -17.075, 466.213, -100.229, -690.017, 2.000, 33.768, 171.735
401, 325.000,-67.730, -37.901, 5935.870, -252.396, -755.611, 101.981, 82.356, 161.529
402, 230.000, 31.811, 14.815, 234.015, 610.593, 525.297, 2.000, 16.201, -49.294
402, 325.000,51.298, 31.308, 5922.368, 686.719, 568.491, 101.981, 81.440, -50.381
403, 230.000, 29.296, -92.549, 323.428, -50.605, 772.242, 2.000, 22.681, 3.749
403, 325.000,30.298, -78.120, 5977.716, 91.638, 355.730, 101.977, 86.483, -14.446
404, 230.000, 88.030, -16.163, 83.065, 463.281, -694.258, 2.000, 5.683, -146.285
404, 325.000,110.399, -38.993, 5852.500, 966.375, -826.991, 101.982, 77.739, -130.556
405, 230.000, 3.183, 40.134, 831.366, 101.807, -44.616, 2.000, 82.385, -113.665
405, 325.000,6.084, 39.693, 5987.997, 110.856, 28.465, 101.981, 88.905, -75.599
406, 230.000, 29.465, 39.541, 691.064, -278.113, -385.496, 2.000, 55.478, 144.192
406, 325.000,22.175, 29.408, 5976.129, -229.153, -320.212, 101.981, 86.230, 144.411
407, 230.000, -1.567, 83.170, 188.605, -298.709, 760.740, 2.000, 12.995, 21.438
407, 325.000,-10.784, 112.177, 5865.386, -322.999, 1167.173, 101.981, 78.334, 15.469
408, 230.000, -16.629, -85.283, 768.267, 26.676, 335.527, 2.000, 66.341, -4.546
408, 325.000,-16.728, -80.313, 5988.714, -28.586, 60.251, 101.981, 89.362, 25.382
409, 230.000, 48.046, -49.111, 597.939, 461.757, -364.380, 2.000, 45.470, -128.278
409, 325.000,63.071, -61.375, 5936.383, 607.603, -509.310, 101.981, 82.393, -129.971
410, 230.000, -86.748, -41.837, 13.132, -820.757, 172.364, 2.000, 0.897, 78.140
410, 325.000,-126.872, -43.687, 5763.925, -1618.838, -169.007, 101.989, 74.231, 95.960
411, 230.000, 10.930, -27.812, 6.271, -686.518, -481.848, 2.000, 0.428, 125.064
411, 325.000,-10.836, -43.817, 5923.538, -691.804, -549.818, 101.981, 81.515, 128.476
412, 230.000, -50.864, 8.952, 236.165, -591.170, 546.139, 2.000, 16.354, 47.267
412, 325.000,-70.374, 25.945, 5916.981, -718.936, 584.533, 101.981, 81.100, 50.887
413, 230.000, -56.878, -62.916, 96.017, -340.778, 760.378, 2.000, 6.573, 24.140
413, 325.000,-70.152, -42.638, 5934.938, -544.269, 591.141, 101.981, 82.290, 42.636
414, 230.000, -24.028, 62.387, 87.903, -469.835, 689.240, 2.000, 6.016, 34.281
414, 325.000,-39.701, 86.479, 5894.241, -561.160, 901.258, 101.981, 79.789, 31.908
415, 230.000, 74.239, 37.620, 331.748, -485.783, -597.898, 2.000, 23.298, 140.907
415, 325.000,62.804, 21.392, 5959.171, -299.173, -517.593, 101.981, 84.271, 149.972
416, 230.000, -41.449, 13.539, 167.154, -335.145, 750.507, 2.000, 11.495, 24.064
416, 325.000,-52.838, 37.184, 5920.073, -424.171, 801.257, 101.981, 81.293, 27.896
417, 230.000, -79.073, 24.659, 709.085, -180.953, -409.852, 2.000, 57.714, 156.178
417, 325.000,-87.969, 14.390, 5962.113, -450.649, -345.325, 101.981, 84.560, 127.462
418, 230.000, 7.573, 87.395, 55.650, 44.392, 835.737, 2.000, 3.804, -3.041
418, 325.000,9.654, 121.453, 5831.562, 88.098, 1361.891, 101.982, 76.828, -3.701
419, 230.000, 14.306, 72.010, 624.382, 543.200, 136.401, 2.000, 48.108, -75.904
419, 325.000,30.353, 78.633, 5948.999, 603.268, 338.670, 101.981, 83.367, -60.690
420, 230.000, -31.138, -20.433, 700.100, -415.765, -201.303, 2.000, 56.583, 115.835
420, 325.000,-43.608, -26.579, 5964.755, -481.733, -242.553, 101.981, 84.833, 116.725
421, 230.000, -52.291, -64.942, 575.208, 406.553, -455.383, 2.000, 43.297, -138.242
421, 325.000,-43.382, -81.314, 5942.893, 243.160, -701.511, 101.981, 82.879, -160.883
422, 230.000, 7.796, -82.428, 398.430, 626.432, -390.333, 2.000, 28.361, -121.927
422, 325.000,26.699, -98.767, 5905.001, 688.089, -725.795, 101.981, 80.387, -136.528
423, 230.000, -41.553, -30.986, 820.256, 145.953, 96.961, 2.000, 77.942, -56.403
423, 325.000,-38.390, -28.958, 5988.477, 74.028, 42.988, 101.981, 89.181, -59.857
424, 230.000, 30.363, 72.017, 327.319, 169.028, -753.535, 2.000, 22.969, -167.357
424, 325.000,36.467, 52.056, 5953.455, 251.599, -601.853, 101.981, 83.747, -157.313
425, 230.000, -85.244, -9.528, 353.787, 14.545, -760.360, 2.000, 24.948, -178.904
425, 325.000,-89.847, -32.533, 5922.395, -310.815, -835.351, 101.981, 81.441, 159.591
426, 230.000, -94.009, 22.088, 318.769, -758.618, -162.507, 2.000, 22.337, 102.091
426, 325.000,-131.581, 20.852, 5778.857, -1573.671, 5.983, 101.988, 74.767, 89.782
427, 230.000, -40.257, 29.768, 388.549, -685.133, 288.352, 2.000, 27.596, 67.175
427, 325.000,-61.799, 39.167, 5925.919, -790.023, 358.545, 101.981, 81.671, 65.589
428, 230.000, -33.758, 2.337, 822.662, -80.817, 142.195, 2.000, 78.755, 29.612
428, 325.000,-36.684, 6.358, 5985.315, -149.032, 151.507, 101.981, 87.966, 44.528
429, 230.000, 76.076, 9.517, 604.236, 416.983, -405.645, 2.000, 46.087, -134.210
429, 325.000,91.319, -1.667, 5938.827, 666.874, -393.495, 101.981, 82.572, -120.543
430, 230.000, -23.190, -51.637, 151.257, -425.678, 706.713, 2.000, 10.389, 31.062
430, 325.000,-36.965, -30.907, 5935.842, -485.148, 632.133, 101.981, 82.354, 37.505
431, 230.000, 14.313, 82.883, 743.053, -215.136, -324.211, 2.000, 62.361, 146.433
431, 325.000,8.978, 77.579, 5985.847, -179.398, -81.215, 101.981, 88.116, 114.357
432, 230.000, -32.512, 43.240, 426.152, 687.053, -223.332, 2.000, 30.536, -108.007
432, 325.000,-12.827, 37.579, 5952.237, 647.071, -146.087, 101.981, 83.641, -102.722
433, 230.000, -52.899, 81.711, 3.660, 814.853, 198.811, 2.000, 0.250, -76.289
433, 325.000,-34.348, 96.817, 5920.845, 540.043, 722.007, 101.981, 81.341, -36.796
434, 230.000, 37.561, 84.570, 418.908, 130.649, 714.822, 2.000, 29.963, -10.358
434, 325.000,45.455, 114.608, 5840.848, 366.922, 1272.677, 101.983, 77.223, -16.083
435, 230.000, 1.595, -91.631, 104.618, 733.564, -393.017, 2.000, 7.165, -118.181
435, 325.000,24.100, -112.564, 5862.751, 791.332, -933.543, 101.982, 78.209, -139.713
436, 230.000, 12.947, -17.641, 449.625, -455.706, 541.934, 2.000, 32.416, 40.060
436, 630.000,-28.934, 29.168, 3777.370, -481.714, 520.954, 41.999, 79.362, 42.759
437, 230.000, -70.270, -24.092, 274.664, 712.942, -346.118, 2.000, 19.115, -115.896
437, 325.000,-51.020, -35.313, 5946.981, 574.181, -415.802, 101.981, 83.202, -125.911
438, 230.000, 4.964, -93.117, 50.684, -641.797, 537.635, 2.000, 3.464, 50.047
438, 325.000,-14.211, -83.017, 5950.220, -656.707, 180.446, 101.980, 83.470, 74.636
439, 230.000, -60.490, 76.588, 106.538, -659.242, -507.517, 2.000, 7.297, 127.591
439, 325.000,-88.419, 72.082, 5877.775, -1150.012, 19.470, 101.986, 78.928, 89.030
440, 230.000, 66.854, -46.970, 139.047, 671.016, -483.660, 2.000, 9.542, -125.784
440, 325.000,92.025, -65.031, 5863.037, 994.058, -711.342, 101.981, 78.223, -125.587
441, 230.000, 8.589, 54.460, 208.980, 35.620, -811.531, 2.000, 14.427, -177.487
441, 325.000,9.887, 30.707, 5944.691, 56.444, -725.703, 101.981, 83.019, -175.553
442, 230.000, 23.396, -28.633, 470.564, 676.661, -155.638, 2.000, 34.126, -102.953
442, 325.000,43.909, -33.839, 5939.704, 738.089, -210.576, 101.981, 82.637, -105.923
443, 230.000, -16.152, -74.306, 657.044, 436.466, -285.156, 2.000, 51.568, -123.158
443, 325.000,-4.428, -85.377, 5953.487, 407.322, -509.209, 101.981, 83.749, -141.343
444, 230.000, 77.959, -58.402, 763.634, 223.586, 265.324, 2.000, 65.565, -40.121
444, 325.000,93.135, -58.022, 5941.556, 746.689, -102.956, 101.984, 82.770, -97.851
445, 230.000, 58.952, 22.469, 595.456, 423.660, -411.665, 2.000, 45.229, -134.177
445, 325.000,72.883, 11.272, 5950.091, 569.840, -375.365, 101.981, 83.458, -123.374
446, 230.000, 1.563, 8.119, 460.146, -512.729, -478.433, 2.000, 33.271, 133.018
446, 630.000,-63.108, -43.350, 3698.029, -837.369, -629.310, 42.001, 74.185, 126.926
447, 230.000, -74.356, 22.533, 673.222, -499.357, 30.632, 2.000, 53.383, 86.490
447, 325.000,-91.896, 24.436, 5940.012, -758.083, 103.944, 101.981, 82.660, 82.193
448, 230.000, -24.770, 51.215, 478.269, -688.318, -31.633, 2.000, 34.765, 92.631
448, 325.000,-45.677, 51.643, 5939.951, -762.148, 72.921, 101.981, 82.655, 84.535
449, 230.000, -66.638, -0.824, 759.845, -298.631, 192.298, 2.000, 64.946, 57.221
449, 325.000,-77.075, 4.534, 5967.707, -465.770, 196.819, 101.981, 85.157, 67.093
450, 230.000, -72.131, 7.587, 247.454, 235.553, 766.032, 2.000, 17.159, -17.093
450, 325.000,-67.497, 31.099, 5932.923, 63.093, 815.864, 101.981, 82.147, -4.422
451, 230.000, 1.669, -62.727, 492.527, 574.004, 362.574, 2.000, 35.959, -57.721
451, 325.000,18.526, -53.738, 5954.237, 595.931, 247.196, 101.981, 83.816, -67.471
452, 230.000, -72.683, 67.483, 90.181, 743.340, -377.938, 2.000, 6.172, -116.950
452, 325.000,-58.511, 63.418, 5977.565, 366.832, -9.827, 101.972, 86.487, -91.535
453, 230.000, -57.743, 50.991, 137.819, 545.900, -621.710, 2.000, 9.457, -138.715
453, 325.000,-42.776, 33.474, 5950.191, 432.312, -526.766, 101.981, 83.467, -140.625
454, 230.000, 34.355, -66.689, 563.587, -393.014, 481.075, 2.000, 42.216, 39.247
454, 325.000,24.134, -54.959, 5970.441, -326.119, 341.531, 101.981, 85.478, 43.678
455, 230.000, 95.713, -3.121, 90.386, 492.603, 672.827, 2.000, 6.186, -36.209
455, 325.000,124.355, 16.824, 5816.689, 1244.523, 698.488, 101.985, 76.215, -60.697
456, 230.000, -5.069, -5.206, 437.722, -630.643, 337.953, 2.000, 31.458, 61.814
456, 325.000,-24.136, 4.816, 5936.657, -709.950, 348.630, 101.982, 82.411, 63.846
457, 230.000, -79.301, -18.504, 686.200, 74.228, -476.595, 2.000, 54.896, -171.147
457, 325.000,-80.862, -32.750, 5960.761, -174.679, -555.036, 101.981, 84.425, 162.530
458, 230.000, -84.333, -47.063, 21.323, 454.936, 704.346, 2.000, 1.457, -32.858
458, 325.000,-77.212, -29.541, 5965.218, 89.131, 526.018, 101.979, 84.889, -9.617
459, 230.000, -61.681, 70.017, 652.821, -493.090, 184.963, 2.000, 51.106, 69.438
459, 325.000,-81.536, 82.062, 5895.763, -870.711, 592.877, 101.982, 79.870, 55.749
460, 230.000, -59.748, -34.326, 607.948, 47.676, -575.891, 2.000, 46.453, -175.267
460, 325.000,-60.389, -51.996, 5949.274, -99.310, -682.265, 101.981, 83.390, 171.718
461, 230.000, -43.741, 26.452, 68.013, -314.779, 774.475, 2.000, 4.651, 22.119
461, 325.000,-54.863, 51.603, 5912.302, -418.693, 859.417, 101.981, 80.815, 25.975
462, 230.000, 48.418, -53.795, 43.004, -156.053, -822.996, 2.000, 2.939, 169.263
462, 325.000,45.631, -81.991, 5900.384, -16.788, -1026.851, 101.981, 80.126, 179.063
463, 230.000, -89.671, 3.243, 277.839, -251.750, -750.301, 2.000, 19.345, 161.452
463, 325.000,-104.126, -18.811, 5898.037, -690.186, -778.544, 101.981, 79.996, 138.443
464, 230.000, -52.445, 58.146, 348.130, 676.208, 353.655, 2.000, 24.523, -62.391
464, 325.000,-34.460, 71.018, 5939.330, 555.757, 533.559, 101.981, 82.609, -46.167
465, 230.000, -15.269, -94.287, 774.180, 278.409, -163.271, 2.000, 67.369, -120.389
465, 325.000,-9.203, -108.153, 5942.314, 204.537, -718.923, 101.982, 82.831, -164.119
466, 230.000, 16.926, 62.667, 561.923, 319.607, -534.432, 2.000, 42.063, -149.119
466, 325.000,26.620, 48.857, 5963.002, 364.522, -422.978, 101.981, 84.650, -139.245
467, 230.000, 44.265, 23.140, 580.712, 96.005, 597.562, 2.000, 43.816, -9.127
467, 325.000,48.091, 41.000, 5949.856, 182.765, 659.551, 101.981, 83.438, -15.488
468, 230.000, -39.121, 86.490, 799.675, -250.224, 37.830, 2.000, 72.439, 81.403
468, 325.000,-49.637, 95.723, 5946.763, -481.552, 522.550, 101.980, 83.186, 42.662
469, 230.000, 40.054, 14.427, 792.124, 241.640, -132.942, 2.000, 70.803, -118.818
469, 325.000,47.645, 10.997, 5979.548, 319.105, -111.244, 101.981, 86.765, -109.219
470, 230.000, 9.322, 15.540, 755.980, -298.239, -207.538, 2.000, 64.330, 124.833
470, 630.000,-15.835, 9.856, 3832.882, -286.051, 7.558, 42.001, 85.730, 88.486
471, 230.000, -91.421, 2.481, 717.711, -423.583, -94.823, 2.000, 58.835, 102.618
471, 325.000,-110.809, 0.056, 5919.516, -906.174, -87.243, 101.981, 81.257, 95.499
472, 230.000, -32.911, -30.946, 199.433, -317.009, -750.504, 2.000, 13.755, 157.101
472, 325.000,-43.520, -54.904, 5917.385, -392.066, -836.687, 101.981, 81.125, 154.893
473, 230.000, -89.318, 4.036, 211.028, 368.573, 723.288, 2.000, 14.572, -27.002
473, 325.000,-83.678, 25.958, 5938.380, 42.491, 776.479, 101.980, 82.539, -3.132
474, 230.000, 44.031, -13.838, 620.696, 560.503, 64.011, 2.000, 47.733, -83.485
474, 325.000,61.175, -12.308, 5952.668, 658.263, 40.391, 101.981, 83.678, -86.489
475, 230.000, -62.039, 20.502, 636.387, 538.711, -91.245, 2.000, 49.352, -99.613
475, 325.000,-48.244, 18.423, 5973.425, 429.659, -52.500, 101.981, 85.855, -96.966
476, 230.000, 85.663, -40.457, 484.976, -334.032, -597.281, 2.000, 35.324, 150.784
476, 325.000,84.199, -61.253, 5926.887, 117.056, -853.174, 101.982, 81.733, -172.188
477, 230.000, -1.265, 88.818, 278.479, -364.281, -702.334, 2.000, 19.391, 152.586
477, 325.000,-12.139, 72.445, 5960.481, -385.084, -439.814, 101.980, 84.399, 138.796
478, 230.000, 56.318, 26.783, 25.393, -432.300, -718.329, 2.000, 1.735, 148.960
478, 325.000,44.024, 4.705, 5939.517, -335.961, -691.694, 101.981, 82.623, 154.094
479, 230.000, -43.312, -21.932, 131.957, -435.519, 704.581, 2.000, 9.052, 31.721
479, 325.000,-57.924, -0.439, 5925.723, -531.255, 687.588, 101.981, 81.658, 37.691
480, 230.000, 99.552, -1.451, 479.652, 16.854, 687.877, 2.000, 34.880, -1.404
480, 325.000,118.465, 17.573, 5871.256, 943.505, 718.113, 102.004, 78.583, -52.725
481, 230.000, -23.631, 72.972, 778.967, 137.534, 278.960, 2.000, 68.234, -26.244
481, 325.000,-20.764, 83.670, 5967.688, 74.526, 500.356, 101.981, 85.155, -8.472
482, 230.000, 74.856, -35.283, 285.953, -105.710, 781.396, 2.000, 19.933, 7.704
482, 325.000,74.961, -13.456, 5945.765, 113.375, 710.053, 101.981, 83.104, -9.072
483, 230.000, 87.499, 43.625, 419.958, -725.059, -38.060, 2.000, 30.045, 93.005
483, 325.000,75.309, 46.677, 5978.849, -285.927, 198.502, 101.977, 86.668, 55.230
484, 230.000, -14.288, 48.460, 820.256, -24.989, -173.434, 2.000, 77.942, 171.801
484, 325.000,-15.290, 44.667, 5988.188, -51.746, -90.057, 101.981, 89.006, 150.119
485, 230.000, 41.665, -5.521, 768.037, 177.111, -286.837, 2.000, 66.302, -148.306
485, 325.000,47.501, -13.705, 5975.875, 255.508, -304.681, 101.981, 86.193, -140.016
486, 230.000, -21.388, 3.989, 704.861, -326.636, 316.234, 2.000, 57.178, 45.927
486, 325.000,-31.152, 13.103, 5967.035, -386.706, 337.919, 101.981, 85.081, 48.852
487, 230.000, -49.180, 80.146, 676.294, 451.699, 205.226, 2.000, 53.736, -65.566
487, 325.000,-40.840, 92.628, 5952.178, 224.323, 624.573, 101.980, 83.638, -19.756
488, 230.000, -37.030, -45.487, 497.212, -661.479, -136.929, 2.000, 36.355, 101.695
488, 325.000,-57.491, -50.814, 5934.935, -766.237, -242.158, 101.981, 82.289, 107.538
489, 230.000, -29.492, -33.503, 144.909, 386.064, -730.397, 2.000, 9.949, -152.141
489, 325.000,-18.127, -57.054, 5923.112, 344.629, -816.808, 101.981, 81.488, -157.124
490, 230.000, 16.160, -58.666, 143.936, 773.151, -291.624, 2.000, 9.881, -110.666
490, 325.000,40.681, -69.579, 5913.078, 842.348, -441.787, 101.981, 80.862, -117.676
491, 230.000, -19.222, -9.380, 448.832, 642.441, -298.903, 2.000, 32.351, -114.951
491, 630.000,38.737, -60.325, 3719.166, 655.883, -717.544, 42.014, 75.351, -137.571
492, 230.000, 42.376, -86.160, 104.772, 347.539, -756.150, 2.000, 7.176, -155.316
492, 325.000,60.353, -124.226, 5740.752, 732.485, -1542.473, 101.989, 73.435, -154.598
493, 230.000, 1.828, 30.349, 386.424, 719.422, -191.395, 2.000, 27.433, -104.898
493, 325.000,23.520, 25.226, 5939.899, 754.191, -134.105, 101.981, 82.652, -100.083
494, 230.000, 14.376, -77.398, 274.562, 783.315, -120.653, 2.000, 19.107, -98.756
494, 325.000,38.655, -84.762, 5913.690, 867.881, -379.850, 101.981, 80.899, -113.638
495, 230.000, -49.963, 26.381, 391.211, 724.897, -158.120, 2.000, 27.802, -102.305
495, 325.000,-29.456, 22.265, 5952.744, 649.537, -110.021, 101.981, 83.685, -99.614
496, 230.000, 14.434, 87.591, 58.619, 666.362, 506.013, 2.000, 4.008, -52.788
496, 325.000,36.313, 111.089, 5852.492, 786.367, 999.749, 101.982, 77.738, -38.187
497, 230.000, 45.334, 5.521, 248.324, -307.203, 739.922, 2.000, 17.221, 22.547
497, 325.000,36.900, 28.333, 5934.108, -234.076, 775.088, 101.981, 82.230, 16.804
498, 230.000, -17.672, -96.323, 440.205, 383.337, 602.325, 2.000, 31.657, -32.474
498, 325.000,-8.599, -88.685, 5980.317, 305.894, 99.239, 101.976, 86.922, -72.026
499, 230.000, -61.022, -43.532, 480.420, -494.154, -478.051, 2.000, 34.944, 134.051
499, 325.000,-78.297, -59.525, 5912.192, -711.934, -639.058, 101.981, 80.808, 131.912
500, 230.000, -3.363, 1.098, 491.017, 527.468, -429.189, 2.000, 35.832, -129.134
500, 630.000,60.605, -53.126, 3689.077, 818.040, -702.831, 42.000, 73.704, -130.668
