ion,x0,y0,z0,vx0,vy0,vz0,ke0,elev0,azim0,x1,y1,z1,vx1,vy1,vz1,ke1,elev1,azim1
1, 230.000, -80.316, -30.057, 614.373, -570.984, 6.843, 2.000, 47.094, 89.313
1, 325.000,-101.785, -31.830, 5914.520, -934.763, -118.338, 101.981, 80.948, 97.215
2, 230.000, 50.488, 54.793, 269.289, 467.412, 642.288, 2.000, 18.727, -36.044
2, 325.000,67.129, 76.940, 5890.557, 659.655, 857.591, 101.981, 79.592, -37.567
3, 230.000, 8.451, -24.847, 692.933, -98.176, -462.309, 2.000, 55.704, 168.011
3, 325.000,5.810, -38.543, 5965.477, -85.585, -524.368, 101.981, 84.910, 170.730
4, 230.000, -14.958, 68.877, 16.357, 658.021, -519.870, 2.000, 1.117, -128.310
4, 325.000,5.377, 54.445, 5940.741, 650.824, -391.396, 101.981, 82.715, -121.022
5, 230.000, 17.899, 28.876, 334.231, 631.409, -439.473, 2.000, 23.483, -124.839
5, 325.000,37.404, 16.145, 5936.011, 687.131, -401.027, 101.981, 82.366, -120.269
6, 230.000, 61.653, 42.877, 153.971, -619.175, -544.463, 2.000, 10.578, 131.326
6, 325.000,44.481, 27.432, 5949.450, -503.746, -468.449, 101.981, 83.405, 132.921
7, 230.000, 20.268, 26.683, 545.643, -325.642, -547.499, 2.000, 40.582, 149.257
7, 630.000,4.618, -7.045, 5357.925, -118.911, -339.859, 81.987, 86.155, 160.716
8, 230.000, 77.222, 57.274, 431.886, -67.769, -715.825, 2.000, 30.991, 174.592
8, 325.000,82.059, 41.929, 5962.439, 327.768, -458.728, 101.979, 84.598, -144.454
9, 230.000, 3.135, 91.928, 493.449, -406.264, -543.122, 2.000, 36.037, 143.203
9, 325.000,-8.262, 82.156, 5971.275, -413.130, -205.385, 101.980, 85.582, 116.434
10, 230.000, -80.950, 30.809, 356.091, -684.027, 329.895, 2.000, 25.122, 64.253
10, 325.000,-107.588, 43.007, 5864.438, -1109.879, 495.985, 101.982, 78.289, 65.921
11, 230.000, 96.798, -17.965, 146.957, 825.649, -15.201, 2.000, 10.091, -91.055
11, 325.000,145.049, -22.684, 5672.028, 1912.936, -207.062, 101.995, 71.262, -96.178
12, 230.000, 91.717, -7.704, 312.575, -487.097, -607.090, 2.000, 21.880, 141.258
12, 325.000,83.548, -26.027, 5949.979, -130.059, -670.707, 101.980, 83.450, 169.026
13, 230.000, 93.428, 26.223, 720.911, 394.342, -168.242, 2.000, 59.260, -113.105
13, 325.000,116.241, 24.950, 5893.008, 1069.209, 5.360, 101.985, 79.716, -89.713
14, 230.000, -87.131, -38.594, 489.430, 39.652, 680.007, 2.000, 35.698, -3.337
14, 325.000,-93.626, -22.704, 5952.601, -409.730, 517.013, 101.979, 83.676, 38.397
15, 230.000, -30.491, -70.967, 399.556, -727.488, 120.996, 2.000, 28.448, 80.557
15, 325.000,-53.309, -70.494, 5927.524, -851.909, -89.063, 101.981, 81.777, 95.968
16, 230.000, -33.170, 53.137, 113.373, -126.713, 821.349, 2.000, 7.768, 8.770
16, 325.000,-38.305, 80.657, 5901.788, -218.385, 995.209, 101.981, 80.205, 12.377
17, 230.000, 55.017, 17.302, 440.794, 49.870, 711.855, 2.000, 31.704, -4.007
17, 325.000,57.976, 38.836, 5936.821, 166.198, 771.838, 101.981, 82.425, -12.152
18, 230.000, -2.797, 16.859, 356.117, -537.641, 536.328, 2.000, 25.124, 45.070
18, 325.000,-19.128, 33.432, 5933.305, -563.513, 589.530, 101.981, 82.174, 43.707
19, 230.000, 9.539, -95.947, 690.680, -436.122, 190.481, 2.000, 55.432, 66.406
19, 325.000,-1.498, -100.007, 5965.520, -405.284, -341.362, 101.978, 84.924, 130.107
20, 230.000, 17.277, -95.772, 5.913, -135.825, 827.672, 2.000, 0.404, 9.319
20, 325.000,14.553, -78.433, 5973.267, -63.197, 429.295, 101.978, 85.845, 8.374
21, 230.000, -69.784, -70.962, 445.120, 625.477, -337.892, 2.000, 32.052, -118.379
21, 325.000,-63.473, -91.772, 5912.750, 83.109, -950.387, 101.985, 80.834, -175.002
22, 230.000, -55.538, 34.465, 680.646, -470.132, 138.640, 2.000, 54.241, 73.569
22, 325.000,-70.656, 39.501, 5952.609, -620.035, 226.314, 101.981, 83.673, 69.948
23, 230.000, -6.098, 5.979, 464.933, -620.006, 320.863, 2.000, 33.663, 62.638
23, 325.000,-24.715, 15.675, 5940.517, -672.856, 355.941, 101.981, 82.698, 62.121
24, 230.000, 7.116, -52.714, 612.248, 470.609, -327.419, 2.000, 46.882, -124.828
24, 325.000,20.846, -63.447, 5951.954, 499.062, -440.891, 101.981, 83.616, -131.459
25, 230.000, -13.995, -18.224, 272.693, 522.328, -596.939, 2.000, 18.972, -138.814
25, 325.000,1.750, -36.916, 5930.516, 515.241, -657.808, 101.981, 81.980, -141.929
26, 230.000, -91.353, 16.928, 488.662, 673.668, 104.425, 2.000, 35.634, -81.189
26, 325.000,-77.967, 20.977, 5976.807, 339.548, 177.205, 101.980, 86.333, -62.441
27, 230.000, 31.123, -0.591, 796.988, 107.253, -238.393, 2.000, 71.841, -155.777
27, 325.000,34.747, -7.297, 5981.454, 173.011, -247.994, 101.981, 87.106, -145.099
28, 230.000, -2.252, 82.527, 383.814, -442.470, -600.359, 2.000, 27.232, 143.609
28, 325.000,-15.370, 68.205, 5957.988, -466.751, -391.993, 101.981, 84.159, 130.025
29, 230.000, 77.823, 58.510, 620.593, 470.775, 311.061, 2.000, 47.722, -56.546
29, 325.000,102.708, 76.015, 5833.908, 1104.765, 785.150, 101.987, 76.921, -54.599
30, 230.000, 7.553, 81.525, 357.192, 320.103, 688.093, 2.000, 25.205, -24.948
30, 325.000,17.531, 107.049, 5884.696, 367.329, 1051.073, 101.981, 79.286, -19.263
31, 230.000, 86.838, 25.545, 92.792, -783.007, 286.031, 2.000, 6.352, 69.933
31, 325.000,67.767, 35.651, 5954.102, -514.833, 390.704, 101.980, 83.805, 52.805
32, 230.000, -1.489, 24.287, 529.209, 436.165, -482.931, 2.000, 39.119, -137.913
32, 630.000,45.511, -4.822, 5323.553, 645.785, -285.355, 81.992, 82.445, -113.839
33, 230.000, -2.452, -72.106, 722.908, -341.960, 252.965, 2.000, 59.528, 53.508
33, 325.000,-12.134, -67.280, 5977.611, -359.167, 91.309, 101.981, 86.452, 75.736
34, 230.000, -73.927, 57.684, 632.317, 196.539, 514.851, 2.000, 48.927, -20.894
34, 325.000,-75.193, 77.356, 5924.761, -191.805, 854.148, 101.981, 81.595, 12.656
35, 230.000, -52.308, -1.781, 695.032, 102.416, 458.220, 2.000, 55.959, -12.599
35, 325.000,-50.563, 11.200, 5970.748, 9.387, 468.262, 101.981, 85.515, -1.148
36, 230.000, -29.334, -7.663, 715.433, -349.916, 263.132, 2.000, 58.535, 53.057
36, 325.000,-39.863, -0.325, 5969.122, -415.328, 257.457, 101.981, 85.320, 58.206
37, 230.000, -13.066, -37.274, 762.277, 341.986, -74.185, 2.000, 65.342, -102.239
37, 325.000,-3.686, -40.110, 5978.311, 328.586, -145.011, 101.981, 86.562, -113.813
38, 230.000, 27.755, 51.548, 485.437, 480.402, 486.918, 2.000, 35.363, -44.614
38, 325.000,42.690, 67.380, 5930.466, 560.092, 620.553, 101.981, 81.977, -42.068
39, 230.000, -38.553, -12.275, 390.418, -24.658, -741.950, 2.000, 27.741, 178.097
39, 325.000,-40.110, -34.771, 5936.478, -93.549, -786.557, 101.981, 82.400, 173.217
40, 230.000, 19.478, 55.008, 640.611, 192.996, 505.860, 2.000, 49.796, -20.883
40, 325.000,25.547, 71.027, 5949.762, 241.409, 641.298, 101.981, 83.430, -20.628
41, 230.000, 82.086, 48.181, 87.442, 834.052, -15.355, 2.000, 5.984, -91.055
41, 325.000,120.004, 55.006, 5779.603, 1529.871, 355.936, 101.986, 74.796, -76.903
42, 230.000, 87.675, -30.370, 324.887, -763.478, 122.773, 2.000, 22.789, 80.865
42, 325.000,70.653, -28.612, 5970.889, -466.075, 12.952, 101.980, 85.535, 88.408
43, 230.000, 49.624, 82.083, 692.651, 468.752, -63.483, 2.000, 55.670, -97.713
43, 325.000,67.971, 89.272, 5918.845, 801.581, 440.487, 101.981, 81.216, -61.210
44, 230.000, -17.028, 58.875, 767.934, 312.523, -127.005, 2.000, 66.285, -112.116
44, 325.000,-8.700, 56.784, 5982.138, 288.099, -14.430, 101.981, 87.239, -92.867
45, 230.000, -40.856, -66.782, 463.627, -361.339, 598.338, 2.000, 33.556, 31.128
45, 325.000,-52.965, -51.875, 5953.024, -486.352, 440.623, 101.981, 83.709, 47.824
46, 230.000, 41.563, -36.513, 13.413, 146.986, -825.675, 2.000, 0.916, -169.906
46, 325.000,47.466, -63.842, 5909.625, 246.054, -940.747, 101.981, 80.656, -165.343
47, 230.000, 14.260, -89.860, 27.313, 341.897, -765.431, 2.000, 1.866, -155.931
47, 325.000,26.493, -123.833, 5810.019, 455.308, -1380.692, 101.983, 75.951, -161.749
48, 230.000, -94.989, -1.649, 543.237, -248.782, -588.664, 2.000, 40.366, 157.090
48, 325.000,-112.248, -18.492, 5895.778, -841.862, -633.088, 101.982, 79.870, 126.944
49, 230.000, -17.331, 7.345, 96.094, 684.896, 474.560, 2.000, 6.579, -55.282
49, 325.000,4.010, 22.628, 5922.962, 685.566, 563.674, 101.981, 81.478, -50.573
50, 230.000, -80.627, -31.271, 440.973, -2.497, 713.484, 2.000, 31.718, 0.201
50, 325.000,-84.996, -12.206, 5948.275, -286.400, 636.470, 101.981, 83.308, 24.227
51, 230.000, 27.383, -27.489, 337.430, -48.449, -766.366, 2.000, 23.722, 176.383
51, 325.000,26.508, -51.257, 5930.044, -1.462, -838.916, 101.981, 81.948, 179.900
52, 230.000, -25.950, -90.502, 806.510, -226.528, 41.840, 2.000, 74.059, 79.535
52, 325.000,-34.321, -97.094, 5962.626, -371.488, -422.085, 101.980, 84.613, 138.648
53, 230.000, -23.204, 95.883, 235.602, -159.662, 789.002, 2.000, 16.313, 11.440
53, 325.000,-33.491, 142.310, 5678.897, -416.163, 1857.877, 101.997, 71.466, 12.626
54, 230.000, -68.094, -33.828, 64.737, -692.678, 468.540, 2.000, 4.427, 55.925
54, 325.000,-92.947, -20.808, 5901.168, -948.035, 383.003, 101.981, 80.170, 68.001
55, 230.000, -31.548, -39.459, 268.060, -726.061, 323.269, 2.000, 18.638, 66.000
55, 325.000,-54.465, -30.546, 5928.371, -810.384, 258.627, 101.981, 81.834, 72.300
56, 230.000, -54.490, -61.663, 331.876, 714.687, -287.410, 2.000, 23.308, -111.907
56, 325.000,-35.736, -73.003, 5940.899, 577.522, -491.330, 101.981, 82.727, -130.390
57, 230.000, -50.225, -37.348, 40.905, -720.747, 427.052, 2.000, 2.795, 59.353
57, 325.000,-74.566, -25.057, 5914.989, -868.905, 356.532, 101.981, 80.978, 67.691
58, 230.000, 28.155, 74.613, 675.680, -213.630, -448.713, 2.000, 53.665, 154.541
58, 325.000,23.179, 64.733, 5981.313, -146.806, -267.394, 101.981, 87.080, 151.232
59, 230.000, -76.791, -38.424, 94.430, -710.751, 435.247, 2.000, 6.464, 58.518
59, 325.000,-104.144, -27.760, 5881.397, -1092.394, 291.870, 101.981, 79.118, 75.041
60, 230.000, -36.612, 1.647, 755.570, 359.424, -58.753, 2.000, 64.265, -99.284
60, 325.000,-27.226, 0.020, 5982.276, 279.952, -57.452, 101.981, 87.265, -101.597
61, 230.000, 56.890, -47.333, 667.770, 270.373, 429.541, 2.000, 52.763, -32.188
61, 325.000,66.546, -36.832, 5965.140, 426.176, 323.530, 101.981, 84.874, -52.796
62, 230.000, 56.189, -13.106, 583.528, 562.840, 215.013, 2.000, 44.083, -69.092
62, 325.000,74.012, -7.252, 5944.688, 701.584, 194.105, 101.981, 83.019, -74.535
63, 230.000, 59.122, 44.308, 778.199, -186.819, -251.056, 2.000, 68.093, 143.346
63, 325.000,55.835, 38.757, 5986.915, -51.096, -153.026, 101.981, 88.456, 161.536
64, 230.000, -76.629, -40.649, 599.398, -252.008, 529.847, 2.000, 45.612, 25.437
64, 325.000,-88.151, -27.949, 5950.152, -550.748, 402.068, 101.981, 83.462, 53.869
65, 230.000, -28.958, 17.270, 131.394, 790.298, -248.374, 2.000, 9.013, -107.447
65, 630.000,32.667, 6.280, 5323.838, 700.157, -63.005, 81.989, 82.478, -95.142
66, 230.000, -47.907, 74.030, 383.327, -224.260, -711.542, 2.000, 27.195, 162.506
66, 325.000,-57.012, 57.167, 5955.792, -401.965, -485.869, 101.981, 83.956, 140.399
67, 230.000, 4.740, 32.567, 507.400, 242.375, 622.353, 2.000, 37.224, -21.278
67, 325.000,11.968, 51.539, 5942.839, 257.690, 696.749, 101.981, 82.875, -20.297
68, 230.000, 74.203, -48.479, 198.818, 205.834, 788.434, 2.000, 13.712, -14.631
68, 325.000,84.860, -27.683, 5933.232, 502.485, 642.930, 101.980, 82.169, -38.010
69, 230.000, 22.417, -50.315, 750.732, -284.058, -243.383, 2.000, 63.514, 130.590
69, 325.000,14.957, -58.356, 5973.852, -249.560, -346.415, 101.981, 85.912, 144.231
70, 230.000, -37.550, 87.167, 334.307, -700.941, -316.929, 2.000, 23.489, 114.330
70, 325.000,-61.680, 86.618, 5909.668, -958.201, 162.317, 101.979, 80.661, 80.385
71, 230.000, 44.367, 50.881, 463.192, 201.677, -669.554, 2.000, 33.520, -163.237
71, 325.000,51.552, 32.662, 5952.935, 304.111, -582.457, 101.981, 83.701, -152.430
72, 230.000, 35.271, -49.841, 759.103, 354.629, -39.053, 2.000, 64.827, -96.284
72, 325.000,46.174, -52.286, 5971.131, 440.054, -145.412, 101.981, 85.562, -108.286
73, 230.000, -7.120, -99.572, 655.688, 521.313, -42.780, 2.000, 51.419, -94.691
73, 325.000,5.722, -121.500, 5875.221, 479.786, -1064.698, 102.017, 78.758, -155.742
74, 230.000, 74.862, 14.325, 255.031, 775.363, 193.119, 2.000, 17.701, -76.014
74, 325.000,102.310, 20.934, 5885.739, 1078.494, 253.411, 101.981, 79.340, -76.777
75, 230.000, 28.906, -51.398, 521.043, -623.980, -206.607, 2.000, 38.404, 108.320
75, 325.000,11.421, -58.726, 5951.982, -586.432, -314.951, 101.981, 83.619, 118.239
76, 230.000, -8.605, -80.957, 56.725, -163.619, -820.692, 2.000, 3.878, 168.725
76, 325.000,-14.293, -112.057, 5860.787, -210.157, -1215.063, 101.981, 78.118, 170.187
77, 230.000, -88.279, 29.043, 392.568, -690.138, -270.414, 2.000, 27.907, 111.397
77, 325.000,-117.907, 24.265, 5852.877, -1265.344, -111.976, 101.983, 77.755, 95.057
78, 230.000, -76.099, 43.507, 257.284, -764.768, -229.038, 2.000, 17.863, 106.672
78, 325.000,-105.056, 40.083, 5872.711, -1174.520, -34.402, 101.981, 78.686, 91.678
79, 230.000, 2.414, -62.985, 823.456, -159.431, 5.122, 2.000, 79.037, 88.160
79, 325.000,-1.944, -64.510, 5985.659, -159.213, -125.240, 101.981, 88.062, 128.189
80, 230.000, -96.835, 3.595, 722.319, 266.914, -332.470, 2.000, 59.448, -141.242
80, 325.000,-99.143, -5.105, 5973.651, -276.069, -329.206, 101.980, 85.886, 140.017
81, 230.000, -68.888, 13.052, 302.950, 678.296, 389.435, 2.000, 21.173, -60.138
81, 325.000,-50.447, 25.156, 5947.886, 552.877, 431.449, 101.981, 83.275, -52.033
82, 230.000, 30.820, -71.828, 641.199, 183.708, 508.565, 2.000, 49.859, -19.861
82, 325.000,37.151, -60.022, 5973.340, 271.086, 338.956, 101.981, 85.844, -38.652
83, 230.000, -38.248, 22.307, 836.357, 0.180, 63.487, 2.000, 85.659, -0.162
83, 325.000,-39.019, 24.525, 5987.792, -67.497, 104.748, 101.981, 88.808, 32.797
84, 230.000, -17.439, 84.511, 70.292, 382.479, -743.164, 2.000, 4.807, -152.767
84, 325.000,-6.406, 65.236, 5955.262, 348.925, -531.218, 101.980, 83.908, -146.702
85, 230.000, 22.433, 67.653, 418.755, 211.605, 695.264, 2.000, 29.951, -16.928
85, 325.000,29.643, 91.085, 5909.790, 287.870, 927.770, 101.981, 80.666, -17.238
86, 230.000, -63.485, -41.886, 113.014, -634.028, 537.364, 2.000, 7.744, 49.717
86, 325.000,-85.935, -27.110, 5911.181, -859.105, 434.859, 101.981, 80.748, 63.153
87, 230.000, 66.195, 2.985, 82.937, -528.181, -646.274, 2.000, 5.675, 140.742
87, 325.000,51.460, -17.154, 5938.025, -410.582, -663.673, 101.981, 82.513, 148.257
88, 230.000, 7.261, 4.949, 59.592, -447.784, -706.726, 2.000, 4.074, 147.642
88, 630.000,-37.524, -72.298, 5241.042, -570.166, -1020.868, 81.984, 77.423, 150.816
89, 230.000, -81.909, -18.898, 357.397, 659.074, 376.050, 2.000, 25.220, -60.292
89, 325.000,-65.804, -8.571, 5962.213, 454.848, 338.001, 101.981, 84.571, -53.384
90, 230.000, 15.206, -75.183, 712.669, -423.729, 126.813, 2.000, 58.175, 73.339
90, 325.000,3.867, -74.354, 5975.413, -398.987, -66.368, 101.981, 86.128, 99.444
91, 230.000, 21.652, 5.574, 555.344, -286.200, 559.648, 2.000, 41.460, 27.085
91, 325.000,13.740, 22.133, 5952.520, -236.516, 616.833, 101.980, 83.667, 20.979
92, 230.000, -33.049, 23.845, 478.449, -455.794, -516.588, 2.000, 34.780, 138.578
92, 325.000,-47.199, 9.083, 5945.555, -528.490, -490.175, 101.981, 83.087, 132.846
93, 230.000, -41.439, -2.151, 55.803, 824.802, 141.818, 2.000, 3.815, -80.244
93, 630.000,12.083, 12.066, 5341.403, 524.794, 184.583, 81.996, 84.054, -70.622
94, 230.000, -12.433, -33.859, 160.140, -93.145, 818.048, 2.000, 11.007, 6.496
94, 630.000,-35.636, 25.821, 5317.347, -381.273, 650.109, 82.002, 81.933, 30.391
95, 230.000, 53.955, -12.182, 738.138, -341.134, 205.678, 2.000, 61.646, 58.913
95, 325.000,45.538, -6.653, 5980.863, -250.479, 189.005, 101.981, 86.997, 52.963
96, 230.000, 4.067, -53.904, 517.127, 496.130, -435.843, 2.000, 38.064, -131.299
96, 325.000,18.687, -68.052, 5940.142, 520.486, -559.469, 101.981, 82.670, -137.067
97, 230.000, 50.206, -39.167, 504.277, 516.709, 426.897, 2.000, 36.957, -50.437
97, 325.000,66.786, -27.843, 5943.535, 646.596, 354.258, 101.981, 82.929, -61.282
98, 230.000, -59.397, -19.427, 138.305, 607.501, -561.550, 2.000, 9.491, -132.749
98, 325.000,-42.086, -37.375, 5935.048, 509.017, -620.712, 101.981, 82.297, -140.646
99, 230.000, 27.413, -94.205, 536.274, 527.633, 370.860, 2.000, 39.744, -54.898
99, 325.000,45.490, -95.474, 5937.192, 744.649, -246.950, 101.971, 82.473, -108.347
100, 230.000, -45.538, 10.525, 340.630, 750.465, 155.875, 2.000, 23.961, -78.266
100, 325.000,-23.860, 15.480, 5947.919, 674.595, 190.753, 101.981, 83.278, -74.211
101, 230.000, 39.666, -53.939, 286.491, 227.939, -754.646, 2.000, 19.972, -163.193
101, 325.000,48.099, -78.872, 5905.139, 347.719, -936.833, 101.981, 80.395, -159.637
102, 230.000, 48.663, 37.665, 316.594, 486.137, 605.775, 2.000, 22.176, -38.747
102, 325.000,64.968, 57.213, 5912.172, 626.245, 723.366, 101.981, 80.807, -40.884
103, 230.000, -5.732, -61.299, 331.440, -111.927, 762.328, 2.000, 23.276, 8.353
103, 325.000,-9.240, -39.824, 5950.524, -127.303, 666.501, 101.981, 83.495, 10.813
104, 230.000, 53.339, 61.432, 145.165, 302.891, -768.575, 2.000, 9.966, -158.491
104, 325.000,64.878, 40.496, 5937.769, 472.198, -623.756, 101.981, 82.494, -142.873
105, 230.000, -8.922, -2.003, 507.451, -603.090, -286.879, 2.000, 37.229, 115.440
105, 325.000,-26.969, -10.538, 5944.212, -663.274, -309.294, 101.981, 82.981, 115.000
106, 230.000, -2.800, 22.374, 762.559, -157.260, 311.926, 2.000, 65.388, 26.755
106, 325.000,-7.305, 31.648, 5974.945, -170.033, 374.600, 101.981, 86.061, 24.414
107, 230.000, 26.272, -75.763, 38.448, 416.457, 727.055, 2.000, 2.627, -29.804
107, 325.000,40.265, -55.977, 5941.820, 504.799, 555.973, 101.981, 82.797, -42.238
108, 230.000, -43.024, 40.519, 53.141, -328.373, -769.981, 2.000, 3.632, 156.903
108, 325.000,-54.472, 17.264, 5930.736, -425.169, -717.495, 101.981, 81.995, 149.350
109, 230.000, -8.577, -75.975, 494.626, -633.236, -240.585, 2.000, 36.136, 110.803
109, 325.000,-27.383, -86.291, 5930.051, -686.508, -482.110, 101.981, 81.948, 125.079
110, 230.000, -3.849, -65.894, 159.449, -6.671, -823.441, 2.000, 10.959, 179.536
110, 325.000,-4.206, -93.953, 5897.046, -17.775, -1045.839, 101.981, 79.942, 179.026
111, 230.000, -80.329, 22.455, 677.881, 479.275, -119.568, 2.000, 53.920, -104.008
111, 325.000,-70.248, 20.041, 5983.028, 262.840, -58.515, 101.981, 87.423, -102.551
112, 230.000, -29.214, 23.860, 8.396, -837.491, 45.412, 2.000, 0.574, 86.896
112, 325.000,-56.625, 25.844, 5917.465, -919.073, 90.072, 101.981, 81.130, 84.403
113, 230.000, -76.225, 10.331, 209.467, 471.076, 661.615, 2.000, 14.462, -35.451
113, 325.000,-64.689, 30.849, 5939.025, 291.237, 715.773, 101.981, 82.587, -22.141
114, 230.000, -63.068, -60.106, 734.017, -344.174, 215.144, 2.000, 61.059, 57.990
114, 325.000,-76.339, -57.677, 5958.633, -603.270, -7.152, 101.981, 84.219, 90.679
115, 230.000, 13.576, 66.207, 77.357, -722.660, 418.692, 2.000, 5.292, 59.913
115, 325.000,-8.565, 81.642, 5914.818, -719.095, 605.839, 101.981, 80.967, 49.886
116, 230.000, -34.409, -20.945, 510.215, 641.414, 178.304, 2.000, 37.466, -74.465
116, 325.000,-16.297, -16.182, 5961.141, 565.651, 113.884, 101.978, 84.471, -78.617
117, 230.000, -26.374, -64.500, 142.657, -535.224, -629.848, 2.000, 9.792, 139.643
117, 325.000,-44.091, -86.798, 5892.985, -640.739, -855.238, 101.981, 79.722, 143.160
118, 230.000, 72.017, 22.436, 602.649, -459.179, -359.851, 2.000, 45.931, 128.085
118, 325.000,61.224, 12.877, 5972.893, -303.446, -318.789, 101.981, 85.786, 136.413
119, 230.000, -29.095, 92.998, 315.877, -777.011, 0.223, 2.000, 22.123, 89.984
119, 325.000,-55.959, 106.657, 5852.326, -1052.759, 715.590, 101.983, 77.729, 55.795
120, 230.000, 11.562, 94.976, 830.726, 14.021, -114.988, 2.000, 82.062, -173.048
120, 325.000,12.997, 100.559, 5975.536, 77.538, 395.220, 101.981, 86.144, -11.100
121, 230.000, 15.805, -92.905, 370.272, 322.802, -679.868, 2.000, 26.196, -154.602
121, 325.000,27.287, -124.670, 5816.008, 451.298, -1356.742, 101.984, 76.188, -161.601
122, 230.000, 37.664, -84.801, 376.825, -711.234, -235.951, 2.000, 26.696, 108.353
122, 325.000,20.076, -98.582, 5924.992, -566.242, -665.766, 101.981, 81.609, 139.618
123, 230.000, 10.620, 64.366, 69.626, 834.690, 44.377, 2.000, 4.762, -86.957
123, 325.000,37.149, 67.844, 5918.559, 894.344, 200.038, 101.981, 81.198, -77.392
124, 230.000, 60.712, 22.105, 587.828, -302.299, 516.331, 2.000, 44.493, 30.348
124, 325.000,53.700, 37.601, 5958.103, -182.126, 580.533, 101.981, 84.169, 17.418
125, 230.000, -19.409, 82.127, 449.216, -431.959, -561.374, 2.000, 32.383, 142.423
125, 325.000,-32.854, 69.537, 5958.117, -510.387, -330.889, 101.981, 84.171, 122.956
126, 230.000, 44.996, 1.346, 541.854, 637.898, 54.811, 2.000, 40.242, -85.089
126, 325.000,64.649, 2.977, 5942.835, 740.569, 58.964, 101.981, 82.874, -85.448
127, 230.000, -67.876, 17.203, 378.899, 258.813, 702.122, 2.000, 26.855, -20.235
127, 325.000,-62.410, 38.657, 5938.452, 104.426, 770.115, 101.981, 82.544, -7.722
128, 230.000, 43.752, -35.754, 478.935, -60.034, 685.960, 2.000, 34.820, 5.002
128, 325.000,42.995, -16.394, 5954.769, 21.232, 639.884, 101.981, 83.863, -1.900
129, 230.000, -53.346, -4.424, 150.873, 383.605, -730.485, 2.000, 10.363, -152.294
129, 325.000,-42.658, -27.242, 5932.788, 296.499, -763.753, 101.981, 82.137, -158.783
130, 230.000, -75.210, -54.156, 513.236, 608.334, -264.656, 2.000, 37.727, -113.511
130, 325.000,-63.260, -65.524, 5958.824, 307.650, -516.615, 101.981, 84.238, -149.226
131, 230.000, 46.356, 11.197, 349.205, -581.203, 493.743, 2.000, 24.603, 49.651
131, 325.000,29.833, 26.328, 5943.281, -512.757, 532.628, 101.981, 82.909, 43.911
132, 230.000, -4.030, 17.168, 498.722, -609.830, -287.937, 2.000, 36.484, 115.275
132, 325.000,-22.237, 9.031, 5945.071, -681.609, -246.074, 101.980, 83.050, 109.851
133, 230.000, 48.418, 49.681, 195.234, -802.072, 148.623, 2.000, 13.460, 79.502
133, 325.000,25.257, 55.708, 5939.224, -724.729, 263.741, 101.981, 82.601, 70.003
134, 230.000, 69.883, 65.472, 209.441, 766.481, 268.636, 2.000, 14.460, -70.685
134, 325.000,103.847, 83.783, 5773.744, 1373.364, 805.621, 101.987, 74.583, -59.604
135, 230.000, 25.843, 50.739, 401.502, -511.298, -529.995, 2.000, 28.599, 136.029
135, 325.000,11.191, 36.101, 5953.218, -477.801, -447.291, 101.981, 83.726, 133.111
136, 230.000, 59.365, 70.420, 672.966, -357.812, 350.158, 2.000, 53.353, 45.619
136, 325.000,53.974, 85.585, 5947.159, -95.084, 701.034, 101.981, 83.216, 7.724
137, 230.000, 29.358, -86.371, 468.465, -209.776, -663.369, 2.000, 33.953, 162.452
137, 325.000,26.020, -113.570, 5873.400, -62.909, -1169.954, 101.982, 78.719, 176.922
138, 230.000, 2.345, 64.090, 785.827, -286.550, -62.361, 2.000, 69.535, 102.278
138, 325.000,-5.585, 64.076, 5981.635, -290.375, 70.031, 101.981, 87.141, 76.441
139, 230.000, 36.870, -24.616, 489.942, -130.163, 668.235, 2.000, 35.741, 11.022
139, 325.000,33.818, -5.431, 5954.177, -58.533, 643.087, 101.981, 83.810, 5.201
140, 230.000, -10.576, 25.403, 114.934, -800.476, -222.603, 2.000, 7.876, 105.541
140, 325.000,-35.987, 18.913, 5925.534, -850.679, -183.272, 101.981, 81.646, 102.158
141, 230.000, 43.215, -69.243, 756.697, -78.285, 353.278, 2.000, 64.443, 12.495
141, 325.000,42.801, -62.255, 5986.590, 42.973, 167.495, 101.981, 88.345, -14.390
142, 230.000, -61.212, 27.184, 335.894, -653.195, -405.012, 2.000, 23.607, 121.801
142, 325.000,-82.976, 15.983, 5919.907, -836.886, -351.475, 101.981, 81.283, 112.781
143, 230.000, -9.440, -32.359, 835.640, -35.429, -63.038, 2.000, 85.054, 150.663
143, 325.000,-10.613, -34.751, 5987.469, -54.964, -128.032, 101.981, 88.667, 156.766
144, 230.000, -5.283, 38.775, 275.688, -200.174, 766.453, 2.000, 19.189, 14.637
144, 325.000,-11.518, 63.062, 5922.841, -216.221, 861.629, 101.981, 81.470, 14.087
145, 230.000, 11.673, -46.123, 641.353, -17.954, 540.248, 2.000, 49.875, 1.903
145, 325.000,11.407, -31.581, 5971.056, 5.719, 464.354, 101.981, 85.553, -0.706
146, 230.000, -54.028, -20.231, 496.572, 540.692, 405.701, 2.000, 36.301, -53.118
146, 325.000,-39.409, -8.794, 5959.849, 453.027, 379.671, 101.981, 84.336, -50.034
147, 230.000, 44.205, 35.772, 144.346, -286.292, -775.064, 2.000, 9.910, 159.727
147, 325.000,36.321, 12.482, 5940.408, -208.677, -732.930, 101.981, 82.690, 164.107
148, 230.000, -28.545, -83.582, 645.295, 248.215, -474.876, 2.000, 50.295, -152.404
148, 325.000,-23.551, -102.799, 5924.613, 135.206, -866.036, 101.981, 81.584, -171.127
149, 230.000, 77.265, 44.677, 232.966, -780.912, -198.561, 2.000, 16.126, 104.266
149, 325.000,57.775, 40.962, 5962.127, -564.152, -61.721, 101.980, 84.563, 96.244
150, 230.000, -82.593, -9.007, 472.100, -49.843, 691.492, 2.000, 34.253, 4.123
150, 325.000,-88.165, 10.625, 5939.756, -329.862, 692.505, 101.980, 82.642, 25.470
151, 230.000, -23.436, 34.953, 534.329, -629.600, 147.040, 2.000, 39.572, 76.854
151, 325.000,-42.357, 40.010, 5945.372, -689.995, 213.662, 101.981, 83.073, 72.795
152, 230.000, 14.761, 13.756, 325.553, 759.203, -145.428, 2.000, 22.838, -100.844
152, 325.000,38.148, 9.608, 5931.966, 815.769, -124.515, 101.981, 82.080, -98.678
153, 230.000, -52.478, -74.260, 66.426, -727.538, -412.068, 2.000, 4.542, 119.527
153, 325.000,-80.662, -95.107, 5819.689, -1097.539, -892.457, 101.983, 76.338, 129.116
154, 230.000, 54.527, -54.509, 284.136, 362.211, 701.138, 2.000, 19.801, -27.321
154, 325.000,67.522, -35.525, 5937.530, 525.753, 581.828, 101.981, 82.476, -42.102
155, 230.000, 48.332, -14.520, 721.116, 369.240, -217.204, 2.000, 59.287, -120.466
155, 325.000,59.907, -21.006, 5965.279, 470.877, -250.830, 101.981, 84.889, -118.044
156, 230.000, -70.876, -16.367, 441.485, 113.263, -704.121, 2.000, 31.759, -170.862
156, 325.000,-70.123, -37.669, 5938.377, -68.396, -774.716, 101.981, 82.539, 174.955
157, 230.000, -22.748, -7.975, 157.273, 808.544, -158.257, 2.000, 10.807, -101.075
157, 630.000,47.381, -34.502, 5287.722, 845.644, -403.739, 81.991, 79.950, -115.521
158, 230.000, -82.031, 13.482, 667.028, -508.489, 6.094, 2.000, 52.679, 89.313
158, 325.000,-101.044, 14.421, 5929.546, -840.548, 57.079, 101.981, 81.913, 86.115
159, 230.000, -60.892, 34.458, 106.768, -776.906, 297.559, 2.000, 7.313, 69.043
159, 325.000,-87.796, 45.256, 5889.655, -1003.027, 418.515, 101.981, 79.545, 67.352
160, 230.000, 66.400, 18.225, 681.439, 263.050, 412.274, 2.000, 54.334, -32.540
160, 325.000,76.112, 30.529, 5954.151, 439.895, 473.059, 101.981, 83.808, -42.920
161, 230.000, -65.578, -46.630, 735.630, 378.532, 138.153, 2.000, 61.287, -69.949
161, 325.000,-57.562, -44.584, 5985.330, 211.576, 14.649, 101.981, 87.971, -86.039
162, 230.000, 51.965, 23.083, 446.503, 652.014, 281.135, 2.000, 32.163, -66.675
162, 325.000,72.767, 32.072, 5926.753, 790.882, 342.519, 101.981, 81.726, -66.583
163, 230.000, 11.186, -53.002, 352.431, -757.612, -73.081, 2.000, 24.846, 95.510
163, 325.000,-11.320, -56.473, 5937.947, -760.781, -176.569, 101.981, 82.507, 103.066
164, 230.000, -89.196, 26.192, 30.845, -827.590, -132.920, 2.000, 2.108, 99.124
164, 325.000,-126.262, 25.453, 5798.515, -1498.751, 36.607, 101.984, 75.504, 88.601
165, 230.000, 53.365, -9.018, 463.883, -593.767, -368.479, 2.000, 33.577, 121.823
165, 325.000,37.031, -20.100, 5953.931, -511.472, -397.848, 101.981, 83.789, 127.878
166, 230.000, 74.910, -30.862, 628.861, -554.804, -15.803, 2.000, 48.569, 91.632
166, 325.000,62.077, -32.502, 5976.761, -370.547, -100.820, 101.981, 86.324, 105.221
167, 230.000, -17.324, 80.742, 240.850, -312.340, 740.242, 2.000, 16.687, 22.877
167, 325.000,-27.949, 108.611, 5868.462, -403.804, 1125.824, 101.981, 78.480, 19.732
168, 230.000, 69.096, -30.867, 22.731, -634.506, 548.096, 2.000, 1.553, 49.179
168, 325.000,51.293, -14.602, 5946.998, -502.791, 499.566, 101.981, 83.203, 45.184
169, 230.000, 40.360, -44.225, 525.574, -321.688, 569.045, 2.000, 38.800, 29.480
169, 325.000,31.926, -28.666, 5962.698, -253.373, 501.206, 101.981, 84.619, 26.818
170, 230.000, -87.880, -17.507, 102.084, 575.202, -601.868, 2.000, 6.991, -136.298
170, 325.000,-75.472, -36.857, 5941.724, 277.391, -698.625, 101.981, 82.790, -158.344
171, 230.000, 61.983, -12.120, 604.236, -324.805, 482.622, 2.000, 46.087, 33.941
171, 325.000,54.220, 1.448, 5966.620, -211.020, 473.386, 101.981, 85.035, 24.026
172, 230.000, -53.432, -44.412, 438.721, 714.335, -27.820, 2.000, 31.538, -92.230
172, 325.000,-33.915, -46.503, 5955.285, 623.047, -124.781, 101.981, 83.910, -101.325
173, 230.000, 81.748, 57.529, 326.884, -269.316, -723.975, 2.000, 22.937, 159.595
173, 325.000,87.330, 46.486, 5962.207, 390.539, -292.309, 101.744, 85.323, -126.814
174, 230.000, 87.074, 43.538, 563.817, -71.319, 616.885, 2.000, 42.237, 6.595
174, 325.000,96.712, 66.671, 5884.761, 551.656, 967.700, 101.986, 79.282, -29.686
175, 230.000, -9.699, 17.976, 25.495, 757.947, 358.317, 2.000, 1.742, -64.698
175, 325.000,14.371, 29.833, 5924.135, 774.230, 417.601, 101.981, 81.554, -61.659
176, 230.000, 17.579, 76.241, 43.183, 809.535, -215.203, 2.000, 2.951, -104.887
176, 325.000,43.635, 72.847, 5920.881, 901.317, 3.864, 101.981, 81.344, -89.754
177, 230.000, -6.379, -53.119, 746.662, -219.392, 312.868, 2.000, 62.898, 35.039
177, 325.000,-12.699, -45.474, 5980.182, -237.543, 224.022, 101.981, 86.875, 46.678
178, 230.000, 21.181, 65.428, 544.875, -627.900, 111.250, 2.000, 40.513, 79.953
178, 325.000,3.651, 70.685, 5952.908, -600.620, 267.105, 101.981, 83.699, 66.025
179, 230.000, 37.249, -21.844, 604.799, -567.602, -124.779, 2.000, 46.142, 102.398
179, 325.000,21.604, -25.916, 5964.624, -511.580, -175.225, 101.981, 84.820, 108.907
180, 230.000, -17.327, -45.666, 672.122, 364.063, -345.304, 2.000, 53.257, -133.485
180, 325.000,-7.320, -56.538, 5963.161, 343.036, -438.447, 101.981, 84.667, -141.961
181, 230.000, -13.330, -56.019, 676.627, 319.125, -379.288, 2.000, 53.774, -139.923
181, 325.000,-4.593, -68.271, 5960.093, 301.847, -505.351, 101.981, 84.360, -149.150
182, 230.000, -25.359, -13.652, 337.328, -717.036, -274.943, 2.000, 23.714, 110.979
182, 325.000,-47.591, -22.257, 5929.773, -782.817, -306.915, 101.981, 81.929, 111.408
183, 230.000, 70.530, -12.294, 305.817, 777.409, -75.066, 2.000, 21.383, -95.515
183, 325.000,97.089, -15.103, 5898.409, 1031.717, -116.586, 101.981, 80.017, -96.447
184, 230.000, 8.316, -13.206, 418.191, 709.439, -159.172, 2.000, 29.906, -102.646
184, 325.000,29.756, -18.247, 5937.839, 757.362, -194.126, 101.981, 82.499, -104.376
185, 230.000, -64.171, 4.011, 271.542, -338.248, 717.898, 2.000, 18.889, 25.228
185, 325.000,-76.548, 25.943, 5919.496, -507.311, 755.920, 101.981, 81.257, 33.866
186, 230.000, -94.039, -21.222, 211.822, -800.527, -133.460, 2.000, 14.628, 99.465
186, 325.000,-134.338, -28.894, 5747.810, -1652.510, -322.402, 101.989, 73.673, 101.040
187, 230.000, 90.242, 33.703, 399.787, -737.343, 4.454, 2.000, 28.466, 89.654
187, 325.000,76.479, 36.546, 5976.944, -341.478, 166.943, 101.978, 86.361, 63.947
188, 230.000, 33.012, -18.080, 236.063, -425.676, -683.080, 2.000, 16.346, 148.070
188, 325.000,20.594, -39.482, 5931.122, -380.404, -739.106, 101.981, 82.022, 152.766
189, 230.000, -20.753, -24.028, 5.683, 799.432, -253.773, 2.000, 0.388, -107.612
189, 325.000,4.449, -32.683, 5927.808, 792.306, -320.216, 101.981, 81.797, -112.006
190, 230.000, -36.554, -77.620, 312.908, 692.135, -355.755, 2.000, 21.904, -117.203
190, 325.000,-18.134, -92.724, 5922.498, 588.838, -668.125, 101.981, 81.448, -138.609
191, 230.000, -42.220, -71.828, 328.036, -592.709, -494.583, 2.000, 23.023, 129.843
191, 325.000,-62.725, -91.395, 5877.184, -803.953, -825.673, 101.981, 78.906, 135.764
192, 230.000, -17.666, 60.515, 482.442, -109.942, 677.264, 2.000, 35.112, 9.221
192, 325.000,-21.477, 82.397, 5926.113, -157.581, 851.806, 101.981, 81.684, 10.481
193, 230.000, -60.985, 8.384, 567.913, -2.515, -617.246, 2.000, 42.616, 179.767
193, 325.000,-62.675, -9.257, 5955.563, -128.019, -619.732, 101.981, 83.935, 168.328
194, 230.000, -94.421, -18.115, 554.141, -621.715, 99.610, 2.000, 41.351, 80.898
194, 325.000,-124.872, -17.737, 5837.524, -1339.174, -24.737, 101.985, 77.077, 91.058
195, 230.000, 47.079, -57.414, 113.475, 757.932, -340.861, 2.000, 7.775, -114.215
195, 325.000,72.943, -70.846, 5886.651, 955.316, -551.349, 101.981, 79.387, -119.991
196, 230.000, 57.427, 16.881, 811.220, -171.578, -126.518, 2.000, 75.276, 126.404
196, 325.000,54.040, 13.769, 5987.939, -65.329, -97.480, 101.981, 88.877, 146.171
197, 230.000, -17.647, -86.186, 240.491, 642.641, 482.390, 2.000, 16.662, -53.107
197, 325.000,0.680, -76.102, 5953.535, 613.863, 218.375, 101.980, 83.754, -70.417
198, 230.000, 56.017, 65.094, 513.262, -212.593, -628.403, 2.000, 37.729, 161.309
198, 325.000,52.440, 49.981, 5971.629, -49.253, -454.236, 101.981, 85.625, 173.812
199, 230.000, 70.424, -58.891, 255.773, 166.909, -781.182, 2.000, 17.755, -167.939
199, 325.000,82.820, -88.425, 5841.453, 594.731, -1180.448, 101.982, 77.250, -153.260
200, 230.000, -56.281, -39.874, 68.628, -806.327, -220.570, 2.000, 4.693, 105.299
200, 325.000,-83.974, -48.499, 5892.084, -1014.597, -350.978, 101.981, 79.673, 109.082
201, 230.000, 64.272, 25.475, 665.722, -440.305, 257.816, 2.000, 52.532, 59.649
201, 325.000,53.641, 33.536, 5972.222, -312.720, 322.405, 101.981, 85.699, 44.126
202, 230.000, -15.294, -58.560, 166.079, -797.267, -200.768, 2.000, 11.420, 104.134
202, 325.000,-40.431, -66.563, 5916.596, -863.433, -342.899, 101.981, 81.076, 111.660
203, 230.000, 34.110, -72.413, 787.645, 108.338, -267.213, 2.000, 69.893, -157.931
203, 325.000,38.679, -83.143, 5963.252, 221.792, -509.576, 101.981, 84.676, -156.479
204, 230.000, -27.130, 37.063, 382.329, -42.959, -745.321, 2.000, 27.118, 176.701
204, 325.000,-29.012, 15.491, 5947.549, -103.491, -696.460, 101.981, 83.248, 171.548
205, 230.000, 35.685, -58.899, 30.871, -70.035, -835.264, 2.000, 2.109, 175.207
205, 325.000,34.959, -87.689, 5896.605, 30.933, -1048.016, 101.981, 79.918, -178.309
206, 230.000, 1.742, 27.098, 620.414, 563.711, -28.995, 2.000, 47.704, -92.944
206, 325.000,18.102, 26.815, 5959.679, 592.015, 30.487, 101.981, 84.320, -87.052
207, 230.000, 51.674, 77.695, 331.261, -563.195, -525.929, 2.000, 23.262, 133.040
207, 325.000,38.493, 67.226, 5971.416, -387.706, -246.451, 101.980, 85.601, 122.443
208, 230.000, -11.450, 38.319, 346.236, 243.367, 724.166, 2.000, 24.380, -18.576
208, 325.000,-4.356, 61.027, 5928.804, 230.396, 815.725, 101.981, 81.864, -15.772
209, 230.000, -55.218, -59.753, 512.314, -486.518, 452.060, 2.000, 37.647, 47.103
209, 325.000,-71.863, -49.484, 5943.245, -684.448, 280.437, 101.981, 82.906, 67.720
210, 230.000, 39.046, 40.934, 656.149, -87.872, -515.045, 2.000, 51.470, 170.318
210, 325.000,37.423, 27.149, 5971.879, -16.851, -453.393, 101.981, 85.655, 177.872
211, 230.000, -64.731, 13.296, 187.427, -635.779, 513.985, 2.000, 12.912, 51.047
211, 325.000,-86.772, 29.626, 5901.921, -841.413, 573.227, 101.981, 80.212, 55.735
212, 230.000, -25.023, -34.034, 787.286, 238.219, -164.183, 2.000, 69.822, -124.575
212, 325.000,-18.844, -39.325, 5981.321, 200.423, -229.880, 101.981, 87.081, -138.916
213, 230.000, 81.747, -55.949, 621.694, -528.455, -194.308, 2.000, 47.834, 110.188
213, 325.000,78.109, -68.656, 5957.718, 30.201, -608.321, 101.970, 84.163, -177.158
214, 230.000, 34.729, -87.581, 814.317, -62.886, -190.936, 2.000, 76.133, 161.770
214, 325.000,36.137, -100.628, 5950.426, 119.714, -669.209, 101.982, 83.482, -169.858
215, 230.000, 58.691, 4.420, 36.630, -833.400, -87.333, 2.000, 2.503, 95.982
215, 325.000,33.681, 1.758, 5942.221, -743.298, -81.610, 101.981, 82.828, 96.266
216, 230.000, -69.846, 13.817, 466.469, -672.314, 184.188, 2.000, 33.789, 74.679
216, 325.000,-92.476, 19.796, 5915.534, -906.398, 232.686, 101.981, 81.011, 75.602
217, 230.000, -53.863, -49.837, 133.723, 825.637, -62.974, 2.000, 9.174, -94.362
217, 325.000,-30.052, -53.353, 5941.321, 733.018, -180.430, 101.981, 82.759, -103.828
218, 230.000, -5.669, 5.625, 775.818, 118.590, -295.916, 2.000, 67.662, -158.161
218, 630.000,1.469, -20.878, 5358.500, 72.676, -345.171, 81.990, 86.234, -168.110
219, 230.000, -59.246, 69.639, 350.690, 177.299, 741.016, 2.000, 24.715, -13.456
219, 325.000,-59.555, 97.906, 5873.461, -133.455, 1163.700, 101.982, 78.722, 6.542
220, 230.000, -21.273, 92.222, 168.126, -277.178, -773.582, 2.000, 11.563, 160.287
220, 325.000,-30.998, 75.676, 5962.017, -383.104, -419.964, 101.980, 84.554, 137.628
221, 230.000, 56.072, -64.530, 820.154, -168.942, -48.275, 2.000, 77.908, 105.947
221, 325.000,54.290, -69.130, 5982.874, 17.037, -272.314, 101.981, 87.389, -176.420
222, 230.000, 21.136, 65.847, 95.429, -833.032, 21.809, 2.000, 6.533, 88.500
222, 325.000,-4.166, 68.598, 5930.536, -816.834, 175.319, 101.981, 81.981, 77.886
223, 230.000, 69.045, 13.501, 610.201, 327.644, 473.105, 2.000, 46.677, -34.704
223, 325.000,80.949, 27.551, 5942.847, 523.514, 526.995, 101.981, 82.875, -44.810
224, 230.000, -12.426, -84.523, 78.534, -331.414, 766.499, 2.000, 5.373, 23.382
224, 325.000,-23.167, -64.559, 5951.146, -382.631, 553.687, 101.981, 83.548, 34.647
225, 230.000, -60.520, 7.259, 473.380, 444.664, -530.762, 2.000, 34.359, -140.044
225, 325.000,-48.925, -8.171, 5955.537, 340.691, -533.559, 101.981, 83.932, -147.441
226, 230.000, -81.468, -37.269, 613.323, -385.319, 422.951, 2.000, 46.989, 42.334
226, 325.000,-98.093, -27.963, 5933.466, -764.908, 279.523, 101.981, 82.185, 69.926
227, 230.000, 51.872, 34.993, 38.653, 697.904, 463.638, 2.000, 2.641, -56.403
227, 325.000,75.819, 50.921, 5897.737, 867.345, 577.617, 101.981, 79.980, -56.338
228, 230.000, 25.442, 29.888, 520.045, -658.081, -2.587, 2.000, 38.317, 90.225
228, 325.000,6.639, 30.450, 5955.567, -629.313, 65.742, 101.981, 83.935, 84.036
229, 230.000, -33.927, -83.656, 350.767, 744.796, -160.517, 2.000, 24.721, -102.162
229, 325.000,-14.418, -94.084, 5931.514, 639.249, -526.831, 101.980, 82.050, -129.493
230, 230.000, -15.403, 52.651, 478.653, 359.845, -587.305, 2.000, 34.797, -148.504
230, 325.000,-5.149, 36.534, 5958.166, 341.759, -502.607, 101.981, 84.175, -145.785
231, 230.000, 18.814, -40.241, 13.772, -837.230, 48.780, 2.000, 0.941, 86.666
231, 325.000,-7.500, -39.549, 5930.750, -833.478, -26.212, 101.981, 81.996, 91.801
232, 230.000, 10.628, 43.210, 168.459, -785.253, -241.916, 2.000, 11.586, 107.123
232, 325.000,-13.569, 36.614, 5933.820, -794.307, -167.365, 101.981, 82.210, 101.899
233, 230.000, -7.558, -27.488, 36.963, 695.289, -467.687, 2.000, 2.526, -123.927
233, 325.000,14.447, -42.950, 5923.286, 706.617, -533.454, 101.981, 81.499, -127.051
234, 230.000, -30.499, 38.615, 754.982, -20.957, -364.811, 2.000, 64.173, 176.712
234, 325.000,-31.732, 29.154, 5980.824, -77.558, -304.811, 101.981, 86.990, 165.724
235, 230.000, -12.827, 54.417, 607.615, 383.088, 433.095, 2.000, 46.420, -41.494
235, 325.000,-2.123, 68.291, 5951.726, 369.231, 556.625, 101.981, 83.597, -33.558
236, 230.000, -72.531, -61.234, 142.298, -824.020, 65.315, 2.000, 9.768, 85.468
236, 325.000,-107.401, -67.670, 5809.749, -1406.627, -372.456, 101.985, 75.939, 104.831
237, 230.000, -73.973, 65.932, 694.340, -317.759, 347.051, 2.000, 55.875, 42.477
237, 325.000,-96.164, 87.482, 5826.210, -1004.266, 962.688, 102.012, 76.571, 46.211
238, 230.000, -98.171, -5.909, 282.881, 767.119, -187.165, 2.000, 19.710, -103.711
238, 325.000,-85.685, -11.839, 5978.496, 267.380, -230.341, 101.974, 86.622, -130.744
239, 230.000, 99.018, 10.251, 481.700, 83.762, -681.523, 2.000, 35.050, -172.993
239, 325.000,119.539, -6.980, 5871.461, 1003.047, -630.169, 102.004, 78.594, -122.139
240, 230.000, -54.314, -37.703, 542.699, -146.849, -622.444, 2.000, 40.318, 166.725
240, 325.000,-60.398, -57.036, 5936.323, -287.397, -739.380, 101.981, 82.389, 158.759
241, 230.000, 20.607, -44.903, 764.018, -125.206, 322.683, 2.000, 65.628, 21.207
241, 325.000,17.518, -36.771, 5983.233, -90.585, 248.770, 101.981, 87.466, 20.008
242, 230.000, 10.640, -5.769, 607.538, 539.539, 208.130, 2.000, 46.413, -68.906
242, 325.000,26.596, 0.164, 5954.425, 610.384, 204.024, 101.981, 83.831, -71.518
243, 230.000, -56.866, -37.582, 137.307, -160.381, -811.756, 2.000, 9.422, 168.824
243, 325.000,-64.058, -64.214, 5903.760, -325.991, -953.195, 101.981, 80.317, 161.119
244, 230.000, -29.736, -38.968, 348.591, -605.666, -463.872, 2.000, 24.557, 127.448
244, 325.000,-48.742, -53.940, 5923.472, -685.907, -557.866, 101.981, 81.511, 129.122
245, 230.000, 79.480, -6.737, 55.112, -740.787, -389.513, 2.000, 3.767, 117.736
245, 325.000,59.253, -19.100, 5946.831, -570.741, -422.613, 101.981, 83.190, 126.519
246, 230.000, 12.273, -47.949, 2.662, 638.975, -543.349, 2.000, 0.182, -130.376
246, 325.000,32.982, -66.559, 5912.330, 688.557, -662.917, 101.981, 80.817, -133.913
247, 230.000, -6.625, 25.485, 133.083, -825.599, -64.803, 2.000, 9.129, 94.488
247, 325.000,-32.672, 23.968, 5925.629, -869.336, -19.253, 101.981, 81.652, 91.269
248, 230.000, 30.810, 18.476, 667.002, 297.031, 412.801, 2.000, 52.676, -35.737
248, 325.000,39.934, 30.669, 5960.892, 358.633, 456.451, 101.981, 84.438, -38.157
249, 230.000, -20.344, 22.642, 478.653, -668.724, -164.993, 2.000, 34.797, 103.860
249, 325.000,-40.536, 18.210, 5943.476, -726.215, -130.001, 101.981, 82.924, 100.149
250, 230.000, 96.984, -15.987, 75.769, 103.330, 828.918, 2.000, 5.183, -7.106
250, 325.000,114.481, 6.219, 5876.651, 866.612, 763.603, 101.981, 78.880, -48.616
251, 230.000, -19.664, -57.506, 141.300, -825.376, -48.089, 2.000, 9.698, 93.334
251, 325.000,-45.897, -60.736, 5918.028, -902.021, -180.303, 101.981, 81.165, 101.304
252, 230.000, -15.629, -63.833, 434.267, -628.289, -346.683, 2.000, 31.181, 118.889
252, 325.000,-34.730, -76.249, 5926.230, -691.731, -520.115, 101.981, 81.691, 126.940
253, 230.000, -84.386, -35.592, 71.162, -248.316, -797.997, 2.000, 4.867, 162.715
253, 325.000,-100.789, -63.776, 5844.889, -761.094, -1061.923, 101.982, 77.400, 144.370
254, 230.000, -18.197, -15.848, 630.628, -476.693, 280.351, 2.000, 48.751, 59.539
254, 325.000,-32.350, -8.063, 5959.479, -536.161, 257.519, 101.981, 84.300, 64.345
255, 230.000, -29.079, 44.485, 520.762, -650.225, -97.666, 2.000, 38.380, 98.542
255, 325.000,-48.808, 42.724, 5944.751, -727.283, -14.067, 101.981, 83.024, 91.108
256, 230.000, -28.843, 16.956, 505.096, 664.779, -80.443, 2.000, 37.027, -96.900
256, 630.000,16.011, 24.989, 5344.648, 483.047, 194.915, 81.986, 84.434, -68.025
257, 230.000, 65.864, -28.654, 438.926, -397.133, 594.267, 2.000, 31.554, 33.754
257, 325.000,56.131, -12.018, 5957.792, -264.749, 551.169, 101.981, 84.140, 25.657
258, 230.000, 1.775, -31.371, 401.246, 695.387, -242.822, 2.000, 28.579, -109.249
258, 325.000,22.652, -39.278, 5937.645, 720.947, -306.282, 101.981, 82.485, -113.017
259, 230.000, -18.421, 41.337, 534.201, -615.375, 198.663, 2.000, 39.560, 72.108
259, 325.000,-36.821, 48.069, 5945.204, -667.378, 279.915, 101.981, 83.060, 67.246
260, 230.000, 34.429, -87.955, 192.675, 732.096, -361.159, 2.000, 13.280, -116.258
260, 325.000,60.917, -110.289, 5816.272, 1022.289, -998.089, 101.984, 76.199, -134.314
261, 230.000, 12.418, 53.952, 781.603, 204.546, 225.346, 2.000, 68.725, -42.230
261, 325.000,18.445, 61.571, 5975.000, 234.680, 336.885, 101.981, 86.069, -34.862
262, 230.000, 69.701, -3.907, 302.182, 550.382, 556.138, 2.000, 21.117, -44.702
262, 325.000,89.026, 12.709, 5912.172, 769.022, 569.263, 101.981, 80.807, -53.490
263, 230.000, 30.293, -21.102, 759.922, 271.341, -228.946, 2.000, 64.959, -130.156
263, 325.000,38.544, -27.975, 5973.721, 331.493, -271.978, 101.981, 85.894, -129.368
264, 230.000, 36.795, -49.476, 518.816, 521.029, 403.586, 2.000, 38.210, -52.239
264, 325.000,52.995, -39.045, 5949.172, 615.151, 313.267, 101.981, 83.381, -63.012
265, 230.000, 15.772, 18.463, 303.820, 25.743, -781.380, 2.000, 21.237, -178.113
265, 630.000,34.741, -51.661, 5288.209, 338.838, -872.201, 81.998, 79.966, -158.770
266, 230.000, 71.776, 23.621, 807.252, -97.859, -205.648, 2.000, 74.245, 154.552
266, 325.000,71.579, 18.759, 5986.584, 82.804, -152.186, 101.981, 88.342, -151.450
267, 230.000, 28.911, 84.948, 470.462, 77.698, -690.038, 2.000, 34.118, -173.576
267, 325.000,32.696, 69.661, 5971.342, 182.598, -422.829, 101.980, 85.589, -156.643
268, 230.000, -43.283, 7.840, 754.035, 338.665, -142.343, 2.000, 64.025, -112.797
268, 325.000,-34.618, 3.985, 5981.837, 263.557, -131.589, 101.981, 87.181, -116.532
269, 230.000, 58.457, 26.654, 626.609, -539.738, -139.886, 2.000, 48.337, 104.530
269, 325.000,44.474, 23.320, 5972.222, -439.823, -91.040, 101.981, 85.699, 101.695
270, 230.000, -85.099, 21.135, 167.205, -605.225, 556.120, 2.000, 11.499, 47.421
270, 325.000,-110.888, 39.899, 5849.744, -1077.609, 699.108, 101.982, 77.615, 57.026
271, 230.000, -7.578, -88.744, 44.284, 825.670, -140.827, 2.000, 3.026, -99.679
271, 325.000,17.315, -99.462, 5904.725, 841.818, -543.047, 101.981, 80.371, -122.826
272, 230.000, 10.165, 27.207, 829.139, 34.677, 121.863, 2.000, 81.312, -15.884
272, 325.000,11.336, 31.153, 5985.968, 57.604, 184.346, 101.981, 88.152, -17.353
273, 230.000, -69.763, -66.080, 649.826, 457.056, 268.980, 2.000, 50.782, -59.523
273, 325.000,-63.001, -64.192, 5987.415, 130.261, -48.782, 101.979, 88.669, -110.531
274, 230.000, 47.060, 68.993, 176.292, -340.957, -745.784, 2.000, 12.133, 155.431
274, 325.000,38.524, 49.003, 5955.530, -228.132, -590.533, 101.981, 83.932, 158.878
275, 230.000, 59.509, 55.390, 21.937, 822.614, -162.322, 2.000, 1.499, -101.162
275, 325.000,88.813, 53.619, 5887.135, 1099.616, 42.191, 101.981, 79.412, -87.803
276, 230.000, 1.895, -25.371, 391.416, -304.948, -676.257, 2.000, 27.818, 155.728
276, 325.000,-7.228, -46.187, 5934.781, -311.346, -742.052, 101.981, 82.278, 157.238
277, 230.000, -9.996, 42.082, 641.327, 387.838, -376.569, 2.000, 49.872, -134.155
277, 325.000,0.953, 32.135, 5969.362, 381.764, -300.291, 101.981, 85.348, -128.188
278, 230.000, 44.753, 30.869, 195.977, -378.687, 722.297, 2.000, 13.512, 27.667
278, 325.000,34.204, 53.932, 5926.546, -303.382, 808.215, 101.981, 81.712, 20.575
279, 230.000, -17.597, -20.255, 162.623, -733.950, 372.014, 2.000, 11.180, 63.121
279, 325.000,-40.870, -9.049, 5926.107, -793.237, 348.193, 101.981, 81.683, 66.301
280, 230.000, 8.573, -72.390, 377.542, -9.802, -748.926, 2.000, 26.751, 179.250
280, 325.000,8.669, -97.948, 5903.276, 16.616, -1010.104, 101.981, 80.289, -179.058
281, 230.000, 91.124, 36.909, 454.438, 628.366, -319.634, 2.000, 32.806, -116.961
281, 325.000,125.185, 34.219, 5806.434, 1468.674, -16.390, 101.989, 75.805, -90.639
282, 230.000, 81.787, -52.943, 405.239, 732.395, -53.885, 2.000, 28.891, -94.208
282, 325.000,116.959, -63.477, 5783.648, 1471.962, -505.086, 101.990, 74.940, -108.939
283, 230.000, 74.282, -60.584, 177.956, 448.281, -686.221, 2.000, 12.249, -146.845
283, 325.000,99.883, -91.157, 5761.457, 1082.839, -1226.626, 101.987, 74.146, -138.563
284, 230.000, -9.947, 61.722, 392.261, 735.846, 90.474, 2.000, 27.883, -82.991
284, 325.000,11.689, 66.146, 5938.925, 739.944, 225.521, 101.981, 82.579, -73.050
285, 230.000, 51.699, 21.904, 262.019, -571.391, 555.321, 2.000, 18.203, 45.817
285, 325.000,35.511, 39.367, 5937.038, -491.647, 615.658, 101.981, 82.441, 38.610
286, 230.000, -78.522, 0.745, 18.072, 633.487, -549.447, 2.000, 1.235, -130.936
286, 325.000,-61.418, -16.452, 5943.807, 463.568, -570.455, 101.981, 82.950, -140.902
287, 230.000, -60.105, 29.329, 466.008, 319.969, 619.661, 2.000, 33.751, -27.310
287, 325.000,-52.548, 48.428, 5943.838, 193.475, 708.889, 101.981, 82.952, -15.266
288, 230.000, -39.857, 15.980, 281.166, 781.479, -117.304, 2.000, 19.586, -98.537
288, 325.000,-16.888, 12.787, 5949.836, 682.538, -54.289, 101.981, 83.435, -94.548
289, 230.000, 41.552, 72.801, 451.443, 412.771, 573.884, 2.000, 32.563, -35.726
289, 325.000,56.357, 94.378, 5888.351, 608.547, 909.032, 101.981, 79.476, -33.800
290, 230.000, -41.312, -88.472, 533.893, -556.100, 330.506, 2.000, 39.533, 59.276
290, 325.000,-61.979, -90.141, 5920.315, -869.856, -251.201, 101.983, 81.305, 106.108
291, 230.000, -37.626, 49.015, 328.881, -743.189, 207.440, 2.000, 23.085, 74.404
291, 325.000,-61.232, 56.856, 5917.140, -863.154, 334.118, 101.981, 81.110, 68.839
292, 230.000, 29.768, 35.284, 25.751, -725.733, -419.729, 2.000, 1.759, 120.043
292, 325.000,7.302, 22.730, 5940.612, -683.575, -332.513, 101.979, 82.708, 115.940
293, 230.000, -26.893, -25.877, 681.106, -460.495, -166.019, 2.000, 54.295, 109.825
293, 325.000,-40.590, -31.141, 5962.583, -520.003, -215.412, 101.981, 84.607, 112.502
294, 230.000, 21.354, -62.586, 599.859, 59.897, -583.186, 2.000, 45.657, -174.136
294, 325.000,23.801, -81.482, 5939.252, 115.860, -762.291, 101.981, 82.603, -171.358
295, 230.000, 21.968, -4.479, 384.121, -674.197, 318.487, 2.000, 27.256, 64.714
295, 630.000,-31.759, 26.993, 5316.560, -633.506, 413.252, 81.990, 81.903, 56.883
296, 230.000, -66.852, -46.464, 477.501, 599.334, -341.050, 2.000, 34.701, -119.642
296, 325.000,-52.302, -58.355, 5953.556, 426.094, -492.760, 101.981, 83.756, -139.150
297, 230.000, -23.755, -49.528, 614.347, 495.560, -283.762, 2.000, 47.092, -119.796
297, 325.000,-10.064, -58.882, 5958.442, 465.050, -387.150, 101.981, 84.201, -129.777
298, 230.000, -48.118, 51.178, 100.062, -778.651, -295.320, 2.000, 6.852, 110.770
298, 325.000,-74.214, 43.943, 5911.620, -945.278, -168.579, 101.981, 80.774, 100.112
299, 230.000, -52.308, 48.528, 782.474, 156.042, 258.669, 2.000, 68.890, -31.100
299, 325.000,-49.692, 57.331, 5976.494, 32.711, 386.852, 101.981, 86.283, -4.833
300, 230.000, 85.266, 4.500, 736.577, 103.952, -387.521, 2.000, 61.422, -164.984
300, 325.000,92.770, -6.026, 5961.962, 416.596, -388.209, 101.981, 84.544, -132.980
301, 230.000, 16.867, 79.316, 653.333, 140.855, 506.794, 2.000, 51.162, -15.532
301, 325.000,21.748, 97.863, 5930.194, 207.226, 811.867, 101.981, 81.958, -14.319
302, 230.000, -36.605, -69.656, 50.556, -803.139, 236.507, 2.000, 3.456, 73.591
302, 325.000,-63.406, -65.594, 5911.278, -962.008, 23.442, 101.981, 80.754, 88.604
303, 230.000, 50.243, 64.487, 264.067, -322.661, -727.793, 2.000, 18.350, 156.090
303, 325.000,42.421, 45.025, 5956.645, -204.124, -588.084, 101.981, 84.034, 160.858
304, 230.000, 44.373, 73.845, 563.331, -452.561, 425.876, 2.000, 42.192, 46.740
304, 325.000,34.075, 90.369, 5936.628, -303.354, 730.537, 101.981, 82.410, 22.551
305, 230.000, -51.183, 57.297, 156.659, -436.203, -699.077, 2.000, 10.765, 148.037
305, 325.000,-66.554, 38.046, 5931.889, -594.465, -573.137, 101.981, 82.075, 133.954
306, 230.000, -59.857, 38.836, 817.133, 53.540, -181.523, 2.000, 76.960, -163.567
306, 325.000,-60.241, 35.024, 5987.707, -85.126, -96.328, 101.981, 88.770, 138.533
307, 230.000, 45.610, -45.630, 247.608, -662.753, -450.525, 2.000, 17.170, 124.207
307, 325.000,26.727, -60.673, 5933.261, -587.663, -565.918, 101.981, 82.171, 133.920
308, 230.000, 48.337, 24.239, 273.564, 436.056, -662.225, 2.000, 19.035, -146.636
308, 325.000,62.826, 4.675, 5930.090, 545.369, -637.025, 101.981, 81.951, -139.433
309, 230.000, 48.097, 54.144, 689.630, -403.226, 255.621, 2.000, 55.306, 57.628
309, 325.000,38.316, 63.173, 5968.370, -298.572, 398.227, 101.981, 85.233, 36.861
310, 230.000, -14.864, 39.749, 332.643, 146.707, 755.876, 2.000, 23.365, -10.984
310, 325.000,-10.768, 63.519, 5926.691, 123.975, 853.325, 101.981, 81.722, -8.266
311, 230.000, 61.843, -60.208, 531.564, -167.801, -626.743, 2.000, 39.327, 165.011
311, 325.000,60.975, -82.053, 5919.922, 76.691, -904.395, 101.981, 81.283, -175.153
312, 230.000, -49.176, -33.567, 633.520, 524.920, -163.203, 2.000, 49.052, -107.271
312, 325.000,-35.324, -39.052, 5967.925, 445.840, -232.975, 101.981, 85.182, -117.589
313, 230.000, 22.111, 4.385, 47.970, 675.067, 495.487, 2.000, 3.279, -53.722
313, 325.000,44.037, 20.241, 5920.799, 736.729, 520.159, 101.981, 81.339, -54.776
314, 230.000, 1.461, -30.991, 702.634, -108.001, 445.157, 2.000, 56.898, 13.637
314, 630.000,-8.811, -13.277, 5367.522, -137.056, 99.460, 81.993, 88.193, 54.032
315, 230.000, 12.282, -92.726, 28.132, -430.463, -719.329, 2.000, 1.922, 149.103
315, 325.000,0.592, -126.867, 5808.655, -377.609, -1409.670, 101.984, 75.897, 165.004
316, 230.000, 60.455, 21.841, 238.751, -169.891, -785.913, 2.000, 16.538, 167.802
316, 325.000,56.890, -1.561, 5939.370, -51.541, -768.383, 101.981, 82.612, 176.162
317, 230.000, -7.946, -21.124, 540.779, -634.298, -93.533, 2.000, 40.146, 98.388
317, 325.000,-26.717, -24.292, 5949.306, -674.811, -139.948, 101.981, 83.392, 101.716
318, 230.000, -49.357, 22.465, 551.377, 483.081, 407.603, 2.000, 41.100, -49.844
318, 325.000,-36.432, 34.835, 5957.443, 405.724, 461.988, 101.981, 84.108, -41.290
319, 230.000, 46.076, 40.965, 13.464, -783.522, -299.059, 2.000, 0.920, 110.891
319, 325.000,22.321, 32.462, 5941.176, -720.871, -227.905, 101.981, 82.748, 107.545
320, 230.000, 54.751, -53.673, 442.074, 712.524, 20.090, 2.000, 31.807, -88.385
320, 325.000,78.246, -55.601, 5915.842, 921.386, -152.013, 101.981, 81.030, -99.368
321, 230.000, -90.589, -4.250, 497.801, 62.917, 672.131, 2.000, 36.405, -5.348
321, 325.000,-95.087, 14.703, 5940.402, -327.783, 688.081, 101.981, 82.689, 25.472
322, 230.000, 60.320, -37.859, 788.464, 282.598, -44.583, 2.000, 70.057, -98.965
322, 325.000,70.265, -40.407, 5970.692, 446.772, -142.954, 101.981, 85.508, -107.743
323, 230.000, 54.606, 12.208, 667.719, -465.067, -203.442, 2.000, 52.757, 113.627
323, 325.000,42.564, 6.678, 5974.375, -375.794, -186.550, 101.981, 85.983, 116.400
324, 230.000, 25.232, 83.306, 215.815, 376.973, 717.523, 2.000, 14.910, -27.717
324, 325.000,38.784, 112.095, 5847.811, 527.225, 1180.950, 101.982, 77.529, -24.058
325, 230.000, 2.672, 45.079, 36.170, 325.843, 772.038, 2.000, 2.472, -22.882
325, 325.000,13.086, 70.730, 5912.760, 343.003, 889.284, 101.981, 80.843, -21.092
326, 230.000, -18.998, 50.536, 310.092, 757.128, -184.727, 2.000, 21.697, -103.711
326, 325.000,3.498, 46.096, 5941.612, 746.519, -95.593, 101.981, 82.781, -97.297
327, 230.000, 31.421, -48.078, 131.496, -754.427, -342.158, 2.000, 9.020, 114.396
327, 325.000,8.723, -59.963, 5928.797, -718.629, -449.581, 101.981, 81.863, 122.030
328, 230.000, -81.881, -12.700, 241.106, -300.920, -744.875, 2.000, 16.706, 158.002
328, 325.000,-95.874, -35.944, 5896.705, -634.454, -834.039, 101.981, 79.923, 142.740
329, 230.000, -45.110, -70.477, 116.700, -466.393, 687.301, 2.000, 7.998, 34.160
329, 325.000,-61.550, -52.710, 5934.932, -632.021, 496.303, 101.981, 82.289, 51.859
330, 230.000, 30.327, -24.140, 88.159, -732.926, -398.210, 2.000, 6.033, 118.516
330, 325.000,7.829, -37.220, 5929.808, -702.587, -461.454, 101.981, 81.932, 123.297
331, 230.000, -46.180, -77.574, 272.361, 125.540, -783.316, 2.000, 18.948, -170.895
331, 325.000,-46.771, -108.239, 5855.094, -117.950, -1254.411, 101.982, 77.856, 174.628
332, 230.000, -12.018, 36.585, 286.465, 27.922, -787.834, 2.000, 19.970, -177.970
332, 630.000,-20.921, -15.797, 5339.406, -183.140, -541.979, 81.986, 83.884, 161.329
333, 230.000, 42.565, 65.240, 761.458, -151.130, 317.593, 2.000, 65.208, 25.448
333, 325.000,40.131, 76.802, 5966.151, -31.175, 522.762, 101.981, 84.984, 3.413
334, 230.000, -13.759, -79.998, 548.971, -470.645, 425.028, 2.000, 40.882, 47.916
334, 325.000,-27.845, -71.106, 5961.946, -529.180, 210.533, 101.981, 84.543, 68.305
335, 230.000, 7.344, 3.417, 708.598, -273.002, 356.205, 2.000, 57.652, 37.467
335, 630.000,-15.120, 45.929, 5328.037, -278.215, 610.437, 81.990, 82.824, 24.502
336, 230.000, -19.344, -11.795, 780.707, 283.732, -116.257, 2.000, 68.557, -112.281
336, 630.000,-7.808, -35.951, 5355.258, 69.874, -394.821, 81.995, 85.718, -169.964
337, 230.000, -27.253, 24.745, 110.199, 830.370, -43.189, 2.000, 7.549, -92.977
337, 325.000,-1.682, 23.980, 5934.621, 804.538, 43.588, 101.980, 82.268, -86.899
338, 230.000, -4.803, 76.674, 629.706, -441.168, -335.209, 2.000, 48.656, 127.228
338, 325.000,-17.522, 69.895, 5968.798, -469.687, -148.399, 101.981, 85.282, 107.534
339, 230.000, -13.224, -32.198, 381.817, 710.017, 231.549, 2.000, 27.079, -71.938
339, 325.000,7.887, -25.943, 5944.114, 716.335, 153.648, 101.981, 82.974, -77.894
340, 230.000, -39.899, -63.618, 191.625, 190.473, -794.055, 2.000, 13.207, -166.511
340, 325.000,-35.971, -90.965, 5897.633, 70.020, -1040.325, 101.981, 79.974, -176.149
341, 230.000, 45.533, -57.593, 186.966, 565.722, 590.361, 2.000, 12.880, -43.779
341, 325.000,64.516, -41.601, 5928.900, 707.827, 465.071, 101.981, 81.870, -56.693
342, 230.000, 19.772, 0.057, 189.833, 96.863, -811.237, 2.000, 13.081, -173.191
342, 325.000,23.202, -25.211, 5926.899, 144.668, -848.606, 101.981, 81.736, -170.325
343, 230.000, 37.624, -58.079, 807.432, 89.751, -208.621, 2.000, 74.290, -156.722
343, 325.000,41.329, -65.743, 5975.640, 184.000, -356.474, 101.981, 86.159, -152.699
344, 230.000, -30.238, -38.421, 792.687, -268.014, 57.789, 2.000, 70.921, 77.832
344, 325.000,-38.390, -37.633, 5979.994, -329.803, -9.615, 101.981, 86.842, 91.670
345, 230.000, -38.507, -29.633, 84.934, 828.713, 97.701, 2.000, 5.812, -83.276
345, 325.000,-13.234, -27.222, 5938.054, 779.540, 32.472, 101.981, 82.515, -87.615
346, 230.000, 60.198, 43.075, 745.152, -189.946, 334.952, 2.000, 62.672, 29.557
346, 325.000,57.032, 53.979, 5971.320, -39.743, 459.293, 101.981, 85.585, 4.946
347, 230.000, 40.251, 68.284, 98.116, -750.719, 360.995, 2.000, 6.718, 64.319
347, 325.000,18.815, 82.483, 5923.247, -663.764, 586.231, 101.981, 81.497, 48.549
348, 230.000, 25.712, 27.091, 170.302, -574.064, 587.343, 2.000, 11.715, 44.345
348, 325.000,8.383, 45.933, 5927.850, -547.553, 655.726, 101.981, 81.799, 39.863
349, 230.000, 17.253, -95.221, 55.573, 697.555, 462.442, 2.000, 3.799, -56.458
349, 325.000,39.882, -91.084, 5929.175, 842.737, -59.542, 101.980, 81.891, -94.041
350, 230.000, 48.032, -2.175, 330.109, -212.243, 741.286, 2.000, 23.177, 15.977
350, 325.000,42.668, 20.188, 5939.037, -131.108, 761.466, 101.981, 82.587, 9.769
351, 230.000, 6.872, 68.324, 408.157, 506.878, 529.156, 2.000, 29.119, -43.768
351, 325.000,22.162, 86.599, 5918.341, 546.560, 737.384, 101.981, 81.184, -36.546
352, 230.000, 33.426, -92.257, 345.647, 89.006, -759.032, 2.000, 24.336, -173.312
352, 325.000,42.675, -132.956, 5734.766, 409.915, -1679.117, 101.997, 73.227, -166.281
353, 230.000, -17.883, 85.665, 564.944, -589.547, -191.824, 2.000, 42.341, 108.024
353, 325.000,-35.721, 85.235, 5948.364, -685.700, 126.592, 101.981, 83.314, 79.540
354, 230.000, 93.430, 16.674, 103.364, 405.520, -726.907, 2.000, 7.079, -150.844
354, 325.000,116.755, -3.292, 5859.703, 1042.243, -668.860, 101.982, 78.067, -122.690
355, 230.000, 23.941, 57.617, 279.477, 97.675, 784.778, 2.000, 19.463, -7.095
355, 325.000,27.732, 83.433, 5908.919, 162.412, 963.084, 101.981, 80.614, -9.572
356, 230.000, 35.531, 20.021, 120.719, -667.955, 492.734, 2.000, 8.275, 53.585
356, 325.000,15.323, 35.907, 5930.910, -624.982, 550.349, 101.981, 82.007, 48.633
357, 230.000, -50.139, 37.373, 511.265, 659.692, -83.295, 2.000, 37.557, -97.196
357, 325.000,-32.109, 35.863, 5960.740, 581.901, -12.277, 101.981, 84.423, -91.209
358, 230.000, 37.721, 21.956, 48.866, 723.107, -422.199, 2.000, 3.340, -120.279
358, 325.000,61.514, 9.081, 5919.749, 817.813, -396.171, 101.981, 81.273, -115.847
359, 230.000, -36.687, 48.077, 408.311, 25.950, -732.211, 2.000, 29.131, -177.970
359, 325.000,-36.799, 27.465, 5952.162, -44.763, -662.524, 101.981, 83.634, 176.135
360, 230.000, -6.934, -29.541, 6.195, 604.885, 581.033, 2.000, 0.423, -46.152
360, 630.000,56.679, 8.257, 5292.457, 832.523, 365.427, 81.987, 80.252, -66.301
361, 230.000, -31.786, 20.945, 475.300, 690.072, -37.617, 2.000, 34.518, -93.120
361, 325.000,-12.042, 20.325, 5955.675, 631.064, 35.618, 101.982, 83.942, -86.770
362, 230.000, 26.801, 78.109, 548.791, 599.411, -207.504, 2.000, 40.866, -109.095
362, 325.000,45.312, 75.958, 5946.198, 714.320, 41.663, 101.981, 83.138, -86.662
363, 230.000, 24.055, -23.581, 185.226, 768.096, 281.502, 2.000, 12.758, -69.872
363, 325.000,48.404, -15.327, 5925.301, 835.320, 249.487, 101.981, 81.630, -73.371
364, 230.000, -27.086, 13.612, 439.105, -700.572, -141.103, 2.000, 31.568, 101.388
364, 325.000,-48.489, 9.682, 5938.282, -768.858, -121.900, 101.981, 82.532, 99.009
365, 230.000, 7.232, 38.201, 99.064, 423.778, -717.023, 2.000, 6.783, -149.416
365, 325.000,20.790, 16.431, 5934.461, 474.491, -652.904, 101.981, 82.255, -143.993
366, 230.000, 6.314, 15.677, 600.832, -403.019, 424.383, 2.000, 45.752, 43.521
366, 325.000,-5.286, 28.374, 5954.967, -408.487, 490.691, 101.981, 83.880, 39.776
367, 230.000, -23.521, 37.874, 106.538, -769.032, 317.432, 2.000, 7.297, 67.571
367, 325.000,-48.233, 48.759, 5916.127, -841.163, 401.364, 101.981, 81.047, 64.492
368, 230.000, -78.117, -20.534, 0.256, -725.188, -421.458, 2.000, 0.017, 120.164
368, 325.000,-106.114, -35.159, 5863.924, -1095.374, -532.826, 101.981, 78.265, 115.940
369, 230.000, 67.059, -0.540, 497.365, 664.003, 123.500, 2.000, 36.368, -79.464
369, 325.000,88.915, 3.052, 5924.472, 868.183, 126.957, 101.981, 81.576, -81.680
370, 230.000, -6.670, 27.722, 230.022, -288.317, 753.317, 2.000, 15.917, 20.943
370, 325.000,-15.697, 51.520, 5923.949, -308.960, 824.971, 101.981, 81.542, 20.531
371, 230.000, -30.853, 26.672, 830.854, 26.913, -111.723, 2.000, 82.125, -166.456
371, 325.000,-30.717, 24.089, 5988.655, -29.616, -65.603, 101.981, 89.311, 155.703
372, 230.000, -58.199, -42.571, 342.191, 143.168, 752.284, 2.000, 24.077, -10.775
372, 325.000,-55.688, -21.381, 5949.969, 17.102, 683.190, 101.981, 83.448, -1.434
373, 230.000, 6.834, -34.157, 797.781, 257.890, -23.704, 2.000, 72.015, -95.252
373, 325.000,14.202, -35.493, 5981.923, 279.085, -88.742, 101.981, 87.197, -107.639
374, 230.000, 0.348, -11.503, 383.583, 325.218, 671.283, 2.000, 27.214, -25.849
374, 630.000,37.633, 52.848, 5280.659, 515.069, 828.912, 81.989, 79.529, -31.856
375, 230.000, -50.922, 63.641, 557.674, 203.563, 592.525, 2.000, 41.673, -18.960
375, 325.000,-47.723, 83.966, 5929.517, 35.017, 841.928, 101.981, 81.912, -2.382
376, 230.000, 90.767, -4.267, 212.897, 810.643, -32.505, 2.000, 14.704, -92.296
376, 325.000,124.978, -5.706, 5821.149, 1407.274, -60.185, 101.983, 76.397, -92.449
377, 230.000, 49.759, 40.663, 552.221, -426.512, -465.470, 2.000, 41.176, 137.501
377, 325.000,38.643, 28.189, 5966.047, -340.794, -399.136, 101.981, 84.973, 139.508
378, 230.000, -66.540, -4.530, 309.989, -349.927, 696.406, 2.000, 21.690, 26.678
378, 325.000,-79.343, 16.310, 5922.932, -529.294, 712.696, 101.981, 81.476, 36.600
379, 230.000, 61.634, -43.551, 794.172, -229.007, -142.726, 2.000, 71.233, 121.933
379, 325.000,57.471, -49.051, 5982.912, -77.164, -260.680, 101.981, 87.398, 163.511
380, 230.000, -40.814, -20.954, 383.506, -257.530, -700.089, 2.000, 27.208, 159.804
380, 325.000,-49.491, -42.426, 5930.565, -342.459, -761.793, 101.981, 81.983, 155.794
381, 230.000, -54.951, -74.860, 470.897, 672.253, 172.787, 2.000, 34.154, -75.585
381, 325.000,-39.391, -74.893, 5968.654, 476.695, -130.001, 101.980, 85.268, -105.254
382, 230.000, 4.231, -75.288, 809.095, -143.145, -168.517, 2.000, 74.716, 139.654
382, 325.000,0.431, -82.799, 5975.378, -136.760, -381.253, 101.981, 86.122, 160.266
383, 230.000, -25.668, -21.511, 378.822, -395.055, 635.570, 2.000, 26.849, 31.864
383, 325.000,-38.084, -2.822, 5939.444, -459.457, 617.326, 101.981, 82.618, 36.659
384, 230.000, -32.244, 91.984, 188.477, 804.407, -144.672, 2.000, 12.986, -100.196
384, 325.000,-12.134, 97.503, 5939.147, 661.538, 396.618, 101.979, 82.600, -59.056
385, 230.000, 28.284, -58.610, 639.740, 517.405, 162.936, 2.000, 49.704, -72.520
385, 325.000,43.890, -55.667, 5959.092, 597.478, 37.973, 101.981, 84.263, -86.363
386, 230.000, -40.254, -33.551, 772.132, 129.300, 301.027, 2.000, 67.008, -23.245
386, 325.000,-37.497, -25.829, 5983.655, 59.074, 248.124, 101.981, 87.559, -13.392
387, 230.000, -2.066, -2.472, 409.181, 602.391, -416.197, 2.000, 29.199, -124.641
387, 325.000,16.091, -15.119, 5931.851, 669.289, -482.902, 101.977, 82.079, -125.811
388, 230.000, 16.902, -22.636, 775.793, 310.756, -71.414, 2.000, 67.657, -102.942
388, 325.000,25.993, -25.092, 5977.381, 355.006, -118.563, 101.981, 86.417, -108.468
389, 230.000, -67.963, 35.969, 415.734, 557.762, -468.605, 2.000, 29.713, -130.035
389, 325.000,-53.766, 23.350, 5961.221, 416.061, -399.855, 101.981, 84.471, -133.862
390, 230.000, -12.890, -50.829, 432.193, 351.533, -627.022, 2.000, 31.016, -150.723
390, 325.000,-2.789, -70.752, 5932.318, 337.132, -750.436, 101.981, 82.105, -155.808
391, 230.000, -36.075, 64.679, 782.064, -286.135, 100.131, 2.000, 68.812, 70.713
391, 325.000,-45.373, 69.869, 5969.589, -394.256, 278.895, 101.981, 85.375, 54.725
392, 230.000, 3.963, 71.998, 808.200, 196.283, -108.675, 2.000, 74.485, -118.972
392, 325.000,9.528, 71.307, 5985.011, 212.344, 61.053, 101.981, 87.886, -73.959
393, 230.000, -0.310, 72.562, 838.303, 10.182, -25.866, 2.000, 88.101, -158.513
393, 325.000,-0.039, 74.244, 5987.161, 9.762, 151.753, 101.981, 88.545, -3.681
394, 230.000, 30.846, -36.604, 420.316, 476.721, -547.354, 2.000, 30.074, -138.946
394, 325.000,45.804, -53.808, 5929.413, 552.747, -636.974, 101.981, 81.905, -139.050
395, 230.000, 50.234, -73.678, 88.517, -806.063, 214.363, 2.000, 6.058, 75.108
395, 325.000,28.238, -70.980, 5950.938, -674.313, -26.489, 101.980, 83.530, 92.250
396, 230.000, -43.543, 10.399, 552.298, 278.818, -566.349, 2.000, 41.183, -153.789
396, 325.000,-36.325, -5.907, 5958.833, 202.926, -565.955, 101.981, 84.238, -160.274
397, 230.000, -4.947, -42.292, 330.621, -225.647, -737.087, 2.000, 23.215, 162.979
397, 325.000,-11.889, -65.576, 5924.966, -242.162, -839.843, 101.981, 81.608, 163.915
398, 230.000, -54.942, -75.301, 822.125, -120.537, -114.480, 2.000, 78.569, 133.524
398, 325.000,-62.803, -84.696, 5954.381, -404.575, -501.241, 101.982, 83.826, 141.091
399, 230.000, 15.069, -78.284, 541.803, -487.024, 415.669, 2.000, 40.237, 49.520
399, 325.000,1.618, -69.258, 5966.845, -465.162, 222.587, 101.981, 85.061, 64.428
400, 230.000, 34.342, 26.079, 96.120, 826.654, 104.537, 2.000, 6.580, -82.793
400, 325.000,61.168, 29.993, 5915.770, 920.848, 157.834, 101.981, 81.025, -80.274
401, 230.000, -62.797, -17.075, 466.213, -100.229, -690.017, 2.000, 33.768, 171.735
401, 325.000,-67.727, -37.900, 5935.896, -252.138, -755.496, 101.981, 82.358, 161.544
402, 230.000, 31.811, 14.815, 234.015, 610.593, 525.297, 2.000, 16.201, -49.294
402, 325.000,51.293, 31.305, 5922.443, 686.277, 568.237, 101.981, 81.444, -50.375
403, 230.000, 29.296, -92.549, 323.428, -50.605, 772.242, 2.000, 22.681, 3.749
403, 325.000,30.297, -78.117, 5977.706, 91.573, 355.919, 101.977, 86.482, -14.428
404, 230.000, 88.030, -16.163, 83.065, 463.281, -694.258, 2.000, 5.683, -146.285
404, 325.000,110.398, -38.994, 5852.515, 966.296, -826.973, 101.982, 77.739, -130.557
405, 230.000, 3.183, 40.134, 831.366, 101.807, -44.616, 2.000, 82.385, -113.665
405, 325.000,6.083, 39.687, 5988.003, 110.739, 27.588, 101.981, 88.908, -76.011
406, 230.000, 29.465, 39.541, 691.064, -278.113, -385.496, 2.000, 55.478, 144.192
406, 325.000,22.171, 29.403, 5976.065, -229.736, -320.988, 101.981, 86.221, 144.408
407, 230.000, -1.567, 83.170, 188.605, -298.709, 760.740, 2.000, 12.995, 21.438
407, 325.000,-10.784, 112.177, 5865.406, -322.994, 1167.074, 101.981, 78.335, 15.470
408, 230.000, -16.629, -85.283, 768.267, 26.676, 335.527, 2.000, 66.341, -4.546
408, 325.000,-16.728, -80.311, 5988.713, -28.546, 60.451, 101.981, 89.360, 25.278
409, 230.000, 48.046, -49.111, 597.939, 461.757, -364.380, 2.000, 45.470, -128.278
409, 325.000,63.070, -61.374, 5936.412, 607.448, -509.156, 101.981, 82.395, -129.969
410, 230.000, -86.748, -41.837, 13.132, -820.757, 172.364, 2.000, 0.897, 78.140
410, 325.000,-126.873, -43.687, 5763.936, -1618.802, -168.986, 101.989, 74.232, 95.960
411, 230.000, 10.930, -27.812, 6.271, -686.518, -481.848, 2.000, 0.428, 125.064
411, 325.000,-10.835, -43.810, 5923.624, -691.703, -549.017, 101.981, 81.521, 128.440
412, 230.000, -50.864, 8.952, 236.165, -591.170, 546.139, 2.000, 16.354, 47.267
412, 325.000,-70.370, 25.945, 5917.029, -718.617, 584.435, 101.981, 81.103, 50.879
413, 230.000, -56.878, -62.916, 96.017, -340.778, 760.378, 2.000, 6.573, 24.140
413, 325.000,-70.151, -42.636, 5934.940, -544.094, 591.280, 101.981, 82.290, 42.620
414, 230.000, -24.028, 62.387, 87.903, -469.835, 689.240, 2.000, 6.016, 34.281
414, 325.000,-39.701, 86.478, 5894.275, -561.084, 901.082, 101.981, 79.791, 31.910
415, 230.000, 74.239, 37.620, 331.748, -485.783, -597.898, 2.000, 23.298, 140.907
415, 325.000,62.801, 21.390, 5959.146, -299.458, -517.709, 101.981, 84.269, 149.954
416, 230.000, -41.449, 13.539, 167.154, -335.145, 750.507, 2.000, 11.495, 24.064
416, 325.000,-52.834, 37.182, 5920.131, -423.792, 801.034, 101.981, 81.297, 27.881
417, 230.000, -79.073, 24.659, 709.085, -180.953, -409.852, 2.000, 57.714, 156.178
417, 325.000,-87.967, 14.390, 5962.124, -450.469, -345.366, 101.981, 84.562, 127.477
418, 230.000, 7.573, 87.395, 55.650, 44.392, 835.737, 2.000, 3.804, -3.041
418, 325.000,9.654, 121.453, 5831.577, 88.092, 1361.825, 101.982, 76.829, -3.701
419, 230.000, 14.306, 72.010, 624.382, 543.200, 136.401, 2.000, 48.108, -75.904
419, 325.000,30.353, 78.631, 5949.017, 603.202, 338.455, 101.981, 83.368, -60.703
420, 230.000, -31.138, -20.433, 700.100, -415.765, -201.303, 2.000, 56.583, 115.835
420, 325.000,-43.603, -26.576, 5964.811, -481.202, -242.223, 101.981, 84.839, 116.719
421, 230.000, -52.291, -64.942, 575.208, 406.553, -455.383, 2.000, 43.297, -138.242
421, 325.000,-43.380, -81.312, 5942.906, 243.254, -701.367, 101.981, 82.880, -160.872
422, 230.000, 7.796, -82.428, 398.430, 626.432, -390.333, 2.000, 28.361, -121.927
422, 325.000,26.699, -98.766, 5905.020, 688.064, -725.661, 101.981, 80.388, -136.523
423, 230.000, -41.553, -30.986, 820.256, 145.953, 96.961, 2.000, 77.942, -56.403
423, 325.000,-38.386, -28.955, 5988.468, 74.522, 43.359, 101.981, 89.175, -59.808
424, 230.000, 30.363, 72.017, 327.319, 169.028, -753.535, 2.000, 22.969, -167.357
424, 325.000,36.466, 52.053, 5953.432, 251.427, -602.150, 101.981, 83.745, -157.337
425, 230.000, -85.244, -9.528, 353.787, 14.545, -760.360, 2.000, 24.948, -178.904
425, 325.000,-89.845, -32.533, 5922.408, -310.662, -835.315, 101.981, 81.442, 159.599
426, 230.000, -94.009, 22.088, 318.769, -758.618, -162.507, 2.000, 22.337, 102.091
426, 325.000,-131.582, 20.852, 5778.870, -1573.622, 5.970, 101.988, 74.767, 89.783
427, 230.000, -40.257, 29.768, 388.549, -685.133, 288.352, 2.000, 27.596, 67.175
427, 325.000,-61.796, 39.165, 5925.970, -789.733, 358.352, 101.981, 81.674, 65.593
428, 230.000, -33.758, 2.337, 822.662, -80.817, 142.195, 2.000, 78.755, 29.612
428, 325.000,-36.677, 6.356, 5985.345, -148.002, 151.353, 101.981, 87.974, 44.359
429, 230.000, 76.076, 9.517, 604.236, 416.983, -405.645, 2.000, 46.087, -134.210
429, 325.000,91.317, -1.668, 5938.847, 666.687, -393.504, 101.981, 82.573, -120.551
430, 230.000, -23.190, -51.637, 151.257, -425.678, 706.713, 2.000, 10.389, 31.062
430, 325.000,-36.962, -30.903, 5935.826, -484.728, 632.599, 101.981, 82.353, 37.461
431, 230.000, 14.313, 82.883, 743.053, -215.136, -324.211, 2.000, 62.361, 146.433
431, 325.000,8.978, 77.576, 5985.843, -179.429, -81.441, 101.981, 88.115, 114.413
432, 230.000, -32.512, 43.240, 426.152, 687.053, -223.332, 2.000, 30.536, -108.007
432, 325.000,-12.824, 37.573, 5952.180, 647.421, -146.860, 101.981, 83.636, -102.781
433, 230.000, -52.899, 81.711, 3.660, 814.853, 198.811, 2.000, 0.250, -76.289
433, 325.000,-34.346, 96.816, 5920.854, 540.108, 721.887, 101.981, 81.342, -36.803
434, 230.000, 37.561, 84.570, 418.908, 130.649, 714.822, 2.000, 29.963, -10.358
434, 325.000,45.455, 114.608, 5840.863, 366.895, 1272.616, 101.983, 77.224, -16.082
435, 230.000, 1.595, -91.631, 104.618, 733.564, -393.017, 2.000, 7.165, -118.181
435, 325.000,24.101, -112.563, 5862.766, 791.325, -933.455, 101.982, 78.210, -139.711
436, 230.000, 12.947, -17.641, 449.625, -455.706, 541.934, 2.000, 32.416, 40.060
436, 630.000,-25.011, 25.182, 5326.097, -462.309, 506.376, 81.989, 82.664, 42.395
437, 230.000, -70.270, -24.092, 274.664, 712.942, -346.118, 2.000, 19.115, -115.896
437, 325.000,-51.016, -35.312, 5946.962, 574.506, -415.625, 101.981, 83.200, -125.884
438, 230.000, 4.964, -93.117, 50.684, -641.797, 537.635, 2.000, 3.464, 50.047
438, 325.000,-14.212, -83.014, 5950.215, -656.695, 180.645, 101.980, 83.470, 74.619
439, 230.000, -60.490, 76.588, 106.538, -659.242, -507.517, 2.000, 7.297, 127.591
439, 325.000,-88.419, 72.081, 5877.789, -1149.943, 19.391, 101.986, 78.929, 89.034
440, 230.000, 66.854, -46.970, 139.047, 671.016, -483.660, 2.000, 9.542, -125.784
440, 325.000,92.024, -65.031, 5863.058, 993.976, -711.285, 101.981, 78.224, -125.587
441, 230.000, 8.589, 54.460, 208.980, 35.620, -811.531, 2.000, 14.427, -177.487
441, 325.000,9.885, 30.699, 5944.551, 56.124, -726.872, 101.981, 83.008, -175.585
442, 230.000, 23.396, -28.633, 470.564, 676.661, -155.638, 2.000, 34.126, -102.953
442, 325.000,43.905, -33.836, 5939.770, 737.663, -210.206, 101.981, 82.642, -105.906
443, 230.000, -16.152, -74.306, 657.044, 436.466, -285.156, 2.000, 51.568, -123.158
443, 325.000,-4.428, -85.375, 5953.503, 407.348, -508.997, 101.981, 83.751, -141.330
444, 230.000, 77.959, -58.402, 763.634, 223.586, 265.324, 2.000, 65.565, -40.121
444, 325.000,93.134, -58.021, 5941.569, 746.596, -102.890, 101.984, 82.771, -97.847
445, 230.000, 58.952, 22.469, 595.456, 423.660, -411.665, 2.000, 45.229, -134.177
445, 325.000,72.880, 11.271, 5950.116, 569.539, -375.436, 101.981, 83.460, -123.393
446, 230.000, 1.563, 8.119, 460.146, -512.729, -478.433, 2.000, 33.271, 133.018
446, 630.000,-54.565, -37.420, 5282.453, -766.558, -588.272, 81.990, 79.634, 127.503
447, 230.000, -74.356, 22.533, 673.222, -499.357, 30.632, 2.000, 53.383, 86.490
447, 325.000,-91.894, 24.436, 5940.034, -757.920, 103.898, 101.981, 82.661, 82.194
448, 230.000, -24.770, 51.215, 478.269, -688.318, -31.633, 2.000, 34.765, 92.631
448, 325.000,-45.675, 51.639, 5939.982, -761.935, 72.628, 101.981, 82.658, 84.555
449, 230.000, -66.638, -0.824, 759.845, -298.631, 192.298, 2.000, 64.946, 57.221
449, 325.000,-77.072, 4.534, 5967.729, -465.496, 196.810, 101.981, 85.159, 67.082
450, 230.000, -72.131, 7.587, 247.454, 235.553, 766.032, 2.000, 17.159, -17.093
450, 325.000,-67.494, 31.099, 5932.932, 63.371, 815.776, 101.981, 82.148, -4.442
451, 230.000, 1.669, -62.727, 492.527, 574.004, 362.574, 2.000, 35.959, -57.721
451, 325.000,18.525, -53.734, 5954.229, 595.830, 247.643, 101.981, 83.815, -67.431
452, 230.000, -72.683, 67.483, 90.181, 743.340, -377.938, 2.000, 6.172, -116.950
452, 325.000,-58.509, 63.416, 5977.556, 366.976, -9.970, 101.972, 86.486, -91.556
453, 230.000, -57.743, 50.991, 137.819, 545.900, -621.710, 2.000, 9.457, -138.715
453, 325.000,-42.772, 33.471, 5950.141, 432.653, -527.046, 101.981, 83.462, -140.617
454, 230.000, 34.355, -66.689, 563.587, -393.014, 481.075, 2.000, 42.216, 39.247
454, 325.000,24.132, -54.955, 5970.413, -326.279, 341.872, 101.981, 85.474, 43.663
455, 230.000, 95.713, -3.121, 90.386, 492.603, 672.827, 2.000, 6.186, -36.209
455, 325.000,124.355, 16.825, 5816.702, 1244.458, 698.490, 101.985, 76.215, -60.695
456, 230.000, -5.069, -5.206, 437.722, -630.643, 337.953, 2.000, 31.458, 61.814
456, 325.000,-24.125, 4.814, 5936.989, -707.361, 348.216, 101.982, 82.435, 63.790
457, 230.000, -79.301, -18.504, 686.200, 74.228, -476.595, 2.000, 54.896, -171.147
457, 325.000,-80.860, -32.750, 5960.772, -174.494, -554.976, 101.981, 84.426, 162.546
458, 230.000, -84.333, -47.063, 21.323, 454.936, 704.346, 2.000, 1.457, -32.858
458, 325.000,-77.209, -29.539, 5965.207, 89.319, 526.106, 101.979, 84.888, -9.635
459, 230.000, -61.681, 70.017, 652.821, -493.090, 184.963, 2.000, 51.106, 69.438
459, 325.000,-81.536, 82.061, 5895.778, -870.651, 592.812, 101.982, 79.871, 55.750
460, 230.000, -59.748, -34.326, 607.948, 47.676, -575.891, 2.000, 46.453, -175.267
460, 325.000,-60.387, -51.994, 5949.295, -99.102, -682.111, 101.981, 83.391, 171.733
461, 230.000, -43.741, 26.452, 68.013, -314.779, 774.475, 2.000, 4.651, 22.119
461, 325.000,-54.860, 51.601, 5912.351, -418.436, 859.205, 101.981, 80.818, 25.966
462, 230.000, 48.418, -53.795, 43.004, -156.053, -822.996, 2.000, 2.939, 169.263
462, 325.000,45.630, -81.990, 5900.411, -16.893, -1026.696, 101.981, 80.128, 179.057
463, 230.000, -89.671, 3.243, 277.839, -251.750, -750.301, 2.000, 19.345, 161.452
463, 325.000,-104.125, -18.812, 5898.051, -690.067, -778.538, 101.981, 79.997, 138.447
464, 230.000, -52.445, 58.146, 348.130, 676.208, 353.655, 2.000, 24.523, -62.391
464, 325.000,-34.458, 71.016, 5939.336, 555.889, 533.353, 101.981, 82.610, -46.185
465, 230.000, -15.269, -94.287, 774.180, 278.409, -163.271, 2.000, 67.369, -120.389
465, 325.000,-9.203, -108.151, 5942.327, 204.552, -718.813, 101.982, 82.832, -164.115
466, 230.000, 16.926, 62.667, 561.923, 319.607, -534.432, 2.000, 42.063, -149.119
466, 325.000,26.618, 48.853, 5962.983, 364.337, -423.400, 101.981, 84.648, -139.288
467, 230.000, 44.265, 23.140, 580.712, 96.005, 597.562, 2.000, 43.816, -9.127
467, 325.000,48.087, 40.998, 5949.895, 182.419, 659.297, 101.981, 83.441, -15.466
468, 230.000, -39.121, 86.490, 799.675, -250.224, 37.830, 2.000, 72.439, 81.403
468, 325.000,-49.637, 95.722, 5946.776, -481.504, 522.448, 101.980, 83.187, 42.665
469, 230.000, 40.054, 14.427, 792.124, 241.640, -132.942, 2.000, 70.803, -118.818
469, 325.000,47.639, 10.995, 5979.578, 318.483, -111.410, 101.981, 86.770, -109.281
470, 230.000, 9.322, 15.540, 755.980, -298.239, -207.538, 2.000, 64.330, 124.833
470, 630.000,-13.706, 8.680, 5362.868, -278.294, -20.713, 81.991, 87.021, 94.257
471, 230.000, -91.421, 2.481, 717.711, -423.583, -94.823, 2.000, 58.835, 102.618
471, 325.000,-110.809, 0.056, 5919.532, -906.073, -87.245, 101.981, 81.258, 95.500
472, 230.000, -32.911, -30.946, 199.433, -317.009, -750.504, 2.000, 13.755, 157.101
472, 325.000,-43.517, -54.901, 5917.443, -391.814, -836.394, 101.981, 81.129, 154.899
473, 230.000, -89.318, 4.036, 211.028, 368.573, 723.288, 2.000, 14.572, -27.002
473, 325.000,-83.676, 25.959, 5938.382, 42.670, 776.447, 101.980, 82.540, -3.146
474, 230.000, 44.031, -13.838, 620.696, 560.503, 64.011, 2.000, 47.733, -83.485
474, 325.000,61.171, -12.307, 5952.716, 657.828, 40.493, 101.981, 83.682, -86.478
475, 230.000, -62.039, 20.502, 636.387, 538.711, -91.245, 2.000, 49.352, -99.613
475, 325.000,-48.240, 18.422, 5973.389, 430.136, -52.672, 101.981, 85.851, -96.981
476, 230.000, 85.663, -40.457, 484.976, -334.032, -597.281, 2.000, 35.324, 150.784
476, 325.000,84.197, -61.253, 5926.898, 116.947, -853.113, 101.982, 81.734, -172.194
477, 230.000, -1.265, 88.818, 278.479, -364.281, -702.334, 2.000, 19.391, 152.586
477, 325.000,-12.139, 72.442, 5960.464, -385.059, -440.066, 101.980, 84.397, 138.814
478, 230.000, 56.318, 26.783, 25.393, -432.300, -718.329, 2.000, 1.735, 148.960
478, 325.000,44.019, 4.703, 5939.462, -336.630, -691.841, 101.981, 82.619, 154.054
479, 230.000, -43.312, -21.932, 131.957, -435.519, 704.581, 2.000, 9.052, 31.721
479, 325.000,-57.919, -0.438, 5925.759, -530.756, 687.658, 101.981, 81.660, 37.662
480, 230.000, 99.552, -1.451, 479.652, 16.854, 687.877, 2.000, 34.880, -1.404
480, 325.000,118.463, 17.574, 5871.273, 943.394, 718.113, 102.004, 78.584, -52.722
481, 230.000, -23.631, 72.972, 778.967, 137.534, 278.960, 2.000, 68.234, -26.244
481, 325.000,-20.763, 83.668, 5967.704, 74.582, 500.157, 101.981, 85.156, -8.481
482, 230.000, 74.856, -35.283, 285.953, -105.710, 781.396, 2.000, 19.933, 7.704
482, 325.000,74.958, -13.455, 5945.761, 113.136, 710.124, 101.981, 83.104, -9.052
483, 230.000, 87.499, 43.625, 419.958, -725.059, -38.060, 2.000, 30.045, 93.005
483, 325.000,75.306, 46.676, 5978.844, -286.087, 198.414, 101.977, 86.667, 55.257
484, 230.000, -14.288, 48.460, 820.256, -24.989, -173.434, 2.000, 77.942, 171.801
484, 325.000,-15.288, 44.662, 5988.181, -51.547, -90.667, 101.981, 89.002, 150.380
485, 230.000, 41.665, -5.521, 768.037, 177.111, -286.837, 2.000, 66.302, -148.306
485, 325.000,47.496, -13.704, 5975.909, 254.890, -304.531, 101.981, 86.198, -140.071
486, 230.000, -21.388, 3.989, 704.861, -326.636, 316.234, 2.000, 57.178, 45.927
486, 325.000,-31.144, 13.100, 5967.141, -385.479, 337.449, 101.981, 85.093, 48.801
487, 230.000, -49.180, 80.146, 676.294, 451.699, 205.226, 2.000, 53.736, -65.566
487, 325.000,-40.839, 92.627, 5952.188, 224.385, 624.458, 101.980, 83.639, -19.765
488, 230.000, -37.030, -45.487, 497.212, -661.479, -136.929, 2.000, 36.355, 101.695
488, 325.000,-57.489, -50.812, 5934.971, -766.022, -241.945, 101.981, 82.292, 107.528
489, 230.000, -29.492, -33.503, 144.909, 386.064, -730.397, 2.000, 9.949, -152.141
489, 325.000,-18.124, -57.050, 5923.162, 344.830, -816.361, 101.981, 81.491, -157.101
490, 230.000, 16.160, -58.666, 143.936, 773.151, -291.624, 2.000, 9.881, -110.666
490, 325.000,40.680, -69.576, 5913.113, 842.230, -441.535, 101.981, 80.864, -117.666
491, 230.000, -19.222, -9.380, 448.832, 642.441, -298.903, 2.000, 32.351, -114.951
491, 630.000,33.371, -52.342, 5294.882, 632.067, -638.699, 82.005, 80.368, -135.299
492, 230.000, 42.376, -86.160, 104.772, 347.539, -756.150, 2.000, 7.176, -155.316
492, 325.000,60.353, -124.227, 5740.762, 732.470, -1542.443, 101.989, 73.435, -154.598
493, 230.000, 1.828, 30.349, 386.424, 719.422, -191.395, 2.000, 27.433, -104.898
493, 325.000,23.516, 25.219, 5939.969, 753.459, -135.126, 101.981, 82.657, -100.167
494, 230.000, 14.376, -77.398, 274.562, 783.315, -120.653, 2.000, 19.107, -98.756
494, 325.000,38.655, -84.760, 5913.709, 867.825, -379.680, 101.981, 80.900, -113.630
495, 230.000, -49.963, 26.381, 391.211, 724.897, -158.120, 2.000, 27.802, -102.305
495, 325.000,-29.450, 22.262, 5952.649, 650.312, -110.549, 101.981, 83.677, -99.648
496, 230.000, 14.434, 87.591, 58.619, 666.362, 506.013, 2.000, 4.008, -52.788
496, 325.000,36.313, 111.089, 5852.508, 786.350, 999.669, 101.982, 77.739, -38.189
497, 230.000, 45.334, 5.521, 248.324, -307.203, 739.922, 2.000, 17.221, 22.547
497, 325.000,36.894, 28.330, 5934.129, -234.695, 774.742, 101.981, 82.232, 16.853
498, 230.000, -17.672, -96.323, 440.205, 383.337, 602.325, 2.000, 31.657, -32.474
498, 325.000,-8.598, -88.682, 5980.313, 305.920, 99.418, 101.976, 86.921, -71.997
499, 230.000, -61.022, -43.532, 480.420, -494.154, -478.051, 2.000, 34.944, 134.051
499, 325.000,-78.296, -59.524, 5912.218, -711.803, -638.962, 101.981, 80.810, 131.913
500, 230.000, -3.363, 1.098, 491.017, 527.468, -429.189, 2.000, 35.832, -129.134
500, 630.000,52.374, -45.928, 5278.067, 752.309, -643.221, 81.989, 79.379, -130.530
