ion,x0,y0,z0,vx0,vy0,vz0,ke0,elev0,azim0,x1,y1,z1,vx1,vy1,vz1,ke1,elev1,azim1
1, 230.000, -80.316, -30.057, 614.373, -570.984, 6.843, 2.000, 47.094, 89.313
1, 325.000,-101.786, -31.830, 5914.497, -934.901, -118.386, 101.981, 80.947, 97.217
2, 230.000, 50.488, 54.793, 269.289, 467.412, 642.288, 2.000, 18.727, -36.044
2, 325.000,67.130, 76.941, 5890.523, 659.779, 857.730, 101.981, 79.590, -37.568
3, 230.000, 8.451, -24.847, 692.933, -98.176, -462.309, 2.000, 55.704, 168.011
3, 325.000,5.811, -38.552, 5965.371, -85.355, -525.608, 101.981, 84.899, 170.776
4, 230.000, -14.958, 68.877, 16.357, 658.021, -519.870, 2.000, 1.117, -128.310
4, 325.000,5.376, 54.451, 5940.780, 650.816, -390.813, 101.981, 82.718, -120.985
5, 230.000, 17.899, 28.876, 334.231, 631.409, -439.473, 2.000, 23.483, -124.839
5, 325.000,37.411, 16.150, 5935.935, 688.130, -400.431, 101.981, 82.361, -120.196
6, 230.000, 61.653, 42.877, 153.971, -619.175, -544.463, 2.000, 10.578, 131.326
6, 325.000,44.486, 27.435, 5949.517, -503.248, -468.127, 101.981, 83.410, 132.929
7, 230.000, 20.268, 26.683, 545.643, -325.642, -547.499, 2.000, 40.582, 149.257
7, 630.000,5.241, -8.914, 3338.800, -84.108, -316.316, 31.999, 84.401, 165.110
8, 230.000, 77.222, 57.274, 431.886, -67.769, -715.825, 2.000, 30.991, 174.592
8, 325.000,82.061, 41.931, 5962.438, 327.945, -458.616, 101.979, 84.598, -144.432
9, 230.000, 3.135, 91.928, 493.449, -406.264, -543.122, 2.000, 36.037, 143.203
9, 325.000,-8.261, 82.159, 5971.283, -413.139, -205.134, 101.980, 85.583, 116.406
10, 230.000, -80.950, 30.809, 356.091, -684.027, 329.895, 2.000, 25.122, 64.253
10, 325.000,-107.589, 43.007, 5864.416, -1109.980, 496.024, 101.982, 78.288, 65.921
11, 230.000, 96.798, -17.965, 146.957, 825.649, -15.201, 2.000, 10.091, -91.055
11, 325.000,145.048, -22.684, 5672.016, 1912.974, -207.071, 101.995, 71.261, -96.178
12, 230.000, 91.717, -7.704, 312.575, -487.097, -607.090, 2.000, 21.880, 141.258
12, 325.000,83.551, -26.027, 5949.979, -129.829, -670.752, 101.980, 83.450, 169.045
13, 230.000, 93.428, 26.223, 720.911, 394.342, -168.242, 2.000, 59.260, -113.105
13, 325.000,116.242, 24.951, 5892.989, 1069.317, 5.389, 101.985, 79.715, -89.711
14, 230.000, -87.131, -38.594, 489.430, 39.652, 680.007, 2.000, 35.698, -3.337
14, 325.000,-93.628, -22.706, 5952.594, -409.914, 516.947, 101.979, 83.676, 38.413
15, 230.000, -30.491, -70.967, 399.556, -727.488, 120.996, 2.000, 28.448, 80.557
15, 325.000,-53.310, -70.496, 5927.502, -852.040, -89.278, 101.981, 81.776, 95.982
16, 230.000, -33.170, 53.137, 113.373, -126.713, 821.349, 2.000, 7.768, 8.770
16, 325.000,-38.306, 80.659, 5901.740, -218.517, 995.460, 101.981, 80.202, 12.381
17, 230.000, 55.017, 17.302, 440.794, 49.870, 711.855, 2.000, 31.704, -4.007
17, 325.000,57.980, 38.838, 5936.783, 166.588, 772.048, 101.981, 82.422, -12.176
18, 230.000, -2.797, 16.859, 356.117, -537.641, 536.328, 2.000, 25.124, 45.070
18, 325.000,-19.133, 33.441, 5933.128, -564.131, 590.728, 101.981, 82.161, 43.681
19, 230.000, 9.539, -95.947, 690.680, -436.122, 190.481, 2.000, 55.432, 66.406
19, 325.000,-1.497, -100.010, 5965.511, -405.274, -341.540, 101.978, 84.923, 130.122
20, 230.000, 17.277, -95.772, 5.913, -135.825, 827.672, 2.000, 0.404, 9.319
20, 325.000,14.554, -78.438, 5973.287, -63.147, 429.024, 101.978, 85.848, 8.373
21, 230.000, -69.784, -70.962, 445.120, 625.477, -337.892, 2.000, 32.052, -118.379
21, 325.000,-63.476, -91.773, 5912.732, 83.001, -950.505, 101.985, 80.833, -175.009
22, 230.000, -55.538, 34.465, 680.646, -470.132, 138.640, 2.000, 54.241, 73.569
22, 325.000,-70.659, 39.503, 5952.574, -620.314, 226.477, 101.981, 83.670, 69.943
23, 230.000, -6.098, 5.979, 464.933, -620.006, 320.863, 2.000, 33.663, 62.638
23, 325.000,-24.725, 15.682, 5940.229, -674.746, 357.173, 101.981, 82.676, 62.106
24, 230.000, 7.116, -52.714, 612.248, 470.609, -327.419, 2.000, 46.882, -124.828
24, 325.000,20.847, -63.452, 5951.909, 499.184, -441.358, 101.981, 83.612, -131.482
25, 230.000, -13.995, -18.224, 272.693, 522.328, -596.939, 2.000, 18.972, -138.814
25, 325.000,1.749, -36.926, 5930.364, 515.159, -659.239, 101.981, 81.970, -141.994
26, 230.000, -91.353, 16.928, 488.662, 673.668, 104.425, 2.000, 35.634, -81.189
26, 325.000,-77.971, 20.978, 5976.820, 339.294, 177.263, 101.980, 86.335, -62.415
27, 230.000, 31.123, -0.591, 796.988, 107.253, -238.393, 2.000, 71.841, -155.777
27, 325.000,34.756, -7.299, 5981.403, 174.426, -248.233, 101.981, 87.096, -144.905
28, 230.000, -2.252, 82.527, 383.814, -442.470, -600.359, 2.000, 27.232, 143.609
28, 325.000,-15.370, 68.210, 5958.007, -466.801, -391.640, 101.981, 84.161, 129.996
29, 230.000, 77.823, 58.510, 620.593, 470.775, 311.061, 2.000, 47.722, -56.546
29, 325.000,102.709, 76.015, 5833.887, 1104.835, 785.203, 101.987, 76.920, -54.599
30, 230.000, 7.553, 81.525, 357.192, 320.103, 688.093, 2.000, 25.205, -24.948
30, 325.000,17.531, 107.050, 5884.669, 367.347, 1051.217, 101.981, 79.285, -19.262
31, 230.000, 86.838, 25.545, 92.792, -783.007, 286.031, 2.000, 6.352, 69.933
31, 325.000,67.771, 35.652, 5954.118, -514.560, 390.817, 101.980, 83.806, 52.783
32, 230.000, -1.489, 24.287, 529.209, 436.165, -482.931, 2.000, 39.119, -137.913
32, 630.000,55.093, -6.244, 3266.162, 721.612, -261.006, 32.004, 76.779, -109.885
33, 230.000, -2.452, -72.106, 722.908, -341.960, 252.965, 2.000, 59.528, 53.508
33, 325.000,-12.134, -67.284, 5977.614, -359.214, 90.918, 101.981, 86.453, 75.797
34, 230.000, -73.927, 57.684, 632.317, 196.539, 514.851, 2.000, 48.927, -20.894
34, 325.000,-75.195, 77.357, 5924.745, -191.910, 854.239, 101.981, 81.594, 12.662
35, 230.000, -52.308, -1.781, 695.032, 102.416, 458.220, 2.000, 55.959, -12.599
35, 325.000,-50.569, 11.201, 5970.741, 8.690, 468.358, 101.981, 85.514, -1.063
36, 230.000, -29.334, -7.663, 715.433, -349.916, 263.132, 2.000, 58.535, 53.057
36, 325.000,-39.872, -0.326, 5969.042, -416.519, 257.386, 101.981, 85.311, 58.286
37, 230.000, -13.066, -37.274, 762.277, 341.986, -74.185, 2.000, 65.342, -102.239
37, 325.000,-3.687, -40.118, 5978.294, 328.414, -146.113, 101.981, 86.559, -113.985
38, 230.000, 27.755, 51.548, 485.437, 480.402, 486.918, 2.000, 35.363, -44.614
38, 325.000,42.692, 67.384, 5930.416, 560.275, 620.859, 101.981, 81.973, -42.064
39, 230.000, -38.553, -12.275, 390.418, -24.658, -741.950, 2.000, 27.741, 178.097
39, 325.000,-40.116, -34.775, 5936.412, -94.158, -786.981, 101.981, 82.395, 173.177
40, 230.000, 19.478, 55.008, 640.611, 192.996, 505.860, 2.000, 49.796, -20.883
40, 325.000,25.549, 71.031, 5949.718, 241.539, 641.660, 101.981, 83.427, -20.628
41, 230.000, 82.086, 48.181, 87.442, 834.052, -15.355, 2.000, 5.984, -91.055
41, 325.000,120.003, 55.006, 5779.588, 1529.919, 355.966, 101.986, 74.795, -76.902
42, 230.000, 87.675, -30.370, 324.887, -763.478, 122.773, 2.000, 22.789, 80.865
42, 325.000,70.657, -28.613, 5970.911, -465.805, 12.850, 101.980, 85.538, 88.420
43, 230.000, 49.624, 82.083, 692.651, 468.752, -63.483, 2.000, 55.670, -97.713
43, 325.000,67.972, 89.274, 5918.827, 801.651, 440.595, 101.981, 81.214, -61.206
44, 230.000, -17.028, 58.875, 767.934, 312.523, -127.005, 2.000, 66.285, -112.116
44, 325.000,-8.702, 56.790, 5982.145, 287.990, -13.886, 101.981, 87.241, -92.761
45, 230.000, -40.856, -66.782, 463.627, -361.339, 598.338, 2.000, 33.556, 31.128
45, 325.000,-52.967, -51.879, 5953.026, -486.565, 440.366, 101.981, 83.709, 47.853
46, 230.000, 41.563, -36.513, 13.413, 146.986, -825.675, 2.000, 0.916, -169.906
46, 325.000,47.469, -63.845, 5909.570, 246.294, -941.028, 101.981, 80.653, -165.333
47, 230.000, 14.260, -89.860, 27.313, 341.897, -765.431, 2.000, 1.866, -155.931
47, 325.000,26.492, -123.832, 5810.003, 455.319, -1380.757, 101.983, 75.951, -161.750
48, 230.000, -94.989, -1.649, 543.237, -248.782, -588.664, 2.000, 40.366, 157.090
48, 325.000,-112.250, -18.491, 5895.760, -841.983, -633.095, 101.982, 79.869, 126.940
49, 230.000, -17.331, 7.345, 96.094, 684.896, 474.560, 2.000, 6.579, -55.282
49, 325.000,4.011, 22.642, 5922.555, 685.852, 567.511, 101.981, 81.452, -50.394
50, 230.000, -80.627, -31.271, 440.973, -2.497, 713.484, 2.000, 31.718, 0.201
50, 325.000,-84.998, -12.207, 5948.270, -286.630, 636.412, 101.981, 83.307, 24.246
51, 230.000, 27.383, -27.489, 337.430, -48.449, -766.366, 2.000, 23.722, 176.383
51, 325.000,26.511, -51.263, 5929.964, -1.112, -839.478, 101.981, 81.942, 179.924
52, 230.000, -25.950, -90.502, 806.510, -226.528, 41.840, 2.000, 74.059, 79.535
52, 325.000,-34.321, -97.096, 5962.613, -371.534, -422.233, 101.980, 84.612, 138.655
53, 230.000, -23.204, 95.883, 235.602, -159.662, 789.002, 2.000, 16.313, 11.440
53, 325.000,-33.491, 142.310, 5678.882, -416.174, 1857.922, 101.997, 71.465, 12.626
54, 230.000, -68.094, -33.828, 64.737, -692.678, 468.540, 2.000, 4.427, 55.925
54, 325.000,-92.949, -20.810, 5901.139, -948.242, 382.934, 101.981, 80.169, 68.009
55, 230.000, -31.548, -39.459, 268.060, -726.061, 323.269, 2.000, 18.638, 66.000
55, 325.000,-54.469, -30.550, 5928.324, -810.832, 258.301, 101.981, 81.831, 72.330
56, 230.000, -54.490, -61.663, 331.876, 714.687, -287.410, 2.000, 23.308, -111.907
56, 325.000,-35.738, -73.005, 5940.894, 577.371, -491.565, 101.981, 82.726, -130.411
57, 230.000, -50.225, -37.348, 40.905, -720.747, 427.052, 2.000, 2.795, 59.353
57, 325.000,-74.569, -25.059, 5914.951, -869.230, 356.382, 101.981, 80.975, 67.706
58, 230.000, 28.155, 74.613, 675.680, -213.630, -448.713, 2.000, 53.665, 154.541
58, 325.000,23.181, 64.737, 5981.331, -146.680, -267.051, 101.981, 87.084, 151.222
59, 230.000, -76.791, -38.424, 94.430, -710.751, 435.247, 2.000, 6.464, 58.518
59, 325.000,-104.145, -27.761, 5881.375, -1092.527, 291.818, 101.981, 79.116, 75.045
60, 230.000, -36.612, 1.647, 755.570, 359.424, -58.753, 2.000, 64.265, -99.284
60, 325.000,-27.237, 0.020, 5982.385, 277.656, -57.429, 101.981, 87.287, -101.686
61, 230.000, 56.890, -47.333, 667.770, 270.373, 429.541, 2.000, 52.763, -32.188
61, 325.000,66.549, -36.835, 5965.131, 426.455, 323.346, 101.981, 84.873, -52.830
62, 230.000, 56.189, -13.106, 583.528, 562.840, 215.013, 2.000, 44.083, -69.092
62, 325.000,74.016, -7.253, 5944.643, 701.979, 194.048, 101.981, 83.015, -74.548
63, 230.000, 59.122, 44.308, 778.199, -186.819, -251.056, 2.000, 68.093, 143.346
63, 325.000,55.839, 38.759, 5986.923, -50.780, -152.800, 101.981, 88.459, 161.617
64, 230.000, -76.629, -40.649, 599.398, -252.008, 529.847, 2.000, 45.612, 25.437
64, 325.000,-88.153, -27.951, 5950.140, -550.940, 401.988, 101.981, 83.461, 53.884
65, 230.000, -28.958, 17.270, 131.394, 790.298, -248.374, 2.000, 9.013, -107.447
65, 630.000,39.944, 7.341, 3276.742, 719.152, -29.457, 32.000, 77.611, -92.346
66, 230.000, -47.907, 74.030, 383.327, -224.260, -711.542, 2.000, 27.195, 162.506
66, 325.000,-57.014, 57.171, 5955.797, -402.137, -485.659, 101.981, 83.957, 140.374
67, 230.000, 4.740, 32.567, 507.400, 242.375, 622.353, 2.000, 37.224, -21.278
67, 325.000,11.969, 51.546, 5942.744, 257.849, 697.500, 101.981, 82.867, -20.288
68, 230.000, 74.203, -48.479, 198.818, 205.834, 788.434, 2.000, 13.712, -14.631
68, 325.000,84.862, -27.686, 5933.225, 502.686, 642.835, 101.980, 82.169, -38.025
69, 230.000, 22.417, -50.315, 750.732, -284.058, -243.383, 2.000, 63.514, 130.590
69, 325.000,14.958, -58.361, 5973.829, -249.394, -346.936, 101.981, 85.909, 144.290
70, 230.000, -37.550, 87.167, 334.307, -700.941, -316.929, 2.000, 23.489, 114.330
70, 325.000,-61.679, 86.620, 5909.653, -958.270, 162.450, 101.979, 80.660, 80.378
71, 230.000, 44.367, 50.881, 463.192, 201.677, -669.554, 2.000, 33.520, -163.237
71, 325.000,51.556, 32.666, 5952.946, 304.500, -582.147, 101.981, 83.702, -152.388
72, 230.000, 35.271, -49.841, 759.103, 354.629, -39.053, 2.000, 64.827, -96.284
72, 325.000,46.176, -52.289, 5971.104, 440.320, -145.739, 101.981, 85.558, -108.314
73, 230.000, -7.120, -99.572, 655.688, 521.313, -42.780, 2.000, 51.419, -94.691
73, 325.000,5.721, -121.503, 5875.194, 479.776, -1064.853, 102.017, 78.757, -155.746
74, 230.000, 74.862, 14.325, 255.031, 775.363, 193.119, 2.000, 17.701, -76.014
74, 325.000,102.311, 20.934, 5885.707, 1078.663, 253.444, 101.981, 79.338, -76.778
75, 230.000, 28.906, -51.398, 521.043, -623.980, -206.607, 2.000, 38.404, 108.320
75, 325.000,11.424, -58.731, 5951.971, -586.270, -315.469, 101.981, 83.618, 118.285
76, 230.000, -8.605, -80.957, 56.725, -163.619, -820.692, 2.000, 3.878, 168.725
76, 325.000,-14.293, -112.057, 5860.761, -210.171, -1215.186, 101.981, 78.117, 170.188
77, 230.000, -88.279, 29.043, 392.568, -690.138, -270.414, 2.000, 27.907, 111.397
77, 325.000,-117.907, 24.266, 5852.858, -1265.434, -111.948, 101.983, 77.754, 95.056
78, 230.000, -76.099, 43.507, 257.284, -764.768, -229.038, 2.000, 17.863, 106.672
78, 325.000,-105.056, 40.084, 5872.689, -1174.629, -34.348, 101.981, 78.684, 91.675
79, 230.000, 2.414, -62.985, 823.456, -159.431, 5.122, 2.000, 79.037, 88.160
79, 325.000,-1.944, -64.515, 5985.649, -159.215, -125.703, 101.981, 88.059, 128.292
80, 230.000, -96.835, 3.595, 722.319, 266.914, -332.470, 2.000, 59.448, -141.242
80, 325.000,-99.146, -5.105, 5973.642, -276.249, -329.206, 101.980, 85.885, 139.999
81, 230.000, -68.888, 13.052, 302.950, 678.296, 389.435, 2.000, 21.173, -60.138
81, 325.000,-50.452, 25.158, 5947.920, 552.361, 431.643, 101.981, 83.278, -51.994
82, 230.000, 30.820, -71.828, 641.199, 183.708, 508.565, 2.000, 49.859, -19.861
82, 325.000,37.153, -60.025, 5973.350, 271.255, 338.641, 101.981, 85.846, -38.695
83, 230.000, -38.248, 22.307, 836.357, 0.180, 63.487, 2.000, 85.659, -0.162
83, 325.000,-39.025, 24.529, 5987.776, -68.235, 105.202, 101.981, 88.800, 32.968
84, 230.000, -17.439, 84.511, 70.292, 382.479, -743.164, 2.000, 4.807, -152.767
84, 325.000,-6.407, 65.241, 5955.300, 348.870, -530.835, 101.980, 83.912, -146.687
85, 230.000, 22.433, 67.653, 418.755, 211.605, 695.264, 2.000, 29.951, -16.928
85, 325.000,29.643, 91.087, 5909.753, 287.940, 927.983, 101.981, 80.663, -17.238
86, 230.000, -63.485, -41.886, 113.014, -634.028, 537.364, 2.000, 7.744, 49.717
86, 325.000,-85.937, -27.112, 5911.155, -859.330, 434.758, 101.981, 80.747, 63.164
87, 230.000, 66.195, 2.985, 82.937, -528.181, -646.274, 2.000, 5.675, 140.742
87, 325.000,51.466, -17.155, 5938.053, -409.983, -663.791, 101.981, 82.515, 148.299
88, 230.000, 7.261, 4.949, 59.592, -447.784, -706.726, 2.000, 4.074, 147.642
88, 630.000,-45.884, -88.176, 3092.987, -625.214, -1137.937, 31.992, 67.228, 151.214
89, 230.000, -81.909, -18.898, 357.397, 659.074, 376.050, 2.000, 25.220, -60.292
89, 325.000,-65.809, -8.572, 5962.245, 454.473, 337.936, 101.981, 84.574, -53.366
90, 230.000, 15.206, -75.183, 712.669, -423.729, 126.813, 2.000, 58.175, 73.339
90, 325.000,3.868, -74.357, 5975.412, -398.949, -66.693, 101.981, 86.127, 99.490
91, 230.000, 21.652, 5.574, 555.344, -286.200, 559.648, 2.000, 41.460, 27.085
91, 325.000,13.748, 22.143, 5952.356, -234.835, 619.041, 101.980, 83.653, 20.774
92, 230.000, -33.049, 23.845, 478.449, -455.794, -516.588, 2.000, 34.780, 138.578
92, 325.000,-47.206, 9.085, 5945.503, -529.308, -489.918, 101.981, 83.083, 132.787
93, 230.000, -41.439, -2.151, 55.803, 824.802, 141.818, 2.000, 3.815, -80.244
93, 630.000,15.229, 14.586, 3312.675, 492.851, 202.682, 32.007, 80.861, -67.645
94, 230.000, -12.433, -33.859, 160.140, -93.145, 818.048, 2.000, 11.007, 6.496
94, 630.000,-42.878, 31.821, 3259.687, -458.650, 651.106, 32.013, 76.270, 35.162
95, 230.000, 53.955, -12.182, 738.138, -341.134, 205.678, 2.000, 61.646, 58.913
95, 325.000,45.545, -6.655, 5980.900, -249.681, 188.868, 101.981, 87.004, 52.895
96, 230.000, 4.067, -53.904, 517.127, 496.130, -435.843, 2.000, 38.064, -131.299
96, 325.000,18.688, -68.057, 5940.093, 520.576, -559.905, 101.981, 82.666, -137.085
97, 230.000, 50.206, -39.167, 504.277, 516.709, 426.897, 2.000, 36.957, -50.437
97, 325.000,66.789, -27.846, 5943.508, 646.946, 354.070, 101.981, 82.927, -61.308
98, 230.000, -59.397, -19.427, 138.305, 607.501, -561.550, 2.000, 9.491, -132.749
98, 325.000,-42.091, -37.378, 5935.056, 508.522, -621.041, 101.981, 82.298, -140.689
99, 230.000, 27.413, -94.205, 536.274, 527.633, 370.860, 2.000, 39.744, -54.898
99, 325.000,45.490, -95.476, 5937.179, 744.703, -247.107, 101.971, 82.472, -108.357
100, 230.000, -45.538, 10.525, 340.630, 750.465, 155.875, 2.000, 23.961, -78.266
100, 325.000,-23.869, 15.484, 5948.092, 672.796, 191.715, 101.981, 83.292, -74.095
101, 230.000, 39.666, -53.939, 286.491, 227.939, -754.646, 2.000, 19.972, -163.193
101, 325.000,48.100, -78.873, 5905.097, 347.858, -937.046, 101.981, 80.393, -159.634
102, 230.000, 48.663, 37.665, 316.594, 486.137, 605.775, 2.000, 22.176, -38.747
102, 325.000,64.971, 57.214, 5912.124, 626.477, 723.561, 101.981, 80.804, -40.887
103, 230.000, -5.732, -61.299, 331.440, -111.927, 762.328, 2.000, 23.276, 8.353
103, 325.000,-9.242, -39.832, 5950.626, -127.478, 665.561, 101.981, 83.503, 10.843
104, 230.000, 53.339, 61.432, 145.165, 302.891, -768.575, 2.000, 9.966, -158.491
104, 325.000,64.880, 40.499, 5937.771, 472.442, -623.558, 101.981, 82.494, -142.850
105, 230.000, -8.922, -2.003, 507.451, -603.090, -286.879, 2.000, 37.229, 115.440
105, 325.000,-26.981, -10.543, 5943.929, -665.423, -310.109, 101.981, 82.959, 114.987
106, 230.000, -2.800, 22.374, 762.559, -157.260, 311.926, 2.000, 65.388, 26.755
106, 325.000,-7.307, 31.658, 5974.827, -170.400, 376.312, 101.981, 86.045, 24.362
107, 230.000, 26.272, -75.763, 38.448, 416.457, 727.055, 2.000, 2.627, -29.804
107, 325.000,40.267, -55.981, 5941.835, 504.984, 555.641, 101.981, 82.798, -42.266
108, 230.000, -43.024, 40.519, 53.141, -328.373, -769.981, 2.000, 3.632, 156.903
108, 325.000,-54.477, 17.268, 5930.729, -425.706, -717.235, 101.981, 81.995, 149.309
109, 230.000, -8.577, -75.975, 494.626, -633.236, -240.585, 2.000, 36.136, 110.803
109, 325.000,-27.383, -86.294, 5930.026, -686.561, -482.344, 101.981, 81.946, 125.090
110, 230.000, -3.849, -65.894, 159.449, -6.671, -823.441, 2.000, 10.959, 179.536
110, 325.000,-4.206, -93.955, 5897.002, -17.787, -1046.086, 101.981, 79.939, 179.026
111, 230.000, -80.329, 22.455, 677.881, 479.275, -119.568, 2.000, 53.920, -104.008
111, 325.000,-70.252, 20.042, 5983.042, 262.531, -58.428, 101.981, 87.426, -102.547
112, 230.000, -29.214, 23.860, 8.396, -837.491, 45.412, 2.000, 0.574, 86.896
112, 325.000,-56.630, 25.847, 5917.379, -919.600, 90.354, 101.981, 81.125, 84.389
113, 230.000, -76.225, 10.331, 209.467, 471.076, 661.615, 2.000, 14.462, -35.451
113, 325.000,-64.693, 30.850, 5939.028, 290.889, 715.889, 101.981, 82.587, -22.113
114, 230.000, -63.068, -60.106, 734.017, -344.174, 215.144, 2.000, 61.059, 57.990
114, 325.000,-76.341, -57.679, 5958.618, -603.415, -7.276, 101.981, 84.217, 90.691
115, 230.000, 13.576, 66.207, 77.357, -722.660, 418.692, 2.000, 5.292, 59.913
115, 325.000,-8.564, 81.645, 5914.786, -719.093, 606.158, 101.981, 80.965, 49.871
116, 230.000, -34.409, -20.945, 510.215, 641.414, 178.304, 2.000, 37.466, -74.465
116, 325.000,-16.306, -16.190, 5961.418, 563.156, 111.622, 101.978, 84.499, -78.789
117, 230.000, -26.374, -64.500, 142.657, -535.224, -629.848, 2.000, 9.792, 139.643
117, 325.000,-44.091, -86.799, 5892.946, -640.832, -855.437, 101.981, 79.720, 143.162
118, 230.000, 72.017, 22.436, 602.649, -459.179, -359.851, 2.000, 45.931, 128.085
118, 325.000,61.229, 12.878, 5972.921, -303.019, -318.682, 101.981, 85.789, 136.443
119, 230.000, -29.095, 92.998, 315.877, -777.011, 0.223, 2.000, 22.123, 89.984
119, 325.000,-55.958, 106.658, 5852.307, -1052.793, 715.692, 101.983, 77.728, 55.792
120, 230.000, 11.562, 94.976, 830.726, 14.021, -114.988, 2.000, 82.062, -173.048
120, 325.000,12.997, 100.561, 5975.525, 77.559, 395.387, 101.981, 86.142, -11.098
121, 230.000, 15.805, -92.905, 370.272, 322.802, -679.868, 2.000, 26.196, -154.602
121, 325.000,27.287, -124.670, 5815.990, 451.310, -1356.813, 101.984, 76.187, -161.602
122, 230.000, 37.664, -84.801, 376.825, -711.234, -235.951, 2.000, 26.696, 108.353
122, 325.000,20.078, -98.584, 5924.980, -566.188, -665.926, 101.981, 81.608, 139.628
123, 230.000, 10.620, 64.366, 69.626, 834.690, 44.377, 2.000, 4.762, -86.957
123, 325.000,37.150, 67.847, 5918.527, 894.478, 200.372, 101.981, 81.196, -77.374
124, 230.000, 60.712, 22.105, 587.828, -302.299, 516.331, 2.000, 44.493, 30.348
124, 325.000,53.704, 37.603, 5958.094, -181.731, 580.756, 101.981, 84.168, 17.376
125, 230.000, -19.409, 82.127, 449.216, -431.959, -561.374, 2.000, 32.383, 142.423
125, 325.000,-32.854, 69.541, 5958.123, -510.490, -330.606, 101.981, 84.172, 122.928
126, 230.000, 44.996, 1.346, 541.854, 637.898, 54.811, 2.000, 40.242, -85.089
126, 325.000,64.655, 2.978, 5942.768, 741.104, 58.986, 101.981, 82.869, -85.449
127, 230.000, -67.876, 17.203, 378.899, 258.813, 702.122, 2.000, 26.855, -20.235
127, 325.000,-62.414, 38.657, 5938.438, 104.089, 770.273, 101.981, 82.543, -7.696
128, 230.000, 43.752, -35.754, 478.935, -60.034, 685.960, 2.000, 34.820, 5.002
128, 325.000,43.001, -16.397, 5954.806, 21.967, 639.512, 101.981, 83.867, -1.967
129, 230.000, -53.346, -4.424, 150.873, 383.605, -730.485, 2.000, 10.363, -152.294
129, 325.000,-42.665, -27.244, 5932.783, 295.819, -764.057, 101.981, 82.137, -158.835
130, 230.000, -75.210, -54.156, 513.236, 608.334, -264.656, 2.000, 37.727, -113.511
130, 325.000,-63.263, -65.525, 5958.821, 307.491, -516.750, 101.981, 84.238, -149.245
131, 230.000, 46.356, 11.197, 349.205, -581.203, 493.743, 2.000, 24.603, 49.651
131, 325.000,29.840, 26.332, 5943.305, -511.828, 533.249, 101.981, 82.911, 43.826
132, 230.000, -4.030, 17.168, 498.722, -609.830, -287.937, 2.000, 36.484, 115.275
132, 325.000,-22.249, 9.037, 5944.783, -684.643, -244.528, 101.980, 83.028, 109.655
133, 230.000, 48.418, 49.681, 195.234, -802.072, 148.623, 2.000, 13.460, 79.502
133, 325.000,25.260, 55.712, 5939.237, -724.468, 264.164, 101.981, 82.602, 69.967
134, 230.000, 69.883, 65.472, 209.441, 766.481, 268.636, 2.000, 14.460, -70.685
134, 325.000,103.846, 83.783, 5773.729, 1373.405, 805.661, 101.987, 74.582, -59.603
135, 230.000, 25.843, 50.739, 401.502, -511.298, -529.995, 2.000, 28.599, 136.029
135, 325.000,11.194, 36.108, 5953.328, -477.412, -446.238, 101.981, 83.736, 133.067
136, 230.000, 59.365, 70.420, 672.966, -357.812, 350.158, 2.000, 53.353, 45.619
136, 325.000,53.976, 85.586, 5947.145, -94.986, 701.164, 101.981, 83.215, 7.715
137, 230.000, 29.358, -86.371, 468.465, -209.776, -663.369, 2.000, 33.953, 162.452
137, 325.000,26.020, -113.570, 5873.381, -62.878, -1170.056, 101.982, 78.718, 176.924
138, 230.000, 2.345, 64.090, 785.827, -286.550, -62.361, 2.000, 69.535, 102.278
138, 325.000,-5.585, 64.081, 5981.629, -290.394, 70.498, 101.981, 87.140, 76.354
139, 230.000, 36.870, -24.616, 489.942, -130.163, 668.235, 2.000, 35.741, 11.022
139, 325.000,33.826, -5.433, 5954.232, -57.129, 642.700, 101.981, 83.815, 5.080
140, 230.000, -10.576, 25.403, 114.934, -800.476, -222.603, 2.000, 7.876, 105.541
140, 325.000,-35.995, 18.918, 5925.413, -851.671, -182.587, 101.981, 81.638, 102.100
141, 230.000, 43.215, -69.243, 756.697, -78.285, 353.278, 2.000, 64.443, 12.495
141, 325.000,42.803, -62.258, 5986.596, 43.142, 167.239, 101.981, 88.347, -14.465
142, 230.000, -61.212, 27.184, 335.894, -653.195, -405.012, 2.000, 23.607, 121.801
142, 325.000,-82.979, 15.984, 5919.871, -837.177, -351.392, 101.981, 81.280, 112.769
143, 230.000, -9.440, -32.359, 835.640, -35.429, -63.038, 2.000, 85.054, 150.663
143, 325.000,-10.615, -34.760, 5987.438, -55.356, -129.329, 101.981, 88.654, 156.828
144, 230.000, -5.283, 38.775, 275.688, -200.174, 766.453, 2.000, 19.189, 14.637
144, 325.000,-11.519, 63.069, 5922.756, -216.316, 862.189, 101.981, 81.465, 14.084
145, 230.000, 11.673, -46.123, 641.353, -17.954, 540.248, 2.000, 49.875, 1.903
145, 325.000,11.409, -31.589, 5971.163, 6.174, 462.981, 101.981, 85.566, -0.764
146, 230.000, -54.028, -20.231, 496.572, 540.692, 405.701, 2.000, 36.301, -53.118
146, 325.000,-39.416, -8.796, 5959.938, 452.067, 379.411, 101.981, 84.345, -49.994
147, 230.000, 44.205, 35.772, 144.346, -286.292, -775.064, 2.000, 9.910, 159.727
147, 325.000,36.328, 12.486, 5940.501, -207.666, -732.459, 101.981, 82.697, 164.171
148, 230.000, -28.545, -83.582, 645.295, 248.215, -474.876, 2.000, 50.295, -152.404
148, 325.000,-23.552, -102.800, 5924.593, 135.164, -866.179, 101.981, 81.583, -171.131
149, 230.000, 77.265, 44.677, 232.966, -780.912, -198.561, 2.000, 16.126, 104.266
149, 325.000,57.779, 40.964, 5962.156, -563.872, -61.540, 101.980, 84.565, 96.228
150, 230.000, -82.593, -9.007, 472.100, -49.843, 691.492, 2.000, 34.253, 4.123
150, 325.000,-88.168, 10.624, 5939.742, -330.099, 692.509, 101.980, 82.641, 25.486
151, 230.000, -23.436, 34.953, 534.329, -629.600, 147.040, 2.000, 39.572, 76.854
151, 325.000,-42.361, 40.015, 5945.305, -690.429, 214.126, 101.981, 83.068, 72.770
152, 230.000, 14.761, 13.756, 325.553, 759.203, -145.428, 2.000, 22.838, -100.844
152, 325.000,38.158, 9.610, 5931.805, 816.998, -124.112, 101.981, 82.069, -98.638
153, 230.000, -52.478, -74.260, 66.426, -727.538, -412.068, 2.000, 4.542, 119.527
153, 325.000,-80.661, -95.107, 5819.672, -1097.582, -892.516, 101.983, 76.337, 129.117
154, 230.000, 54.527, -54.509, 284.136, 362.211, 701.138, 2.000, 19.801, -27.321
154, 325.000,67.524, -35.528, 5937.525, 526.025, 581.640, 101.981, 82.476, -42.126
155, 230.000, 48.332, -14.520, 721.116, 369.240, -217.204, 2.000, 59.287, -120.466
155, 325.000,59.912, -21.007, 5965.233, 471.375, -250.997, 101.981, 84.884, -118.034
156, 230.000, -70.876, -16.367, 441.485, 113.263, -704.121, 2.000, 31.759, -170.862
156, 325.000,-70.127, -37.669, 5938.358, -68.690, -774.835, 101.981, 82.537, 174.934
157, 230.000, -22.748, -7.975, 157.273, 808.544, -158.257, 2.000, 10.807, -101.075
157, 630.000,57.944, -41.787, 3197.423, 898.475, -474.534, 32.002, 72.371, -117.841
158, 230.000, -82.031, 13.482, 667.028, -508.489, 6.094, 2.000, 52.679, 89.313
158, 325.000,-101.046, 14.422, 5929.522, -840.715, 57.105, 101.981, 81.912, 86.114
159, 230.000, -60.892, 34.458, 106.768, -776.906, 297.559, 2.000, 7.313, 69.043
159, 325.000,-87.797, 45.257, 5889.616, -1003.214, 418.615, 101.981, 79.543, 67.350
160, 230.000, 66.400, 18.225, 681.439, 263.050, 412.274, 2.000, 54.334, -32.540
160, 325.000,76.116, 30.530, 5954.122, 440.184, 473.161, 101.981, 83.805, -42.932
161, 230.000, -65.578, -46.630, 735.630, 378.532, 138.153, 2.000, 61.287, -69.949
161, 325.000,-57.566, -44.586, 5985.340, 211.311, 14.451, 101.981, 87.973, -86.088
162, 230.000, 51.965, 23.083, 446.503, 652.014, 281.135, 2.000, 32.163, -66.675
162, 325.000,72.770, 32.074, 5926.700, 791.214, 342.665, 101.981, 81.723, -66.583
163, 230.000, 11.186, -53.002, 352.431, -757.612, -73.081, 2.000, 24.846, 95.510
163, 325.000,-11.320, -56.479, 5937.924, -760.821, -177.173, 101.981, 82.505, 103.109
164, 230.000, -89.196, 26.192, 30.845, -827.590, -132.920, 2.000, 2.108, 99.124
164, 325.000,-126.261, 25.453, 5798.500, -1498.809, 36.625, 101.984, 75.503, 88.600
165, 230.000, 53.365, -9.018, 463.883, -593.767, -368.479, 2.000, 33.577, 121.823
165, 325.000,37.038, -20.103, 5953.983, -510.584, -398.218, 101.981, 83.793, 127.952
166, 230.000, 74.910, -30.862, 628.861, -554.804, -15.803, 2.000, 48.569, 91.632
166, 325.000,62.081, -32.504, 5976.779, -370.229, -100.971, 101.981, 86.326, 105.255
167, 230.000, -17.324, 80.742, 240.850, -312.340, 740.242, 2.000, 16.687, 22.877
167, 325.000,-27.949, 108.612, 5868.436, -403.833, 1125.948, 101.981, 78.479, 19.731
168, 230.000, 69.096, -30.867, 22.731, -634.506, 548.096, 2.000, 1.553, 49.179
168, 325.000,51.298, -14.604, 5947.060, -502.246, 499.379, 101.981, 83.208, 45.164
169, 230.000, 40.360, -44.225, 525.574, -321.688, 569.045, 2.000, 38.800, 29.480
169, 325.000,31.931, -28.671, 5962.776, -252.735, 500.593, 101.981, 84.627, 26.788
170, 230.000, -87.880, -17.507, 102.084, 575.202, -601.868, 2.000, 6.991, -136.298
170, 325.000,-75.475, -36.857, 5941.726, 277.152, -698.707, 101.981, 82.790, -158.364
171, 230.000, 61.983, -12.120, 604.236, -324.805, 482.622, 2.000, 46.087, 33.941
171, 325.000,54.226, 1.447, 5966.644, -210.417, 473.354, 101.981, 85.038, 23.966
172, 230.000, -53.432, -44.412, 438.721, 714.335, -27.820, 2.000, 31.538, -92.230
172, 325.000,-33.919, -46.506, 5955.313, 622.695, -125.180, 101.981, 83.912, -101.367
173, 230.000, 81.748, 57.529, 326.884, -269.316, -723.975, 2.000, 22.937, 159.595
173, 325.000,87.333, 46.489, 5962.199, 390.734, -292.182, 101.744, 85.322, -126.788
174, 230.000, 87.074, 43.538, 563.817, -71.319, 616.885, 2.000, 42.237, 6.595
174, 325.000,96.713, 66.671, 5884.742, 551.761, 967.756, 101.986, 79.281, -29.689
175, 230.000, -9.699, 17.976, 25.495, 757.947, 358.317, 2.000, 1.742, -64.698
175, 325.000,14.375, 29.844, 5923.940, 774.817, 419.269, 101.981, 81.541, -61.581
176, 230.000, 17.579, 76.241, 43.183, 809.535, -215.203, 2.000, 2.951, -104.887
176, 325.000,43.635, 72.851, 5920.865, 901.426, 4.112, 101.981, 81.343, -89.739
177, 230.000, -6.379, -53.119, 746.662, -219.392, 312.868, 2.000, 62.898, 35.039
177, 325.000,-12.701, -45.480, 5980.204, -237.717, 223.252, 101.981, 86.879, 46.797
178, 230.000, 21.181, 65.428, 544.875, -627.900, 111.250, 2.000, 40.513, 79.953
178, 325.000,3.652, 70.689, 5952.897, -600.562, 267.488, 101.981, 83.698, 65.992
179, 230.000, 37.249, -21.844, 604.799, -567.602, -124.779, 2.000, 46.142, 102.398
179, 325.000,21.610, -25.922, 5964.683, -510.529, -176.282, 101.981, 84.826, 109.049
180, 230.000, -17.327, -45.666, 672.122, 364.063, -345.304, 2.000, 53.257, -133.485
180, 325.000,-7.321, -56.544, 5963.123, 342.911, -439.058, 101.981, 84.663, -142.010
181, 230.000, -13.330, -56.019, 676.627, 319.125, -379.288, 2.000, 53.774, -139.923
181, 325.000,-4.593, -68.276, 5960.058, 301.791, -505.796, 101.981, 84.356, -149.177
182, 230.000, -25.359, -13.652, 337.328, -717.036, -274.943, 2.000, 23.714, 110.979
182, 325.000,-47.598, -22.260, 5929.660, -783.532, -307.260, 101.981, 81.922, 111.412
183, 230.000, 70.530, -12.294, 305.817, 777.409, -75.066, 2.000, 21.383, -95.515
183, 325.000,97.091, -15.103, 5898.371, 1031.926, -116.620, 101.981, 80.015, -96.448
184, 230.000, 8.316, -13.206, 418.191, 709.439, -159.172, 2.000, 29.906, -102.646
184, 325.000,29.765, -18.253, 5937.640, 758.685, -195.032, 101.981, 82.484, -104.417
185, 230.000, -64.171, 4.011, 271.542, -338.248, 717.898, 2.000, 18.889, 25.228
185, 325.000,-76.552, 25.943, 5919.458, -507.638, 755.996, 101.981, 81.254, 33.881
186, 230.000, -94.039, -21.222, 211.822, -800.527, -133.460, 2.000, 14.628, 99.465
186, 325.000,-134.337, -28.894, 5747.795, -1652.558, -322.413, 101.989, 73.673, 101.040
187, 230.000, 90.242, 33.703, 399.787, -737.343, 4.454, 2.000, 28.466, 89.654
187, 325.000,76.483, 36.547, 5976.954, -341.255, 167.037, 101.978, 86.363, 63.919
188, 230.000, 33.012, -18.080, 236.063, -425.676, -683.080, 2.000, 16.346, 148.070
188, 325.000,20.598, -39.489, 5931.058, -379.827, -739.916, 101.981, 82.017, 152.827
189, 230.000, -20.753, -24.028, 5.683, 799.432, -253.773, 2.000, 0.388, -107.612
189, 325.000,4.449, -32.693, 5927.718, 792.285, -321.932, 101.981, 81.791, -112.114
190, 230.000, -36.554, -77.620, 312.908, 692.135, -355.755, 2.000, 21.904, -117.203
190, 325.000,-18.135, -92.726, 5922.483, 588.776, -668.317, 101.981, 81.447, -138.621
191, 230.000, -42.220, -71.828, 328.036, -592.709, -494.583, 2.000, 23.023, 129.843
191, 325.000,-62.725, -91.396, 5877.158, -804.024, -825.785, 101.981, 78.905, 135.765
192, 230.000, -17.666, 60.515, 482.442, -109.942, 677.264, 2.000, 35.112, 9.221
192, 325.000,-21.478, 82.400, 5926.068, -157.661, 852.102, 101.981, 81.681, 10.483
193, 230.000, -60.985, 8.384, 567.913, -2.515, -617.246, 2.000, 42.616, 179.767
193, 325.000,-62.680, -9.256, 5955.550, -128.514, -619.754, 101.981, 83.934, 168.285
194, 230.000, -94.421, -18.115, 554.141, -621.715, 99.610, 2.000, 41.351, 80.898
194, 325.000,-124.872, -17.737, 5837.504, -1339.258, -24.753, 101.985, 77.077, 91.059
195, 230.000, 47.079, -57.414, 113.475, 757.932, -340.861, 2.000, 7.775, -114.215
195, 325.000,72.943, -70.847, 5886.617, 955.444, -551.486, 101.981, 79.386, -119.994
196, 230.000, 57.427, 16.881, 811.220, -171.578, -126.518, 2.000, 75.276, 126.404
196, 325.000,54.046, 13.771, 5987.948, -64.766, -97.328, 101.981, 88.882, 146.359
197, 230.000, -17.647, -86.186, 240.491, 642.641, 482.390, 2.000, 16.662, -53.107
197, 325.000,0.678, -76.106, 5953.548, 613.837, 218.075, 101.980, 83.756, -70.442
198, 230.000, 56.017, 65.094, 513.262, -212.593, -628.403, 2.000, 37.729, 161.309
198, 325.000,52.443, 49.984, 5971.649, -49.029, -454.002, 101.981, 85.627, 173.836
199, 230.000, 70.424, -58.891, 255.773, 166.909, -781.182, 2.000, 17.755, -167.939
199, 325.000,82.821, -88.425, 5841.434, 594.797, -1180.507, 101.982, 77.249, -153.259
200, 230.000, -56.281, -39.874, 68.628, -806.327, -220.570, 2.000, 4.693, 105.299
200, 325.000,-83.976, -48.500, 5892.044, -1014.787, -351.097, 101.981, 79.671, 109.085
201, 230.000, 64.272, 25.475, 665.722, -440.305, 257.816, 2.000, 52.532, 59.649
201, 325.000,53.646, 33.538, 5972.232, -312.317, 322.620, 101.981, 85.700, 44.070
202, 230.000, -15.294, -58.560, 166.079, -797.267, -200.768, 2.000, 11.420, 104.134
202, 325.000,-40.432, -66.566, 5916.554, -863.592, -343.231, 101.981, 81.074, 111.675
203, 230.000, 34.110, -72.413, 787.645, 108.338, -267.213, 2.000, 69.893, -157.931
203, 325.000,38.680, -83.145, 5963.231, 221.886, -509.776, 101.981, 84.674, -156.478
204, 230.000, -27.130, 37.063, 382.329, -42.959, -745.321, 2.000, 27.118, 176.701
204, 325.000,-29.019, 15.497, 5947.630, -104.775, -695.573, 101.981, 83.255, 171.434
205, 230.000, 35.685, -58.899, 30.871, -70.035, -835.264, 2.000, 2.109, 175.207
205, 325.000,34.960, -87.691, 5896.566, 31.035, -1048.231, 101.981, 79.916, -178.304
206, 230.000, 1.742, 27.098, 620.414, 563.711, -28.995, 2.000, 47.704, -92.944
206, 325.000,18.108, 26.824, 5959.586, 592.860, 32.027, 101.981, 84.311, -86.908
207, 230.000, 51.674, 77.695, 331.261, -563.195, -525.929, 2.000, 23.262, 133.040
207, 325.000,38.496, 67.230, 5971.435, -387.558, -246.212, 101.980, 85.603, 122.427
208, 230.000, -11.450, 38.319, 346.236, 243.367, 724.166, 2.000, 24.380, -18.576
208, 325.000,-4.357, 61.034, 5928.724, 230.318, 816.324, 101.981, 81.858, -15.756
209, 230.000, -55.218, -59.753, 512.314, -486.518, 452.060, 2.000, 37.647, 47.103
209, 325.000,-71.864, -49.487, 5943.231, -684.638, 280.277, 101.981, 82.905, 67.737
210, 230.000, 39.046, 40.934, 656.149, -87.872, -515.045, 2.000, 51.470, 170.318
210, 325.000,37.429, 27.154, 5971.919, -16.231, -452.884, 101.981, 85.660, 177.947
211, 230.000, -64.731, 13.296, 187.427, -635.779, 513.985, 2.000, 12.912, 51.047
211, 325.000,-86.775, 29.626, 5901.878, -841.664, 573.299, 101.981, 80.210, 55.739
212, 230.000, -25.023, -34.034, 787.286, 238.219, -164.183, 2.000, 69.822, -124.575
212, 325.000,-18.847, -39.331, 5981.304, 199.964, -230.722, 101.981, 87.078, -139.085
213, 230.000, 81.747, -55.949, 621.694, -528.455, -194.308, 2.000, 47.834, 110.188
213, 325.000,78.112, -68.658, 5957.707, 30.341, -608.424, 101.970, 84.162, -177.145
214, 230.000, 34.729, -87.581, 814.317, -62.886, -190.936, 2.000, 76.133, 161.770
214, 325.000,36.137, -100.630, 5950.410, 119.765, -669.342, 101.982, 83.481, -169.855
215, 230.000, 58.691, 4.420, 36.630, -833.400, -87.333, 2.000, 2.503, 95.982
215, 325.000,33.690, 1.759, 5942.393, -741.933, -81.530, 101.981, 82.841, 96.271
216, 230.000, -69.846, 13.817, 466.469, -672.314, 184.188, 2.000, 33.789, 74.679
216, 325.000,-92.478, 19.796, 5915.498, -906.625, 232.733, 101.981, 81.009, 75.603
217, 230.000, -53.863, -49.837, 133.723, 825.637, -62.974, 2.000, 9.174, -94.362
217, 325.000,-30.056, -53.356, 5941.344, 732.735, -180.818, 101.981, 82.761, -103.862
218, 230.000, -5.669, 5.625, 775.818, 118.590, -295.916, 2.000, 67.662, -158.161
218, 630.000,1.851, -25.277, 3333.489, 67.280, -372.922, 32.002, 83.515, -169.773
219, 230.000, -59.246, 69.639, 350.690, 177.299, 741.016, 2.000, 24.715, -13.456
219, 325.000,-59.556, 97.906, 5873.442, -133.524, 1163.790, 101.982, 78.721, 6.545
220, 230.000, -21.273, 92.222, 168.126, -277.178, -773.582, 2.000, 11.563, 160.287
220, 325.000,-30.999, 75.680, 5962.030, -383.182, -419.716, 101.980, 84.555, 137.605
221, 230.000, 56.072, -64.530, 820.154, -168.942, -48.275, 2.000, 77.908, 105.947
221, 325.000,54.292, -69.132, 5982.865, 17.185, -272.493, 101.981, 87.387, -176.391
222, 230.000, 21.136, 65.847, 95.429, -833.032, 21.809, 2.000, 6.533, 88.500
222, 325.000,-4.164, 68.603, 5930.528, -816.802, 175.741, 101.981, 81.981, 77.858
223, 230.000, 69.045, 13.501, 610.201, 327.644, 473.105, 2.000, 46.677, -34.704
223, 325.000,80.952, 27.551, 5942.816, 523.786, 527.071, 101.981, 82.873, -44.821
224, 230.000, -12.426, -84.523, 78.534, -331.414, 766.499, 2.000, 5.373, 23.382
224, 325.000,-23.167, -64.564, 5951.173, -382.725, 553.335, 101.981, 83.550, 34.670
225, 230.000, -60.520, 7.259, 473.380, 444.664, -530.762, 2.000, 34.359, -140.044
225, 325.000,-48.932, -8.171, 5955.573, 339.983, -533.607, 101.981, 83.936, -147.497
226, 230.000, -81.468, -37.269, 613.323, -385.319, 422.951, 2.000, 46.989, 42.334
226, 325.000,-98.094, -27.964, 5933.449, -765.060, 279.465, 101.981, 82.184, 69.933
227, 230.000, 51.872, 34.993, 38.653, 697.904, 463.638, 2.000, 2.641, -56.403
227, 325.000,75.821, 50.923, 5897.690, 867.569, 577.768, 101.981, 79.977, -56.338
228, 230.000, 25.442, 29.888, 520.045, -658.081, -2.587, 2.000, 38.317, 90.225
228, 325.000,6.642, 30.459, 5955.608, -628.743, 67.431, 101.981, 83.939, 83.879
229, 230.000, -33.927, -83.656, 350.767, 744.796, -160.517, 2.000, 24.721, -102.162
229, 325.000,-14.420, -94.087, 5931.503, 639.196, -527.020, 101.980, 82.049, -129.506
230, 230.000, -15.403, 52.651, 478.653, 359.845, -587.305, 2.000, 34.797, -148.504
230, 325.000,-5.150, 36.542, 5958.277, 341.543, -501.446, 101.981, 84.186, -145.741
231, 230.000, 18.814, -40.241, 13.772, -837.230, 48.780, 2.000, 0.941, 86.666
231, 325.000,-7.501, -39.558, 5930.739, -833.515, -27.349, 101.981, 81.996, 91.879
232, 230.000, 10.628, 43.210, 168.459, -785.253, -241.916, 2.000, 11.586, 107.123
232, 325.000,-13.570, 36.622, 5933.820, -794.547, -166.201, 101.981, 82.210, 101.815
233, 230.000, -7.558, -27.488, 36.963, 695.289, -467.687, 2.000, 2.526, -123.927
233, 325.000,14.449, -42.959, 5923.172, 706.832, -534.438, 101.981, 81.491, -127.093
234, 230.000, -30.499, 38.615, 754.982, -20.957, -364.811, 2.000, 64.173, 176.712
234, 325.000,-31.737, 29.159, 5980.850, -78.216, -304.145, 101.981, 86.994, 165.578
235, 230.000, -12.827, 54.417, 607.615, 383.088, 433.095, 2.000, 46.420, -41.494
235, 325.000,-2.123, 68.296, 5951.686, 369.185, 557.081, 101.981, 83.593, -33.533
236, 230.000, -72.531, -61.234, 142.298, -824.020, 65.315, 2.000, 9.768, 85.468
236, 325.000,-107.400, -67.671, 5809.733, -1406.683, -372.504, 101.985, 75.938, 104.832
237, 230.000, -73.973, 65.932, 694.340, -317.759, 347.051, 2.000, 55.875, 42.477
237, 325.000,-96.165, 87.483, 5826.188, -1004.338, 962.752, 102.012, 76.570, 46.211
238, 230.000, -98.171, -5.909, 282.881, 767.119, -187.165, 2.000, 19.710, -103.711
238, 325.000,-85.689, -11.839, 5978.506, 267.139, -230.363, 101.974, 86.623, -130.772
239, 230.000, 99.018, 10.251, 481.700, 83.762, -681.523, 2.000, 35.050, -172.993
239, 325.000,119.540, -6.979, 5871.439, 1003.184, -630.157, 102.004, 78.593, -122.135
240, 230.000, -54.314, -37.703, 542.699, -146.849, -622.444, 2.000, 40.318, 166.725
240, 325.000,-60.400, -57.037, 5936.287, -287.635, -739.580, 101.981, 82.386, 158.748
241, 230.000, 20.607, -44.903, 764.018, -125.206, 322.683, 2.000, 65.628, 21.207
241, 325.000,17.522, -36.778, 5983.278, -90.150, 247.847, 101.981, 87.476, 19.988
242, 230.000, 10.640, -5.769, 607.538, 539.539, 208.130, 2.000, 46.413, -68.906
242, 325.000,26.608, 0.164, 5954.151, 613.093, 203.937, 101.981, 83.807, -71.601
243, 230.000, -56.866, -37.582, 137.307, -160.381, -811.756, 2.000, 9.422, 168.824
243, 325.000,-64.060, -64.215, 5903.721, -326.190, -953.366, 101.981, 80.314, 161.112
244, 230.000, -29.736, -38.968, 348.591, -605.666, -463.872, 2.000, 24.557, 127.448
244, 325.000,-48.745, -53.944, 5923.407, -686.196, -558.203, 101.981, 81.507, 129.127
245, 230.000, 79.480, -6.737, 55.112, -740.787, -389.513, 2.000, 3.767, 117.736
245, 325.000,59.258, -19.101, 5946.865, -570.309, -422.710, 101.981, 83.193, 126.546
246, 230.000, 12.273, -47.949, 2.662, 638.975, -543.349, 2.000, 0.182, -130.376
246, 325.000,32.984, -66.563, 5912.266, 688.723, -663.313, 101.981, 80.813, -133.923
247, 230.000, -6.625, 25.485, 133.083, -825.599, -64.803, 2.000, 9.129, 94.488
247, 325.000,-32.679, 23.975, 5925.501, -870.229, -18.426, 101.981, 81.643, 91.213
248, 230.000, 30.810, 18.476, 667.002, 297.031, 412.801, 2.000, 52.676, -35.737
248, 325.000,39.940, 30.673, 5960.816, 359.287, 456.923, 101.981, 84.430, -38.179
249, 230.000, -20.344, 22.642, 478.653, -668.724, -164.993, 2.000, 34.797, 103.860
249, 325.000,-40.544, 18.215, 5943.378, -727.103, -129.505, 101.981, 82.917, 100.099
250, 230.000, 96.984, -15.987, 75.769, 103.330, 828.918, 2.000, 5.183, -7.106
250, 325.000,114.482, 6.218, 5876.634, 866.744, 763.586, 101.981, 78.880, -48.621
251, 230.000, -19.664, -57.506, 141.300, -825.376, -48.089, 2.000, 9.698, 93.334
251, 325.000,-45.899, -60.740, 5917.988, -902.217, -180.631, 101.981, 81.162, 101.321
252, 230.000, -15.629, -63.833, 434.267, -628.289, -346.683, 2.000, 31.181, 118.889
252, 325.000,-34.730, -76.252, 5926.192, -691.838, -520.404, 101.981, 81.689, 126.951
253, 230.000, -84.386, -35.592, 71.162, -248.316, -797.997, 2.000, 4.867, 162.715
253, 325.000,-100.789, -63.775, 5844.870, -761.179, -1061.963, 101.982, 77.399, 144.368
254, 230.000, -18.197, -15.848, 630.628, -476.693, 280.351, 2.000, 48.751, 59.539
254, 325.000,-32.360, -8.066, 5959.358, -537.756, 256.990, 101.981, 84.289, 64.457
255, 230.000, -29.079, 44.485, 520.762, -650.225, -97.666, 2.000, 38.380, 98.542
255, 325.000,-48.811, 42.728, 5944.709, -727.634, -13.700, 101.981, 83.020, 91.079
256, 230.000, -28.843, 16.956, 505.096, 664.779, -80.443, 2.000, 37.027, -96.900
256, 630.000,19.813, 29.843, 3311.052, 472.261, 259.549, 31.995, 80.756, -61.207
257, 230.000, 65.864, -28.654, 438.926, -397.133, 594.267, 2.000, 31.554, 33.754
257, 325.000,56.136, -12.020, 5957.828, -264.248, 551.020, 101.981, 84.144, 25.621
258, 230.000, 1.775, -31.371, 401.246, 695.387, -242.822, 2.000, 28.579, -109.249
258, 325.000,22.656, -39.286, 5937.549, 721.352, -307.181, 101.981, 82.478, -113.066
259, 230.000, -18.421, 41.337, 534.201, -615.375, 198.663, 2.000, 39.560, 72.108
259, 325.000,-36.824, 48.074, 5945.145, -667.703, 280.407, 101.981, 83.055, 67.220
260, 230.000, 34.429, -87.955, 192.675, 732.096, -361.159, 2.000, 13.280, -116.258
260, 325.000,60.916, -110.290, 5816.255, 1022.317, -998.160, 101.984, 76.198, -134.315
261, 230.000, 12.418, 53.952, 781.603, 204.546, 225.346, 2.000, 68.725, -42.230
261, 325.000,18.446, 61.576, 5974.968, 234.812, 337.363, 101.981, 86.065, -34.839
262, 230.000, 69.701, -3.907, 302.182, 550.382, 556.138, 2.000, 21.117, -44.702
262, 325.000,89.029, 12.709, 5912.136, 769.283, 569.279, 101.981, 80.805, -53.498
263, 230.000, 30.293, -21.102, 759.922, 271.341, -228.946, 2.000, 64.959, -130.156
263, 325.000,38.550, -27.980, 5973.658, 332.197, -272.484, 101.981, 85.886, -129.360
264, 230.000, 36.795, -49.476, 518.816, 521.029, 403.586, 2.000, 38.210, -52.239
264, 325.000,52.998, -39.049, 5949.153, 615.494, 312.953, 101.981, 83.380, -63.049
265, 230.000, 15.772, 18.463, 303.820, 25.743, -781.380, 2.000, 21.237, -178.113
265, 630.000,41.897, -63.076, 3194.317, 419.557, -937.116, 32.008, 72.181, -155.881
266, 230.000, 71.776, 23.621, 807.252, -97.859, -205.648, 2.000, 74.245, 154.552
266, 325.000,71.582, 18.760, 5986.582, 83.126, -152.093, 101.981, 88.342, -151.341
267, 230.000, 28.911, 84.948, 470.462, 77.698, -690.038, 2.000, 34.118, -173.576
267, 325.000,32.697, 69.665, 5971.357, 182.706, -422.564, 101.980, 85.591, -156.618
268, 230.000, -43.283, 7.840, 754.035, 338.665, -142.343, 2.000, 64.025, -112.797
268, 325.000,-34.626, 3.986, 5981.901, 262.192, -131.408, 101.981, 87.193, -116.620
269, 230.000, 58.457, 26.654, 626.609, -539.738, -139.886, 2.000, 48.337, 104.530
269, 325.000,44.479, 23.323, 5972.271, -439.227, -90.742, 101.981, 85.705, 101.673
270, 230.000, -85.099, 21.135, 167.205, -605.225, 556.120, 2.000, 11.499, 47.421
270, 325.000,-110.888, 39.899, 5849.723, -1077.705, 699.135, 101.982, 77.614, 57.027
271, 230.000, -7.578, -88.744, 44.284, 825.670, -140.827, 2.000, 3.026, -99.679
271, 325.000,17.313, -99.464, 5904.708, 841.824, -543.217, 101.981, 80.370, -122.834
272, 230.000, 10.165, 27.207, 829.139, 34.677, 121.863, 2.000, 81.312, -15.884
272, 325.000,11.340, 31.162, 5985.915, 58.165, 185.879, 101.981, 88.136, -17.376
273, 230.000, -69.763, -66.080, 649.826, 457.056, 268.980, 2.000, 50.782, -59.523
273, 325.000,-63.004, -64.194, 5987.417, 130.109, -48.930, 101.979, 88.670, -110.610
274, 230.000, 47.060, 68.993, 176.292, -340.957, -745.784, 2.000, 12.133, 155.431
274, 325.000,38.527, 49.007, 5955.574, -227.879, -590.192, 101.981, 83.936, 158.888
275, 230.000, 59.509, 55.390, 21.937, 822.614, -162.322, 2.000, 1.499, -101.162
275, 325.000,88.814, 53.621, 5887.109, 1099.748, 42.290, 101.981, 79.411, -87.798
276, 230.000, 1.895, -25.371, 391.416, -304.948, -676.257, 2.000, 27.818, 155.728
276, 325.000,-7.229, -46.196, 5934.656, -311.454, -743.004, 101.981, 82.269, 157.257
277, 230.000, -9.996, 42.082, 641.327, 387.838, -376.569, 2.000, 49.872, -134.155
277, 325.000,0.952, 32.144, 5969.447, 381.705, -298.675, 101.981, 85.358, -128.042
278, 230.000, 44.753, 30.869, 195.977, -378.687, 722.297, 2.000, 13.512, 27.667
278, 325.000,34.207, 53.936, 5926.508, -303.048, 808.618, 101.981, 81.710, 20.545
279, 230.000, -17.597, -20.255, 162.623, -733.950, 372.014, 2.000, 11.180, 63.121
279, 325.000,-40.879, -9.052, 5925.983, -794.325, 347.822, 101.981, 81.675, 66.352
280, 230.000, 8.573, -72.390, 377.542, -9.802, -748.926, 2.000, 26.751, 179.250
280, 325.000,8.669, -97.949, 5903.241, 16.637, -1010.312, 101.981, 80.287, -179.057
281, 230.000, 91.124, 36.909, 454.438, 628.366, -319.634, 2.000, 32.806, -116.961
281, 325.000,125.185, 34.220, 5806.414, 1468.756, -16.355, 101.989, 75.804, -90.638
282, 230.000, 81.787, -52.943, 405.239, 732.395, -53.885, 2.000, 28.891, -94.208
282, 325.000,116.959, -63.478, 5783.630, 1472.021, -505.126, 101.990, 74.939, -108.940
283, 230.000, 74.282, -60.584, 177.956, 448.281, -686.221, 2.000, 12.249, -146.845
283, 325.000,99.883, -91.157, 5761.443, 1082.880, -1226.657, 101.987, 74.145, -138.562
284, 230.000, -9.947, 61.722, 392.261, 735.846, 90.474, 2.000, 27.883, -82.991
284, 325.000,11.689, 66.151, 5938.905, 739.969, 225.972, 101.981, 82.577, -73.018
285, 230.000, 51.699, 21.904, 262.019, -571.391, 555.321, 2.000, 18.203, 45.817
285, 325.000,35.516, 39.371, 5937.036, -491.128, 616.091, 101.981, 82.441, 38.561
286, 230.000, -78.522, 0.745, 18.072, 633.487, -549.447, 2.000, 1.235, -130.936
286, 325.000,-61.424, -16.452, 5943.834, 463.138, -570.523, 101.981, 82.952, -140.931
287, 230.000, -60.105, 29.329, 466.008, 319.969, 619.661, 2.000, 33.751, -27.310
287, 325.000,-52.551, 48.430, 5943.820, 193.155, 709.125, 101.981, 82.951, -15.237
288, 230.000, -39.857, 15.980, 281.166, 781.479, -117.304, 2.000, 19.586, -98.537
288, 325.000,-16.899, 12.794, 5950.267, 679.088, -51.928, 101.982, 83.470, -94.373
289, 230.000, 41.552, 72.801, 451.443, 412.771, 573.884, 2.000, 32.563, -35.726
289, 325.000,56.358, 94.378, 5888.326, 608.615, 909.149, 101.981, 79.474, -33.800
290, 230.000, -41.312, -88.472, 533.893, -556.100, 330.506, 2.000, 39.533, 59.276
290, 325.000,-61.979, -90.144, 5920.299, -869.925, -251.332, 101.983, 81.304, 106.115
291, 230.000, -37.626, 49.015, 328.881, -743.189, 207.440, 2.000, 23.085, 74.404
291, 325.000,-61.234, 56.859, 5917.094, -863.377, 334.352, 101.981, 81.107, 68.831
292, 230.000, 29.768, 35.284, 25.751, -725.733, -419.729, 2.000, 1.759, 120.043
292, 325.000,7.307, 22.741, 5940.898, -682.418, -329.708, 101.979, 82.730, 115.787
293, 230.000, -26.893, -25.877, 681.106, -460.495, -166.019, 2.000, 54.295, 109.825
293, 325.000,-40.595, -31.146, 5962.512, -520.609, -215.905, 101.981, 84.600, 112.525
294, 230.000, 21.354, -62.586, 599.859, 59.897, -583.186, 2.000, 45.657, -174.136
294, 325.000,23.802, -81.485, 5939.213, 115.948, -762.576, 101.981, 82.600, -171.355
295, 230.000, 21.968, -4.479, 384.121, -674.197, 318.487, 2.000, 27.256, 64.714
295, 630.000,-38.803, 32.774, 3258.113, -658.936, 454.086, 32.001, 76.200, 55.429
296, 230.000, -66.852, -46.464, 477.501, 599.334, -341.050, 2.000, 34.701, -119.642
296, 325.000,-52.305, -58.357, 5953.555, 425.875, -492.959, 101.981, 83.755, -139.176
297, 230.000, -23.755, -49.528, 614.347, 495.560, -283.762, 2.000, 47.092, -119.796
297, 325.000,-10.065, -58.887, 5958.418, 464.905, -387.692, 101.981, 84.199, -129.825
298, 230.000, -48.118, 51.178, 100.062, -778.651, -295.320, 2.000, 6.852, 110.770
298, 325.000,-74.215, 43.946, 5911.588, -945.506, -168.409, 101.981, 80.772, 100.099
299, 230.000, -52.308, 48.528, 782.474, 156.042, 258.669, 2.000, 68.890, -31.100
299, 325.000,-49.694, 57.333, 5976.479, 32.480, 387.096, 101.981, 86.281, -4.796
300, 230.000, 85.266, 4.500, 736.577, 103.952, -387.521, 2.000, 61.422, -164.984
300, 325.000,92.772, -6.026, 5961.947, 416.801, -388.210, 101.981, 84.543, -132.966
301, 230.000, 16.867, 79.316, 653.333, 140.855, 506.794, 2.000, 51.162, -15.532
301, 325.000,21.748, 97.865, 5930.169, 207.265, 812.043, 101.981, 81.956, -14.318
302, 230.000, -36.605, -69.656, 50.556, -803.139, 236.507, 2.000, 3.456, 73.591
302, 325.000,-63.406, -65.597, 5911.256, -962.149, 23.255, 101.981, 80.753, 88.615
303, 230.000, 50.243, 64.487, 264.067, -322.661, -727.793, 2.000, 18.350, 156.090
303, 325.000,42.424, 45.029, 5956.687, -203.839, -587.758, 101.981, 84.038, 160.873
304, 230.000, 44.373, 73.845, 563.331, -452.561, 425.876, 2.000, 42.192, 46.740
304, 325.000,34.076, 90.371, 5936.612, -303.272, 730.708, 101.981, 82.409, 22.540
305, 230.000, -51.183, 57.297, 156.659, -436.203, -699.077, 2.000, 10.765, 148.037
305, 325.000,-66.556, 38.050, 5931.882, -594.727, -572.938, 101.981, 82.074, 133.931
306, 230.000, -59.857, 38.836, 817.133, 53.540, -181.523, 2.000, 76.960, -163.567
306, 325.000,-60.245, 35.027, 5987.706, -85.455, -96.128, 101.981, 88.769, 138.364
307, 230.000, 45.610, -45.630, 247.608, -662.753, -450.525, 2.000, 17.170, 124.207
307, 325.000,26.730, -60.676, 5933.247, -587.422, -566.312, 101.981, 82.170, 133.952
308, 230.000, 48.337, 24.239, 273.564, 436.056, -662.225, 2.000, 19.035, -146.636
308, 325.000,62.831, 4.676, 5930.053, 545.892, -636.919, 101.981, 81.949, -139.401
309, 230.000, 48.097, 54.144, 689.630, -403.226, 255.621, 2.000, 55.306, 57.628
309, 325.000,38.319, 63.176, 5968.361, -298.370, 398.510, 101.981, 85.232, 36.823
310, 230.000, -14.864, 39.749, 332.643, 146.707, 755.876, 2.000, 23.365, -10.984
310, 325.000,-10.770, 63.525, 5926.616, 123.854, 853.864, 101.981, 81.717, -8.253
311, 230.000, 61.843, -60.208, 531.564, -167.801, -626.743, 2.000, 39.327, 165.011
311, 325.000,60.977, -82.054, 5919.902, 76.800, -904.519, 101.981, 81.282, -175.147
312, 230.000, -49.176, -33.567, 633.520, 524.920, -163.203, 2.000, 49.052, -107.271
312, 325.000,-35.329, -39.056, 5967.943, 445.367, -233.418, 101.981, 85.184, -117.659
313, 230.000, 22.111, 4.385, 47.970, 675.067, 495.487, 2.000, 3.279, -53.722
313, 325.000,44.045, 20.245, 5920.663, 737.579, 520.512, 101.981, 81.331, -54.789
314, 230.000, 1.461, -30.991, 702.634, -108.001, 445.157, 2.000, 56.898, 13.637
314, 630.000,-10.628, -15.433, 3351.526, -149.872, 36.062, 32.004, 87.367, 76.471
315, 230.000, 12.282, -92.726, 28.132, -430.463, -719.329, 2.000, 1.922, 149.103
315, 325.000,0.593, -126.866, 5808.639, -377.600, -1409.737, 101.984, 75.896, 165.005
316, 230.000, 60.455, 21.841, 238.751, -169.891, -785.913, 2.000, 16.538, 167.802
316, 325.000,56.895, -1.560, 5939.382, -50.969, -768.323, 101.981, 82.613, 176.205
317, 230.000, -7.946, -21.124, 540.779, -634.298, -93.533, 2.000, 40.146, 98.388
317, 325.000,-26.725, -24.299, 5949.166, -675.826, -141.017, 101.981, 83.381, 101.786
318, 230.000, -49.357, 22.465, 551.377, 483.081, 407.603, 2.000, 41.100, -49.844
318, 325.000,-36.437, 34.839, 5957.448, 405.148, 462.429, 101.981, 84.108, -41.223
319, 230.000, 46.076, 40.965, 13.464, -783.522, -299.059, 2.000, 0.920, 110.891
319, 325.000,22.326, 32.468, 5941.286, -720.222, -227.101, 101.981, 82.756, 107.501
320, 230.000, 54.751, -53.673, 442.074, 712.524, 20.090, 2.000, 31.807, -88.385
320, 325.000,78.247, -55.602, 5915.813, 921.550, -152.147, 101.981, 81.028, -99.375
321, 230.000, -90.589, -4.250, 497.801, 62.917, 672.131, 2.000, 36.405, -5.348
321, 325.000,-95.089, 14.702, 5940.391, -327.967, 688.090, 101.981, 82.688, 25.484
322, 230.000, 60.320, -37.859, 788.464, 282.598, -44.583, 2.000, 70.057, -98.965
322, 325.000,70.267, -40.409, 5970.669, 447.031, -143.109, 101.981, 85.505, -107.752
323, 230.000, 54.606, 12.208, 667.719, -465.067, -203.442, 2.000, 52.757, 113.627
323, 325.000,42.571, 6.679, 5974.435, -374.911, -186.392, 101.981, 85.991, 116.435
324, 230.000, 25.232, 83.306, 215.815, 376.973, 717.523, 2.000, 14.910, -27.717
324, 325.000,38.784, 112.095, 5847.790, 527.254, 1181.043, 101.982, 77.528, -24.057
325, 230.000, 2.672, 45.079, 36.170, 325.843, 772.038, 2.000, 2.472, -22.882
325, 325.000,13.087, 70.735, 5912.687, 343.072, 889.743, 101.981, 80.838, -21.086
326, 230.000, -18.998, 50.536, 310.092, 757.128, -184.727, 2.000, 21.697, -103.711
326, 325.000,3.497, 46.103, 5941.632, 746.470, -94.750, 101.981, 82.782, -97.234
327, 230.000, 31.421, -48.078, 131.496, -754.427, -342.158, 2.000, 9.020, 114.396
327, 325.000,8.725, -59.968, 5928.775, -718.473, -450.114, 101.981, 81.862, 122.067
328, 230.000, -81.881, -12.700, 241.106, -300.920, -744.875, 2.000, 16.706, 158.002
328, 325.000,-95.876, -35.944, 5896.681, -634.619, -834.083, 101.981, 79.922, 142.734
329, 230.000, -45.110, -70.477, 116.700, -466.393, 687.301, 2.000, 7.998, 34.160
329, 325.000,-61.552, -52.714, 5934.929, -632.208, 496.096, 101.981, 82.289, 51.879
330, 230.000, 30.327, -24.140, 88.159, -732.926, -398.210, 2.000, 6.033, 118.516
330, 325.000,7.832, -37.229, 5929.768, -702.132, -462.658, 101.981, 81.929, 123.382
331, 230.000, -46.180, -77.574, 272.361, 125.540, -783.316, 2.000, 18.948, -170.895
331, 325.000,-46.772, -108.239, 5855.074, -117.998, -1254.499, 101.982, 77.855, 174.627
332, 230.000, -12.018, 36.585, 286.465, 27.922, -787.834, 2.000, 19.970, -177.970
332, 630.000,-25.031, -19.680, 3305.666, -234.398, -521.736, 31.998, 80.183, 155.807
333, 230.000, 42.565, 65.240, 761.458, -151.130, 317.593, 2.000, 65.208, 25.448
333, 325.000,40.133, 76.804, 5966.132, -31.049, 522.980, 101.981, 84.982, 3.398
334, 230.000, -13.759, -79.998, 548.971, -470.645, 425.028, 2.000, 40.882, 47.916
334, 325.000,-27.845, -71.110, 5961.948, -529.267, 210.236, 101.981, 84.544, 68.336
335, 230.000, 7.344, 3.417, 708.598, -273.002, 356.205, 2.000, 57.652, 37.467
335, 630.000,-18.422, 55.535, 3269.314, -293.903, 693.385, 32.001, 77.028, 22.970
336, 230.000, -19.344, -11.795, 780.707, 283.732, -116.257, 2.000, 68.557, -112.281
336, 630.000,-9.023, -43.071, 3321.883, 31.429, -470.064, 32.005, 81.928, -176.175
337, 230.000, -27.253, 24.745, 110.199, 830.370, -43.189, 2.000, 7.549, -92.977
337, 325.000,-1.684, 23.992, 5934.682, 803.908, 46.719, 101.980, 82.273, -86.674
338, 230.000, -4.803, 76.674, 629.706, -441.168, -335.209, 2.000, 48.656, 127.228
338, 325.000,-17.522, 69.899, 5968.801, -469.747, -148.054, 101.981, 85.283, 107.494
339, 230.000, -13.224, -32.198, 381.817, 710.017, 231.549, 2.000, 27.079, -71.938
339, 325.000,7.889, -25.954, 5944.127, 716.745, 151.243, 101.981, 82.975, -78.085
340, 230.000, -39.899, -63.618, 191.625, 190.473, -794.055, 2.000, 13.207, -166.511
340, 325.000,-35.973, -90.967, 5897.601, 69.929, -1040.510, 101.981, 79.972, -176.155
341, 230.000, 45.533, -57.593, 186.966, 565.722, 590.361, 2.000, 12.880, -43.779
341, 325.000,64.519, -41.604, 5928.886, 708.087, 464.852, 101.981, 81.869, -56.716
342, 230.000, 19.772, 0.057, 189.833, 96.863, -811.237, 2.000, 13.081, -173.191
342, 325.000,23.210, -25.219, 5926.711, 145.908, -849.707, 101.981, 81.723, -170.256
343, 230.000, 37.624, -58.079, 807.432, 89.751, -208.621, 2.000, 74.290, -156.722
343, 325.000,41.331, -65.746, 5975.618, 184.178, -356.753, 101.981, 86.156, -152.694
344, 230.000, -30.238, -38.421, 792.687, -268.014, 57.789, 2.000, 70.921, 77.832
344, 325.000,-38.394, -37.638, 5979.968, -330.262, -10.104, 101.981, 86.837, 91.752
345, 230.000, -38.507, -29.633, 84.934, 828.713, 97.701, 2.000, 5.812, -83.276
345, 325.000,-13.239, -27.230, 5938.190, 778.567, 30.942, 101.981, 82.525, -87.724
346, 230.000, 60.198, 43.075, 745.152, -189.946, 334.952, 2.000, 62.672, 29.557
346, 325.000,57.035, 53.981, 5971.307, -39.507, 459.493, 101.981, 85.584, 4.914
347, 230.000, 40.251, 68.284, 98.116, -750.719, 360.995, 2.000, 6.718, 64.319
347, 325.000,18.817, 82.486, 5923.232, -663.669, 586.488, 101.981, 81.496, 48.533
348, 230.000, 25.712, 27.091, 170.302, -574.064, 587.343, 2.000, 11.715, 44.345
348, 325.000,8.385, 45.940, 5927.779, -547.265, 656.606, 101.981, 81.795, 39.810
349, 230.000, 17.253, -95.221, 55.573, 697.555, 462.442, 2.000, 3.799, -56.458
349, 325.000,39.881, -91.087, 5929.167, 842.786, -59.718, 101.980, 81.890, -94.053
350, 230.000, 48.032, -2.175, 330.109, -212.243, 741.286, 2.000, 23.177, 15.977
350, 325.000,42.675, 20.189, 5939.023, -130.296, 761.719, 101.981, 82.586, 9.707
351, 230.000, 6.872, 68.324, 408.157, 506.878, 529.156, 2.000, 29.119, -43.768
351, 325.000,22.162, 86.601, 5918.304, 546.611, 737.646, 101.981, 81.182, -36.539
352, 230.000, 33.426, -92.257, 345.647, 89.006, -759.032, 2.000, 24.336, -173.312
352, 325.000,42.676, -132.956, 5734.749, 409.936, -1679.171, 101.997, 73.227, -166.281
353, 230.000, -17.883, 85.665, 564.944, -589.547, -191.824, 2.000, 42.341, 108.024
353, 325.000,-35.721, 85.237, 5948.353, -685.763, 126.794, 101.981, 83.313, 79.525
354, 230.000, 93.430, 16.674, 103.364, 405.520, -726.907, 2.000, 7.079, -150.844
354, 325.000,116.756, -3.290, 5859.685, 1042.351, -668.845, 101.982, 78.066, -122.687
355, 230.000, 23.941, 57.617, 279.477, 97.675, 784.778, 2.000, 19.463, -7.095
355, 325.000,27.734, 83.436, 5908.871, 162.511, 963.359, 101.981, 80.612, -9.575
356, 230.000, 35.531, 20.021, 120.719, -667.955, 492.734, 2.000, 8.275, 53.585
356, 325.000,15.328, 35.914, 5930.882, -624.337, 551.384, 101.981, 82.005, 48.551
357, 230.000, -50.139, 37.373, 511.265, 659.692, -83.295, 2.000, 37.557, -97.196
357, 325.000,-32.114, 35.868, 5960.792, 581.378, -11.769, 101.981, 84.428, -91.160
358, 230.000, 37.721, 21.956, 48.866, 723.107, -422.199, 2.000, 3.340, -120.279
358, 325.000,61.520, 9.082, 5919.681, 818.378, -396.028, 101.981, 81.269, -115.823
359, 230.000, -36.687, 48.077, 408.311, 25.950, -732.211, 2.000, 29.131, -177.970
359, 325.000,-36.804, 27.470, 5952.217, -45.360, -661.985, 101.981, 83.639, 176.080
360, 230.000, -6.934, -29.541, 6.195, 604.885, 581.033, 2.000, 0.423, -46.152
360, 630.000,68.892, 10.536, 3207.146, 922.497, 341.971, 31.996, 72.946, -69.660
361, 230.000, -31.786, 20.945, 475.300, 690.072, -37.617, 2.000, 34.518, -93.120
361, 325.000,-12.050, 20.335, 5955.854, 629.193, 38.245, 101.982, 83.958, -86.522
362, 230.000, 26.801, 78.109, 548.791, 599.411, -207.504, 2.000, 40.866, -109.095
362, 325.000,45.312, 75.961, 5946.184, 714.422, 41.876, 101.981, 83.137, -86.645
363, 230.000, 24.055, -23.581, 185.226, 768.096, 281.502, 2.000, 12.758, -69.872
363, 325.000,48.411, -15.330, 5925.208, 836.077, 249.157, 101.981, 81.624, -73.406
364, 230.000, -27.086, 13.612, 439.105, -700.572, -141.103, 2.000, 31.568, 101.388
364, 325.000,-48.497, 9.684, 5938.179, -769.692, -121.683, 101.981, 82.524, 98.984
365, 230.000, 7.232, 38.201, 99.064, 423.778, -717.023, 2.000, 6.783, -149.416
365, 325.000,20.798, 16.439, 5934.521, 476.251, -651.076, 101.981, 82.259, -143.815
366, 230.000, 6.314, 15.677, 600.832, -403.019, 424.383, 2.000, 45.752, 43.521
366, 325.000,-5.288, 28.385, 5954.762, -408.765, 492.941, 101.981, 83.862, 39.667
367, 230.000, -23.521, 37.874, 106.538, -769.032, 317.432, 2.000, 7.297, 67.571
367, 325.000,-48.236, 48.763, 5916.054, -841.492, 401.740, 101.981, 81.043, 64.480
368, 230.000, -78.117, -20.534, 0.256, -725.188, -421.458, 2.000, 0.017, 120.164
368, 325.000,-106.115, -35.158, 5863.898, -1095.498, -532.862, 101.981, 78.264, 115.939
369, 230.000, 67.059, -0.540, 497.365, 664.003, 123.500, 2.000, 36.368, -79.464
369, 325.000,88.918, 3.052, 5924.432, 868.455, 126.962, 101.981, 81.573, -81.683
370, 230.000, -6.670, 27.722, 230.022, -288.317, 753.317, 2.000, 15.917, 20.943
370, 325.000,-15.699, 51.527, 5923.835, -309.175, 825.709, 101.981, 81.534, 20.528
371, 230.000, -30.853, 26.672, 830.854, 26.913, -111.723, 2.000, 82.125, -166.456
371, 325.000,-30.724, 24.095, 5988.659, -30.516, -64.879, 101.981, 89.314, 154.810
372, 230.000, -58.199, -42.571, 342.191, 143.168, 752.284, 2.000, 24.077, -10.775
372, 325.000,-55.693, -21.384, 5949.996, 16.658, 682.966, 101.981, 83.450, -1.397
373, 230.000, 6.834, -34.157, 797.781, 257.890, -23.704, 2.000, 72.015, -95.252
373, 325.000,14.205, -35.501, 5981.887, 279.497, -89.913, 101.981, 87.190, -107.833
374, 230.000, 0.348, -11.503, 383.583, 325.218, 671.283, 2.000, 27.214, -25.849
374, 630.000,45.780, 64.495, 3177.821, 580.908, 905.203, 32.001, 71.301, -32.690
375, 230.000, -50.922, 63.641, 557.674, 203.563, 592.525, 2.000, 41.673, -18.960
375, 325.000,-47.724, 83.967, 5929.495, 34.906, 842.093, 101.981, 81.910, -2.374
376, 230.000, 90.767, -4.267, 212.897, 810.643, -32.505, 2.000, 14.704, -92.296
376, 325.000,124.978, -5.706, 5821.132, 1407.348, -60.188, 101.983, 76.397, -92.449
377, 230.000, 49.759, 40.663, 552.221, -426.512, -465.470, 2.000, 41.176, 137.501
377, 325.000,38.648, 28.193, 5966.109, -340.220, -398.699, 101.981, 84.979, 139.525
378, 230.000, -66.540, -4.530, 309.989, -349.927, 696.406, 2.000, 21.690, 26.678
378, 325.000,-79.346, 16.309, 5922.899, -529.620, 712.729, 101.981, 81.474, 36.616
379, 230.000, 61.634, -43.551, 794.172, -229.007, -142.726, 2.000, 71.233, 121.933
379, 325.000,57.474, -49.053, 5982.907, -76.914, -260.878, 101.981, 87.397, 163.573
380, 230.000, -40.814, -20.954, 383.506, -257.530, -700.089, 2.000, 27.208, 159.804
380, 325.000,-49.496, -42.429, 5930.499, -342.886, -762.111, 101.981, 81.979, 155.776
381, 230.000, -54.951, -74.860, 470.897, 672.253, 172.787, 2.000, 34.154, -75.585
381, 325.000,-39.394, -74.895, 5968.660, 476.567, -130.205, 101.980, 85.268, -105.281
382, 230.000, 4.231, -75.288, 809.095, -143.145, -168.517, 2.000, 74.716, 139.654
382, 325.000,0.431, -82.802, 5975.361, -136.753, -381.532, 101.981, 86.120, 160.281
383, 230.000, -25.668, -21.511, 378.822, -395.055, 635.570, 2.000, 26.849, 31.864
383, 325.000,-38.093, -2.824, 5939.373, -460.728, 617.062, 101.981, 82.612, 36.747
384, 230.000, -32.244, 91.984, 188.477, 804.407, -144.672, 2.000, 12.986, -100.196
384, 325.000,-12.136, 97.505, 5939.140, 661.488, 396.805, 101.979, 82.600, -59.042
385, 230.000, 28.284, -58.610, 639.740, 517.405, 162.936, 2.000, 49.704, -72.520
385, 325.000,43.892, -55.671, 5959.072, 597.700, 37.639, 101.981, 84.261, -86.397
386, 230.000, -40.254, -33.551, 772.132, 129.300, 301.027, 2.000, 67.008, -23.245
386, 325.000,-37.502, -25.833, 5983.682, 58.397, 247.628, 101.981, 87.565, -13.269
387, 230.000, -2.066, -2.472, 409.181, 602.391, -416.197, 2.000, 29.199, -124.641
387, 325.000,16.102, -15.129, 5931.255, 672.377, -485.912, 101.977, 82.038, -125.855
388, 230.000, 16.902, -22.636, 775.793, 310.756, -71.414, 2.000, 67.657, -102.942
388, 325.000,25.999, -25.099, 5977.302, 355.991, -119.577, 101.981, 86.405, -108.567
389, 230.000, -67.963, 35.969, 415.734, 557.762, -468.605, 2.000, 29.713, -130.035
389, 325.000,-53.770, 23.353, 5961.266, 415.623, -399.649, 101.981, 84.475, -133.878
390, 230.000, -12.890, -50.829, 432.193, 351.533, -627.022, 2.000, 31.016, -150.723
390, 325.000,-2.790, -70.757, 5932.264, 337.083, -750.883, 101.981, 82.101, -155.824
391, 230.000, -36.075, 64.679, 782.064, -286.135, 100.131, 2.000, 68.812, 70.713
391, 325.000,-45.375, 69.872, 5969.568, -394.402, 279.135, 101.981, 85.372, 54.711
392, 230.000, 3.963, 71.998, 808.200, 196.283, -108.675, 2.000, 74.485, -118.972
392, 325.000,9.528, 71.311, 5985.006, 212.381, 61.421, 101.981, 87.884, -73.870
393, 230.000, -0.310, 72.562, 838.303, 10.182, -25.866, 2.000, 88.101, -158.513
393, 325.000,-0.039, 74.248, 5987.153, 9.761, 152.089, 101.981, 88.542, -3.672
394, 230.000, 30.846, -36.604, 420.316, 476.721, -547.354, 2.000, 30.074, -138.946
394, 325.000,45.807, -53.812, 5929.347, 553.048, -637.329, 101.981, 81.900, -139.050
395, 230.000, 50.234, -73.678, 88.517, -806.063, 214.363, 2.000, 6.058, 75.108
395, 325.000,28.241, -70.984, 5950.953, -674.176, -26.755, 101.980, 83.532, 92.273
396, 230.000, -43.543, 10.399, 552.298, 278.818, -566.349, 2.000, 41.183, -153.789
396, 325.000,-36.334, -5.908, 5958.869, 201.652, -566.026, 101.981, 84.242, -160.391
397, 230.000, -4.947, -42.292, 330.621, -225.647, -737.087, 2.000, 23.215, 162.979
397, 325.000,-11.889, -65.582, 5924.889, -242.247, -840.362, 101.981, 81.603, 163.920
398, 230.000, -54.942, -75.301, 822.125, -120.537, -114.480, 2.000, 78.569, 133.524
398, 325.000,-62.804, -84.697, 5954.365, -404.661, -501.359, 101.982, 83.824, 141.092
399, 230.000, 15.069, -78.284, 541.803, -487.024, 415.669, 2.000, 40.237, 49.520
399, 325.000,1.619, -69.262, 5966.861, -465.128, 222.223, 101.981, 85.062, 64.463
400, 230.000, 34.342, 26.079, 96.120, 826.654, 104.537, 2.000, 6.580, -82.793
400, 325.000,61.172, 29.995, 5915.694, 921.293, 158.082, 101.981, 81.021, -80.264
401, 230.000, -62.797, -17.075, 466.213, -100.229, -690.017, 2.000, 33.768, 171.735
401, 325.000,-67.731, -37.901, 5935.864, -252.460, -755.639, 101.981, 82.356, 161.525
402, 230.000, 31.811, 14.815, 234.015, 610.593, 525.297, 2.000, 16.201, -49.294
402, 325.000,51.299, 31.309, 5922.349, 686.829, 568.554, 101.981, 81.438, -50.382
403, 230.000, 29.296, -92.549, 323.428, -50.605, 772.242, 2.000, 22.681, 3.749
403, 325.000,30.298, -78.121, 5977.719, 91.655, 355.683, 101.977, 86.484, -14.450
404, 230.000, 88.030, -16.163, 83.065, 463.281, -694.258, 2.000, 5.683, -146.285
404, 325.000,110.399, -38.993, 5852.496, 966.395, -826.996, 101.982, 77.738, -130.555
405, 230.000, 3.183, 40.134, 831.366, 101.807, -44.616, 2.000, 82.385, -113.665
405, 325.000,6.084, 39.695, 5987.995, 110.885, 28.684, 101.981, 88.904, -75.497
406, 230.000, 29.465, 39.541, 691.064, -278.113, -385.496, 2.000, 55.478, 144.192
406, 325.000,22.176, 29.409, 5976.145, -229.007, -320.019, 101.981, 86.233, 144.412
407, 230.000, -1.567, 83.170, 188.605, -298.709, 760.740, 2.000, 12.995, 21.438
407, 325.000,-10.783, 112.177, 5865.381, -323.000, 1167.198, 101.981, 78.334, 15.468
408, 230.000, -16.629, -85.283, 768.267, 26.676, 335.527, 2.000, 66.341, -4.546
408, 325.000,-16.728, -80.314, 5988.715, -28.597, 60.201, 101.981, 89.362, 25.408
409, 230.000, 48.046, -49.111, 597.939, 461.757, -364.380, 2.000, 45.470, -128.278
409, 325.000,63.072, -61.376, 5936.376, 607.641, -509.348, 101.981, 82.392, -129.971
410, 230.000, -86.748, -41.837, 13.132, -820.757, 172.364, 2.000, 0.897, 78.140
410, 325.000,-126.872, -43.687, 5763.922, -1618.848, -169.012, 101.989, 74.231, 95.960
411, 230.000, 10.930, -27.812, 6.271, -686.518, -481.848, 2.000, 0.428, 125.064
411, 325.000,-10.836, -43.819, 5923.516, -691.830, -550.018, 101.981, 81.514, 128.485
412, 230.000, -50.864, 8.952, 236.165, -591.170, 546.139, 2.000, 16.354, 47.267
412, 325.000,-70.375, 25.946, 5916.969, -719.016, 584.557, 101.981, 81.099, 50.889
413, 230.000, -56.878, -62.916, 96.017, -340.778, 760.378, 2.000, 6.573, 24.140
413, 325.000,-70.153, -42.639, 5934.937, -544.312, 591.106, 101.981, 82.289, 42.640
414, 230.000, -24.028, 62.387, 87.903, -469.835, 689.240, 2.000, 6.016, 34.281
414, 325.000,-39.701, 86.480, 5894.233, -561.179, 901.301, 101.981, 79.789, 31.908
415, 230.000, 74.239, 37.620, 331.748, -485.783, -597.898, 2.000, 23.298, 140.907
415, 325.000,62.805, 21.392, 5959.177, -299.102, -517.564, 101.981, 84.272, 149.976
416, 230.000, -41.449, 13.539, 167.154, -335.145, 750.507, 2.000, 11.495, 24.064
416, 325.000,-52.840, 37.185, 5920.059, -424.266, 801.312, 101.981, 81.292, 27.900
417, 230.000, -79.073, 24.659, 709.085, -180.953, -409.852, 2.000, 57.714, 156.178
417, 325.000,-87.970, 14.391, 5962.110, -450.693, -345.314, 101.981, 84.560, 127.459
418, 230.000, 7.573, 87.395, 55.650, 44.392, 835.737, 2.000, 3.804, -3.041
418, 325.000,9.654, 121.453, 5831.558, 88.099, 1361.907, 101.982, 76.828, -3.701
419, 230.000, 14.306, 72.010, 624.382, 543.200, 136.401, 2.000, 48.108, -75.904
419, 325.000,30.353, 78.634, 5948.994, 603.284, 338.724, 101.981, 83.366, -60.687
420, 230.000, -31.138, -20.433, 700.100, -415.765, -201.303, 2.000, 56.583, 115.835
420, 325.000,-43.609, -26.580, 5964.741, -481.866, -242.636, 101.981, 84.832, 116.727
421, 230.000, -52.291, -64.942, 575.208, 406.553, -455.383, 2.000, 43.297, -138.242
421, 325.000,-43.382, -81.314, 5942.890, 243.136, -701.547, 101.981, 82.879, -160.885
422, 230.000, 7.796, -82.428, 398.430, 626.432, -390.333, 2.000, 28.361, -121.927
422, 325.000,26.699, -98.768, 5904.996, 688.095, -725.829, 101.981, 80.387, -136.529
423, 230.000, -41.553, -30.986, 820.256, 145.953, 96.961, 2.000, 77.942, -56.403
423, 325.000,-38.391, -28.959, 5988.479, 73.905, 42.895, 101.981, 89.182, -59.869
424, 230.000, 30.363, 72.017, 327.319, 169.028, -753.535, 2.000, 22.969, -167.357
424, 325.000,36.468, 52.057, 5953.460, 251.642, -601.779, 101.981, 83.747, -157.307
425, 230.000, -85.244, -9.528, 353.787, 14.545, -760.360, 2.000, 24.948, -178.904
425, 325.000,-89.848, -32.533, 5922.392, -310.854, -835.360, 101.981, 81.441, 159.589
426, 230.000, -94.009, 22.088, 318.769, -758.618, -162.507, 2.000, 22.337, 102.091
426, 325.000,-131.581, 20.852, 5778.853, -1573.683, 5.986, 101.988, 74.767, 89.782
427, 230.000, -40.257, 29.768, 388.549, -685.133, 288.352, 2.000, 27.596, 67.175
427, 325.000,-61.799, 39.168, 5925.907, -790.096, 358.593, 101.981, 81.670, 65.589
428, 230.000, -33.758, 2.337, 822.662, -80.817, 142.195, 2.000, 78.755, 29.612
428, 325.000,-36.686, 6.358, 5985.308, -149.289, 151.545, 101.981, 87.964, 44.570
429, 230.000, 76.076, 9.517, 604.236, 416.983, -405.645, 2.000, 46.087, -134.210
429, 325.000,91.319, -1.667, 5938.822, 666.921, -393.493, 101.981, 82.571, -120.541
430, 230.000, -23.190, -51.637, 151.257, -425.678, 706.713, 2.000, 10.389, 31.062
430, 325.000,-36.966, -30.908, 5935.846, -485.252, 632.017, 101.981, 82.354, 37.516
431, 230.000, 14.313, 82.883, 743.053, -215.136, -324.211, 2.000, 62.361, 146.433
431, 325.000,8.978, 77.580, 5985.848, -179.390, -81.158, 101.981, 88.116, 114.343
432, 230.000, -32.512, 43.240, 426.152, 687.053, -223.332, 2.000, 30.536, -108.007
432, 325.000,-12.828, 37.581, 5952.251, 646.984, -145.894, 101.981, 83.642, -102.708
433, 230.000, -52.899, 81.711, 3.660, 814.853, 198.811, 2.000, 0.250, -76.289
433, 325.000,-34.348, 96.817, 5920.843, 540.027, 722.037, 101.981, 81.341, -36.794
434, 230.000, 37.561, 84.570, 418.908, 130.649, 714.822, 2.000, 29.963, -10.358
434, 325.000,45.455, 114.608, 5840.844, 366.929, 1272.693, 101.983, 77.223, -16.083
435, 230.000, 1.595, -91.631, 104.618, 733.564, -393.017, 2.000, 7.165, -118.181
435, 325.000,24.099, -112.564, 5862.747, 791.333, -933.565, 101.982, 78.209, -139.714
436, 230.000, 12.947, -17.641, 449.625, -455.706, 541.934, 2.000, 32.416, 40.060
436, 630.000,-30.460, 30.735, 3277.237, -488.007, 525.976, 32.000, 77.651, 42.856
437, 230.000, -70.270, -24.092, 274.664, 712.942, -346.118, 2.000, 19.115, -115.896
437, 325.000,-51.021, -35.313, 5946.986, 574.100, -415.846, 101.981, 83.202, -125.918
438, 230.000, 4.964, -93.117, 50.684, -641.797, 537.635, 2.000, 3.464, 50.047
438, 325.000,-14.211, -83.017, 5950.221, -656.710, 180.397, 101.980, 83.471, 74.640
439, 230.000, -60.490, 76.588, 106.538, -659.242, -507.517, 2.000, 7.297, 127.591
439, 325.000,-88.419, 72.083, 5877.772, -1150.029, 19.490, 101.986, 78.928, 89.029
440, 230.000, 66.854, -46.970, 139.047, 671.016, -483.660, 2.000, 9.542, -125.784
440, 325.000,92.025, -65.031, 5863.032, 994.079, -711.357, 101.981, 78.223, -125.587
441, 230.000, 8.589, 54.460, 208.980, 35.620, -811.531, 2.000, 14.427, -177.487
441, 325.000,9.887, 30.708, 5944.725, 56.524, -725.411, 101.981, 83.022, -175.544
442, 230.000, 23.396, -28.633, 470.564, 676.661, -155.638, 2.000, 34.126, -102.953
442, 325.000,43.910, -33.840, 5939.687, 738.196, -210.668, 101.981, 82.636, -105.928
443, 230.000, -16.152, -74.306, 657.044, 436.466, -285.156, 2.000, 51.568, -123.158
443, 325.000,-4.429, -85.378, 5953.483, 407.315, -509.262, 101.981, 83.749, -141.347
444, 230.000, 77.959, -58.402, 763.634, 223.586, 265.324, 2.000, 65.565, -40.121
444, 325.000,93.135, -58.023, 5941.553, 746.712, -102.973, 101.984, 82.770, -97.852
445, 230.000, 58.952, 22.469, 595.456, 423.660, -411.665, 2.000, 45.229, -134.177
445, 325.000,72.884, 11.273, 5950.085, 569.915, -375.347, 101.981, 83.457, -123.369
446, 230.000, 1.563, 8.119, 460.146, -512.729, -478.433, 2.000, 33.271, 133.018
446, 630.000,-66.395, -45.659, 3179.029, -858.739, -641.972, 32.002, 71.363, 126.781
447, 230.000, -74.356, 22.533, 673.222, -499.357, 30.632, 2.000, 53.383, 86.490
447, 325.000,-91.896, 24.436, 5940.007, -758.124, 103.956, 101.981, 82.659, 82.192
448, 230.000, -24.770, 51.215, 478.269, -688.318, -31.633, 2.000, 34.765, 92.631
448, 325.000,-45.677, 51.643, 5939.943, -762.202, 72.994, 101.981, 82.655, 84.530
449, 230.000, -66.638, -0.824, 759.845, -298.631, 192.298, 2.000, 64.946, 57.221
449, 325.000,-77.076, 4.534, 5967.701, -465.839, 196.821, 101.981, 85.156, 67.096
450, 230.000, -72.131, 7.587, 247.454, 235.553, 766.032, 2.000, 17.159, -17.093
450, 325.000,-67.498, 31.099, 5932.921, 63.023, 815.886, 101.981, 82.147, -4.417
451, 230.000, 1.669, -62.727, 492.527, 574.004, 362.574, 2.000, 35.959, -57.721
451, 325.000,18.526, -53.739, 5954.240, 595.957, 247.084, 101.981, 83.816, -67.481
452, 230.000, -72.683, 67.483, 90.181, 743.340, -377.938, 2.000, 6.172, -116.950
452, 325.000,-58.512, 63.418, 5977.567, 366.796, -9.792, 101.972, 86.487, -91.529
453, 230.000, -57.743, 50.991, 137.819, 545.900, -621.710, 2.000, 9.457, -138.715
453, 325.000,-42.776, 33.475, 5950.203, 432.227, -526.697, 101.981, 83.468, -140.626
454, 230.000, 34.355, -66.689, 563.587, -393.014, 481.075, 2.000, 42.216, 39.247
454, 325.000,24.135, -54.960, 5970.448, -326.080, 341.446, 101.981, 85.479, 43.681
455, 230.000, 95.713, -3.121, 90.386, 492.603, 672.827, 2.000, 6.186, -36.209
455, 325.000,124.355, 16.823, 5816.685, 1244.539, 698.487, 101.985, 76.215, -60.697
456, 230.000, -5.069, -5.206, 437.722, -630.643, 337.953, 2.000, 31.458, 61.814
456, 325.000,-24.139, 4.817, 5936.574, -710.597, 348.733, 101.982, 82.405, 63.860
457, 230.000, -79.301, -18.504, 686.200, 74.228, -476.595, 2.000, 54.896, -171.147
457, 325.000,-80.862, -32.751, 5960.758, -174.725, -555.051, 101.981, 84.424, 162.526
458, 230.000, -84.333, -47.063, 21.323, 454.936, 704.346, 2.000, 1.457, -32.858
458, 325.000,-77.213, -29.542, 5965.220, 89.085, 525.996, 101.979, 84.889, -9.613
459, 230.000, -61.681, 70.017, 652.821, -493.090, 184.963, 2.000, 51.106, 69.438
459, 325.000,-81.536, 82.062, 5895.759, -870.726, 592.894, 101.982, 79.870, 55.748
460, 230.000, -59.748, -34.326, 607.948, 47.676, -575.891, 2.000, 46.453, -175.267
460, 325.000,-60.390, -51.996, 5949.268, -99.362, -682.303, 101.981, 83.389, 171.714
461, 230.000, -43.741, 26.452, 68.013, -314.779, 774.475, 2.000, 4.651, 22.119
461, 325.000,-54.864, 51.604, 5912.289, -418.757, 859.470, 101.981, 80.814, 25.977
462, 230.000, 48.418, -53.795, 43.004, -156.053, -822.996, 2.000, 2.939, 169.263
462, 325.000,45.632, -81.991, 5900.378, -16.762, -1026.889, 101.981, 80.126, 179.065
463, 230.000, -89.671, 3.243, 277.839, -251.750, -750.301, 2.000, 19.345, 161.452
463, 325.000,-104.126, -18.811, 5898.033, -690.215, -778.546, 101.981, 79.996, 138.442
464, 230.000, -52.445, 58.146, 348.130, 676.208, 353.655, 2.000, 24.523, -62.391
464, 325.000,-34.460, 71.019, 5939.329, 555.724, 533.611, 101.981, 82.609, -46.163
465, 230.000, -15.269, -94.287, 774.180, 278.409, -163.271, 2.000, 67.369, -120.389
465, 325.000,-9.204, -108.153, 5942.311, 204.534, -718.950, 101.982, 82.830, -164.120
466, 230.000, 16.926, 62.667, 561.923, 319.607, -534.432, 2.000, 42.063, -149.119
466, 325.000,26.620, 48.858, 5963.006, 364.568, -422.872, 101.981, 84.651, -139.235
467, 230.000, 44.265, 23.140, 580.712, 96.005, 597.562, 2.000, 43.816, -9.127
467, 325.000,48.092, 41.001, 5949.846, 182.851, 659.615, 101.981, 83.437, -15.494
468, 230.000, -39.121, 86.490, 799.675, -250.224, 37.830, 2.000, 72.439, 81.403
468, 325.000,-49.637, 95.724, 5946.760, -481.564, 522.575, 101.980, 83.186, 42.661
469, 230.000, 40.054, 14.427, 792.124, 241.640, -132.942, 2.000, 70.803, -118.818
469, 325.000,47.646, 10.997, 5979.540, 319.261, -111.203, 101.981, 86.764, -109.204
470, 230.000, 9.322, 15.540, 755.980, -298.239, -207.538, 2.000, 64.330, 124.833
470, 630.000,-16.662, 10.241, 3342.516, -288.718, 15.426, 32.002, 85.056, 86.942
471, 230.000, -91.421, 2.481, 717.711, -423.583, -94.823, 2.000, 58.835, 102.618
471, 325.000,-110.810, 0.056, 5919.512, -906.200, -87.243, 101.981, 81.257, 95.499
472, 230.000, -32.911, -30.946, 199.433, -317.009, -750.504, 2.000, 13.755, 157.101
472, 325.000,-43.521, -54.905, 5917.371, -392.129, -836.760, 101.981, 81.124, 154.891
473, 230.000, -89.318, 4.036, 211.028, 368.573, 723.288, 2.000, 14.572, -27.002
473, 325.000,-83.679, 25.958, 5938.379, 42.446, 776.487, 101.980, 82.539, -3.129
474, 230.000, 44.031, -13.838, 620.696, 560.503, 64.011, 2.000, 47.733, -83.485
474, 325.000,61.176, -12.308, 5952.656, 658.371, 40.365, 101.981, 83.677, -86.492
475, 230.000, -62.039, 20.502, 636.387, 538.711, -91.245, 2.000, 49.352, -99.613
475, 325.000,-48.245, 18.424, 5973.434, 429.540, -52.456, 101.981, 85.857, -96.963
476, 230.000, 85.663, -40.457, 484.976, -334.032, -597.281, 2.000, 35.324, 150.784
476, 325.000,84.199, -61.253, 5926.885, 117.084, -853.189, 101.982, 81.733, -172.186
477, 230.000, -1.265, 88.818, 278.479, -364.281, -702.334, 2.000, 19.391, 152.586
477, 325.000,-12.139, 72.446, 5960.485, -385.090, -439.752, 101.980, 84.399, 138.791
478, 230.000, 56.318, 26.783, 25.393, -432.300, -718.329, 2.000, 1.735, 148.960
478, 325.000,44.026, 4.705, 5939.531, -335.794, -691.658, 101.981, 82.624, 154.104
479, 230.000, -43.312, -21.932, 131.957, -435.519, 704.581, 2.000, 9.052, 31.721
479, 325.000,-57.925, -0.439, 5925.713, -531.379, 687.570, 101.981, 81.657, 37.698
480, 230.000, 99.552, -1.451, 479.652, 16.854, 687.877, 2.000, 34.880, -1.404
480, 325.000,118.465, 17.573, 5871.251, 943.533, 718.113, 102.004, 78.582, -52.726
481, 230.000, -23.631, 72.972, 778.967, 137.534, 278.960, 2.000, 68.234, -26.244
481, 325.000,-20.764, 83.671, 5967.684, 74.512, 500.405, 101.981, 85.154, -8.469
482, 230.000, 74.856, -35.283, 285.953, -105.710, 781.396, 2.000, 19.933, 7.704
482, 325.000,74.962, -13.457, 5945.766, 113.435, 710.035, 101.981, 83.105, -9.077
483, 230.000, 87.499, 43.625, 419.958, -725.059, -38.060, 2.000, 30.045, 93.005
483, 325.000,75.309, 46.677, 5978.850, -285.887, 198.524, 101.977, 86.668, 55.223
484, 230.000, -14.288, 48.460, 820.256, -24.989, -173.434, 2.000, 77.942, 171.801
484, 325.000,-15.290, 44.668, 5988.190, -51.796, -89.905, 101.981, 89.007, 150.053
485, 230.000, 41.665, -5.521, 768.037, 177.111, -286.837, 2.000, 66.302, -148.306
485, 325.000,47.503, -13.705, 5975.866, 255.663, -304.719, 101.981, 86.192, -140.003
486, 230.000, -21.388, 3.989, 704.861, -326.636, 316.234, 2.000, 57.178, 45.927
486, 325.000,-31.154, 13.104, 5967.008, -387.012, 338.036, 101.981, 85.078, 48.864
487, 230.000, -49.180, 80.146, 676.294, 451.699, 205.226, 2.000, 53.736, -65.566
487, 325.000,-40.840, 92.629, 5952.176, 224.307, 624.602, 101.980, 83.638, -19.754
488, 230.000, -37.030, -45.487, 497.212, -661.479, -136.929, 2.000, 36.355, 101.695
488, 325.000,-57.492, -50.815, 5934.926, -766.291, -242.211, 101.981, 82.288, 107.541
489, 230.000, -29.492, -33.503, 144.909, 386.064, -730.397, 2.000, 9.949, -152.141
489, 325.000,-18.127, -57.056, 5923.099, 344.579, -816.920, 101.981, 81.487, -157.130
490, 230.000, 16.160, -58.666, 143.936, 773.151, -291.624, 2.000, 9.881, -110.666
490, 325.000,40.681, -69.579, 5913.069, 842.377, -441.850, 101.981, 80.861, -117.678
491, 230.000, -19.222, -9.380, 448.832, 642.441, -298.903, 2.000, 32.351, -114.951
491, 630.000,40.862, -63.342, 3204.798, 663.768, -740.889, 32.014, 72.756, -138.143
492, 230.000, 42.376, -86.160, 104.772, 347.539, -756.150, 2.000, 7.176, -155.316
492, 325.000,60.353, -124.226, 5740.750, 732.489, -1542.481, 101.989, 73.435, -154.598
493, 230.000, 1.828, 30.349, 386.424, 719.422, -191.395, 2.000, 27.433, -104.898
493, 325.000,23.522, 25.227, 5939.882, 754.374, -133.850, 101.981, 82.650, -100.061
494, 230.000, 14.376, -77.398, 274.562, 783.315, -120.653, 2.000, 19.107, -98.756
494, 325.000,38.655, -84.763, 5913.685, 867.896, -379.893, 101.981, 80.898, -113.640
495, 230.000, -49.963, 26.381, 391.211, 724.897, -158.120, 2.000, 27.802, -102.305
495, 325.000,-29.457, 22.266, 5952.767, 649.344, -109.889, 101.981, 83.687, -99.605
496, 230.000, 14.434, 87.591, 58.619, 666.362, 506.013, 2.000, 4.008, -52.788
496, 325.000,36.312, 111.089, 5852.488, 786.371, 999.769, 101.982, 77.738, -38.187
497, 230.000, 45.334, 5.521, 248.324, -307.203, 739.922, 2.000, 17.221, 22.547
497, 325.000,36.901, 28.334, 5934.103, -233.922, 775.174, 101.981, 82.230, 16.792
498, 230.000, -17.672, -96.323, 440.205, 383.337, 602.325, 2.000, 31.657, -32.474
498, 325.000,-8.599, -88.686, 5980.318, 305.888, 99.194, 101.976, 86.922, -72.033
499, 230.000, -61.022, -43.532, 480.420, -494.154, -478.051, 2.000, 34.944, 134.051
499, 325.000,-78.297, -59.525, 5912.185, -711.967, -639.083, 101.981, 80.808, 131.912
500, 230.000, -3.363, 1.098, 491.017, 527.468, -429.189, 2.000, 35.832, -129.134
500, 630.000,63.787, -55.902, 3167.625, 837.963, -720.825, 32.001, 70.764, -130.702
