ion,x0,y0,z0,vx0,vy0,vz0,ke0,elev0,azim0,x1,y1,z1,vx1,vy1,vz1,ke1,elev1,azim1
1, 230.000, -80.316, -30.057, 614.373, -570.984, 6.843, 2.000, 47.094, 89.313
1, 325.000,-101.785, -31.830, 5914.529, -934.707, -118.319, 101.981, 80.949, 97.214
2, 230.000, 50.488, 54.793, 269.289, 467.412, 642.288, 2.000, 18.727, -36.044
2, 325.000,67.129, 76.939, 5890.571, 659.606, 857.535, 101.981, 79.593, -37.567
3, 230.000, 8.451, -24.847, 692.933, -98.176, -462.309, 2.000, 55.704, 168.011
3, 325.000,5.809, -38.539, 5965.519, -85.677, -523.872, 101.981, 84.915, 170.712
4, 230.000, -14.958, 68.877, 16.357, 658.021, -519.870, 2.000, 1.117, -128.310
4, 325.000,5.377, 54.443, 5940.725, 650.827, -391.629, 101.981, 82.714, -121.037
5, 230.000, 17.899, 28.876, 334.231, 631.409, -439.473, 2.000, 23.483, -124.839
5, 325.000,37.400, 16.143, 5936.041, 686.731, -401.266, 101.981, 82.368, -120.298
6, 230.000, 61.653, 42.877, 153.971, -619.175, -544.463, 2.000, 10.578, 131.326
6, 325.000,44.478, 27.430, 5949.423, -503.945, -468.577, 101.981, 83.402, 132.917
7, 230.000, 20.268, 26.683, 545.643, -325.642, -547.499, 2.000, 40.582, 149.257
7, 630.000,4.375, -6.686, 5977.392, -131.553, -349.214, 101.979, 86.428, 159.358
8, 230.000, 77.222, 57.274, 431.886, -67.769, -715.825, 2.000, 30.991, 174.592
8, 325.000,82.058, 41.928, 5962.440, 327.697, -458.773, 101.979, 84.598, -144.462
9, 230.000, 3.135, 91.928, 493.449, -406.264, -543.122, 2.000, 36.037, 143.203
9, 325.000,-8.262, 82.154, 5971.272, -413.127, -205.486, 101.980, 85.581, 116.445
10, 230.000, -80.950, 30.809, 356.091, -684.027, 329.895, 2.000, 25.122, 64.253
10, 325.000,-107.588, 43.007, 5864.447, -1109.838, 495.969, 101.982, 78.289, 65.921
11, 230.000, 96.798, -17.965, 146.957, 825.649, -15.201, 2.000, 10.091, -91.055
11, 325.000,145.050, -22.684, 5672.033, 1912.921, -207.059, 101.995, 71.262, -96.178
12, 230.000, 91.717, -7.704, 312.575, -487.097, -607.090, 2.000, 21.880, 141.258
12, 325.000,83.546, -26.028, 5949.979, -130.151, -670.689, 101.980, 83.450, 169.018
13, 230.000, 93.428, 26.223, 720.911, 394.342, -168.242, 2.000, 59.260, -113.105
13, 325.000,116.240, 24.950, 5893.016, 1069.166, 5.349, 101.985, 79.717, -89.713
14, 230.000, -87.131, -38.594, 489.430, 39.652, 680.007, 2.000, 35.698, -3.337
14, 325.000,-93.625, -22.704, 5952.604, -409.657, 517.039, 101.979, 83.676, 38.390
15, 230.000, -30.491, -70.967, 399.556, -727.488, 120.996, 2.000, 28.448, 80.557
15, 325.000,-53.309, -70.493, 5927.533, -851.857, -88.977, 101.981, 81.778, 95.963
16, 230.000, -33.170, 53.137, 113.373, -126.713, 821.349, 2.000, 7.768, 8.770
16, 325.000,-38.304, 80.656, 5901.807, -218.332, 995.108, 101.981, 80.206, 12.375
17, 230.000, 55.017, 17.302, 440.794, 49.870, 711.855, 2.000, 31.704, -4.007
17, 325.000,57.974, 38.835, 5936.836, 166.042, 771.755, 101.981, 82.426, -12.142
18, 230.000, -2.797, 16.859, 356.117, -537.641, 536.328, 2.000, 25.124, 45.070
18, 325.000,-19.126, 33.428, 5933.377, -563.266, 589.050, 101.981, 82.179, 43.718
19, 230.000, 9.539, -95.947, 690.680, -436.122, 190.481, 2.000, 55.432, 66.406
19, 325.000,-1.499, -100.006, 5965.524, -405.288, -341.290, 101.978, 84.924, 130.100
20, 230.000, 17.277, -95.772, 5.913, -135.825, 827.672, 2.000, 0.404, 9.319
20, 325.000,14.553, -78.431, 5973.259, -63.216, 429.404, 101.978, 85.844, 8.375
21, 230.000, -69.784, -70.962, 445.120, 625.477, -337.892, 2.000, 32.052, -118.379
21, 325.000,-63.472, -91.772, 5912.757, 83.153, -950.340, 101.985, 80.835, -174.999
22, 230.000, -55.538, 34.465, 680.646, -470.132, 138.640, 2.000, 54.241, 73.569
22, 325.000,-70.655, 39.501, 5952.623, -619.923, 226.249, 101.981, 83.674, 69.950
23, 230.000, -6.098, 5.979, 464.933, -620.006, 320.863, 2.000, 33.663, 62.638
23, 325.000,-24.710, 15.672, 5940.632, -672.099, 355.448, 101.981, 82.707, 62.127
24, 230.000, 7.116, -52.714, 612.248, 470.609, -327.419, 2.000, 46.882, -124.828
24, 325.000,20.846, -63.445, 5951.972, 499.013, -440.704, 101.981, 83.618, -131.449
25, 230.000, -13.995, -18.224, 272.693, 522.328, -596.939, 2.000, 18.972, -138.814
25, 325.000,1.750, -36.912, 5930.577, 515.273, -657.235, 101.981, 81.984, -141.904
26, 230.000, -91.353, 16.928, 488.662, 673.668, 104.425, 2.000, 35.634, -81.189
26, 325.000,-77.966, 20.977, 5976.802, 339.649, 177.182, 101.980, 86.333, -62.451
27, 230.000, 31.123, -0.591, 796.988, 107.253, -238.393, 2.000, 71.841, -155.777
27, 325.000,34.743, -7.296, 5981.474, 172.445, -247.898, 101.981, 87.110, -145.176
28, 230.000, -2.252, 82.527, 383.814, -442.470, -600.359, 2.000, 27.232, 143.609
28, 325.000,-15.370, 68.203, 5957.980, -466.731, -392.134, 101.981, 84.158, 130.036
29, 230.000, 77.823, 58.510, 620.593, 470.775, 311.061, 2.000, 47.722, -56.546
29, 325.000,102.708, 76.014, 5833.916, 1104.737, 785.129, 101.987, 76.921, -54.599
30, 230.000, 7.553, 81.525, 357.192, 320.103, 688.093, 2.000, 25.205, -24.948
30, 325.000,17.532, 107.049, 5884.706, 367.321, 1051.016, 101.981, 79.287, -19.264
31, 230.000, 86.838, 25.545, 92.792, -783.007, 286.031, 2.000, 6.352, 69.933
31, 325.000,67.765, 35.651, 5954.095, -514.942, 390.659, 101.980, 83.804, 52.814
32, 230.000, -1.489, 24.287, 529.209, 436.165, -482.931, 2.000, 39.119, -137.913
32, 630.000,43.122, -4.575, 5949.563, 621.154, -294.833, 101.983, 83.408, -115.392
33, 230.000, -2.452, -72.106, 722.908, -341.960, 252.965, 2.000, 59.528, 53.508
33, 325.000,-12.134, -67.278, 5977.610, -359.148, 91.465, 101.981, 86.452, 75.712
34, 230.000, -73.927, 57.684, 632.317, 196.539, 514.851, 2.000, 48.927, -20.894
34, 325.000,-75.193, 77.356, 5924.768, -191.762, 854.111, 101.981, 81.595, 12.654
35, 230.000, -52.308, -1.781, 695.032, 102.416, 458.220, 2.000, 55.959, -12.599
35, 325.000,-50.560, 11.200, 5970.750, 9.665, 468.224, 101.981, 85.515, -1.183
36, 230.000, -29.334, -7.663, 715.433, -349.916, 263.132, 2.000, 58.535, 53.057
36, 325.000,-39.860, -0.325, 5969.154, -414.852, 257.486, 101.981, 85.324, 58.173
37, 230.000, -13.066, -37.274, 762.277, 341.986, -74.185, 2.000, 65.342, -102.239
37, 325.000,-3.685, -40.106, 5978.318, 328.655, -144.570, 101.981, 86.563, -113.744
38, 230.000, 27.755, 51.548, 485.437, 480.402, 486.918, 2.000, 35.363, -44.614
38, 325.000,42.690, 67.379, 5930.485, 560.018, 620.431, 101.981, 81.978, -42.070
39, 230.000, -38.553, -12.275, 390.418, -24.658, -741.950, 2.000, 27.741, 178.097
39, 325.000,-40.108, -34.770, 5936.504, -93.305, -786.388, 101.981, 82.402, 173.233
40, 230.000, 19.478, 55.008, 640.611, 192.996, 505.860, 2.000, 49.796, -20.883
40, 325.000,25.547, 71.026, 5949.780, 241.357, 641.152, 101.981, 83.432, -20.628
41, 230.000, 82.086, 48.181, 87.442, 834.052, -15.355, 2.000, 5.984, -91.055
41, 325.000,120.005, 55.005, 5779.608, 1529.852, 355.924, 101.986, 74.796, -76.903
42, 230.000, 87.675, -30.370, 324.887, -763.478, 122.773, 2.000, 22.789, 80.865
42, 325.000,70.651, -28.612, 5970.881, -466.184, 12.993, 101.980, 85.534, 88.404
43, 230.000, 49.624, 82.083, 692.651, 468.752, -63.483, 2.000, 55.670, -97.713
43, 325.000,67.971, 89.272, 5918.852, 801.553, 440.444, 101.981, 81.216, -61.212
44, 230.000, -17.028, 58.875, 767.934, 312.523, -127.005, 2.000, 66.285, -112.116
44, 325.000,-8.700, 56.782, 5982.136, 288.143, -14.648, 101.981, 87.239, -92.910
45, 230.000, -40.856, -66.782, 463.627, -361.339, 598.338, 2.000, 33.556, 31.128
45, 325.000,-52.964, -51.874, 5953.023, -486.266, 440.726, 101.981, 83.709, 47.813
46, 230.000, 41.563, -36.513, 13.413, 146.986, -825.675, 2.000, 0.916, -169.906
46, 325.000,47.465, -63.841, 5909.647, 245.958, -940.635, 101.981, 80.657, -165.346
47, 230.000, 14.260, -89.860, 27.313, 341.897, -765.431, 2.000, 1.866, -155.931
47, 325.000,26.493, -123.833, 5810.026, 455.304, -1380.667, 101.983, 75.952, -161.749
48, 230.000, -94.989, -1.649, 543.237, -248.782, -588.664, 2.000, 40.366, 157.090
48, 325.000,-112.248, -18.492, 5895.785, -841.813, -633.085, 101.982, 79.871, 126.945
49, 230.000, -17.331, 7.345, 96.094, 684.896, 474.560, 2.000, 6.579, -55.282
49, 325.000,4.009, 22.622, 5923.124, 685.451, 562.137, 101.981, 81.488, -50.645
50, 230.000, -80.627, -31.271, 440.973, -2.497, 713.484, 2.000, 31.718, 0.201
50, 325.000,-84.994, -12.205, 5948.277, -286.309, 636.493, 101.981, 83.308, 24.219
51, 230.000, 27.383, -27.489, 337.430, -48.449, -766.366, 2.000, 23.722, 176.383
51, 325.000,26.506, -51.255, 5930.076, -1.602, -838.691, 101.981, 81.950, 179.891
52, 230.000, -25.950, -90.502, 806.510, -226.528, 41.840, 2.000, 74.059, 79.535
52, 325.000,-34.321, -97.093, 5962.631, -371.469, -422.026, 101.980, 84.613, 138.646
53, 230.000, -23.204, 95.883, 235.602, -159.662, 789.002, 2.000, 16.313, 11.440
53, 325.000,-33.491, 142.311, 5678.904, -416.158, 1857.859, 101.997, 71.466, 12.626
54, 230.000, -68.094, -33.828, 64.737, -692.678, 468.540, 2.000, 4.427, 55.925
54, 325.000,-92.947, -20.807, 5901.179, -947.952, 383.031, 101.981, 80.171, 67.998
55, 230.000, -31.548, -39.459, 268.060, -726.061, 323.269, 2.000, 18.638, 66.000
55, 325.000,-54.463, -30.545, 5928.390, -810.205, 258.757, 101.981, 81.836, 72.288
56, 230.000, -54.490, -61.663, 331.876, 714.687, -287.410, 2.000, 23.308, -111.907
56, 325.000,-35.735, -73.002, 5940.901, 577.583, -491.236, 101.981, 82.727, -130.381
57, 230.000, -50.225, -37.348, 40.905, -720.747, 427.052, 2.000, 2.795, 59.353
57, 325.000,-74.565, -25.056, 5915.005, -868.776, 356.592, 101.981, 80.979, 67.684
58, 230.000, 28.155, 74.613, 675.680, -213.630, -448.713, 2.000, 53.665, 154.541
58, 325.000,23.179, 64.731, 5981.305, -146.856, -267.531, 101.981, 87.079, 151.236
59, 230.000, -76.791, -38.424, 94.430, -710.751, 435.247, 2.000, 6.464, 58.518
59, 325.000,-104.144, -27.759, 5881.406, -1092.342, 291.890, 101.981, 79.118, 75.039
60, 230.000, -36.612, 1.647, 755.570, 359.424, -58.753, 2.000, 64.265, -99.284
60, 325.000,-27.222, 0.020, 5982.233, 280.870, -57.461, 101.981, 87.256, -101.562
61, 230.000, 56.890, -47.333, 667.770, 270.373, 429.541, 2.000, 52.763, -32.188
61, 325.000,66.545, -36.831, 5965.144, 426.065, 323.603, 101.981, 84.875, -52.783
62, 230.000, 56.189, -13.106, 583.528, 562.840, 215.013, 2.000, 44.083, -69.092
62, 325.000,74.010, -7.252, 5944.705, 701.427, 194.128, 101.981, 83.020, -74.530
63, 230.000, 59.122, 44.308, 778.199, -186.819, -251.056, 2.000, 68.093, 143.346
63, 325.000,55.834, 38.756, 5986.911, -51.222, -153.116, 101.981, 88.455, 161.503
64, 230.000, -76.629, -40.649, 599.398, -252.008, 529.847, 2.000, 45.612, 25.437
64, 325.000,-88.150, -27.948, 5950.157, -550.671, 402.100, 101.981, 83.463, 53.863
65, 230.000, -28.958, 17.270, 131.394, 790.298, -248.374, 2.000, 9.013, -107.447
65, 630.000,30.963, 5.940, 5948.051, 695.695, -75.013, 101.980, 83.291, -96.154
66, 230.000, -47.907, 74.030, 383.327, -224.260, -711.542, 2.000, 27.195, 162.506
66, 325.000,-57.011, 57.166, 5955.790, -401.896, -485.952, 101.981, 83.956, 140.408
67, 230.000, 4.740, 32.567, 507.400, 242.375, 622.353, 2.000, 37.224, -21.278
67, 325.000,11.967, 51.536, 5942.877, 257.626, 696.449, 101.981, 82.878, -20.300
68, 230.000, 74.203, -48.479, 198.818, 205.834, 788.434, 2.000, 13.712, -14.631
68, 325.000,84.860, -27.682, 5933.234, 502.405, 642.967, 101.980, 82.169, -38.004
69, 230.000, 22.417, -50.315, 750.732, -284.058, -243.383, 2.000, 63.514, 130.590
69, 325.000,14.956, -58.354, 5973.862, -249.626, -346.207, 101.981, 85.913, 144.207
70, 230.000, -37.550, 87.167, 334.307, -700.941, -316.929, 2.000, 23.489, 114.330
70, 325.000,-61.680, 86.617, 5909.674, -958.173, 162.264, 101.979, 80.662, 80.388
71, 230.000, 44.367, 50.881, 463.192, 201.677, -669.554, 2.000, 33.520, -163.237
71, 325.000,51.551, 32.660, 5952.931, 303.955, -582.581, 101.981, 83.701, -152.447
72, 230.000, 35.271, -49.841, 759.103, 354.629, -39.053, 2.000, 64.827, -96.284
72, 325.000,46.173, -52.284, 5971.142, 439.948, -145.282, 101.981, 85.563, -108.275
73, 230.000, -7.120, -99.572, 655.688, 521.313, -42.780, 2.000, 51.419, -94.691
73, 325.000,5.722, -121.499, 5875.232, 479.790, -1064.636, 102.017, 78.758, -155.741
74, 230.000, 74.862, 14.325, 255.031, 775.363, 193.119, 2.000, 17.701, -76.014
74, 325.000,102.309, 20.934, 5885.752, 1078.427, 253.397, 101.981, 79.341, -76.777
75, 230.000, 28.906, -51.398, 521.043, -623.980, -206.607, 2.000, 38.404, 108.320
75, 325.000,11.421, -58.724, 5951.987, -586.497, -314.744, 101.981, 83.619, 118.220
76, 230.000, -8.605, -80.957, 56.725, -163.619, -820.692, 2.000, 3.878, 168.725
76, 325.000,-14.293, -112.057, 5860.797, -210.152, -1215.014, 101.981, 78.119, 170.187
77, 230.000, -88.279, 29.043, 392.568, -690.138, -270.414, 2.000, 27.907, 111.397
77, 325.000,-117.907, 24.265, 5852.884, -1265.308, -111.987, 101.983, 77.755, 95.058
78, 230.000, -76.099, 43.507, 257.284, -764.768, -229.038, 2.000, 17.863, 106.672
78, 325.000,-105.055, 40.083, 5872.719, -1174.477, -34.424, 101.981, 78.686, 91.679
79, 230.000, 2.414, -62.985, 823.456, -159.431, 5.122, 2.000, 79.037, 88.160
79, 325.000,-1.944, -64.508, 5985.663, -159.212, -125.054, 101.981, 88.063, 128.148
80, 230.000, -96.835, 3.595, 722.319, 266.914, -332.470, 2.000, 59.448, -141.242
80, 325.000,-99.142, -5.105, 5973.654, -275.997, -329.207, 101.980, 85.887, 140.025
81, 230.000, -68.888, 13.052, 302.950, 678.296, 389.435, 2.000, 21.173, -60.138
81, 325.000,-50.445, 25.156, 5947.873, 553.083, 431.371, 101.981, 83.274, -52.048
82, 230.000, 30.820, -71.828, 641.199, 183.708, 508.565, 2.000, 49.859, -19.861
82, 325.000,37.151, -60.020, 5973.335, 271.019, 339.082, 101.981, 85.844, -38.634
83, 230.000, -38.248, 22.307, 836.357, 0.180, 63.487, 2.000, 85.659, -0.162
83, 325.000,-39.017, 24.524, 5987.799, -67.202, 104.567, 101.981, 88.811, 32.728
84, 230.000, -17.439, 84.511, 70.292, 382.479, -743.164, 2.000, 4.807, -152.767
84, 325.000,-6.405, 65.234, 5955.247, 348.947, -531.372, 101.980, 83.907, -146.707
85, 230.000, 22.433, 67.653, 418.755, 211.605, 695.264, 2.000, 29.951, -16.928
85, 325.000,29.643, 91.085, 5909.805, 287.842, 927.684, 101.981, 80.667, -17.238
86, 230.000, -63.485, -41.886, 113.014, -634.028, 537.364, 2.000, 7.744, 49.717
86, 325.000,-85.934, -27.109, 5911.191, -859.015, 434.899, 101.981, 80.749, 63.148
87, 230.000, 66.195, 2.985, 82.937, -528.181, -646.274, 2.000, 5.675, 140.742
87, 325.000,51.457, -17.154, 5938.013, -410.822, -663.626, 101.981, 82.512, 148.240
88, 230.000, 7.261, 4.949, 59.592, -447.784, -706.726, 2.000, 4.074, 147.642
88, 630.000,-35.525, -68.461, 5881.797, -552.776, -983.232, 101.977, 79.144, 150.655
89, 230.000, -81.909, -18.898, 357.397, 659.074, 376.050, 2.000, 25.220, -60.292
89, 325.000,-65.802, -8.570, 5962.200, 454.998, 338.027, 101.981, 84.569, -53.391
90, 230.000, 15.206, -75.183, 712.669, -423.729, 126.813, 2.000, 58.175, 73.339
90, 325.000,3.867, -74.352, 5975.414, -399.001, -66.238, 101.981, 86.128, 99.426
91, 230.000, 21.652, 5.574, 555.344, -286.200, 559.648, 2.000, 41.460, 27.085
91, 325.000,13.737, 22.129, 5952.586, -237.189, 615.949, 101.980, 83.673, 21.061
92, 230.000, -33.049, 23.845, 478.449, -455.794, -516.588, 2.000, 34.780, 138.578
92, 325.000,-47.196, 9.082, 5945.575, -528.163, -490.278, 101.981, 83.089, 132.870
93, 230.000, -41.439, -2.151, 55.803, 824.802, 141.818, 2.000, 3.815, -80.244
93, 630.000,11.460, 11.439, 5962.420, 537.691, 178.780, 101.987, 84.571, -71.608
94, 230.000, -12.433, -33.859, 160.140, -93.145, 818.048, 2.000, 11.007, 6.496
94, 630.000,-33.772, 24.465, 5943.280, -355.255, 651.831, 101.993, 82.880, 28.591
95, 230.000, 53.955, -12.182, 738.138, -341.134, 205.678, 2.000, 61.646, 58.913
95, 325.000,45.535, -6.653, 5980.848, -250.798, 189.060, 101.981, 86.994, 52.990
96, 230.000, 4.067, -53.904, 517.127, 496.130, -435.843, 2.000, 38.064, -131.299
96, 325.000,18.687, -68.051, 5940.162, 520.450, -559.295, 101.981, 82.671, -137.060
97, 230.000, 50.206, -39.167, 504.277, 516.709, 426.897, 2.000, 36.957, -50.437
97, 325.000,66.784, -27.842, 5943.546, 646.456, 354.334, 101.981, 82.930, -61.272
98, 230.000, -59.397, -19.427, 138.305, 607.501, -561.550, 2.000, 9.491, -132.749
98, 325.000,-42.084, -37.374, 5935.045, 509.214, -620.581, 101.981, 82.297, -140.630
99, 230.000, 27.413, -94.205, 536.274, 527.633, 370.860, 2.000, 39.744, -54.898
99, 325.000,45.490, -95.473, 5937.197, 744.628, -246.888, 101.971, 82.473, -108.343
100, 230.000, -45.538, 10.525, 340.630, 750.465, 155.875, 2.000, 23.961, -78.266
100, 325.000,-23.856, 15.478, 5947.850, 675.315, 190.368, 101.981, 83.272, -74.257
101, 230.000, 39.666, -53.939, 286.491, 227.939, -754.646, 2.000, 19.972, -163.193
101, 325.000,48.098, -78.871, 5905.156, 347.663, -936.748, 101.981, 80.396, -159.638
102, 230.000, 48.663, 37.665, 316.594, 486.137, 605.775, 2.000, 22.176, -38.747
102, 325.000,64.967, 57.212, 5912.192, 626.152, 723.288, 101.981, 80.808, -40.883
103, 230.000, -5.732, -61.299, 331.440, -111.927, 762.328, 2.000, 23.276, 8.353
103, 325.000,-9.240, -39.821, 5950.483, -127.234, 666.877, 101.981, 83.491, 10.802
104, 230.000, 53.339, 61.432, 145.165, 302.891, -768.575, 2.000, 9.966, -158.491
104, 325.000,64.877, 40.495, 5937.769, 472.100, -623.835, 101.981, 82.494, -142.883
105, 230.000, -8.922, -2.003, 507.451, -603.090, -286.879, 2.000, 37.229, 115.440
105, 325.000,-26.965, -10.537, 5944.325, -662.414, -308.967, 101.981, 82.990, 115.006
106, 230.000, -2.800, 22.374, 762.559, -157.260, 311.926, 2.000, 65.388, 26.755
106, 325.000,-7.304, 31.644, 5974.992, -169.887, 373.914, 101.981, 86.068, 24.435
107, 230.000, 26.272, -75.763, 38.448, 416.457, 727.055, 2.000, 2.627, -29.804
107, 325.000,40.265, -55.975, 5941.814, 504.726, 556.106, 101.981, 82.796, -42.227
108, 230.000, -43.024, 40.519, 53.141, -328.373, -769.981, 2.000, 3.632, 156.903
108, 325.000,-54.471, 17.263, 5930.739, -424.955, -717.600, 101.981, 81.995, 149.366
109, 230.000, -8.577, -75.975, 494.626, -633.236, -240.585, 2.000, 36.136, 110.803
109, 325.000,-27.383, -86.290, 5930.061, -686.487, -482.016, 101.981, 81.949, 125.075
110, 230.000, -3.849, -65.894, 159.449, -6.671, -823.441, 2.000, 10.959, 179.536
110, 325.000,-4.206, -93.952, 5897.063, -17.770, -1045.740, 101.981, 79.943, 179.026
111, 230.000, -80.329, 22.455, 677.881, 479.275, -119.568, 2.000, 53.920, -104.008
111, 325.000,-70.246, 20.041, 5983.022, 262.963, -58.550, 101.981, 87.422, -102.552
112, 230.000, -29.214, 23.860, 8.396, -837.491, 45.412, 2.000, 0.574, 86.896
112, 325.000,-56.622, 25.843, 5917.500, -918.862, 89.960, 101.981, 81.132, 84.408
113, 230.000, -76.225, 10.331, 209.467, 471.076, 661.615, 2.000, 14.462, -35.451
113, 325.000,-64.687, 30.849, 5939.024, 291.376, 715.727, 101.981, 82.587, -22.152
114, 230.000, -63.068, -60.106, 734.017, -344.174, 215.144, 2.000, 61.059, 57.990
114, 325.000,-76.339, -57.676, 5958.639, -603.212, -7.103, 101.981, 84.219, 90.675
115, 230.000, 13.576, 66.207, 77.357, -722.660, 418.692, 2.000, 5.292, 59.913
115, 325.000,-8.565, 81.640, 5914.831, -719.096, 605.712, 101.981, 80.968, 49.892
116, 230.000, -34.409, -20.945, 510.215, 641.414, 178.304, 2.000, 37.466, -74.465
116, 325.000,-16.293, -16.179, 5961.030, 566.650, 114.791, 101.978, 84.460, -78.548
117, 230.000, -26.374, -64.500, 142.657, -535.224, -629.848, 2.000, 9.792, 139.643
117, 325.000,-44.090, -86.797, 5893.001, -640.701, -855.158, 101.981, 79.723, 143.159
118, 230.000, 72.017, 22.436, 602.649, -459.179, -359.851, 2.000, 45.931, 128.085
118, 325.000,61.222, 12.876, 5972.883, -303.616, -318.831, 101.981, 85.784, 136.400
119, 230.000, -29.095, 92.998, 315.877, -777.011, 0.223, 2.000, 22.123, 89.984
119, 325.000,-55.960, 106.656, 5852.333, -1052.745, 715.548, 101.983, 77.729, 55.796
120, 230.000, 11.562, 94.976, 830.726, 14.021, -114.988, 2.000, 82.062, -173.048
120, 325.000,12.997, 100.558, 5975.541, 77.530, 395.154, 101.981, 86.145, -11.101
121, 230.000, 15.805, -92.905, 370.272, 322.802, -679.868, 2.000, 26.196, -154.602
121, 325.000,27.288, -124.670, 5816.015, 451.293, -1356.713, 101.984, 76.188, -161.601
122, 230.000, 37.664, -84.801, 376.825, -711.234, -235.951, 2.000, 26.696, 108.353
122, 325.000,20.075, -98.581, 5924.997, -566.263, -665.702, 101.981, 81.609, 139.615
123, 230.000, 10.620, 64.366, 69.626, 834.690, 44.377, 2.000, 4.762, -86.957
123, 325.000,37.149, 67.842, 5918.571, 894.291, 199.904, 101.981, 81.199, -77.400
124, 230.000, 60.712, 22.105, 587.828, -302.299, 516.331, 2.000, 44.493, 30.348
124, 325.000,53.698, 37.600, 5958.107, -182.284, 580.444, 101.981, 84.170, 17.434
125, 230.000, -19.409, 82.127, 449.216, -431.959, -561.374, 2.000, 32.383, 142.423
125, 325.000,-32.854, 69.536, 5958.114, -510.346, -331.002, 101.981, 84.171, 122.967
126, 230.000, 44.996, 1.346, 541.854, 637.898, 54.811, 2.000, 40.242, -85.089
126, 325.000,64.647, 2.977, 5942.861, 740.355, 58.956, 101.981, 82.876, -85.447
127, 230.000, -67.876, 17.203, 378.899, 258.813, 702.122, 2.000, 26.855, -20.235
127, 325.000,-62.408, 38.656, 5938.458, 104.561, 770.052, 101.981, 82.545, -7.733
128, 230.000, 43.752, -35.754, 478.935, -60.034, 685.960, 2.000, 34.820, 5.002
128, 325.000,42.993, -16.392, 5954.754, 20.939, 640.033, 101.981, 83.862, -1.874
129, 230.000, -53.346, -4.424, 150.873, 383.605, -730.485, 2.000, 10.363, -152.294
129, 325.000,-42.656, -27.241, 5932.790, 296.770, -763.632, 101.981, 82.138, -158.762
130, 230.000, -75.210, -54.156, 513.236, 608.334, -264.656, 2.000, 37.727, -113.511
130, 325.000,-63.259, -65.523, 5958.826, 307.713, -516.560, 101.981, 84.238, -149.218
131, 230.000, 46.356, 11.197, 349.205, -581.203, 493.743, 2.000, 24.603, 49.651
131, 325.000,29.830, 26.326, 5943.271, -513.128, 532.380, 101.981, 82.908, 43.945
132, 230.000, -4.030, 17.168, 498.722, -609.830, -287.937, 2.000, 36.484, 115.275
132, 325.000,-22.232, 9.029, 5945.187, -680.394, -246.693, 101.980, 83.059, 109.929
133, 230.000, 48.418, 49.681, 195.234, -802.072, 148.623, 2.000, 13.460, 79.502
133, 325.000,25.255, 55.706, 5939.219, -724.833, 263.572, 101.981, 82.601, 70.017
134, 230.000, 69.883, 65.472, 209.441, 766.481, 268.636, 2.000, 14.460, -70.685
134, 325.000,103.847, 83.783, 5773.750, 1373.348, 805.605, 101.987, 74.583, -59.604
135, 230.000, 25.843, 50.739, 401.502, -511.298, -529.995, 2.000, 28.599, 136.029
135, 325.000,11.190, 36.098, 5953.174, -477.957, -447.713, 101.981, 83.722, 133.129
136, 230.000, 59.365, 70.420, 672.966, -357.812, 350.158, 2.000, 53.353, 45.619
136, 325.000,53.973, 85.585, 5947.165, -95.123, 700.981, 101.981, 83.217, 7.728
137, 230.000, 29.358, -86.371, 468.465, -209.776, -663.369, 2.000, 33.953, 162.452
137, 325.000,26.019, -113.570, 5873.408, -62.922, -1169.914, 101.982, 78.719, 176.921
138, 230.000, 2.345, 64.090, 785.827, -286.550, -62.361, 2.000, 69.535, 102.278
138, 325.000,-5.585, 64.074, 5981.637, -290.368, 69.844, 101.981, 87.142, 76.475
139, 230.000, 36.870, -24.616, 489.942, -130.163, 668.235, 2.000, 35.741, 11.022
139, 325.000,33.814, -5.430, 5954.154, -59.094, 643.242, 101.981, 83.808, 5.249
140, 230.000, -10.576, 25.403, 114.934, -800.476, -222.603, 2.000, 7.876, 105.541
140, 325.000,-35.984, 18.911, 5925.583, -850.282, -183.546, 101.981, 81.649, 102.181
141, 230.000, 43.215, -69.243, 756.697, -78.285, 353.278, 2.000, 64.443, 12.495
141, 325.000,42.801, -62.254, 5986.588, 42.905, 167.598, 101.981, 88.345, -14.359
142, 230.000, -61.212, 27.184, 335.894, -653.195, -405.012, 2.000, 23.607, 121.801
142, 325.000,-82.975, 15.982, 5919.922, -836.770, -351.508, 101.981, 81.284, 112.786
143, 230.000, -9.440, -32.359, 835.640, -35.429, -63.038, 2.000, 85.054, 150.663
143, 325.000,-10.612, -34.748, 5987.482, -54.807, -127.513, 101.981, 88.672, 156.741
144, 230.000, -5.283, 38.775, 275.688, -200.174, 766.453, 2.000, 19.189, 14.637
144, 325.000,-11.517, 63.060, 5922.875, -216.183, 861.405, 101.981, 81.472, 14.088
145, 230.000, 11.673, -46.123, 641.353, -17.954, 540.248, 2.000, 49.875, 1.903
145, 325.000,11.406, -31.577, 5971.015, 5.537, 464.904, 101.981, 85.548, -0.682
146, 230.000, -54.028, -20.231, 496.572, 540.692, 405.701, 2.000, 36.301, -53.118
146, 325.000,-39.406, -8.793, 5959.813, 453.411, 379.775, 101.981, 84.333, -50.051
147, 230.000, 44.205, 35.772, 144.346, -286.292, -775.064, 2.000, 9.910, 159.727
147, 325.000,36.318, 12.481, 5940.370, -209.082, -733.118, 101.981, 82.687, 164.082
148, 230.000, -28.545, -83.582, 645.295, 248.215, -474.876, 2.000, 50.295, -152.404
148, 325.000,-23.551, -102.798, 5924.621, 135.223, -865.979, 101.981, 81.585, -171.125
149, 230.000, 77.265, 44.677, 232.966, -780.912, -198.561, 2.000, 16.126, 104.266
149, 325.000,57.773, 40.961, 5962.116, -564.264, -61.794, 101.980, 84.561, 96.250
150, 230.000, -82.593, -9.007, 472.100, -49.843, 691.492, 2.000, 34.253, 4.123
150, 325.000,-88.164, 10.625, 5939.761, -329.767, 692.504, 101.980, 82.642, 25.464
151, 230.000, -23.436, 34.953, 534.329, -629.600, 147.040, 2.000, 39.572, 76.854
151, 325.000,-42.355, 40.009, 5945.399, -689.822, 213.476, 101.981, 83.075, 72.805
152, 230.000, 14.761, 13.756, 325.553, 759.203, -145.428, 2.000, 22.838, -100.844
152, 325.000,38.144, 9.606, 5932.030, 815.277, -124.677, 101.981, 82.085, -98.695
153, 230.000, -52.478, -74.260, 66.426, -727.538, -412.068, 2.000, 4.542, 119.527
153, 325.000,-80.662, -95.107, 5819.695, -1097.522, -892.433, 101.983, 76.338, 129.116
154, 230.000, 54.527, -54.509, 284.136, 362.211, 701.138, 2.000, 19.801, -27.321
154, 325.000,67.521, -35.523, 5937.533, 525.645, 581.903, 101.981, 82.477, -42.092
155, 230.000, 48.332, -14.520, 721.116, 369.240, -217.204, 2.000, 59.287, -120.466
155, 325.000,59.905, -21.005, 5965.298, 470.678, -250.764, 101.981, 84.891, -118.047
156, 230.000, -70.876, -16.367, 441.485, 113.263, -704.121, 2.000, 31.759, -170.862
156, 325.000,-70.122, -37.668, 5938.385, -68.278, -774.668, 101.981, 82.539, 174.963
157, 230.000, -22.748, -7.975, 157.273, 808.544, -158.257, 2.000, 10.807, -101.075
157, 630.000,44.866, -32.661, 5919.150, 829.853, -380.194, 101.982, 81.233, -114.615
158, 230.000, -82.031, 13.482, 667.028, -508.489, 6.094, 2.000, 52.679, 89.313
158, 325.000,-101.043, 14.421, 5929.555, -840.482, 57.069, 101.981, 81.914, 86.116
159, 230.000, -60.892, 34.458, 106.768, -776.906, 297.559, 2.000, 7.313, 69.043
159, 325.000,-87.795, 45.256, 5889.671, -1002.952, 418.475, 101.981, 79.545, 67.352
160, 230.000, 66.400, 18.225, 681.439, 263.050, 412.274, 2.000, 54.334, -32.540
160, 325.000,76.111, 30.529, 5954.163, 439.779, 473.019, 101.981, 83.809, -42.914
161, 230.000, -65.578, -46.630, 735.630, 378.532, 138.153, 2.000, 61.287, -69.949
161, 325.000,-57.561, -44.583, 5985.326, 211.682, 14.728, 101.981, 87.970, -86.020
162, 230.000, 51.965, 23.083, 446.503, 652.014, 281.135, 2.000, 32.163, -66.675
162, 325.000,72.765, 32.071, 5926.774, 790.749, 342.460, 101.981, 81.727, -66.583
163, 230.000, 11.186, -53.002, 352.431, -757.612, -73.081, 2.000, 24.846, 95.510
163, 325.000,-11.320, -56.470, 5937.956, -760.764, -176.327, 101.981, 82.508, 103.049
164, 230.000, -89.196, 26.192, 30.845, -827.590, -132.920, 2.000, 2.108, 99.124
164, 325.000,-126.262, 25.453, 5798.521, -1498.728, 36.600, 101.984, 75.504, 88.601
165, 230.000, 53.365, -9.018, 463.883, -593.767, -368.479, 2.000, 33.577, 121.823
165, 325.000,37.028, -20.099, 5953.911, -511.828, -397.700, 101.981, 83.787, 127.848
166, 230.000, 74.910, -30.862, 628.861, -554.804, -15.803, 2.000, 48.569, 91.632
166, 325.000,62.076, -32.502, 5976.755, -370.674, -100.760, 101.981, 86.323, 105.207
167, 230.000, -17.324, 80.742, 240.850, -312.340, 740.242, 2.000, 16.687, 22.877
167, 325.000,-27.949, 108.611, 5868.472, -403.793, 1125.775, 101.981, 78.481, 19.732
168, 230.000, 69.096, -30.867, 22.731, -634.506, 548.096, 2.000, 1.553, 49.179
168, 325.000,51.290, -14.601, 5946.974, -503.009, 499.641, 101.981, 83.201, 45.192
169, 230.000, 40.360, -44.225, 525.574, -321.688, 569.045, 2.000, 38.800, 29.480
169, 325.000,31.924, -28.664, 5962.666, -253.629, 501.451, 101.981, 84.616, 26.830
170, 230.000, -87.880, -17.507, 102.084, 575.202, -601.868, 2.000, 6.991, -136.298
170, 325.000,-75.470, -36.857, 5941.724, 277.486, -698.591, 101.981, 82.790, -158.337
171, 230.000, 61.983, -12.120, 604.236, -324.805, 482.622, 2.000, 46.087, 33.941
171, 325.000,54.218, 1.448, 5966.611, -211.261, 473.398, 101.981, 85.034, 24.050
172, 230.000, -53.432, -44.412, 438.721, 714.335, -27.820, 2.000, 31.538, -92.230
172, 325.000,-33.913, -46.501, 5955.273, 623.188, -124.621, 101.981, 83.909, -101.308
173, 230.000, 81.748, 57.529, 326.884, -269.316, -723.975, 2.000, 22.937, 159.595
173, 325.000,87.329, 46.484, 5962.210, 390.461, -292.360, 101.744, 85.323, -126.824
174, 230.000, 87.074, 43.538, 563.817, -71.319, 616.885, 2.000, 42.237, 6.595
174, 325.000,96.711, 66.671, 5884.768, 551.614, 967.678, 101.986, 79.282, -29.685
175, 230.000, -9.699, 17.976, 25.495, 757.947, 358.317, 2.000, 1.742, -64.698
175, 325.000,14.369, 29.829, 5924.212, 773.995, 416.934, 101.981, 81.559, -61.690
176, 230.000, 17.579, 76.241, 43.183, 809.535, -215.203, 2.000, 2.951, -104.887
176, 325.000,43.634, 72.846, 5920.888, 901.274, 3.765, 101.981, 81.345, -89.761
177, 230.000, -6.379, -53.119, 746.662, -219.392, 312.868, 2.000, 62.898, 35.039
177, 325.000,-12.699, -45.471, 5980.173, -237.473, 224.330, 101.981, 86.873, 46.630
178, 230.000, 21.181, 65.428, 544.875, -627.900, 111.250, 2.000, 40.513, 79.953
178, 325.000,3.650, 70.684, 5952.913, -600.644, 266.952, 101.981, 83.699, 66.038
179, 230.000, 37.249, -21.844, 604.799, -567.602, -124.779, 2.000, 46.142, 102.398
179, 325.000,21.601, -25.913, 5964.601, -512.001, -174.802, 101.981, 84.817, 108.850
180, 230.000, -17.327, -45.666, 672.122, 364.063, -345.304, 2.000, 53.257, -133.485
180, 325.000,-7.320, -56.536, 5963.176, 343.086, -438.203, 101.981, 84.668, -141.941
181, 230.000, -13.330, -56.019, 676.627, 319.125, -379.288, 2.000, 53.774, -139.923
181, 325.000,-4.592, -68.270, 5960.107, 301.870, -505.173, 101.981, 84.361, -149.139
182, 230.000, -25.359, -13.652, 337.328, -717.036, -274.943, 2.000, 23.714, 110.979
182, 325.000,-47.588, -22.255, 5929.817, -782.530, -306.777, 101.981, 81.932, 111.407
183, 230.000, 70.530, -12.294, 305.817, 777.409, -75.066, 2.000, 21.383, -95.515
183, 325.000,97.088, -15.102, 5898.423, 1031.633, -116.572, 101.981, 80.017, -96.447
184, 230.000, 8.316, -13.206, 418.191, 709.439, -159.172, 2.000, 29.906, -102.646
184, 325.000,29.752, -18.245, 5937.918, 756.832, -193.764, 101.981, 82.505, -104.360
185, 230.000, -64.171, 4.011, 271.542, -338.248, 717.898, 2.000, 18.889, 25.228
185, 325.000,-76.547, 25.943, 5919.511, -507.181, 755.889, 101.981, 81.258, 33.861
186, 230.000, -94.039, -21.222, 211.822, -800.527, -133.460, 2.000, 14.628, 99.465
186, 325.000,-134.338, -28.894, 5747.815, -1652.491, -322.397, 101.989, 73.674, 101.040
187, 230.000, 90.242, 33.703, 399.787, -737.343, 4.454, 2.000, 28.466, 89.654
187, 325.000,76.478, 36.546, 5976.940, -341.567, 166.906, 101.978, 86.361, 63.958
188, 230.000, 33.012, -18.080, 236.063, -425.676, -683.080, 2.000, 16.346, 148.070
188, 325.000,20.592, -39.479, 5931.148, -380.635, -738.782, 101.981, 82.024, 152.742
189, 230.000, -20.753, -24.028, 5.683, 799.432, -253.773, 2.000, 0.388, -107.612
189, 325.000,4.449, -32.679, 5927.844, 792.314, -319.529, 101.981, 81.799, -111.964
190, 230.000, -36.554, -77.620, 312.908, 692.135, -355.755, 2.000, 21.904, -117.203
190, 325.000,-18.133, -92.723, 5922.505, 588.863, -668.048, 101.981, 81.449, -138.605
191, 230.000, -42.220, -71.828, 328.036, -592.709, -494.583, 2.000, 23.023, 129.843
191, 325.000,-62.725, -91.395, 5877.194, -803.925, -825.628, 101.981, 78.906, 135.763
192, 230.000, -17.666, 60.515, 482.442, -109.942, 677.264, 2.000, 35.112, 9.221
192, 325.000,-21.477, 82.395, 5926.131, -157.549, 851.688, 101.981, 81.685, 10.480
193, 230.000, -60.985, 8.384, 567.913, -2.515, -617.246, 2.000, 42.616, 179.767
193, 325.000,-62.673, -9.257, 5955.568, -127.821, -619.723, 101.981, 83.935, 168.346
194, 230.000, -94.421, -18.115, 554.141, -621.715, 99.610, 2.000, 41.351, 80.898
194, 325.000,-124.872, -17.736, 5837.531, -1339.141, -24.731, 101.985, 77.078, 91.058
195, 230.000, 47.079, -57.414, 113.475, 757.932, -340.861, 2.000, 7.775, -114.215
195, 325.000,72.942, -70.845, 5886.664, 955.265, -551.294, 101.981, 79.388, -119.990
196, 230.000, 57.427, 16.881, 811.220, -171.578, -126.518, 2.000, 75.276, 126.404
196, 325.000,54.038, 13.769, 5987.936, -65.555, -97.540, 101.981, 88.876, 146.096
197, 230.000, -17.647, -86.186, 240.491, 642.641, 482.390, 2.000, 16.662, -53.107
197, 325.000,0.680, -76.101, 5953.529, 613.873, 218.496, 101.980, 83.754, -70.408
198, 230.000, 56.017, 65.094, 513.262, -212.593, -628.403, 2.000, 37.729, 161.309
198, 325.000,52.439, 49.980, 5971.621, -49.343, -454.329, 101.981, 85.624, 173.802
199, 230.000, 70.424, -58.891, 255.773, 166.909, -781.182, 2.000, 17.755, -167.939
199, 325.000,82.820, -88.426, 5841.460, 594.704, -1180.425, 101.982, 77.250, -153.261
200, 230.000, -56.281, -39.874, 68.628, -806.327, -220.570, 2.000, 4.693, 105.299
200, 325.000,-83.974, -48.498, 5892.100, -1014.521, -350.930, 101.981, 79.674, 109.081
201, 230.000, 64.272, 25.475, 665.722, -440.305, 257.816, 2.000, 52.532, 59.649
201, 325.000,53.639, 33.535, 5972.218, -312.881, 322.320, 101.981, 85.699, 44.149
202, 230.000, -15.294, -58.560, 166.079, -797.267, -200.768, 2.000, 11.420, 104.134
202, 325.000,-40.431, -66.561, 5916.613, -863.370, -342.766, 101.981, 81.077, 111.654
203, 230.000, 34.110, -72.413, 787.645, 108.338, -267.213, 2.000, 69.893, -157.931
203, 325.000,38.678, -83.142, 5963.260, 221.755, -509.496, 101.981, 84.676, -156.479
204, 230.000, -27.130, 37.063, 382.329, -42.959, -745.321, 2.000, 27.118, 176.701
204, 325.000,-29.009, 15.489, 5947.517, -102.977, -696.815, 101.981, 83.246, 171.594
205, 230.000, 35.685, -58.899, 30.871, -70.035, -835.264, 2.000, 2.109, 175.207
205, 325.000,34.958, -87.688, 5896.620, 30.892, -1047.930, 101.981, 79.918, -178.311
206, 230.000, 1.742, 27.098, 620.414, 563.711, -28.995, 2.000, 47.704, -92.944
206, 325.000,18.100, 26.811, 5959.715, 591.677, 29.870, 101.981, 84.323, -87.110
207, 230.000, 51.674, 77.695, 331.261, -563.195, -525.929, 2.000, 23.262, 133.040
207, 325.000,38.492, 67.225, 5971.408, -387.765, -246.547, 101.980, 85.600, 122.449
208, 230.000, -11.450, 38.319, 346.236, 243.367, 724.166, 2.000, 24.380, -18.576
208, 325.000,-4.356, 61.025, 5928.835, 230.428, 815.485, 101.981, 81.866, -15.778
209, 230.000, -55.218, -59.753, 512.314, -486.518, 452.060, 2.000, 37.647, 47.103
209, 325.000,-71.862, -49.483, 5943.250, -684.373, 280.501, 101.981, 82.906, 67.713
210, 230.000, 39.046, 40.934, 656.149, -87.872, -515.045, 2.000, 51.470, 170.318
210, 325.000,37.421, 27.148, 5971.863, -17.099, -453.597, 101.981, 85.653, 177.841
211, 230.000, -64.731, 13.296, 187.427, -635.779, 513.985, 2.000, 12.912, 51.047
211, 325.000,-86.771, 29.626, 5901.938, -841.313, 573.198, 101.981, 80.213, 55.733
212, 230.000, -25.023, -34.034, 787.286, 238.219, -164.183, 2.000, 69.822, -124.575
212, 325.000,-18.842, -39.322, 5981.327, 200.606, -229.543, 101.981, 87.082, -138.849
213, 230.000, 81.747, -55.949, 621.694, -528.455, -194.308, 2.000, 47.834, 110.188
213, 325.000,78.108, -68.656, 5957.723, 30.145, -608.280, 101.970, 84.163, -177.163
214, 230.000, 34.729, -87.581, 814.317, -62.886, -190.936, 2.000, 76.133, 161.770
214, 325.000,36.136, -100.628, 5950.432, 119.694, -669.156, 101.982, 83.483, -169.859
215, 230.000, 58.691, 4.420, 36.630, -833.400, -87.333, 2.000, 2.503, 95.982
215, 325.000,33.677, 1.758, 5942.152, -743.844, -81.643, 101.981, 82.822, 96.264
216, 230.000, -69.846, 13.817, 466.469, -672.314, 184.188, 2.000, 33.789, 74.679
216, 325.000,-92.475, 19.796, 5915.549, -906.308, 232.667, 101.981, 81.012, 75.602
217, 230.000, -53.863, -49.837, 133.723, 825.637, -62.974, 2.000, 9.174, -94.362
217, 325.000,-30.050, -53.351, 5941.312, 733.131, -180.275, 101.981, 82.758, -103.815
218, 230.000, -5.669, 5.625, 775.818, 118.590, -295.916, 2.000, 67.662, -158.161
218, 630.000,1.397, -19.792, 5979.182, 74.804, -336.465, 101.981, 86.701, -167.466
219, 230.000, -59.246, 69.639, 350.690, 177.299, 741.016, 2.000, 24.715, -13.456
219, 325.000,-59.554, 97.906, 5873.469, -133.427, 1163.664, 101.982, 78.722, 6.541
220, 230.000, -21.273, 92.222, 168.126, -277.178, -773.582, 2.000, 11.563, 160.287
220, 325.000,-30.998, 75.674, 5962.012, -383.072, -420.063, 101.980, 84.553, 137.637
221, 230.000, 56.072, -64.530, 820.154, -168.942, -48.275, 2.000, 77.908, 105.947
221, 325.000,54.289, -69.129, 5982.877, 16.978, -272.243, 101.981, 87.390, -176.431
222, 230.000, 21.136, 65.847, 95.429, -833.032, 21.809, 2.000, 6.533, 88.500
222, 325.000,-4.166, 68.596, 5930.539, -816.846, 175.150, 101.981, 81.982, 77.898
223, 230.000, 69.045, 13.501, 610.201, 327.644, 473.105, 2.000, 46.677, -34.704
223, 325.000,80.948, 27.550, 5942.859, 523.405, 526.964, 101.981, 82.876, -44.806
224, 230.000, -12.426, -84.523, 78.534, -331.414, 766.499, 2.000, 5.373, 23.382
224, 325.000,-23.167, -64.557, 5951.135, -382.593, 553.828, 101.981, 83.547, 34.637
225, 230.000, -60.520, 7.259, 473.380, 444.664, -530.762, 2.000, 34.359, -140.044
225, 325.000,-48.923, -8.171, 5955.523, 340.974, -533.540, 101.981, 83.931, -147.418
226, 230.000, -81.468, -37.269, 613.323, -385.319, 422.951, 2.000, 46.989, 42.334
226, 325.000,-98.092, -27.962, 5933.473, -764.848, 279.545, 101.981, 82.185, 69.923
227, 230.000, 51.872, 34.993, 38.653, 697.904, 463.638, 2.000, 2.641, -56.403
227, 325.000,75.818, 50.921, 5897.756, 867.255, 577.557, 101.981, 79.981, -56.338
228, 230.000, 25.442, 29.888, 520.045, -658.081, -2.587, 2.000, 38.317, 90.225
228, 325.000,6.638, 30.446, 5955.550, -629.541, 65.066, 101.981, 83.934, 84.099
229, 230.000, -33.927, -83.656, 350.767, 744.796, -160.517, 2.000, 24.721, -102.162
229, 325.000,-14.417, -94.084, 5931.519, 639.270, -526.756, 101.980, 82.050, -129.488
230, 230.000, -15.403, 52.651, 478.653, 359.845, -587.305, 2.000, 34.797, -148.504
230, 325.000,-5.148, 36.530, 5958.122, 341.846, -503.071, 101.981, 84.171, -145.803
231, 230.000, 18.814, -40.241, 13.772, -837.230, 48.780, 2.000, 0.941, 86.666
231, 325.000,-7.500, -39.546, 5930.754, -833.464, -25.757, 101.981, 81.997, 91.770
232, 230.000, 10.628, 43.210, 168.459, -785.253, -241.916, 2.000, 11.586, 107.123
232, 325.000,-13.568, 36.610, 5933.820, -794.210, -167.831, 101.981, 82.210, 101.932
233, 230.000, -7.558, -27.488, 36.963, 695.289, -467.687, 2.000, 2.526, -123.927
233, 325.000,14.446, -42.947, 5923.332, 706.530, -533.061, 101.981, 81.502, -127.034
234, 230.000, -30.499, 38.615, 754.982, -20.957, -364.811, 2.000, 64.173, 176.712
234, 325.000,-31.730, 29.152, 5980.814, -77.294, -305.078, 101.981, 86.988, 165.783
235, 230.000, -12.827, 54.417, 607.615, 383.088, 433.095, 2.000, 46.420, -41.494
235, 325.000,-2.122, 68.289, 5951.741, 369.249, 556.443, 101.981, 83.598, -33.568
236, 230.000, -72.531, -61.234, 142.298, -824.020, 65.315, 2.000, 9.768, 85.468
236, 325.000,-107.401, -67.670, 5809.756, -1406.605, -372.437, 101.985, 75.939, 104.830
237, 230.000, -73.973, 65.932, 694.340, -317.759, 347.051, 2.000, 55.875, 42.477
237, 325.000,-96.164, 87.482, 5826.219, -1004.237, 962.662, 102.012, 76.571, 46.211
238, 230.000, -98.171, -5.909, 282.881, 767.119, -187.165, 2.000, 19.710, -103.711
238, 325.000,-85.683, -11.840, 5978.492, 267.477, -230.332, 101.974, 86.621, -130.733
239, 230.000, 99.018, 10.251, 481.700, 83.762, -681.523, 2.000, 35.050, -172.993
239, 325.000,119.538, -6.980, 5871.470, 1002.993, -630.174, 102.004, 78.594, -122.141
240, 230.000, -54.314, -37.703, 542.699, -146.849, -622.444, 2.000, 40.318, 166.725
240, 325.000,-60.397, -57.035, 5936.338, -287.302, -739.300, 101.981, 82.390, 158.763
241, 230.000, 20.607, -44.903, 764.018, -125.206, 322.683, 2.000, 65.628, 21.207
241, 325.000,17.517, -36.768, 5983.215, -90.760, 249.140, 101.981, 87.462, 20.016
242, 230.000, 10.640, -5.769, 607.538, 539.539, 208.130, 2.000, 46.413, -68.906
242, 325.000,26.590, 0.164, 5954.535, 609.300, 204.059, 101.981, 83.841, -71.484
243, 230.000, -56.866, -37.582, 137.307, -160.381, -811.756, 2.000, 9.422, 168.824
243, 325.000,-64.057, -64.214, 5903.775, -325.911, -953.127, 101.981, 80.317, 161.122
244, 230.000, -29.736, -38.968, 348.591, -605.666, -463.872, 2.000, 24.557, 127.448
244, 325.000,-48.741, -53.939, 5923.499, -685.791, -557.731, 101.981, 81.512, 129.120
245, 230.000, 79.480, -6.737, 55.112, -740.787, -389.513, 2.000, 3.767, 117.736
245, 325.000,59.251, -19.100, 5946.817, -570.914, -422.574, 101.981, 83.189, 126.508
246, 230.000, 12.273, -47.949, 2.662, 638.975, -543.349, 2.000, 0.182, -130.376
246, 325.000,32.981, -66.557, 5912.355, 688.490, -662.759, 101.981, 80.818, -133.909
247, 230.000, -6.625, 25.485, 133.083, -825.599, -64.803, 2.000, 9.129, 94.488
247, 325.000,-32.669, 23.966, 5925.681, -868.979, -19.584, 101.981, 81.655, 91.291
248, 230.000, 30.810, 18.476, 667.002, 297.031, 412.801, 2.000, 52.676, -35.737
248, 325.000,39.932, 30.667, 5960.922, 358.372, 456.262, 101.981, 84.441, -38.148
249, 230.000, -20.344, 22.642, 478.653, -668.724, -164.993, 2.000, 34.797, 103.860
249, 325.000,-40.533, 18.209, 5943.515, -725.860, -130.199, 101.981, 82.927, 100.169
250, 230.000, 96.984, -15.987, 75.769, 103.330, 828.918, 2.000, 5.183, -7.106
250, 325.000,114.480, 6.220, 5876.657, 866.559, 763.609, 101.981, 78.881, -48.614
251, 230.000, -19.664, -57.506, 141.300, -825.376, -48.089, 2.000, 9.698, 93.334
251, 325.000,-45.897, -60.734, 5918.044, -901.943, -180.172, 101.981, 81.166, 101.297
252, 230.000, -15.629, -63.833, 434.267, -628.289, -346.683, 2.000, 31.181, 118.889
252, 325.000,-34.729, -76.248, 5926.245, -691.687, -519.999, 101.981, 81.692, 126.935
253, 230.000, -84.386, -35.592, 71.162, -248.316, -797.997, 2.000, 4.867, 162.715
253, 325.000,-100.788, -63.777, 5844.896, -761.060, -1061.907, 101.982, 77.400, 144.371
254, 230.000, -18.197, -15.848, 630.628, -476.693, 280.351, 2.000, 48.751, 59.539
254, 325.000,-32.346, -8.061, 5959.527, -535.522, 257.730, 101.981, 84.305, 64.300
255, 230.000, -29.079, 44.485, 520.762, -650.225, -97.666, 2.000, 38.380, 98.542
255, 325.000,-48.807, 42.722, 5944.767, -727.143, -14.213, 101.981, 83.025, 91.120
256, 230.000, -28.843, 16.956, 505.096, 664.779, -80.443, 2.000, 37.027, -96.900
256, 630.000,15.182, 23.685, 5966.676, 488.476, 172.561, 101.982, 85.038, -70.544
257, 230.000, 65.864, -28.654, 438.926, -397.133, 594.267, 2.000, 31.554, 33.754
257, 325.000,56.129, -12.017, 5957.778, -264.950, 551.228, 101.981, 84.139, 25.671
258, 230.000, 1.775, -31.371, 401.246, 695.387, -242.822, 2.000, 28.579, -109.249
258, 325.000,22.651, -39.275, 5937.683, 720.784, -305.923, 101.981, 82.488, -112.998
259, 230.000, -18.421, 41.337, 534.201, -615.375, 198.663, 2.000, 39.560, 72.108
259, 325.000,-36.819, 48.067, 5945.228, -667.248, 279.718, 101.981, 83.061, 67.256
260, 230.000, 34.429, -87.955, 192.675, 732.096, -361.159, 2.000, 13.280, -116.258
260, 325.000,60.917, -110.289, 5816.279, 1022.278, -998.060, 101.984, 76.199, -134.313
261, 230.000, 12.418, 53.952, 781.603, 204.546, 225.346, 2.000, 68.725, -42.230
261, 325.000,18.444, 61.569, 5975.013, 234.628, 336.695, 101.981, 86.071, -34.871
262, 230.000, 69.701, -3.907, 302.182, 550.382, 556.138, 2.000, 21.117, -44.702
262, 325.000,89.025, 12.709, 5912.186, 768.917, 569.256, 101.981, 80.808, -53.486
263, 230.000, 30.293, -21.102, 759.922, 271.341, -228.946, 2.000, 64.959, -130.156
263, 325.000,38.541, -27.974, 5973.745, 331.211, -271.776, 101.981, 85.898, -129.371
264, 230.000, 36.795, -49.476, 518.816, 521.029, 403.586, 2.000, 38.210, -52.239
264, 325.000,52.994, -39.043, 5949.179, 615.014, 313.393, 101.981, 83.382, -62.998
265, 230.000, 15.772, 18.463, 303.820, 25.743, -781.380, 2.000, 21.237, -178.113
265, 630.000,32.900, -48.920, 5920.215, 311.582, -852.241, 101.990, 81.286, -159.917
266, 230.000, 71.776, 23.621, 807.252, -97.859, -205.648, 2.000, 74.245, 154.552
266, 325.000,71.577, 18.759, 5986.585, 82.675, -152.223, 101.981, 88.343, -151.493
267, 230.000, 28.911, 84.948, 470.462, 77.698, -690.038, 2.000, 34.118, -173.576
267, 325.000,32.696, 69.659, 5971.336, 182.554, -422.935, 101.980, 85.589, -156.653
268, 230.000, -43.283, 7.840, 754.035, 338.665, -142.343, 2.000, 64.025, -112.797
268, 325.000,-34.614, 3.984, 5981.812, 264.103, -131.661, 101.981, 87.176, -116.497
269, 230.000, 58.457, 26.654, 626.609, -539.738, -139.886, 2.000, 48.337, 104.530
269, 325.000,44.472, 23.319, 5972.203, -440.062, -91.159, 101.981, 85.697, 101.703
270, 230.000, -85.099, 21.135, 167.205, -605.225, 556.120, 2.000, 11.499, 47.421
270, 325.000,-110.888, 39.899, 5849.753, -1077.571, 699.098, 101.982, 77.616, 57.026
271, 230.000, -7.578, -88.744, 44.284, 825.670, -140.827, 2.000, 3.026, -99.679
271, 325.000,17.315, -99.461, 5904.731, 841.816, -542.979, 101.981, 80.371, -122.822
272, 230.000, 10.165, 27.207, 829.139, 34.677, 121.863, 2.000, 81.312, -15.884
272, 325.000,11.335, 31.149, 5985.989, 57.380, 183.733, 101.981, 88.158, -17.344
273, 230.000, -69.763, -66.080, 649.826, 457.056, 268.980, 2.000, 50.782, -59.523
273, 325.000,-63.000, -64.191, 5987.414, 130.321, -48.723, 101.979, 88.669, -110.499
274, 230.000, 47.060, 68.993, 176.292, -340.957, -745.784, 2.000, 12.133, 155.431
274, 325.000,38.522, 49.001, 5955.513, -228.233, -590.669, 101.981, 83.931, 158.874
275, 230.000, 59.509, 55.390, 21.937, 822.614, -162.322, 2.000, 1.499, -101.162
275, 325.000,88.813, 53.619, 5887.145, 1099.563, 42.151, 101.981, 79.413, -87.805
276, 230.000, 1.895, -25.371, 391.416, -304.948, -676.257, 2.000, 27.818, 155.728
276, 325.000,-7.228, -46.184, 5934.831, -311.303, -741.670, 101.981, 82.282, 157.231
277, 230.000, -9.996, 42.082, 641.327, 387.838, -376.569, 2.000, 49.872, -134.155
277, 325.000,0.953, 32.131, 5969.327, 381.788, -300.937, 101.981, 85.344, -128.246
278, 230.000, 44.753, 30.869, 195.977, -378.687, 722.297, 2.000, 13.512, 27.667
278, 325.000,34.202, 53.931, 5926.561, -303.516, 808.053, 101.981, 81.713, 20.587
279, 230.000, -17.597, -20.255, 162.623, -733.950, 372.014, 2.000, 11.180, 63.121
279, 325.000,-40.866, -9.048, 5926.156, -792.801, 348.342, 101.981, 81.687, 66.280
280, 230.000, 8.573, -72.390, 377.542, -9.802, -748.926, 2.000, 26.751, 179.250
280, 325.000,8.669, -97.947, 5903.291, 16.608, -1010.022, 101.981, 80.290, -179.058
281, 230.000, 91.124, 36.909, 454.438, 628.366, -319.634, 2.000, 32.806, -116.961
281, 325.000,125.184, 34.219, 5806.443, 1468.641, -16.403, 101.989, 75.805, -90.640
282, 230.000, 81.787, -52.943, 405.239, 732.395, -53.885, 2.000, 28.891, -94.208
282, 325.000,116.959, -63.477, 5783.655, 1471.939, -505.070, 101.990, 74.940, -108.939
283, 230.000, 74.282, -60.584, 177.956, 448.281, -686.221, 2.000, 12.249, -146.845
283, 325.000,99.883, -91.158, 5761.462, 1082.823, -1226.613, 101.987, 74.146, -138.563
284, 230.000, -9.947, 61.722, 392.261, 735.846, 90.474, 2.000, 27.883, -82.991
284, 325.000,11.689, 66.145, 5938.933, 739.934, 225.340, 101.981, 82.580, -73.062
285, 230.000, 51.699, 21.904, 262.019, -571.391, 555.321, 2.000, 18.203, 45.817
285, 325.000,35.509, 39.366, 5937.039, -491.854, 615.484, 101.981, 82.441, 38.630
286, 230.000, -78.522, 0.745, 18.072, 633.487, -549.447, 2.000, 1.235, -130.936
286, 325.000,-61.416, -16.452, 5943.796, 463.740, -570.428, 101.981, 82.949, -140.890
287, 230.000, -60.105, 29.329, 466.008, 319.969, 619.661, 2.000, 33.751, -27.310
287, 325.000,-52.546, 48.427, 5943.845, 193.603, 708.795, 101.981, 82.953, -15.277
288, 230.000, -39.857, 15.980, 281.166, 781.479, -117.304, 2.000, 19.586, -98.537
288, 325.000,-16.884, 12.784, 5949.663, 683.922, -55.235, 101.981, 83.421, -94.617
289, 230.000, 41.552, 72.801, 451.443, 412.771, 573.884, 2.000, 32.563, -35.726
289, 325.000,56.357, 94.377, 5888.361, 608.520, 908.985, 101.981, 79.476, -33.800
290, 230.000, -41.312, -88.472, 533.893, -556.100, 330.506, 2.000, 39.533, 59.276
290, 325.000,-61.979, -90.140, 5920.322, -869.829, -251.148, 101.983, 81.305, 106.105
291, 230.000, -37.626, 49.015, 328.881, -743.189, 207.440, 2.000, 23.085, 74.404
291, 325.000,-61.232, 56.855, 5917.158, -863.065, 334.025, 101.981, 81.111, 68.842
292, 230.000, 29.768, 35.284, 25.751, -725.733, -419.729, 2.000, 1.759, 120.043
292, 325.000,7.300, 22.726, 5940.497, -684.038, -333.636, 101.979, 82.699, 116.001
293, 230.000, -26.893, -25.877, 681.106, -460.495, -166.019, 2.000, 54.295, 109.825
293, 325.000,-40.588, -31.140, 5962.611, -519.761, -215.214, 101.981, 84.610, 112.493
294, 230.000, 21.354, -62.586, 599.859, 59.897, -583.186, 2.000, 45.657, -174.136
294, 325.000,23.801, -81.480, 5939.267, 115.824, -762.178, 101.981, 82.604, -171.359
295, 230.000, 21.968, -4.479, 384.121, -674.197, 318.487, 2.000, 27.256, 64.714
295, 630.000,-30.095, 25.567, 5942.775, -626.592, 400.215, 101.981, 82.869, 57.433
296, 230.000, -66.852, -46.464, 477.501, 599.334, -341.050, 2.000, 34.701, -119.642
296, 325.000,-52.301, -58.355, 5953.557, 426.181, -492.680, 101.981, 83.756, -139.139
297, 230.000, -23.755, -49.528, 614.347, 495.560, -283.762, 2.000, 47.092, -119.796
297, 325.000,-10.063, -58.879, 5958.452, 465.109, -386.933, 101.981, 84.202, -129.758
298, 230.000, -48.118, 51.178, 100.062, -778.651, -295.320, 2.000, 6.852, 110.770
298, 325.000,-74.213, 43.942, 5911.632, -945.187, -168.647, 101.981, 80.775, 100.117
299, 230.000, -52.308, 48.528, 782.474, 156.042, 258.669, 2.000, 68.890, -31.100
299, 325.000,-49.691, 57.330, 5976.500, 32.804, 386.755, 101.981, 86.284, -4.848
300, 230.000, 85.266, 4.500, 736.577, 103.952, -387.521, 2.000, 61.422, -164.984
300, 325.000,92.769, -6.026, 5961.968, 416.514, -388.208, 101.981, 84.545, -132.985
301, 230.000, 16.867, 79.316, 653.333, 140.855, 506.794, 2.000, 51.162, -15.532
301, 325.000,21.748, 97.863, 5930.204, 207.211, 811.796, 101.981, 81.958, -14.319
302, 230.000, -36.605, -69.656, 50.556, -803.139, 236.507, 2.000, 3.456, 73.591
302, 325.000,-63.406, -65.593, 5911.287, -961.951, 23.517, 101.981, 80.754, 88.600
303, 230.000, 50.243, 64.487, 264.067, -322.661, -727.793, 2.000, 18.350, 156.090
303, 325.000,42.420, 45.023, 5956.628, -204.238, -588.215, 101.981, 84.032, 160.852
304, 230.000, 44.373, 73.845, 563.331, -452.561, 425.876, 2.000, 42.192, 46.740
304, 325.000,34.074, 90.369, 5936.635, -303.388, 730.468, 101.981, 82.411, 22.555
305, 230.000, -51.183, 57.297, 156.659, -436.203, -699.077, 2.000, 10.765, 148.037
305, 325.000,-66.553, 38.045, 5931.892, -594.360, -573.216, 101.981, 82.075, 133.963
306, 230.000, -59.857, 38.836, 817.133, 53.540, -181.523, 2.000, 76.960, -163.567
306, 325.000,-60.240, 35.023, 5987.708, -84.994, -96.408, 101.981, 88.770, 138.600
307, 230.000, 45.610, -45.630, 247.608, -662.753, -450.525, 2.000, 17.170, 124.207
307, 325.000,26.725, -60.671, 5933.266, -587.759, -565.760, 101.981, 82.171, 133.907
308, 230.000, 48.337, 24.239, 273.564, 436.056, -662.225, 2.000, 19.035, -146.636
308, 325.000,62.824, 4.674, 5930.105, 545.160, -637.067, 101.981, 81.952, -139.445
309, 230.000, 48.097, 54.144, 689.630, -403.226, 255.621, 2.000, 55.306, 57.628
309, 325.000,38.315, 63.172, 5968.374, -298.653, 398.113, 101.981, 85.233, 36.876
310, 230.000, -14.864, 39.749, 332.643, 146.707, 755.876, 2.000, 23.365, -10.984
310, 325.000,-10.768, 63.517, 5926.721, 124.023, 853.109, 101.981, 81.724, -8.272
311, 230.000, 61.843, -60.208, 531.564, -167.801, -626.743, 2.000, 39.327, 165.011
311, 325.000,60.975, -82.053, 5919.930, 76.647, -904.346, 101.981, 81.284, -175.156
312, 230.000, -49.176, -33.567, 633.520, 524.920, -163.203, 2.000, 49.052, -107.271
312, 325.000,-35.322, -39.051, 5967.918, 446.030, -232.797, 101.981, 85.181, -117.562
313, 230.000, 22.111, 4.385, 47.970, 675.067, 495.487, 2.000, 3.279, -53.722
313, 325.000,44.034, 20.240, 5920.854, 736.389, 520.018, 101.981, 81.343, -54.771
314, 230.000, 1.461, -30.991, 702.634, -108.001, 445.157, 2.000, 56.898, 13.637
314, 630.000,-8.357, -12.599, 5986.483, -132.953, 122.146, 101.985, 88.273, 47.426
315, 230.000, 12.282, -92.726, 28.132, -430.463, -719.329, 2.000, 1.922, 149.103
315, 325.000,0.592, -126.867, 5808.661, -377.613, -1409.643, 101.984, 75.897, 165.004
316, 230.000, 60.455, 21.841, 238.751, -169.891, -785.913, 2.000, 16.538, 167.802
316, 325.000,56.887, -1.562, 5939.365, -51.770, -768.407, 101.981, 82.612, 176.146
317, 230.000, -7.946, -21.124, 540.779, -634.298, -93.533, 2.000, 40.146, 98.388
317, 325.000,-26.715, -24.289, 5949.362, -674.405, -139.521, 101.981, 83.397, 101.688
318, 230.000, -49.357, 22.465, 551.377, 483.081, 407.603, 2.000, 41.100, -49.844
318, 325.000,-36.429, 34.833, 5957.441, 405.954, 461.811, 101.981, 84.107, -41.317
319, 230.000, 46.076, 40.965, 13.464, -783.522, -299.059, 2.000, 0.920, 110.891
319, 325.000,22.319, 32.459, 5941.132, -721.130, -228.227, 101.981, 82.745, 107.562
320, 230.000, 54.751, -53.673, 442.074, 712.524, 20.090, 2.000, 31.807, -88.385
320, 325.000,78.245, -55.600, 5915.853, 921.321, -151.959, 101.981, 81.030, -99.366
321, 230.000, -90.589, -4.250, 497.801, 62.917, 672.131, 2.000, 36.405, -5.348
321, 325.000,-95.086, 14.703, 5940.407, -327.710, 688.078, 101.981, 82.689, 25.467
322, 230.000, 60.320, -37.859, 788.464, 282.598, -44.583, 2.000, 70.057, -98.965
322, 325.000,70.264, -40.407, 5970.702, 446.668, -142.892, 101.981, 85.509, -107.740
323, 230.000, 54.606, 12.208, 667.719, -465.067, -203.442, 2.000, 52.757, 113.627
323, 325.000,42.561, 6.677, 5974.351, -376.147, -186.613, 101.981, 85.980, 116.387
324, 230.000, 25.232, 83.306, 215.815, 376.973, 717.523, 2.000, 14.910, -27.717
324, 325.000,38.784, 112.095, 5847.820, 527.213, 1180.913, 101.982, 77.530, -24.058
325, 230.000, 2.672, 45.079, 36.170, 325.843, 772.038, 2.000, 2.472, -22.882
325, 325.000,13.086, 70.728, 5912.789, 342.976, 889.101, 101.981, 80.844, -21.094
326, 230.000, -18.998, 50.536, 310.092, 757.128, -184.727, 2.000, 21.697, -103.711
326, 325.000,3.499, 46.093, 5941.604, 746.539, -95.930, 101.981, 82.780, -97.322
327, 230.000, 31.421, -48.078, 131.496, -754.427, -342.158, 2.000, 9.020, 114.396
327, 325.000,8.722, -59.961, 5928.805, -718.691, -449.368, 101.981, 81.864, 122.016
328, 230.000, -81.881, -12.700, 241.106, -300.920, -744.875, 2.000, 16.706, 158.002
328, 325.000,-95.874, -35.945, 5896.715, -634.388, -834.022, 101.981, 79.923, 142.742
329, 230.000, -45.110, -70.477, 116.700, -466.393, 687.301, 2.000, 7.998, 34.160
329, 325.000,-61.550, -52.709, 5934.933, -631.946, 496.385, 101.981, 82.289, 51.851
330, 230.000, 30.327, -24.140, 88.159, -732.926, -398.210, 2.000, 6.033, 118.516
330, 325.000,7.828, -37.217, 5929.824, -702.769, -460.972, 101.981, 81.933, 123.262
331, 230.000, -46.180, -77.574, 272.361, 125.540, -783.316, 2.000, 18.948, -170.895
331, 325.000,-46.770, -108.239, 5855.102, -117.931, -1254.376, 101.982, 77.856, 174.629
332, 230.000, -12.018, 36.585, 286.465, 27.922, -787.834, 2.000, 19.970, -177.970
332, 630.000,-19.825, -14.985, 5961.393, -165.447, -551.043, 101.981, 84.487, 163.288
333, 230.000, 42.565, 65.240, 761.458, -151.130, 317.593, 2.000, 65.208, 25.448
333, 325.000,40.131, 76.801, 5966.158, -31.226, 522.674, 101.981, 84.984, 3.419
334, 230.000, -13.759, -79.998, 548.971, -470.645, 425.028, 2.000, 40.882, 47.916
334, 325.000,-27.844, -71.104, 5961.944, -529.145, 210.651, 101.981, 84.543, 68.293
335, 230.000, 7.344, 3.417, 708.598, -273.002, 356.205, 2.000, 57.652, 37.467
335, 630.000,-14.328, 43.513, 5954.377, -273.579, 583.186, 101.982, 83.826, 25.132
336, 230.000, -19.344, -11.795, 780.707, 283.732, -116.257, 2.000, 68.557, -112.281
336, 630.000,-7.416, -34.106, 5977.259, 83.692, -369.458, 101.986, 86.374, -167.236
337, 230.000, -27.253, 24.745, 110.199, 830.370, -43.189, 2.000, 7.549, -92.977
337, 325.000,-1.681, 23.975, 5934.585, 804.792, 42.304, 101.980, 82.267, -86.991
338, 230.000, -4.803, 76.674, 629.706, -441.168, -335.209, 2.000, 48.656, 127.228
338, 325.000,-17.522, 69.894, 5968.796, -469.664, -148.537, 101.981, 85.282, 107.550
339, 230.000, -13.224, -32.198, 381.817, 710.017, 231.549, 2.000, 27.079, -71.938
339, 325.000,7.886, -25.938, 5944.108, 716.170, 154.610, 101.981, 82.973, -77.818
340, 230.000, -39.899, -63.618, 191.625, 190.473, -794.055, 2.000, 13.207, -166.511
340, 325.000,-35.971, -90.965, 5897.646, 70.056, -1040.250, 101.981, 79.975, -176.147
341, 230.000, 45.533, -57.593, 186.966, 565.722, 590.361, 2.000, 12.880, -43.779
341, 325.000,64.516, -41.599, 5928.905, 707.723, 465.158, 101.981, 81.871, -56.685
342, 230.000, 19.772, 0.057, 189.833, 96.863, -811.237, 2.000, 13.081, -173.191
342, 325.000,23.199, -25.208, 5926.974, 144.172, -848.165, 101.981, 81.741, -170.353
343, 230.000, 37.624, -58.079, 807.432, 89.751, -208.621, 2.000, 74.290, -156.722
343, 325.000,41.328, -65.742, 5975.649, 183.930, -356.363, 101.981, 86.161, -152.700
344, 230.000, -30.238, -38.421, 792.687, -268.014, 57.789, 2.000, 70.921, 77.832
344, 325.000,-38.388, -37.631, 5980.005, -329.619, -9.419, 101.981, 86.844, 91.637
345, 230.000, -38.507, -29.633, 84.934, 828.713, 97.701, 2.000, 5.812, -83.276
345, 325.000,-13.231, -27.219, 5938.000, 779.930, 33.084, 101.981, 82.511, -87.571
346, 230.000, 60.198, 43.075, 745.152, -189.946, 334.952, 2.000, 62.672, 29.557
346, 325.000,57.031, 53.978, 5971.326, -39.838, 459.213, 101.981, 85.586, 4.958
347, 230.000, 40.251, 68.284, 98.116, -750.719, 360.995, 2.000, 6.718, 64.319
347, 325.000,18.814, 82.482, 5923.253, -663.802, 586.128, 101.981, 81.497, 48.556
348, 230.000, 25.712, 27.091, 170.302, -574.064, 587.343, 2.000, 11.715, 44.345
348, 325.000,8.382, 45.930, 5927.878, -547.668, 655.374, 101.981, 81.801, 39.884
349, 230.000, 17.253, -95.221, 55.573, 697.555, 462.442, 2.000, 3.799, -56.458
349, 325.000,39.882, -91.083, 5929.179, 842.718, -59.471, 101.980, 81.891, -94.037
350, 230.000, 48.032, -2.175, 330.109, -212.243, 741.286, 2.000, 23.177, 15.977
350, 325.000,42.665, 20.187, 5939.043, -131.434, 761.365, 101.981, 82.588, 9.794
351, 230.000, 6.872, 68.324, 408.157, 506.878, 529.156, 2.000, 29.119, -43.768
351, 325.000,22.162, 86.598, 5918.356, 546.540, 737.279, 101.981, 81.185, -36.549
352, 230.000, 33.426, -92.257, 345.647, 89.006, -759.032, 2.000, 24.336, -173.312
352, 325.000,42.675, -132.956, 5734.773, 409.906, -1679.095, 101.997, 73.228, -166.281
353, 230.000, -17.883, 85.665, 564.944, -589.547, -191.824, 2.000, 42.341, 108.024
353, 325.000,-35.721, 85.234, 5948.369, -685.675, 126.511, 101.981, 83.314, 79.546
354, 230.000, 93.430, 16.674, 103.364, 405.520, -726.907, 2.000, 7.079, -150.844
354, 325.000,116.755, -3.292, 5859.710, 1042.200, -668.865, 101.982, 78.067, -122.692
355, 230.000, 23.941, 57.617, 279.477, 97.675, 784.778, 2.000, 19.463, -7.095
355, 325.000,27.732, 83.432, 5908.938, 162.372, 962.974, 101.981, 80.616, -9.571
356, 230.000, 35.531, 20.021, 120.719, -667.955, 492.734, 2.000, 8.275, 53.585
356, 325.000,15.321, 35.904, 5930.921, -625.240, 549.935, 101.981, 82.008, 48.666
357, 230.000, -50.139, 37.373, 511.265, 659.692, -83.295, 2.000, 37.557, -97.196
357, 325.000,-32.107, 35.861, 5960.719, 582.110, -12.480, 101.981, 84.421, -91.228
358, 230.000, 37.721, 21.956, 48.866, 723.107, -422.199, 2.000, 3.340, -120.279
358, 325.000,61.512, 9.080, 5919.777, 817.588, -396.228, 101.981, 81.275, -115.856
359, 230.000, -36.687, 48.077, 408.311, 25.950, -732.211, 2.000, 29.131, -177.970
359, 325.000,-36.797, 27.463, 5952.140, -44.525, -662.739, 101.981, 83.632, 176.156
360, 230.000, -6.934, -29.541, 6.195, 604.885, 581.033, 2.000, 0.423, -46.152
360, 630.000,53.678, 7.820, 5923.025, 803.611, 374.859, 101.979, 81.485, -64.992
361, 230.000, -31.786, 20.945, 475.300, 690.072, -37.617, 2.000, 34.518, -93.120
361, 325.000,-12.039, 20.321, 5955.586, 631.826, 34.545, 101.981, 83.935, -86.870
362, 230.000, 26.801, 78.109, 548.791, 599.411, -207.504, 2.000, 40.866, -109.095
362, 325.000,45.311, 75.957, 5946.203, 714.279, 41.578, 101.981, 83.139, -86.669
363, 230.000, 24.055, -23.581, 185.226, 768.096, 281.502, 2.000, 12.758, -69.872
363, 325.000,48.401, -15.326, 5925.338, 835.017, 249.619, 101.981, 81.633, -73.357
364, 230.000, -27.086, 13.612, 439.105, -700.572, -141.103, 2.000, 31.568, 101.388
364, 325.000,-48.486, 9.682, 5938.324, -768.524, -121.987, 101.981, 82.535, 99.019
365, 230.000, 7.232, 38.201, 99.064, 423.778, -717.023, 2.000, 6.783, -149.416
365, 325.000,20.787, 16.427, 5934.437, 473.787, -653.636, 101.981, 82.253, -144.064
366, 230.000, 6.314, 15.677, 600.832, -403.019, 424.383, 2.000, 45.752, 43.521
366, 325.000,-5.286, 28.369, 5955.049, -408.375, 489.791, 101.981, 83.888, 39.821
367, 230.000, -23.521, 37.874, 106.538, -769.032, 317.432, 2.000, 7.297, 67.571
367, 325.000,-48.231, 48.757, 5916.156, -841.032, 401.213, 101.981, 81.049, 64.497
368, 230.000, -78.117, -20.534, 0.256, -725.188, -421.458, 2.000, 0.017, 120.164
368, 325.000,-106.114, -35.159, 5863.935, -1095.325, -532.811, 101.981, 78.266, 115.940
369, 230.000, 67.059, -0.540, 497.365, 664.003, 123.500, 2.000, 36.368, -79.464
369, 325.000,88.914, 3.052, 5924.488, 868.074, 126.955, 101.981, 81.577, -81.680
370, 230.000, -6.670, 27.722, 230.022, -288.317, 753.317, 2.000, 15.917, 20.943
370, 325.000,-15.696, 51.517, 5923.994, -308.874, 824.676, 101.981, 81.545, 20.533
371, 230.000, -30.853, 26.672, 830.854, 26.913, -111.723, 2.000, 82.125, -166.456
371, 325.000,-30.715, 24.087, 5988.654, -29.256, -65.893, 101.981, 89.310, 156.059
372, 230.000, -58.199, -42.571, 342.191, 143.168, 752.284, 2.000, 24.077, -10.775
372, 325.000,-55.686, -21.379, 5949.958, 17.279, 683.280, 101.981, 83.447, -1.449
373, 230.000, 6.834, -34.157, 797.781, 257.890, -23.704, 2.000, 72.015, -95.252
373, 325.000,14.201, -35.489, 5981.938, 278.920, -88.273, 101.981, 87.200, -107.562
374, 230.000, 0.348, -11.503, 383.583, 325.218, 671.283, 2.000, 27.214, -25.849
374, 630.000,35.621, 50.027, 5914.200, 493.651, 804.858, 101.981, 80.929, -31.522
375, 230.000, -50.922, 63.641, 557.674, 203.563, 592.525, 2.000, 41.673, -18.960
375, 325.000,-47.722, 83.965, 5929.526, 35.061, 841.863, 101.981, 81.912, -2.385
376, 230.000, 90.767, -4.267, 212.897, 810.643, -32.505, 2.000, 14.704, -92.296
376, 325.000,124.978, -5.706, 5821.157, 1407.245, -60.184, 101.983, 76.398, -92.449
377, 230.000, 49.759, 40.663, 552.221, -426.512, -465.470, 2.000, 41.176, 137.501
377, 325.000,38.641, 28.187, 5966.022, -341.024, -399.310, 101.981, 84.970, 139.502
378, 230.000, -66.540, -4.530, 309.989, -349.927, 696.406, 2.000, 21.690, 26.678
378, 325.000,-79.341, 16.310, 5922.945, -529.164, 712.683, 101.981, 81.477, 36.594
379, 230.000, 61.634, -43.551, 794.172, -229.007, -142.726, 2.000, 71.233, 121.933
379, 325.000,57.470, -49.050, 5982.914, -77.264, -260.602, 101.981, 87.399, 163.486
380, 230.000, -40.814, -20.954, 383.506, -257.530, -700.089, 2.000, 27.208, 159.804
380, 325.000,-49.489, -42.425, 5930.591, -342.288, -761.666, 101.981, 81.985, 155.801
381, 230.000, -54.951, -74.860, 470.897, 672.253, 172.787, 2.000, 34.154, -75.585
381, 325.000,-39.390, -74.892, 5968.652, 476.746, -129.919, 101.980, 85.267, -105.244
382, 230.000, 4.231, -75.288, 809.095, -143.145, -168.517, 2.000, 74.716, 139.654
382, 325.000,0.431, -82.798, 5975.385, -136.763, -381.141, 101.981, 86.123, 160.261
383, 230.000, -25.668, -21.511, 378.822, -395.055, 635.570, 2.000, 26.849, 31.864
383, 325.000,-38.080, -2.821, 5939.472, -458.949, 617.431, 101.981, 82.620, 36.624
384, 230.000, -32.244, 91.984, 188.477, 804.407, -144.672, 2.000, 12.986, -100.196
384, 325.000,-12.133, 97.502, 5939.150, 661.557, 396.543, 101.979, 82.601, -59.061
385, 230.000, 28.284, -58.610, 639.740, 517.405, 162.936, 2.000, 49.704, -72.520
385, 325.000,43.890, -55.666, 5959.100, 597.389, 38.107, 101.981, 84.264, -86.350
386, 230.000, -40.254, -33.551, 772.132, 129.300, 301.027, 2.000, 67.008, -23.245
386, 325.000,-37.494, -25.828, 5983.644, 59.345, 248.322, 101.981, 87.557, -13.441
387, 230.000, -2.066, -2.472, 409.181, 602.391, -416.197, 2.000, 29.199, -124.641
387, 325.000,16.087, -15.115, 5932.091, 668.051, -481.696, 101.977, 82.096, -125.793
388, 230.000, 16.902, -22.636, 775.793, 310.756, -71.414, 2.000, 67.657, -102.942
388, 325.000,25.990, -25.090, 5977.413, 354.611, -118.157, 101.981, 86.422, -108.428
389, 230.000, -67.963, 35.969, 415.734, 557.762, -468.605, 2.000, 29.713, -130.035
389, 325.000,-53.764, 23.349, 5961.204, 416.236, -399.938, 101.981, 84.469, -133.856
390, 230.000, -12.890, -50.829, 432.193, 351.533, -627.022, 2.000, 31.016, -150.723
390, 325.000,-2.788, -70.750, 5932.339, 337.151, -750.257, 101.981, 82.106, -155.802
391, 230.000, -36.075, 64.679, 782.064, -286.135, 100.131, 2.000, 68.812, 70.713
391, 325.000,-45.373, 69.868, 5969.597, -394.197, 278.799, 101.981, 85.376, 54.730
392, 230.000, 3.963, 71.998, 808.200, 196.283, -108.675, 2.000, 74.485, -118.972
392, 325.000,9.528, 71.305, 5985.013, 212.329, 60.906, 101.981, 87.886, -73.995
393, 230.000, -0.310, 72.562, 838.303, 10.182, -25.866, 2.000, 88.101, -158.513
393, 325.000,-0.039, 74.243, 5987.165, 9.762, 151.619, 101.981, 88.546, -3.684
394, 230.000, 30.846, -36.604, 420.316, 476.721, -547.354, 2.000, 30.074, -138.946
394, 325.000,45.803, -53.807, 5929.440, 552.627, -636.832, 101.981, 81.907, -139.049
395, 230.000, 50.234, -73.678, 88.517, -806.063, 214.363, 2.000, 6.058, 75.108
395, 325.000,28.237, -70.979, 5950.932, -674.368, -26.383, 101.980, 83.530, 92.240
396, 230.000, -43.543, 10.399, 552.298, 278.818, -566.349, 2.000, 41.183, -153.789
396, 325.000,-36.322, -5.907, 5958.818, 203.436, -565.926, 101.981, 84.237, -160.228
397, 230.000, -4.947, -42.292, 330.621, -225.647, -737.087, 2.000, 23.215, 162.979
397, 325.000,-11.888, -65.574, 5924.997, -242.128, -839.635, 101.981, 81.610, 163.914
398, 230.000, -54.942, -75.301, 822.125, -120.537, -114.480, 2.000, 78.569, 133.524
398, 325.000,-62.803, -84.695, 5954.387, -404.540, -501.194, 101.982, 83.826, 141.091
399, 230.000, 15.069, -78.284, 541.803, -487.024, 415.669, 2.000, 40.237, 49.520
399, 325.000,1.618, -69.256, 5966.838, -465.176, 222.733, 101.981, 85.060, 64.414
400, 230.000, 34.342, 26.079, 96.120, 826.654, 104.537, 2.000, 6.580, -82.793
400, 325.000,61.166, 29.992, 5915.800, 920.670, 157.735, 101.981, 81.027, -80.278
401, 230.000, -62.797, -17.075, 466.213, -100.229, -690.017, 2.000, 33.768, 171.735
401, 325.000,-67.726, -37.900, 5935.909, -252.009, -755.438, 101.981, 82.359, 161.552
402, 230.000, 31.811, 14.815, 234.015, 610.593, 525.297, 2.000, 16.201, -49.294
402, 325.000,51.291, 31.304, 5922.481, 686.057, 568.111, 101.981, 81.447, -50.372
403, 230.000, 29.296, -92.549, 323.428, -50.605, 772.242, 2.000, 22.681, 3.749
403, 325.000,30.296, -78.115, 5977.701, 91.540, 356.013, 101.977, 86.481, -14.420
404, 230.000, 88.030, -16.163, 83.065, 463.281, -694.258, 2.000, 5.683, -146.285
404, 325.000,110.398, -38.994, 5852.523, 966.256, -826.964, 101.982, 77.740, -130.558
405, 230.000, 3.183, 40.134, 831.366, 101.807, -44.616, 2.000, 82.385, -113.665
405, 325.000,6.083, 39.684, 5988.006, 110.680, 27.149, 101.981, 88.910, -76.218
406, 230.000, 29.465, 39.541, 691.064, -278.113, -385.496, 2.000, 55.478, 144.192
406, 325.000,22.169, 29.400, 5976.033, -230.027, -321.376, 101.981, 86.216, 144.407
407, 230.000, -1.567, 83.170, 188.605, -298.709, 760.740, 2.000, 12.995, 21.438
407, 325.000,-10.784, 112.177, 5865.416, -322.991, 1167.025, 101.981, 78.335, 15.470
408, 230.000, -16.629, -85.283, 768.267, 26.676, 335.527, 2.000, 66.341, -4.546
408, 325.000,-16.727, -80.310, 5988.712, -28.526, 60.550, 101.981, 89.360, 25.226
409, 230.000, 48.046, -49.111, 597.939, 461.757, -364.380, 2.000, 45.470, -128.278
409, 325.000,63.069, -61.373, 5936.427, 607.371, -509.080, 101.981, 82.396, -129.969
410, 230.000, -86.748, -41.837, 13.132, -820.757, 172.364, 2.000, 0.897, 78.140
410, 325.000,-126.873, -43.687, 5763.941, -1618.783, -168.976, 101.989, 74.232, 95.959
411, 230.000, 10.930, -27.812, 6.271, -686.518, -481.848, 2.000, 0.428, 125.064
411, 325.000,-10.835, -43.807, 5923.667, -691.652, -548.617, 101.981, 81.523, 128.421
412, 230.000, -50.864, 8.952, 236.165, -591.170, 546.139, 2.000, 16.354, 47.267
412, 325.000,-70.368, 25.944, 5917.053, -718.457, 584.386, 101.981, 81.104, 50.875
413, 230.000, -56.878, -62.916, 96.017, -340.778, 760.378, 2.000, 6.573, 24.140
413, 325.000,-70.150, -42.634, 5934.941, -544.007, 591.349, 101.981, 82.290, 42.612
414, 230.000, -24.028, 62.387, 87.903, -469.835, 689.240, 2.000, 6.016, 34.281
414, 325.000,-39.700, 86.477, 5894.292, -561.046, 900.994, 101.981, 79.792, 31.910
415, 230.000, 74.239, 37.620, 331.748, -485.783, -597.898, 2.000, 23.298, 140.907
415, 325.000,62.799, 21.389, 5959.134, -299.600, -517.767, 101.981, 84.268, 149.945
416, 230.000, -41.449, 13.539, 167.154, -335.145, 750.507, 2.000, 11.495, 24.064
416, 325.000,-52.832, 37.181, 5920.159, -423.602, 800.922, 101.981, 81.299, 27.874
417, 230.000, -79.073, 24.659, 709.085, -180.953, -409.852, 2.000, 57.714, 156.178
417, 325.000,-87.966, 14.389, 5962.130, -450.379, -345.387, 101.981, 84.562, 127.484
418, 230.000, 7.573, 87.395, 55.650, 44.392, 835.737, 2.000, 3.804, -3.041
418, 325.000,9.654, 121.453, 5831.585, 88.089, 1361.792, 101.982, 76.829, -3.701
419, 230.000, 14.306, 72.010, 624.382, 543.200, 136.401, 2.000, 48.108, -75.904
419, 325.000,30.352, 78.630, 5949.027, 603.169, 338.348, 101.981, 83.369, -60.710
420, 230.000, -31.138, -20.433, 700.100, -415.765, -201.303, 2.000, 56.583, 115.835
420, 325.000,-43.601, -26.574, 5964.839, -480.936, -242.058, 101.981, 84.842, 116.716
421, 230.000, -52.291, -64.942, 575.208, 406.553, -455.383, 2.000, 43.297, -138.242
421, 325.000,-43.379, -81.312, 5942.913, 243.301, -701.295, 101.981, 82.880, -160.867
422, 230.000, 7.796, -82.428, 398.430, 626.432, -390.333, 2.000, 28.361, -121.927
422, 325.000,26.699, -98.765, 5905.030, 688.052, -725.594, 101.981, 80.389, -136.521
423, 230.000, -41.553, -30.986, 820.256, 145.953, 96.961, 2.000, 77.942, -56.403
423, 325.000,-38.384, -28.953, 5988.463, 74.769, 43.544, 101.981, 89.172, -59.784
424, 230.000, 30.363, 72.017, 327.319, 169.028, -753.535, 2.000, 22.969, -167.357
424, 325.000,36.465, 52.051, 5953.420, 251.340, -602.299, 101.981, 83.744, -157.349
425, 230.000, -85.244, -9.528, 353.787, 14.545, -760.360, 2.000, 24.948, -178.904
425, 325.000,-89.845, -32.534, 5922.415, -310.585, -835.296, 101.981, 81.443, 159.604
426, 230.000, -94.009, 22.088, 318.769, -758.618, -162.507, 2.000, 22.337, 102.091
426, 325.000,-131.582, 20.852, 5778.877, -1573.598, 5.964, 101.988, 74.767, 89.783
427, 230.000, -40.257, 29.768, 388.549, -685.133, 288.352, 2.000, 27.596, 67.175
427, 325.000,-61.794, 39.164, 5925.995, -789.587, 358.255, 101.981, 81.676, 65.595
428, 230.000, -33.758, 2.337, 822.662, -80.817, 142.195, 2.000, 78.755, 29.612
428, 325.000,-36.673, 6.356, 5985.359, -147.487, 151.276, 101.981, 87.978, 44.273
429, 230.000, 76.076, 9.517, 604.236, 416.983, -405.645, 2.000, 46.087, -134.210
429, 325.000,91.316, -1.668, 5938.858, 666.594, -393.508, 101.981, 82.574, -120.554
430, 230.000, -23.190, -51.637, 151.257, -425.678, 706.713, 2.000, 10.389, 31.062
430, 325.000,-36.960, -30.901, 5935.819, -484.518, 632.833, 101.981, 82.353, 37.439
431, 230.000, 14.313, 82.883, 743.053, -215.136, -324.211, 2.000, 62.361, 146.433
431, 325.000,8.977, 77.575, 5985.841, -179.445, -81.554, 101.981, 88.114, 114.441
432, 230.000, -32.512, 43.240, 426.152, 687.053, -223.332, 2.000, 30.536, -108.007
432, 325.000,-12.823, 37.571, 5952.151, 647.596, -147.247, 101.981, 83.633, -102.810
433, 230.000, -52.899, 81.711, 3.660, 814.853, 198.811, 2.000, 0.250, -76.289
433, 325.000,-34.345, 96.815, 5920.859, 540.141, 721.827, 101.981, 81.342, -36.807
434, 230.000, 37.561, 84.570, 418.908, 130.649, 714.822, 2.000, 29.963, -10.358
434, 325.000,45.455, 114.608, 5840.870, 366.881, 1272.585, 101.983, 77.224, -16.082
435, 230.000, 1.595, -91.631, 104.618, 733.564, -393.017, 2.000, 7.165, -118.181
435, 325.000,24.101, -112.563, 5862.774, 791.322, -933.411, 101.982, 78.210, -139.710
436, 230.000, 12.947, -17.641, 449.625, -455.706, 541.934, 2.000, 32.416, 40.060
436, 630.000,-23.701, 23.868, 5950.721, -454.738, 501.090, 101.980, 83.513, 42.224
437, 230.000, -70.270, -24.092, 274.664, 712.942, -346.118, 2.000, 19.115, -115.896
437, 325.000,-51.014, -35.311, 5946.953, 574.669, -415.536, 101.981, 83.200, -125.870
438, 230.000, 4.964, -93.117, 50.684, -641.797, 537.635, 2.000, 3.464, 50.047
438, 325.000,-14.212, -83.012, 5950.213, -656.689, 180.745, 101.980, 83.470, 74.611
439, 230.000, -60.490, 76.588, 106.538, -659.242, -507.517, 2.000, 7.297, 127.591
439, 325.000,-88.419, 72.080, 5877.796, -1149.909, 19.351, 101.986, 78.929, 89.036
440, 230.000, 66.854, -46.970, 139.047, 671.016, -483.660, 2.000, 9.542, -125.784
440, 325.000,92.024, -65.031, 5863.069, 993.935, -711.256, 101.981, 78.225, -125.587
441, 230.000, 8.589, 54.460, 208.980, 35.620, -811.531, 2.000, 14.427, -177.487
441, 325.000,9.884, 30.696, 5944.481, 55.964, -727.457, 101.981, 83.003, -175.601
442, 230.000, 23.396, -28.633, 470.564, 676.661, -155.638, 2.000, 34.126, -102.953
442, 325.000,43.902, -33.834, 5939.803, 737.450, -210.021, 101.981, 82.644, -105.897
443, 230.000, -16.152, -74.306, 657.044, 436.466, -285.156, 2.000, 51.568, -123.158
443, 325.000,-4.427, -85.374, 5953.511, 407.360, -508.892, 101.981, 83.752, -141.323
444, 230.000, 77.959, -58.402, 763.634, 223.586, 265.324, 2.000, 65.565, -40.121
444, 325.000,93.133, -58.021, 5941.575, 746.549, -102.857, 101.984, 82.771, -97.845
445, 230.000, 58.952, 22.469, 595.456, 423.660, -411.665, 2.000, 45.229, -134.177
445, 325.000,72.879, 11.271, 5950.128, 569.389, -375.471, 101.981, 83.461, -123.402
446, 230.000, 1.563, 8.119, 460.146, -512.729, -478.433, 2.000, 33.271, 133.018
446, 630.000,-51.654, -35.425, 5916.100, -736.714, -571.351, 101.981, 81.045, 127.795
447, 230.000, -74.356, 22.533, 673.222, -499.357, 30.632, 2.000, 53.383, 86.490
447, 325.000,-91.894, 24.435, 5940.045, -757.839, 103.875, 101.981, 82.662, 82.195
448, 230.000, -24.770, 51.215, 478.269, -688.318, -31.633, 2.000, 34.765, 92.631
448, 325.000,-45.674, 51.638, 5939.997, -761.828, 72.482, 101.981, 82.659, 84.565
449, 230.000, -66.638, -0.824, 759.845, -298.631, 192.298, 2.000, 64.946, 57.221
449, 325.000,-77.071, 4.534, 5967.739, -465.359, 196.806, 101.981, 85.161, 67.076
450, 230.000, -72.131, 7.587, 247.454, 235.553, 766.032, 2.000, 17.159, -17.093
450, 325.000,-67.492, 31.099, 5932.937, 63.511, 815.733, 101.981, 82.148, -4.452
451, 230.000, 1.669, -62.727, 492.527, 574.004, 362.574, 2.000, 35.959, -57.721
451, 325.000,18.525, -53.732, 5954.225, 595.779, 247.867, 101.981, 83.815, -67.411
452, 230.000, -72.683, 67.483, 90.181, 743.340, -377.938, 2.000, 6.172, -116.950
452, 325.000,-58.507, 63.414, 5977.552, 367.048, -10.041, 101.972, 86.485, -91.567
453, 230.000, -57.743, 50.991, 137.819, 545.900, -621.710, 2.000, 9.457, -138.715
453, 325.000,-42.770, 33.470, 5950.116, 432.824, -527.186, 101.981, 83.460, -140.614
454, 230.000, 34.355, -66.689, 563.587, -393.014, 481.075, 2.000, 42.216, 39.247
454, 325.000,24.131, -54.953, 5970.398, -326.359, 342.042, 101.981, 85.473, 43.656
455, 230.000, 95.713, -3.121, 90.386, 492.603, 672.827, 2.000, 6.186, -36.209
455, 325.000,124.355, 16.825, 5816.709, 1244.426, 698.491, 101.985, 76.215, -60.695
456, 230.000, -5.069, -5.206, 437.722, -630.643, 337.953, 2.000, 31.458, 61.814
456, 325.000,-24.119, 4.813, 5937.155, -706.065, 348.009, 101.982, 82.448, 63.762
457, 230.000, -79.301, -18.504, 686.200, 74.228, -476.595, 2.000, 54.896, -171.147
457, 325.000,-80.858, -32.750, 5960.778, -174.402, -554.946, 101.981, 84.426, 162.554
458, 230.000, -84.333, -47.063, 21.323, 454.936, 704.346, 2.000, 1.457, -32.858
458, 325.000,-77.208, -29.538, 5965.202, 89.413, 526.151, 101.979, 84.887, -9.645
459, 230.000, -61.681, 70.017, 652.821, -493.090, 184.963, 2.000, 51.106, 69.438
459, 325.000,-81.536, 82.061, 5895.786, -870.621, 592.779, 101.982, 79.871, 55.750
460, 230.000, -59.748, -34.326, 607.948, 47.676, -575.891, 2.000, 46.453, -175.267
460, 325.000,-60.385, -51.994, 5949.305, -98.998, -682.034, 101.981, 83.392, 171.741
461, 230.000, -43.741, 26.452, 68.013, -314.779, 774.475, 2.000, 4.651, 22.119
461, 325.000,-54.859, 51.600, 5912.375, -418.308, 859.099, 101.981, 80.820, 25.962
462, 230.000, 48.418, -53.795, 43.004, -156.053, -822.996, 2.000, 2.939, 169.263
462, 325.000,45.629, -81.989, 5900.424, -16.946, -1026.619, 101.981, 80.129, 179.054
463, 230.000, -89.671, 3.243, 277.839, -251.750, -750.301, 2.000, 19.345, 161.452
463, 325.000,-104.124, -18.813, 5898.059, -690.007, -778.534, 101.981, 79.997, 138.450
464, 230.000, -52.445, 58.146, 348.130, 676.208, 353.655, 2.000, 24.523, -62.391
464, 325.000,-34.457, 71.015, 5939.339, 555.955, 533.249, 101.981, 82.610, -46.194
465, 230.000, -15.269, -94.287, 774.180, 278.409, -163.271, 2.000, 67.369, -120.389
465, 325.000,-9.203, -108.151, 5942.333, 204.560, -718.758, 101.982, 82.832, -164.114
466, 230.000, 16.926, 62.667, 561.923, 319.607, -534.432, 2.000, 42.063, -149.119
466, 325.000,26.618, 48.851, 5962.974, 364.245, -423.611, 101.981, 84.648, -139.309
467, 230.000, 44.265, 23.140, 580.712, 96.005, 597.562, 2.000, 43.816, -9.127
467, 325.000,48.086, 40.997, 5949.914, 182.246, 659.169, 101.981, 83.443, -15.455
468, 230.000, -39.121, 86.490, 799.675, -250.224, 37.830, 2.000, 72.439, 81.403
468, 325.000,-49.637, 95.721, 5946.782, -481.480, 522.397, 101.980, 83.187, 42.666
469, 230.000, 40.054, 14.427, 792.124, 241.640, -132.942, 2.000, 70.803, -118.818
469, 325.000,47.637, 10.995, 5979.593, 318.172, -111.493, 101.981, 86.773, -109.311
470, 230.000, 9.322, 15.540, 755.980, -298.239, -207.538, 2.000, 64.330, 124.833
470, 630.000,-12.999, 8.217, 5982.697, -275.480, -33.521, 101.982, 87.344, 96.938
471, 230.000, -91.421, 2.481, 717.711, -423.583, -94.823, 2.000, 58.835, 102.618
471, 325.000,-110.808, 0.056, 5919.540, -906.022, -87.246, 101.981, 81.258, 95.500
472, 230.000, -32.911, -30.946, 199.433, -317.009, -750.504, 2.000, 13.755, 157.101
472, 325.000,-43.516, -54.900, 5917.472, -391.688, -836.248, 101.981, 81.130, 154.902
473, 230.000, -89.318, 4.036, 211.028, 368.573, 723.288, 2.000, 14.572, -27.002
473, 325.000,-83.674, 25.959, 5938.384, 42.759, 776.431, 101.980, 82.540, -3.152
474, 230.000, 44.031, -13.838, 620.696, 560.503, 64.011, 2.000, 47.733, -83.485
474, 325.000,61.169, -12.306, 5952.739, 657.611, 40.544, 101.981, 83.684, -86.472
475, 230.000, -62.039, 20.502, 636.387, 538.711, -91.245, 2.000, 49.352, -99.613
475, 325.000,-48.237, 18.421, 5973.372, 430.374, -52.759, 101.981, 85.848, -96.989
476, 230.000, 85.663, -40.457, 484.976, -334.032, -597.281, 2.000, 35.324, 150.784
476, 325.000,84.196, -61.253, 5926.904, 116.893, -853.082, 101.982, 81.734, -172.198
477, 230.000, -1.265, 88.818, 278.479, -364.281, -702.334, 2.000, 19.391, 152.586
477, 325.000,-12.139, 72.440, 5960.456, -385.047, -440.191, 101.980, 84.396, 138.823
478, 230.000, 56.318, 26.783, 25.393, -432.300, -718.329, 2.000, 1.735, 148.960
478, 325.000,44.016, 4.702, 5939.435, -336.964, -691.914, 101.981, 82.617, 154.034
479, 230.000, -43.312, -21.932, 131.957, -435.519, 704.581, 2.000, 9.052, 31.721
479, 325.000,-57.916, -0.437, 5925.777, -530.507, 687.694, 101.981, 81.662, 37.648
480, 230.000, 99.552, -1.451, 479.652, 16.854, 687.877, 2.000, 34.880, -1.404
480, 325.000,118.462, 17.575, 5871.282, 943.339, 718.113, 102.004, 78.584, -52.720
481, 230.000, -23.631, 72.972, 778.967, 137.534, 278.960, 2.000, 68.234, -26.244
481, 325.000,-20.763, 83.667, 5967.712, 74.609, 500.058, 101.981, 85.157, -8.486
482, 230.000, 74.856, -35.283, 285.953, -105.710, 781.396, 2.000, 19.933, 7.704
482, 325.000,74.957, -13.454, 5945.759, 113.016, 710.160, 101.981, 83.104, -9.042
483, 230.000, 87.499, 43.625, 419.958, -725.059, -38.060, 2.000, 30.045, 93.005
483, 325.000,75.304, 46.675, 5978.842, -286.168, 198.370, 101.977, 86.667, 55.270
484, 230.000, -14.288, 48.460, 820.256, -24.989, -173.434, 2.000, 77.942, 171.801
484, 325.000,-15.287, 44.659, 5988.177, -51.447, -90.971, 101.981, 89.000, 150.510
485, 230.000, 41.665, -5.521, 768.037, 177.111, -286.837, 2.000, 66.302, -148.306
485, 325.000,47.493, -13.703, 5975.926, 254.580, -304.455, 101.981, 86.201, -140.098
486, 230.000, -21.388, 3.989, 704.861, -326.636, 316.234, 2.000, 57.178, 45.927
486, 325.000,-31.140, 13.099, 5967.194, -384.865, 337.214, 101.981, 85.099, 48.776
487, 230.000, -49.180, 80.146, 676.294, 451.699, 205.226, 2.000, 53.736, -65.566
487, 325.000,-40.838, 92.626, 5952.193, 224.416, 624.400, 101.980, 83.639, -19.769
488, 230.000, -37.030, -45.487, 497.212, -661.479, -136.929, 2.000, 36.355, 101.695
488, 325.000,-57.488, -50.810, 5934.989, -765.915, -241.838, 101.981, 82.293, 107.524
489, 230.000, -29.492, -33.503, 144.909, 386.064, -730.397, 2.000, 9.949, -152.141
489, 325.000,-18.123, -57.048, 5923.187, 344.930, -816.138, 101.981, 81.492, -157.089
490, 230.000, 16.160, -58.666, 143.936, 773.151, -291.624, 2.000, 9.881, -110.666
490, 325.000,40.680, -69.574, 5913.131, 842.171, -441.409, 101.981, 80.865, -117.661
491, 230.000, -19.222, -9.380, 448.832, 642.441, -298.903, 2.000, 32.351, -114.951
491, 630.000,31.604, -49.576, 5926.297, 622.980, -604.854, 101.997, 81.664, -134.154
492, 230.000, 42.376, -86.160, 104.772, 347.539, -756.150, 2.000, 7.176, -155.316
492, 325.000,60.353, -124.227, 5740.767, 732.463, -1542.428, 101.989, 73.436, -154.598
493, 230.000, 1.828, 30.349, 386.424, 719.422, -191.395, 2.000, 27.433, -104.898
493, 325.000,23.513, 25.216, 5940.004, 753.092, -135.637, 101.981, 82.659, -100.210
494, 230.000, 14.376, -77.398, 274.562, 783.315, -120.653, 2.000, 19.107, -98.756
494, 325.000,38.655, -84.759, 5913.718, 867.797, -379.595, 101.981, 80.900, -113.626
495, 230.000, -49.963, 26.381, 391.211, 724.897, -158.120, 2.000, 27.802, -102.305
495, 325.000,-29.448, 22.260, 5952.602, 650.700, -110.813, 101.981, 83.672, -99.665
496, 230.000, 14.434, 87.591, 58.619, 666.362, 506.013, 2.000, 4.008, -52.788
496, 325.000,36.314, 111.088, 5852.516, 786.341, 999.629, 101.982, 77.739, -38.190
497, 230.000, 45.334, 5.521, 248.324, -307.203, 739.922, 2.000, 17.221, 22.547
497, 325.000,36.892, 28.329, 5934.139, -235.005, 774.569, 101.981, 82.233, 16.878
498, 230.000, -17.672, -96.323, 440.205, 383.337, 602.325, 2.000, 31.657, -32.474
498, 325.000,-8.597, -88.681, 5980.311, 305.934, 99.508, 101.976, 86.921, -71.982
499, 230.000, -61.022, -43.532, 480.420, -494.154, -478.051, 2.000, 34.944, 134.051
499, 325.000,-78.295, -59.524, 5912.231, -711.738, -638.914, 101.981, 80.811, 131.914
500, 230.000, -3.363, 1.098, 491.017, 527.468, -429.189, 2.000, 35.832, -129.134
500, 630.000,49.581, -43.479, 5912.852, 724.719, -618.097, 101.980, 80.849, -130.460
