ion,x0,y0,z0,vx0,vy0,vz0,ke0,elev0,azim0,x1,y1,z1,vx1,vy1,vz1,ke1,elev1,azim1
1, 230.000, -80.316, -30.057, 614.373, -570.984, 6.843, 2.000, 47.094, 89.313
1, 325.000,-101.785, -31.830, 5914.525, -934.735, -118.329, 101.981, 80.949, 97.215
2, 230.000, 50.488, 54.793, 269.289, 467.412, 642.288, 2.000, 18.727, -36.044
2, 325.000,67.129, 76.939, 5890.564, 659.630, 857.563, 101.981, 79.593, -37.567
3, 230.000, 8.451, -24.847, 692.933, -98.176, -462.309, 2.000, 55.704, 168.011
3, 325.000,5.810, -38.541, 5965.498, -85.631, -524.120, 101.981, 84.913, 170.721
4, 230.000, -14.958, 68.877, 16.357, 658.021, -519.870, 2.000, 1.117, -128.310
4, 325.000,5.377, 54.444, 5940.733, 650.825, -391.512, 101.981, 82.714, -121.030
5, 230.000, 17.899, 28.876, 334.231, 631.409, -439.473, 2.000, 23.483, -124.839
5, 325.000,37.402, 16.144, 5936.026, 686.931, -401.147, 101.981, 82.367, -120.284
6, 230.000, 61.653, 42.877, 153.971, -619.175, -544.463, 2.000, 10.578, 131.326
6, 325.000,44.479, 27.431, 5949.436, -503.845, -468.513, 101.981, 83.403, 132.919
7, 230.000, 20.268, 26.683, 545.643, -325.642, -547.499, 2.000, 40.582, 149.257
7, 630.000,4.495, -6.851, 5676.128, -125.302, -344.549, 91.983, 86.304, 160.015
8, 230.000, 77.222, 57.274, 431.886, -67.769, -715.825, 2.000, 30.991, 174.592
8, 325.000,82.059, 41.928, 5962.439, 327.732, -458.751, 101.979, 84.598, -144.458
9, 230.000, 3.135, 91.928, 493.449, -406.264, -543.122, 2.000, 36.037, 143.203
9, 325.000,-8.262, 82.155, 5971.274, -413.128, -205.435, 101.980, 85.582, 116.440
10, 230.000, -80.950, 30.809, 356.091, -684.027, 329.895, 2.000, 25.122, 64.253
10, 325.000,-107.588, 43.007, 5864.443, -1109.858, 495.977, 101.982, 78.289, 65.921
11, 230.000, 96.798, -17.965, 146.957, 825.649, -15.201, 2.000, 10.091, -91.055
11, 325.000,145.049, -22.684, 5672.030, 1912.929, -207.060, 101.995, 71.262, -96.178
12, 230.000, 91.717, -7.704, 312.575, -487.097, -607.090, 2.000, 21.880, 141.258
12, 325.000,83.547, -26.028, 5949.979, -130.105, -670.698, 101.980, 83.450, 169.022
13, 230.000, 93.428, 26.223, 720.911, 394.342, -168.242, 2.000, 59.260, -113.105
13, 325.000,116.240, 24.950, 5893.012, 1069.188, 5.355, 101.985, 79.716, -89.713
14, 230.000, -87.131, -38.594, 489.430, 39.652, 680.007, 2.000, 35.698, -3.337
14, 325.000,-93.625, -22.704, 5952.603, -409.693, 517.026, 101.979, 83.676, 38.393
15, 230.000, -30.491, -70.967, 399.556, -727.488, 120.996, 2.000, 28.448, 80.557
15, 325.000,-53.309, -70.493, 5927.528, -851.883, -89.020, 101.981, 81.778, 95.966
16, 230.000, -33.170, 53.137, 113.373, -126.713, 821.349, 2.000, 7.768, 8.770
16, 325.000,-38.304, 80.656, 5901.797, -218.359, 995.158, 101.981, 80.206, 12.376
17, 230.000, 55.017, 17.302, 440.794, 49.870, 711.855, 2.000, 31.704, -4.007
17, 325.000,57.975, 38.836, 5936.829, 166.120, 771.797, 101.981, 82.425, -12.147
18, 230.000, -2.797, 16.859, 356.117, -537.641, 536.328, 2.000, 25.124, 45.070
18, 325.000,-19.127, 33.430, 5933.341, -563.389, 589.290, 101.981, 82.176, 43.713
19, 230.000, 9.539, -95.947, 690.680, -436.122, 190.481, 2.000, 55.432, 66.406
19, 325.000,-1.498, -100.007, 5965.522, -405.286, -341.326, 101.978, 84.924, 130.104
20, 230.000, 17.277, -95.772, 5.913, -135.825, 827.672, 2.000, 0.404, 9.319
20, 325.000,14.553, -78.432, 5973.263, -63.206, 429.350, 101.978, 85.845, 8.375
21, 230.000, -69.784, -70.962, 445.120, 625.477, -337.892, 2.000, 32.052, -118.379
21, 325.000,-63.473, -91.772, 5912.754, 83.131, -950.363, 101.985, 80.835, -175.001
22, 230.000, -55.538, 34.465, 680.646, -470.132, 138.640, 2.000, 54.241, 73.569
22, 325.000,-70.655, 39.501, 5952.616, -619.979, 226.281, 101.981, 83.673, 69.949
23, 230.000, -6.098, 5.979, 464.933, -620.006, 320.863, 2.000, 33.663, 62.638
23, 325.000,-24.712, 15.674, 5940.575, -672.477, 355.695, 101.981, 82.702, 62.124
24, 230.000, 7.116, -52.714, 612.248, 470.609, -327.419, 2.000, 46.882, -124.828
24, 325.000,20.846, -63.446, 5951.963, 499.037, -440.798, 101.981, 83.617, -131.454
25, 230.000, -13.995, -18.224, 272.693, 522.328, -596.939, 2.000, 18.972, -138.814
25, 325.000,1.750, -36.914, 5930.546, 515.257, -657.521, 101.981, 81.982, -141.917
26, 230.000, -91.353, 16.928, 488.662, 673.668, 104.425, 2.000, 35.634, -81.189
26, 325.000,-77.966, 20.977, 5976.805, 339.599, 177.194, 101.980, 86.333, -62.446
27, 230.000, 31.123, -0.591, 796.988, 107.253, -238.393, 2.000, 71.841, -155.777
27, 325.000,34.745, -7.297, 5981.464, 172.728, -247.946, 101.981, 87.108, -145.138
28, 230.000, -2.252, 82.527, 383.814, -442.470, -600.359, 2.000, 27.232, 143.609
28, 325.000,-15.370, 68.204, 5957.984, -466.741, -392.063, 101.981, 84.158, 130.030
29, 230.000, 77.823, 58.510, 620.593, 470.775, 311.061, 2.000, 47.722, -56.546
29, 325.000,102.708, 76.015, 5833.912, 1104.751, 785.139, 101.987, 76.921, -54.599
30, 230.000, 7.553, 81.525, 357.192, 320.103, 688.093, 2.000, 25.205, -24.948
30, 325.000,17.532, 107.049, 5884.701, 367.325, 1051.045, 101.981, 79.286, -19.264
31, 230.000, 86.838, 25.545, 92.792, -783.007, 286.031, 2.000, 6.352, 69.933
31, 325.000,67.766, 35.651, 5954.099, -514.888, 390.681, 101.980, 83.805, 52.810
32, 230.000, -1.489, 24.287, 529.209, 436.165, -482.931, 2.000, 39.119, -137.913
32, 630.000,44.258, -4.687, 5645.297, 633.186, -290.115, 91.988, 82.967, -114.616
33, 230.000, -2.452, -72.106, 722.908, -341.960, 252.965, 2.000, 59.528, 53.508
33, 325.000,-12.134, -67.279, 5977.610, -359.158, 91.387, 101.981, 86.452, 75.724
34, 230.000, -73.927, 57.684, 632.317, 196.539, 514.851, 2.000, 48.927, -20.894
34, 325.000,-75.193, 77.356, 5924.764, -191.784, 854.130, 101.981, 81.595, 12.655
35, 230.000, -52.308, -1.781, 695.032, 102.416, 458.220, 2.000, 55.959, -12.599
35, 325.000,-50.561, 11.200, 5970.749, 9.526, 468.243, 101.981, 85.515, -1.165
36, 230.000, -29.334, -7.663, 715.433, -349.916, 263.132, 2.000, 58.535, 53.057
36, 325.000,-39.861, -0.325, 5969.138, -415.090, 257.472, 101.981, 85.322, 58.190
37, 230.000, -13.066, -37.274, 762.277, 341.986, -74.185, 2.000, 65.342, -102.239
37, 325.000,-3.685, -40.108, 5978.314, 328.621, -144.790, 101.981, 86.562, -113.778
38, 230.000, 27.755, 51.548, 485.437, 480.402, 486.918, 2.000, 35.363, -44.614
38, 325.000,42.690, 67.380, 5930.476, 560.055, 620.492, 101.981, 81.977, -42.069
39, 230.000, -38.553, -12.275, 390.418, -24.658, -741.950, 2.000, 27.741, 178.097
39, 325.000,-40.109, -34.770, 5936.491, -93.427, -786.473, 101.981, 82.401, 173.225
40, 230.000, 19.478, 55.008, 640.611, 192.996, 505.860, 2.000, 49.796, -20.883
40, 325.000,25.547, 71.027, 5949.771, 241.383, 641.225, 101.981, 83.431, -20.628
41, 230.000, 82.086, 48.181, 87.442, 834.052, -15.355, 2.000, 5.984, -91.055
41, 325.000,120.004, 55.005, 5779.605, 1529.862, 355.930, 101.986, 74.796, -76.903
42, 230.000, 87.675, -30.370, 324.887, -763.478, 122.773, 2.000, 22.789, 80.865
42, 325.000,70.652, -28.612, 5970.885, -466.130, 12.972, 101.980, 85.534, 88.406
43, 230.000, 49.624, 82.083, 692.651, 468.752, -63.483, 2.000, 55.670, -97.713
43, 325.000,67.971, 89.272, 5918.848, 801.567, 440.466, 101.981, 81.216, -61.211
44, 230.000, -17.028, 58.875, 767.934, 312.523, -127.005, 2.000, 66.285, -112.116
44, 325.000,-8.700, 56.783, 5982.137, 288.121, -14.539, 101.981, 87.239, -92.889
45, 230.000, -40.856, -66.782, 463.627, -361.339, 598.338, 2.000, 33.556, 31.128
45, 325.000,-52.964, -51.875, 5953.024, -486.309, 440.674, 101.981, 83.709, 47.818
46, 230.000, 41.563, -36.513, 13.413, 146.986, -825.675, 2.000, 0.916, -169.906
46, 325.000,47.466, -63.842, 5909.636, 246.006, -940.691, 101.981, 80.657, -165.344
47, 230.000, 14.260, -89.860, 27.313, 341.897, -765.431, 2.000, 1.866, -155.931
47, 325.000,26.493, -123.833, 5810.022, 455.306, -1380.680, 101.983, 75.952, -161.749
48, 230.000, -94.989, -1.649, 543.237, -248.782, -588.664, 2.000, 40.366, 157.090
48, 325.000,-112.248, -18.492, 5895.782, -841.837, -633.086, 101.982, 79.871, 126.944
49, 230.000, -17.331, 7.345, 96.094, 684.896, 474.560, 2.000, 6.579, -55.282
49, 325.000,4.009, 22.625, 5923.043, 685.509, 562.906, 101.981, 81.483, -50.609
50, 230.000, -80.627, -31.271, 440.973, -2.497, 713.484, 2.000, 31.718, 0.201
50, 325.000,-84.995, -12.205, 5948.276, -286.354, 636.482, 101.981, 83.308, 24.223
51, 230.000, 27.383, -27.489, 337.430, -48.449, -766.366, 2.000, 23.722, 176.383
51, 325.000,26.507, -51.256, 5930.060, -1.532, -838.803, 101.981, 81.949, 179.895
52, 230.000, -25.950, -90.502, 806.510, -226.528, 41.840, 2.000, 74.059, 79.535
52, 325.000,-34.321, -97.093, 5962.629, -371.478, -422.056, 101.980, 84.613, 138.647
53, 230.000, -23.204, 95.883, 235.602, -159.662, 789.002, 2.000, 16.313, 11.440
53, 325.000,-33.491, 142.311, 5678.900, -416.160, 1857.868, 101.997, 71.466, 12.626
54, 230.000, -68.094, -33.828, 64.737, -692.678, 468.540, 2.000, 4.427, 55.925
54, 325.000,-92.947, -20.808, 5901.174, -947.994, 383.017, 101.981, 80.170, 68.000
55, 230.000, -31.548, -39.459, 268.060, -726.061, 323.269, 2.000, 18.638, 66.000
55, 325.000,-54.464, -30.546, 5928.381, -810.295, 258.692, 101.981, 81.835, 72.294
56, 230.000, -54.490, -61.663, 331.876, 714.687, -287.410, 2.000, 23.308, -111.907
56, 325.000,-35.735, -73.002, 5940.900, 577.552, -491.283, 101.981, 82.727, -130.385
57, 230.000, -50.225, -37.348, 40.905, -720.747, 427.052, 2.000, 2.795, 59.353
57, 325.000,-74.566, -25.056, 5914.997, -868.841, 356.562, 101.981, 80.978, 67.687
58, 230.000, 28.155, 74.613, 675.680, -213.630, -448.713, 2.000, 53.665, 154.541
58, 325.000,23.179, 64.732, 5981.309, -146.831, -267.462, 101.981, 87.080, 151.234
59, 230.000, -76.791, -38.424, 94.430, -710.751, 435.247, 2.000, 6.464, 58.518
59, 325.000,-104.144, -27.760, 5881.402, -1092.368, 291.880, 101.981, 79.118, 75.040
60, 230.000, -36.612, 1.647, 755.570, 359.424, -58.753, 2.000, 64.265, -99.284
60, 325.000,-27.224, 0.020, 5982.255, 280.411, -57.457, 101.981, 87.261, -101.580
61, 230.000, 56.890, -47.333, 667.770, 270.373, 429.541, 2.000, 52.763, -32.188
61, 325.000,66.546, -36.832, 5965.142, 426.121, 323.567, 101.981, 84.875, -52.789
62, 230.000, 56.189, -13.106, 583.528, 562.840, 215.013, 2.000, 44.083, -69.092
62, 325.000,74.011, -7.252, 5944.696, 701.506, 194.116, 101.981, 83.019, -74.533
63, 230.000, 59.122, 44.308, 778.199, -186.819, -251.056, 2.000, 68.093, 143.346
63, 325.000,55.834, 38.756, 5986.913, -51.159, -153.071, 101.981, 88.456, 161.520
64, 230.000, -76.629, -40.649, 599.398, -252.008, 529.847, 2.000, 45.612, 25.437
64, 325.000,-88.151, -27.949, 5950.155, -550.710, 402.084, 101.981, 83.463, 53.866
65, 230.000, -28.958, 17.270, 131.394, 790.298, -248.374, 2.000, 9.013, -107.447
65, 630.000,31.767, 6.106, 5644.610, 697.779, -69.085, 91.985, 82.919, -95.654
66, 230.000, -47.907, 74.030, 383.327, -224.260, -711.542, 2.000, 27.195, 162.506
66, 325.000,-57.012, 57.167, 5955.791, -401.931, -485.910, 101.981, 83.956, 140.403
67, 230.000, 4.740, 32.567, 507.400, 242.375, 622.353, 2.000, 37.224, -21.278
67, 325.000,11.967, 51.537, 5942.858, 257.658, 696.599, 101.981, 82.876, -20.298
68, 230.000, 74.203, -48.479, 198.818, 205.834, 788.434, 2.000, 13.712, -14.631
68, 325.000,84.860, -27.683, 5933.233, 502.445, 642.949, 101.980, 82.169, -38.007
69, 230.000, 22.417, -50.315, 750.732, -284.058, -243.383, 2.000, 63.514, 130.590
69, 325.000,14.956, -58.355, 5973.857, -249.593, -346.311, 101.981, 85.913, 144.219
70, 230.000, -37.550, 87.167, 334.307, -700.941, -316.929, 2.000, 23.489, 114.330
70, 325.000,-61.680, 86.617, 5909.671, -958.187, 162.291, 101.979, 80.661, 80.387
71, 230.000, 44.367, 50.881, 463.192, 201.677, -669.554, 2.000, 33.520, -163.237
71, 325.000,51.552, 32.661, 5952.933, 304.033, -582.519, 101.981, 83.701, -152.439
72, 230.000, 35.271, -49.841, 759.103, 354.629, -39.053, 2.000, 64.827, -96.284
72, 325.000,46.173, -52.285, 5971.137, 440.001, -145.347, 101.981, 85.562, -108.280
73, 230.000, -7.120, -99.572, 655.688, 521.313, -42.780, 2.000, 51.419, -94.691
73, 325.000,5.722, -121.500, 5875.227, 479.788, -1064.667, 102.017, 78.758, -155.741
74, 230.000, 74.862, 14.325, 255.031, 775.363, 193.119, 2.000, 17.701, -76.014
74, 325.000,102.310, 20.934, 5885.745, 1078.460, 253.404, 101.981, 79.340, -76.777
75, 230.000, 28.906, -51.398, 521.043, -623.980, -206.607, 2.000, 38.404, 108.320
75, 325.000,11.421, -58.725, 5951.985, -586.464, -314.847, 101.981, 83.619, 118.229
76, 230.000, -8.605, -80.957, 56.725, -163.619, -820.692, 2.000, 3.878, 168.725
76, 325.000,-14.293, -112.057, 5860.792, -210.154, -1215.039, 101.981, 78.119, 170.187
77, 230.000, -88.279, 29.043, 392.568, -690.138, -270.414, 2.000, 27.907, 111.397
77, 325.000,-117.907, 24.265, 5852.880, -1265.326, -111.981, 101.983, 77.755, 95.057
78, 230.000, -76.099, 43.507, 257.284, -764.768, -229.038, 2.000, 17.863, 106.672
78, 325.000,-105.056, 40.083, 5872.715, -1174.498, -34.413, 101.981, 78.686, 91.678
79, 230.000, 2.414, -62.985, 823.456, -159.431, 5.122, 2.000, 79.037, 88.160
79, 325.000,-1.944, -64.509, 5985.661, -159.212, -125.147, 101.981, 88.062, 128.169
80, 230.000, -96.835, 3.595, 722.319, 266.914, -332.470, 2.000, 59.448, -141.242
80, 325.000,-99.143, -5.105, 5973.652, -276.033, -329.206, 101.980, 85.886, 140.021
81, 230.000, -68.888, 13.052, 302.950, 678.296, 389.435, 2.000, 21.173, -60.138
81, 325.000,-50.446, 25.156, 5947.879, 552.980, 431.410, 101.981, 83.275, -52.040
82, 230.000, 30.820, -71.828, 641.199, 183.708, 508.565, 2.000, 49.859, -19.861
82, 325.000,37.151, -60.021, 5973.338, 271.052, 339.019, 101.981, 85.844, -38.643
83, 230.000, -38.248, 22.307, 836.357, 0.180, 63.487, 2.000, 85.659, -0.162
83, 325.000,-39.018, 24.525, 5987.796, -67.350, 104.658, 101.981, 88.809, 32.762
84, 230.000, -17.439, 84.511, 70.292, 382.479, -743.164, 2.000, 4.807, -152.767
84, 325.000,-6.406, 65.235, 5955.255, 348.936, -531.295, 101.980, 83.908, -146.704
85, 230.000, 22.433, 67.653, 418.755, 211.605, 695.264, 2.000, 29.951, -16.928
85, 325.000,29.643, 91.085, 5909.798, 287.856, 927.727, 101.981, 80.666, -17.238
86, 230.000, -63.485, -41.886, 113.014, -634.028, 537.364, 2.000, 7.744, 49.717
86, 325.000,-85.934, -27.109, 5911.186, -859.060, 434.879, 101.981, 80.748, 63.150
87, 230.000, 66.195, 2.985, 82.937, -528.181, -646.274, 2.000, 5.675, 140.742
87, 325.000,51.458, -17.154, 5938.019, -410.702, -663.649, 101.981, 82.512, 148.249
88, 230.000, 7.261, 4.949, 59.592, -447.784, -706.726, 2.000, 4.074, 147.642
88, 630.000,-36.472, -70.282, 5570.790, -561.246, -1001.600, 91.981, 78.355, 150.736
89, 230.000, -81.909, -18.898, 357.397, 659.074, 376.050, 2.000, 25.220, -60.292
89, 325.000,-65.803, -8.571, 5962.206, 454.923, 338.014, 101.981, 84.570, -53.387
90, 230.000, 15.206, -75.183, 712.669, -423.729, 126.813, 2.000, 58.175, 73.339
90, 325.000,3.867, -74.353, 5975.413, -398.994, -66.303, 101.981, 86.128, 99.435
91, 230.000, 21.652, 5.574, 555.344, -286.200, 559.648, 2.000, 41.460, 27.085
91, 325.000,13.739, 22.131, 5952.553, -236.852, 616.391, 101.980, 83.670, 21.020
92, 230.000, -33.049, 23.845, 478.449, -455.794, -516.588, 2.000, 34.780, 138.578
92, 325.000,-47.197, 9.082, 5945.565, -528.327, -490.227, 101.981, 83.088, 132.858
93, 230.000, -41.439, -2.151, 55.803, 824.802, 141.818, 2.000, 3.815, -80.244
93, 630.000,11.747, 11.737, 5660.450, 531.250, 181.610, 91.992, 84.336, -71.127
94, 230.000, -12.433, -33.859, 160.140, -93.145, 818.048, 2.000, 11.007, 6.496
94, 630.000,-34.661, 25.102, 5639.057, -368.015, 650.876, 91.998, 82.447, 29.484
95, 230.000, 53.955, -12.182, 738.138, -341.134, 205.678, 2.000, 61.646, 58.913
95, 325.000,45.537, -6.653, 5980.855, -250.639, 189.033, 101.981, 86.995, 52.976
96, 230.000, 4.067, -53.904, 517.127, 496.130, -435.843, 2.000, 38.064, -131.299
96, 325.000,18.687, -68.052, 5940.152, 520.468, -559.382, 101.981, 82.670, -137.064
97, 230.000, 50.206, -39.167, 504.277, 516.709, 426.897, 2.000, 36.957, -50.437
97, 325.000,66.785, -27.843, 5943.541, 646.526, 354.296, 101.981, 82.929, -61.277
98, 230.000, -59.397, -19.427, 138.305, 607.501, -561.550, 2.000, 9.491, -132.749
98, 325.000,-42.085, -37.375, 5935.046, 509.116, -620.647, 101.981, 82.297, -140.638
99, 230.000, 27.413, -94.205, 536.274, 527.633, 370.860, 2.000, 39.744, -54.898
99, 325.000,45.490, -95.473, 5937.194, 744.638, -246.919, 101.971, 82.473, -108.345
100, 230.000, -45.538, 10.525, 340.630, 750.465, 155.875, 2.000, 23.961, -78.266
100, 325.000,-23.858, 15.479, 5947.885, 674.955, 190.561, 101.981, 83.275, -74.234
101, 230.000, 39.666, -53.939, 286.491, 227.939, -754.646, 2.000, 19.972, -163.193
101, 325.000,48.099, -78.871, 5905.148, 347.691, -936.791, 101.981, 80.396, -159.638
102, 230.000, 48.663, 37.665, 316.594, 486.137, 605.775, 2.000, 22.176, -38.747
102, 325.000,64.968, 57.212, 5912.182, 626.199, 723.327, 101.981, 80.808, -40.883
103, 230.000, -5.732, -61.299, 331.440, -111.927, 762.328, 2.000, 23.276, 8.353
103, 325.000,-9.240, -39.823, 5950.504, -127.268, 666.689, 101.981, 83.493, 10.808
104, 230.000, 53.339, 61.432, 145.165, 302.891, -768.575, 2.000, 9.966, -158.491
104, 325.000,64.878, 40.495, 5937.769, 472.149, -623.796, 101.981, 82.494, -142.878
105, 230.000, -8.922, -2.003, 507.451, -603.090, -286.879, 2.000, 37.229, 115.440
105, 325.000,-26.967, -10.537, 5944.268, -662.844, -309.130, 101.981, 82.986, 115.003
106, 230.000, -2.800, 22.374, 762.559, -157.260, 311.926, 2.000, 65.388, 26.755
106, 325.000,-7.305, 31.646, 5974.969, -169.960, 374.257, 101.981, 86.065, 24.424
107, 230.000, 26.272, -75.763, 38.448, 416.457, 727.055, 2.000, 2.627, -29.804
107, 325.000,40.265, -55.976, 5941.817, 504.762, 556.039, 101.981, 82.797, -42.233
108, 230.000, -43.024, 40.519, 53.141, -328.373, -769.981, 2.000, 3.632, 156.903
108, 325.000,-54.472, 17.264, 5930.738, -425.062, -717.547, 101.981, 81.995, 149.358
109, 230.000, -8.577, -75.975, 494.626, -633.236, -240.585, 2.000, 36.136, 110.803
109, 325.000,-27.383, -86.291, 5930.056, -686.497, -482.063, 101.981, 81.949, 125.077
110, 230.000, -3.849, -65.894, 159.449, -6.671, -823.441, 2.000, 10.959, 179.536
110, 325.000,-4.206, -93.953, 5897.054, -17.772, -1045.789, 101.981, 79.942, 179.026
111, 230.000, -80.329, 22.455, 677.881, 479.275, -119.568, 2.000, 53.920, -104.008
111, 325.000,-70.247, 20.041, 5983.025, 262.902, -58.533, 101.981, 87.422, -102.552
112, 230.000, -29.214, 23.860, 8.396, -837.491, 45.412, 2.000, 0.574, 86.896
112, 325.000,-56.623, 25.843, 5917.483, -918.967, 90.016, 101.981, 81.131, 84.406
113, 230.000, -76.225, 10.331, 209.467, 471.076, 661.615, 2.000, 14.462, -35.451
113, 325.000,-64.688, 30.849, 5939.024, 291.307, 715.750, 101.981, 82.587, -22.146
114, 230.000, -63.068, -60.106, 734.017, -344.174, 215.144, 2.000, 61.059, 57.990
114, 325.000,-76.339, -57.677, 5958.636, -603.241, -7.128, 101.981, 84.219, 90.677
115, 230.000, 13.576, 66.207, 77.357, -722.660, 418.692, 2.000, 5.292, 59.913
115, 325.000,-8.565, 81.641, 5914.825, -719.096, 605.776, 101.981, 80.968, 49.889
116, 230.000, -34.409, -20.945, 510.215, 641.414, 178.304, 2.000, 37.466, -74.465
116, 325.000,-16.295, -16.180, 5961.086, 566.150, 114.338, 101.978, 84.466, -78.582
117, 230.000, -26.374, -64.500, 142.657, -535.224, -629.848, 2.000, 9.792, 139.643
117, 325.000,-44.090, -86.797, 5892.993, -640.720, -855.198, 101.981, 79.722, 143.159
118, 230.000, 72.017, 22.436, 602.649, -459.179, -359.851, 2.000, 45.931, 128.085
118, 325.000,61.223, 12.876, 5972.888, -303.531, -318.810, 101.981, 85.785, 136.406
119, 230.000, -29.095, 92.998, 315.877, -777.011, 0.223, 2.000, 22.123, 89.984
119, 325.000,-55.959, 106.656, 5852.330, -1052.752, 715.569, 101.983, 77.729, 55.796
120, 230.000, 11.562, 94.976, 830.726, 14.021, -114.988, 2.000, 82.062, -173.048
120, 325.000,12.997, 100.558, 5975.539, 77.534, 395.187, 101.981, 86.144, -11.100
121, 230.000, 15.805, -92.905, 370.272, 322.802, -679.868, 2.000, 26.196, -154.602
121, 325.000,27.287, -124.670, 5816.011, 451.295, -1356.728, 101.984, 76.188, -161.601
122, 230.000, 37.664, -84.801, 376.825, -711.234, -235.951, 2.000, 26.696, 108.353
122, 325.000,20.075, -98.582, 5924.995, -566.252, -665.734, 101.981, 81.609, 139.617
123, 230.000, 10.620, 64.366, 69.626, 834.690, 44.377, 2.000, 4.762, -86.957
123, 325.000,37.149, 67.843, 5918.565, 894.317, 199.971, 101.981, 81.198, -77.396
124, 230.000, 60.712, 22.105, 587.828, -302.299, 516.331, 2.000, 44.493, 30.348
124, 325.000,53.699, 37.601, 5958.105, -182.205, 580.488, 101.981, 84.169, 17.426
125, 230.000, -19.409, 82.127, 449.216, -431.959, -561.374, 2.000, 32.383, 142.423
125, 325.000,-32.854, 69.536, 5958.115, -510.366, -330.946, 101.981, 84.171, 122.961
126, 230.000, 44.996, 1.346, 541.854, 637.898, 54.811, 2.000, 40.242, -85.089
126, 325.000,64.648, 2.977, 5942.848, 740.462, 58.960, 101.981, 82.875, -85.447
127, 230.000, -67.876, 17.203, 378.899, 258.813, 702.122, 2.000, 26.855, -20.235
127, 325.000,-62.409, 38.656, 5938.455, 104.494, 770.084, 101.981, 82.544, -7.727
128, 230.000, 43.752, -35.754, 478.935, -60.034, 685.960, 2.000, 34.820, 5.002
128, 325.000,42.994, -16.393, 5954.762, 21.086, 639.959, 101.981, 83.863, -1.887
129, 230.000, -53.346, -4.424, 150.873, 383.605, -730.485, 2.000, 10.363, -152.294
129, 325.000,-42.657, -27.241, 5932.789, 296.635, -763.693, 101.981, 82.138, -158.773
130, 230.000, -75.210, -54.156, 513.236, 608.334, -264.656, 2.000, 37.727, -113.511
130, 325.000,-63.259, -65.523, 5958.825, 307.681, -516.588, 101.981, 84.238, -149.222
131, 230.000, 46.356, 11.197, 349.205, -581.203, 493.743, 2.000, 24.603, 49.651
131, 325.000,29.832, 26.327, 5943.276, -512.942, 532.504, 101.981, 82.909, 43.928
132, 230.000, -4.030, 17.168, 498.722, -609.830, -287.937, 2.000, 36.484, 115.275
132, 325.000,-22.235, 9.030, 5945.129, -681.002, -246.383, 101.980, 83.055, 109.890
133, 230.000, 48.418, 49.681, 195.234, -802.072, 148.623, 2.000, 13.460, 79.502
133, 325.000,25.256, 55.707, 5939.221, -724.781, 263.657, 101.981, 82.601, 70.010
134, 230.000, 69.883, 65.472, 209.441, 766.481, 268.636, 2.000, 14.460, -70.685
134, 325.000,103.847, 83.783, 5773.747, 1373.356, 805.613, 101.987, 74.583, -59.604
135, 230.000, 25.843, 50.739, 401.502, -511.298, -529.995, 2.000, 28.599, 136.029
135, 325.000,11.190, 36.099, 5953.196, -477.879, -447.502, 101.981, 83.724, 133.120
136, 230.000, 59.365, 70.420, 672.966, -357.812, 350.158, 2.000, 53.353, 45.619
136, 325.000,53.974, 85.585, 5947.162, -95.103, 701.007, 101.981, 83.216, 7.726
137, 230.000, 29.358, -86.371, 468.465, -209.776, -663.369, 2.000, 33.953, 162.452
137, 325.000,26.020, -113.570, 5873.404, -62.916, -1169.934, 101.982, 78.719, 176.922
138, 230.000, 2.345, 64.090, 785.827, -286.550, -62.361, 2.000, 69.535, 102.278
138, 325.000,-5.585, 64.075, 5981.636, -290.371, 69.937, 101.981, 87.141, 76.458
139, 230.000, 36.870, -24.616, 489.942, -130.163, 668.235, 2.000, 35.741, 11.022
139, 325.000,33.816, -5.430, 5954.166, -58.813, 643.164, 101.981, 83.809, 5.225
140, 230.000, -10.576, 25.403, 114.934, -800.476, -222.603, 2.000, 7.876, 105.541
140, 325.000,-35.985, 18.912, 5925.559, -850.480, -183.409, 101.981, 81.647, 102.170
141, 230.000, 43.215, -69.243, 756.697, -78.285, 353.278, 2.000, 64.443, 12.495
141, 325.000,42.801, -62.254, 5986.589, 42.939, 167.546, 101.981, 88.345, -14.375
142, 230.000, -61.212, 27.184, 335.894, -653.195, -405.012, 2.000, 23.607, 121.801
142, 325.000,-82.975, 15.983, 5919.915, -836.828, -351.491, 101.981, 81.283, 112.784
143, 230.000, -9.440, -32.359, 835.640, -35.429, -63.038, 2.000, 85.054, 150.663
143, 325.000,-10.612, -34.750, 5987.476, -54.885, -127.772, 101.981, 88.670, 156.754
144, 230.000, -5.283, 38.775, 275.688, -200.174, 766.453, 2.000, 19.189, 14.637
144, 325.000,-11.517, 63.061, 5922.858, -216.202, 861.517, 101.981, 81.471, 14.088
145, 230.000, 11.673, -46.123, 641.353, -17.954, 540.248, 2.000, 49.875, 1.903
145, 325.000,11.406, -31.579, 5971.035, 5.628, 464.629, 101.981, 85.550, -0.694
146, 230.000, -54.028, -20.231, 496.572, 540.692, 405.701, 2.000, 36.301, -53.118
146, 325.000,-39.407, -8.794, 5959.831, 453.219, 379.723, 101.981, 84.334, -50.043
147, 230.000, 44.205, 35.772, 144.346, -286.292, -775.064, 2.000, 9.910, 159.727
147, 325.000,36.320, 12.482, 5940.389, -208.880, -733.024, 101.981, 82.688, 164.095
148, 230.000, -28.545, -83.582, 645.295, 248.215, -474.876, 2.000, 50.295, -152.404
148, 325.000,-23.551, -102.799, 5924.617, 135.214, -866.007, 101.981, 81.585, -171.126
149, 230.000, 77.265, 44.677, 232.966, -780.912, -198.561, 2.000, 16.126, 104.266
149, 325.000,57.774, 40.962, 5962.122, -564.208, -61.758, 101.980, 84.562, 96.247
150, 230.000, -82.593, -9.007, 472.100, -49.843, 691.492, 2.000, 34.253, 4.123
150, 325.000,-88.164, 10.625, 5939.759, -329.814, 692.504, 101.980, 82.642, 25.467
151, 230.000, -23.436, 34.953, 534.329, -629.600, 147.040, 2.000, 39.572, 76.854
151, 325.000,-42.356, 40.009, 5945.386, -689.909, 213.569, 101.981, 83.074, 72.800
152, 230.000, 14.761, 13.756, 325.553, 759.203, -145.428, 2.000, 22.838, -100.844
152, 325.000,38.146, 9.607, 5931.998, 815.523, -124.596, 101.981, 82.082, -98.687
153, 230.000, -52.478, -74.260, 66.426, -727.538, -412.068, 2.000, 4.542, 119.527
153, 325.000,-80.662, -95.107, 5819.692, -1097.531, -892.445, 101.983, 76.338, 129.116
154, 230.000, 54.527, -54.509, 284.136, 362.211, 701.138, 2.000, 19.801, -27.321
154, 325.000,67.521, -35.524, 5937.532, 525.699, 581.866, 101.981, 82.476, -42.097
155, 230.000, 48.332, -14.520, 721.116, 369.240, -217.204, 2.000, 59.287, -120.466
155, 325.000,59.906, -21.005, 5965.289, 470.778, -250.797, 101.981, 84.890, -118.046
156, 230.000, -70.876, -16.367, 441.485, 113.263, -704.121, 2.000, 31.759, -170.862
156, 325.000,-70.122, -37.669, 5938.381, -68.337, -774.692, 101.981, 82.539, 174.959
157, 230.000, -22.748, -7.975, 157.273, 808.544, -158.257, 2.000, 10.807, -101.075
157, 630.000,46.056, -33.538, 5612.405, 837.492, -391.727, 91.986, 80.645, -115.067
158, 230.000, -82.031, 13.482, 667.028, -508.489, 6.094, 2.000, 52.679, 89.313
158, 325.000,-101.044, 14.421, 5929.551, -840.515, 57.074, 101.981, 81.914, 86.115
159, 230.000, -60.892, 34.458, 106.768, -776.906, 297.559, 2.000, 7.313, 69.043
159, 325.000,-87.795, 45.256, 5889.663, -1002.989, 418.495, 101.981, 79.545, 67.352
160, 230.000, 66.400, 18.225, 681.439, 263.050, 412.274, 2.000, 54.334, -32.540
160, 325.000,76.112, 30.529, 5954.157, 439.837, 473.039, 101.981, 83.809, -42.917
161, 230.000, -65.578, -46.630, 735.630, 378.532, 138.153, 2.000, 61.287, -69.949
161, 325.000,-57.562, -44.583, 5985.328, 211.629, 14.688, 101.981, 87.970, -86.030
162, 230.000, 51.965, 23.083, 446.503, 652.014, 281.135, 2.000, 32.163, -66.675
162, 325.000,72.766, 32.072, 5926.764, 790.815, 342.489, 101.981, 81.727, -66.583
163, 230.000, 11.186, -53.002, 352.431, -757.612, -73.081, 2.000, 24.846, 95.510
163, 325.000,-11.320, -56.471, 5937.951, -760.772, -176.448, 101.981, 82.507, 103.058
164, 230.000, -89.196, 26.192, 30.845, -827.590, -132.920, 2.000, 2.108, 99.124
164, 325.000,-126.262, 25.453, 5798.518, -1498.739, 36.604, 101.984, 75.504, 88.601
165, 230.000, 53.365, -9.018, 463.883, -593.767, -368.479, 2.000, 33.577, 121.823
165, 325.000,37.030, -20.100, 5953.921, -511.650, -397.774, 101.981, 83.788, 127.863
166, 230.000, 74.910, -30.862, 628.861, -554.804, -15.803, 2.000, 48.569, 91.632
166, 325.000,62.077, -32.502, 5976.758, -370.611, -100.790, 101.981, 86.323, 105.214
167, 230.000, -17.324, 80.742, 240.850, -312.340, 740.242, 2.000, 16.687, 22.877
167, 325.000,-27.949, 108.611, 5868.467, -403.798, 1125.800, 101.981, 78.481, 19.732
168, 230.000, 69.096, -30.867, 22.731, -634.506, 548.096, 2.000, 1.553, 49.179
168, 325.000,51.291, -14.601, 5946.986, -502.900, 499.603, 101.981, 83.202, 45.188
169, 230.000, 40.360, -44.225, 525.574, -321.688, 569.045, 2.000, 38.800, 29.480
169, 325.000,31.925, -28.665, 5962.682, -253.501, 501.328, 101.981, 84.618, 26.824
170, 230.000, -87.880, -17.507, 102.084, 575.202, -601.868, 2.000, 6.991, -136.298
170, 325.000,-75.471, -36.857, 5941.724, 277.439, -698.608, 101.981, 82.790, -158.340
171, 230.000, 61.983, -12.120, 604.236, -324.805, 482.622, 2.000, 46.087, 33.941
171, 325.000,54.219, 1.448, 5966.615, -211.140, 473.392, 101.981, 85.035, 24.038
172, 230.000, -53.432, -44.412, 438.721, 714.335, -27.820, 2.000, 31.538, -92.230
172, 325.000,-33.914, -46.502, 5955.279, 623.117, -124.701, 101.981, 83.909, -101.317
173, 230.000, 81.748, 57.529, 326.884, -269.316, -723.975, 2.000, 22.937, 159.595
173, 325.000,87.329, 46.485, 5962.209, 390.500, -292.335, 101.744, 85.323, -126.819
174, 230.000, 87.074, 43.538, 563.817, -71.319, 616.885, 2.000, 42.237, 6.595
174, 325.000,96.712, 66.671, 5884.764, 551.635, 967.689, 101.986, 79.282, -29.685
175, 230.000, -9.699, 17.976, 25.495, 757.947, 358.317, 2.000, 1.742, -64.698
175, 325.000,14.370, 29.831, 5924.174, 774.112, 417.268, 101.981, 81.556, -61.674
176, 230.000, 17.579, 76.241, 43.183, 809.535, -215.203, 2.000, 2.951, -104.887
176, 325.000,43.634, 72.847, 5920.885, 901.296, 3.815, 101.981, 81.345, -89.757
177, 230.000, -6.379, -53.119, 746.662, -219.392, 312.868, 2.000, 62.898, 35.039
177, 325.000,-12.699, -45.473, 5980.178, -237.508, 224.176, 101.981, 86.874, 46.654
178, 230.000, 21.181, 65.428, 544.875, -627.900, 111.250, 2.000, 40.513, 79.953
178, 325.000,3.651, 70.684, 5952.911, -600.632, 267.029, 101.981, 83.699, 66.031
179, 230.000, 37.249, -21.844, 604.799, -567.602, -124.779, 2.000, 46.142, 102.398
179, 325.000,21.602, -25.915, 5964.612, -511.791, -175.014, 101.981, 84.818, 108.879
180, 230.000, -17.327, -45.666, 672.122, 364.063, -345.304, 2.000, 53.257, -133.485
180, 325.000,-7.320, -56.537, 5963.168, 343.061, -438.325, 101.981, 84.667, -141.951
181, 230.000, -13.330, -56.019, 676.627, 319.125, -379.288, 2.000, 53.774, -139.923
181, 325.000,-4.592, -68.271, 5960.100, 301.858, -505.262, 101.981, 84.360, -149.145
182, 230.000, -25.359, -13.652, 337.328, -717.036, -274.943, 2.000, 23.714, 110.979
182, 325.000,-47.590, -22.256, 5929.795, -782.674, -306.846, 101.981, 81.931, 111.408
183, 230.000, 70.530, -12.294, 305.817, 777.409, -75.066, 2.000, 21.383, -95.515
183, 325.000,97.089, -15.103, 5898.416, 1031.675, -116.579, 101.981, 80.017, -96.447
184, 230.000, 8.316, -13.206, 418.191, 709.439, -159.172, 2.000, 29.906, -102.646
184, 325.000,29.754, -18.246, 5937.878, 757.097, -193.945, 101.981, 82.502, -104.368
185, 230.000, -64.171, 4.011, 271.542, -338.248, 717.898, 2.000, 18.889, 25.228
185, 325.000,-76.548, 25.943, 5919.504, -507.246, 755.904, 101.981, 81.257, 33.863
186, 230.000, -94.039, -21.222, 211.822, -800.527, -133.460, 2.000, 14.628, 99.465
186, 325.000,-134.338, -28.894, 5747.812, -1652.500, -322.399, 101.989, 73.674, 101.040
187, 230.000, 90.242, 33.703, 399.787, -737.343, 4.454, 2.000, 28.466, 89.654
187, 325.000,76.478, 36.546, 5976.942, -341.523, 166.924, 101.978, 86.361, 63.952
188, 230.000, 33.012, -18.080, 236.063, -425.676, -683.080, 2.000, 16.346, 148.070
188, 325.000,20.593, -39.481, 5931.135, -380.520, -738.944, 101.981, 82.023, 152.754
189, 230.000, -20.753, -24.028, 5.683, 799.432, -253.773, 2.000, 0.388, -107.612
189, 325.000,4.449, -32.681, 5927.826, 792.310, -319.872, 101.981, 81.798, -111.985
190, 230.000, -36.554, -77.620, 312.908, 692.135, -355.755, 2.000, 21.904, -117.203
190, 325.000,-18.133, -92.723, 5922.501, 588.850, -668.087, 101.981, 81.449, -138.607
191, 230.000, -42.220, -71.828, 328.036, -592.709, -494.583, 2.000, 23.023, 129.843
191, 325.000,-62.725, -91.395, 5877.189, -803.939, -825.650, 101.981, 78.906, 135.763
192, 230.000, -17.666, 60.515, 482.442, -109.942, 677.264, 2.000, 35.112, 9.221
192, 325.000,-21.477, 82.396, 5926.122, -157.565, 851.747, 101.981, 81.684, 10.481
193, 230.000, -60.985, 8.384, 567.913, -2.515, -617.246, 2.000, 42.616, 179.767
193, 325.000,-62.674, -9.257, 5955.566, -127.920, -619.727, 101.981, 83.935, 168.337
194, 230.000, -94.421, -18.115, 554.141, -621.715, 99.610, 2.000, 41.351, 80.898
194, 325.000,-124.872, -17.737, 5837.528, -1339.158, -24.734, 101.985, 77.077, 91.058
195, 230.000, 47.079, -57.414, 113.475, 757.932, -340.861, 2.000, 7.775, -114.215
195, 325.000,72.942, -70.846, 5886.657, 955.290, -551.321, 101.981, 79.388, -119.990
196, 230.000, 57.427, 16.881, 811.220, -171.578, -126.518, 2.000, 75.276, 126.404
196, 325.000,54.039, 13.769, 5987.938, -65.442, -97.510, 101.981, 88.876, 146.133
197, 230.000, -17.647, -86.186, 240.491, 642.641, 482.390, 2.000, 16.662, -53.107
197, 325.000,0.680, -76.102, 5953.532, 613.868, 218.436, 101.980, 83.754, -70.413
198, 230.000, 56.017, 65.094, 513.262, -212.593, -628.403, 2.000, 37.729, 161.309
198, 325.000,52.440, 49.980, 5971.625, -49.298, -454.282, 101.981, 85.624, 173.807
199, 230.000, 70.424, -58.891, 255.773, 166.909, -781.182, 2.000, 17.755, -167.939
199, 325.000,82.820, -88.425, 5841.456, 594.717, -1180.437, 101.982, 77.250, -153.261
200, 230.000, -56.281, -39.874, 68.628, -806.327, -220.570, 2.000, 4.693, 105.299
200, 325.000,-83.974, -48.498, 5892.092, -1014.559, -350.954, 101.981, 79.674, 109.081
201, 230.000, 64.272, 25.475, 665.722, -440.305, 257.816, 2.000, 52.532, 59.649
201, 325.000,53.640, 33.536, 5972.220, -312.800, 322.363, 101.981, 85.699, 44.137
202, 230.000, -15.294, -58.560, 166.079, -797.267, -200.768, 2.000, 11.420, 104.134
202, 325.000,-40.431, -66.562, 5916.605, -863.401, -342.832, 101.981, 81.077, 111.657
203, 230.000, 34.110, -72.413, 787.645, 108.338, -267.213, 2.000, 69.893, -157.931
203, 325.000,38.678, -83.143, 5963.256, 221.773, -509.536, 101.981, 84.676, -156.479
204, 230.000, -27.130, 37.063, 382.329, -42.959, -745.321, 2.000, 27.118, 176.701
204, 325.000,-29.010, 15.490, 5947.533, -103.234, -696.638, 101.981, 83.247, 171.571
205, 230.000, 35.685, -58.899, 30.871, -70.035, -835.264, 2.000, 2.109, 175.207
205, 325.000,34.959, -87.689, 5896.613, 30.913, -1047.973, 101.981, 79.918, -178.310
206, 230.000, 1.742, 27.098, 620.414, 563.711, -28.995, 2.000, 47.704, -92.944
206, 325.000,18.101, 26.813, 5959.696, 591.846, 30.179, 101.981, 84.321, -87.081
207, 230.000, 51.674, 77.695, 331.261, -563.195, -525.929, 2.000, 23.262, 133.040
207, 325.000,38.493, 67.226, 5971.412, -387.735, -246.499, 101.980, 85.600, 122.446
208, 230.000, -11.450, 38.319, 346.236, 243.367, 724.166, 2.000, 24.380, -18.576
208, 325.000,-4.356, 61.026, 5928.819, 230.412, 815.605, 101.981, 81.865, -15.775
209, 230.000, -55.218, -59.753, 512.314, -486.518, 452.060, 2.000, 37.647, 47.103
209, 325.000,-71.862, -49.484, 5943.248, -684.410, 280.469, 101.981, 82.906, 67.716
210, 230.000, 39.046, 40.934, 656.149, -87.872, -515.045, 2.000, 51.470, 170.318
210, 325.000,37.422, 27.149, 5971.871, -16.975, -453.495, 101.981, 85.654, 177.856
211, 230.000, -64.731, 13.296, 187.427, -635.779, 513.985, 2.000, 12.912, 51.047
211, 325.000,-86.772, 29.626, 5901.929, -841.363, 573.212, 101.981, 80.213, 55.734
212, 230.000, -25.023, -34.034, 787.286, 238.219, -164.183, 2.000, 69.822, -124.575
212, 325.000,-18.843, -39.323, 5981.324, 200.514, -229.711, 101.981, 87.082, -138.882
213, 230.000, 81.747, -55.949, 621.694, -528.455, -194.308, 2.000, 47.834, 110.188
213, 325.000,78.108, -68.656, 5957.721, 30.173, -608.301, 101.970, 84.163, -177.160
214, 230.000, 34.729, -87.581, 814.317, -62.886, -190.936, 2.000, 76.133, 161.770
214, 325.000,36.136, -100.628, 5950.429, 119.704, -669.183, 101.982, 83.483, -169.858
215, 230.000, 58.691, 4.420, 36.630, -833.400, -87.333, 2.000, 2.503, 95.982
215, 325.000,33.679, 1.758, 5942.187, -743.571, -81.627, 101.981, 82.825, 96.265
216, 230.000, -69.846, 13.817, 466.469, -672.314, 184.188, 2.000, 33.789, 74.679
216, 325.000,-92.475, 19.796, 5915.541, -906.353, 232.676, 101.981, 81.011, 75.602
217, 230.000, -53.863, -49.837, 133.723, 825.637, -62.974, 2.000, 9.174, -94.362
217, 325.000,-30.051, -53.352, 5941.316, 733.075, -180.353, 101.981, 82.759, -103.822
218, 230.000, -5.669, 5.625, 775.818, 118.590, -295.916, 2.000, 67.662, -158.161
218, 630.000,1.430, -20.307, 5677.347, 73.744, -340.700, 91.986, 86.486, -167.787
219, 230.000, -59.246, 69.639, 350.690, 177.299, 741.016, 2.000, 24.715, -13.456
219, 325.000,-59.555, 97.906, 5873.465, -133.441, 1163.682, 101.982, 78.722, 6.542
220, 230.000, -21.273, 92.222, 168.126, -277.178, -773.582, 2.000, 11.563, 160.287
220, 325.000,-30.998, 75.675, 5962.015, -383.088, -420.013, 101.980, 84.553, 137.632
221, 230.000, 56.072, -64.530, 820.154, -168.942, -48.275, 2.000, 77.908, 105.947
221, 325.000,54.289, -69.130, 5982.876, 17.008, -272.278, 101.981, 87.389, -176.426
222, 230.000, 21.136, 65.847, 95.429, -833.032, 21.809, 2.000, 6.533, 88.500
222, 325.000,-4.166, 68.597, 5930.537, -816.840, 175.234, 101.981, 81.982, 77.892
223, 230.000, 69.045, 13.501, 610.201, 327.644, 473.105, 2.000, 46.677, -34.704
223, 325.000,80.949, 27.550, 5942.853, 523.460, 526.980, 101.981, 82.876, -44.808
224, 230.000, -12.426, -84.523, 78.534, -331.414, 766.499, 2.000, 5.373, 23.382
224, 325.000,-23.167, -64.558, 5951.140, -382.612, 553.758, 101.981, 83.547, 34.642
225, 230.000, -60.520, 7.259, 473.380, 444.664, -530.762, 2.000, 34.359, -140.044
225, 325.000,-48.924, -8.171, 5955.530, 340.833, -533.549, 101.981, 83.932, -147.429
226, 230.000, -81.468, -37.269, 613.323, -385.319, 422.951, 2.000, 46.989, 42.334
226, 325.000,-98.092, -27.962, 5933.469, -764.878, 279.534, 101.981, 82.185, 69.925
227, 230.000, 51.872, 34.993, 38.653, 697.904, 463.638, 2.000, 2.641, -56.403
227, 325.000,75.818, 50.921, 5897.747, 867.300, 577.587, 101.981, 79.980, -56.338
228, 230.000, 25.442, 29.888, 520.045, -658.081, -2.587, 2.000, 38.317, 90.225
228, 325.000,6.638, 30.448, 5955.558, -629.427, 65.404, 101.981, 83.935, 84.068
229, 230.000, -33.927, -83.656, 350.767, 744.796, -160.517, 2.000, 24.721, -102.162
229, 325.000,-14.418, -94.084, 5931.517, 639.259, -526.794, 101.980, 82.050, -129.491
230, 230.000, -15.403, 52.651, 478.653, 359.845, -587.305, 2.000, 34.797, -148.504
230, 325.000,-5.148, 36.532, 5958.144, 341.802, -502.839, 101.981, 84.173, -145.794
231, 230.000, 18.814, -40.241, 13.772, -837.230, 48.780, 2.000, 0.941, 86.666
231, 325.000,-7.500, -39.548, 5930.752, -833.471, -25.984, 101.981, 81.997, 91.786
232, 230.000, 10.628, 43.210, 168.459, -785.253, -241.916, 2.000, 11.586, 107.123
232, 325.000,-13.568, 36.612, 5933.820, -794.258, -167.598, 101.981, 82.210, 101.915
233, 230.000, -7.558, -27.488, 36.963, 695.289, -467.687, 2.000, 2.526, -123.927
233, 325.000,14.447, -42.948, 5923.309, 706.573, -533.258, 101.981, 81.500, -127.042
234, 230.000, -30.499, 38.615, 754.982, -20.957, -364.811, 2.000, 64.173, 176.712
234, 325.000,-31.731, 29.153, 5980.819, -77.426, -304.945, 101.981, 86.989, 165.754
235, 230.000, -12.827, 54.417, 607.615, 383.088, 433.095, 2.000, 46.420, -41.494
235, 325.000,-2.122, 68.290, 5951.734, 369.240, 556.534, 101.981, 83.597, -33.563
236, 230.000, -72.531, -61.234, 142.298, -824.020, 65.315, 2.000, 9.768, 85.468
236, 325.000,-107.401, -67.670, 5809.753, -1406.616, -372.447, 101.985, 75.939, 104.831
237, 230.000, -73.973, 65.932, 694.340, -317.759, 347.051, 2.000, 55.875, 42.477
237, 325.000,-96.164, 87.482, 5826.215, -1004.251, 962.675, 102.012, 76.571, 46.211
238, 230.000, -98.171, -5.909, 282.881, 767.119, -187.165, 2.000, 19.710, -103.711
238, 325.000,-85.684, -11.839, 5978.494, 267.429, -230.336, 101.974, 86.621, -130.738
239, 230.000, 99.018, 10.251, 481.700, 83.762, -681.523, 2.000, 35.050, -172.993
239, 325.000,119.538, -6.980, 5871.465, 1003.020, -630.172, 102.004, 78.594, -122.140
240, 230.000, -54.314, -37.703, 542.699, -146.849, -622.444, 2.000, 40.318, 166.725
240, 325.000,-60.397, -57.035, 5936.331, -287.349, -739.340, 101.981, 82.389, 158.761
241, 230.000, 20.607, -44.903, 764.018, -125.206, 322.683, 2.000, 65.628, 21.207
241, 325.000,17.518, -36.770, 5983.224, -90.673, 248.955, 101.981, 87.464, 20.012
242, 230.000, 10.640, -5.769, 607.538, 539.539, 208.130, 2.000, 46.413, -68.906
242, 325.000,26.593, 0.164, 5954.480, 609.842, 204.042, 101.981, 83.836, -71.501
243, 230.000, -56.866, -37.582, 137.307, -160.381, -811.756, 2.000, 9.422, 168.824
243, 325.000,-64.057, -64.214, 5903.767, -325.951, -953.161, 101.981, 80.317, 161.121
244, 230.000, -29.736, -38.968, 348.591, -605.666, -463.872, 2.000, 24.557, 127.448
244, 325.000,-48.742, -53.939, 5923.485, -685.849, -557.798, 101.981, 81.512, 129.121
245, 230.000, 79.480, -6.737, 55.112, -740.787, -389.513, 2.000, 3.767, 117.736
245, 325.000,59.252, -19.100, 5946.824, -570.828, -422.593, 101.981, 83.189, 126.513
246, 230.000, 12.273, -47.949, 2.662, 638.975, -543.349, 2.000, 0.182, -130.376
246, 325.000,32.982, -66.558, 5912.342, 688.523, -662.838, 101.981, 80.818, -133.911
247, 230.000, -6.625, 25.485, 133.083, -825.599, -64.803, 2.000, 9.129, 94.488
247, 325.000,-32.670, 23.967, 5925.655, -869.158, -19.419, 101.981, 81.653, 91.280
248, 230.000, 30.810, 18.476, 667.002, 297.031, 412.801, 2.000, 52.676, -35.737
248, 325.000,39.933, 30.668, 5960.907, 358.502, 456.356, 101.981, 84.439, -38.152
249, 230.000, -20.344, 22.642, 478.653, -668.724, -164.993, 2.000, 34.797, 103.860
249, 325.000,-40.535, 18.210, 5943.496, -726.037, -130.100, 101.981, 82.926, 100.159
250, 230.000, 96.984, -15.987, 75.769, 103.330, 828.918, 2.000, 5.183, -7.106
250, 325.000,114.480, 6.220, 5876.654, 866.586, 763.606, 101.981, 78.881, -48.615
251, 230.000, -19.664, -57.506, 141.300, -825.376, -48.089, 2.000, 9.698, 93.334
251, 325.000,-45.897, -60.735, 5918.036, -901.982, -180.237, 101.981, 81.165, 101.300
252, 230.000, -15.629, -63.833, 434.267, -628.289, -346.683, 2.000, 31.181, 118.889
252, 325.000,-34.730, -76.249, 5926.238, -691.709, -520.057, 101.981, 81.692, 126.937
253, 230.000, -84.386, -35.592, 71.162, -248.316, -797.997, 2.000, 4.867, 162.715
253, 325.000,-100.788, -63.776, 5844.892, -761.077, -1061.915, 101.982, 77.400, 144.371
254, 230.000, -18.197, -15.848, 630.628, -476.693, 280.351, 2.000, 48.751, 59.539
254, 325.000,-32.348, -8.062, 5959.503, -535.842, 257.624, 101.981, 84.303, 64.322
255, 230.000, -29.079, 44.485, 520.762, -650.225, -97.666, 2.000, 38.380, 98.542
255, 325.000,-48.807, 42.723, 5944.759, -727.213, -14.140, 101.981, 83.024, 91.114
256, 230.000, -28.843, 16.956, 505.096, 664.779, -80.443, 2.000, 37.027, -96.900
256, 630.000,15.571, 24.309, 5664.222, 485.739, 183.523, 91.984, 84.762, -69.302
257, 230.000, 65.864, -28.654, 438.926, -397.133, 594.267, 2.000, 31.554, 33.754
257, 325.000,56.130, -12.017, 5957.785, -264.849, 551.198, 101.981, 84.139, 25.664
258, 230.000, 1.775, -31.371, 401.246, 695.387, -242.822, 2.000, 28.579, -109.249
258, 325.000,22.651, -39.277, 5937.664, 720.866, -306.103, 101.981, 82.486, -113.008
259, 230.000, -18.421, 41.337, 534.201, -615.375, 198.663, 2.000, 39.560, 72.108
259, 325.000,-36.820, 48.068, 5945.216, -667.313, 279.816, 101.981, 83.061, 67.251
260, 230.000, 34.429, -87.955, 192.675, 732.096, -361.159, 2.000, 13.280, -116.258
260, 325.000,60.917, -110.289, 5816.276, 1022.283, -998.075, 101.984, 76.199, -134.313
261, 230.000, 12.418, 53.952, 781.603, 204.546, 225.346, 2.000, 68.725, -42.230
261, 325.000,18.444, 61.570, 5975.007, 234.654, 336.790, 101.981, 86.070, -34.866
262, 230.000, 69.701, -3.907, 302.182, 550.382, 556.138, 2.000, 21.117, -44.702
262, 325.000,89.025, 12.709, 5912.179, 768.970, 569.259, 101.981, 80.808, -53.488
263, 230.000, 30.293, -21.102, 759.922, 271.341, -228.946, 2.000, 64.959, -130.156
263, 325.000,38.543, -27.974, 5973.733, 331.352, -271.877, 101.981, 85.896, -129.369
264, 230.000, 36.795, -49.476, 518.816, 521.029, 403.586, 2.000, 38.210, -52.239
264, 325.000,52.995, -39.044, 5949.176, 615.082, 313.330, 101.981, 83.381, -63.005
265, 230.000, 15.772, 18.463, 303.820, 25.743, -781.380, 2.000, 21.237, -178.113
265, 630.000,33.779, -50.218, 5613.209, 324.955, -861.930, 91.994, 80.681, -159.343
266, 230.000, 71.776, 23.621, 807.252, -97.859, -205.648, 2.000, 74.245, 154.552
266, 325.000,71.578, 18.759, 5986.584, 82.739, -152.204, 101.981, 88.342, -151.471
267, 230.000, 28.911, 84.948, 470.462, 77.698, -690.038, 2.000, 34.118, -173.576
267, 325.000,32.696, 69.660, 5971.339, 182.576, -422.882, 101.980, 85.589, -156.648
268, 230.000, -43.283, 7.840, 754.035, 338.665, -142.343, 2.000, 64.025, -112.797
268, 325.000,-34.616, 3.984, 5981.824, 263.830, -131.625, 101.981, 87.178, -116.515
269, 230.000, 58.457, 26.654, 626.609, -539.738, -139.886, 2.000, 48.337, 104.530
269, 325.000,44.473, 23.319, 5972.213, -439.942, -91.099, 101.981, 85.698, 101.699
270, 230.000, -85.099, 21.135, 167.205, -605.225, 556.120, 2.000, 11.499, 47.421
270, 325.000,-110.888, 39.899, 5849.748, -1077.590, 699.103, 101.982, 77.615, 57.026
271, 230.000, -7.578, -88.744, 44.284, 825.670, -140.827, 2.000, 3.026, -99.679
271, 325.000,17.315, -99.461, 5904.728, 841.817, -543.013, 101.981, 80.371, -122.824
272, 230.000, 10.165, 27.207, 829.139, 34.677, 121.863, 2.000, 81.312, -15.884
272, 325.000,11.336, 31.151, 5985.979, 57.492, 184.040, 101.981, 88.155, -17.348
273, 230.000, -69.763, -66.080, 649.826, 457.056, 268.980, 2.000, 50.782, -59.523
273, 325.000,-63.001, -64.191, 5987.415, 130.291, -48.752, 101.979, 88.669, -110.515
274, 230.000, 47.060, 68.993, 176.292, -340.957, -745.784, 2.000, 12.133, 155.431
274, 325.000,38.523, 49.002, 5955.522, -228.183, -590.601, 101.981, 83.932, 158.876
275, 230.000, 59.509, 55.390, 21.937, 822.614, -162.322, 2.000, 1.499, -101.162
275, 325.000,88.813, 53.619, 5887.140, 1099.590, 42.171, 101.981, 79.413, -87.804
276, 230.000, 1.895, -25.371, 391.416, -304.948, -676.257, 2.000, 27.818, 155.728
276, 325.000,-7.228, -46.185, 5934.806, -311.325, -741.861, 101.981, 82.280, 157.234
277, 230.000, -9.996, 42.082, 641.327, 387.838, -376.569, 2.000, 49.872, -134.155
277, 325.000,0.953, 32.133, 5969.345, 381.776, -300.614, 101.981, 85.346, -128.217
278, 230.000, 44.753, 30.869, 195.977, -378.687, 722.297, 2.000, 13.512, 27.667
278, 325.000,34.203, 53.932, 5926.553, -303.449, 808.134, 101.981, 81.713, 20.581
279, 230.000, -17.597, -20.255, 162.623, -733.950, 372.014, 2.000, 11.180, 63.121
279, 325.000,-40.868, -9.048, 5926.131, -793.019, 348.268, 101.981, 81.685, 66.291
280, 230.000, 8.573, -72.390, 377.542, -9.802, -748.926, 2.000, 26.751, 179.250
280, 325.000,8.669, -97.947, 5903.283, 16.612, -1010.063, 101.981, 80.289, -179.058
281, 230.000, 91.124, 36.909, 454.438, 628.366, -319.634, 2.000, 32.806, -116.961
281, 325.000,125.184, 34.219, 5806.439, 1468.657, -16.396, 101.989, 75.805, -90.640
282, 230.000, 81.787, -52.943, 405.239, 732.395, -53.885, 2.000, 28.891, -94.208
282, 325.000,116.959, -63.477, 5783.652, 1471.951, -505.078, 101.990, 74.940, -108.939
283, 230.000, 74.282, -60.584, 177.956, 448.281, -686.221, 2.000, 12.249, -146.845
283, 325.000,99.883, -91.158, 5761.460, 1082.831, -1226.619, 101.987, 74.146, -138.563
284, 230.000, -9.947, 61.722, 392.261, 735.846, 90.474, 2.000, 27.883, -82.991
284, 325.000,11.689, 66.146, 5938.929, 739.939, 225.430, 101.981, 82.579, -73.056
285, 230.000, 51.699, 21.904, 262.019, -571.391, 555.321, 2.000, 18.203, 45.817
285, 325.000,35.510, 39.367, 5937.038, -491.750, 615.571, 101.981, 82.441, 38.620
286, 230.000, -78.522, 0.745, 18.072, 633.487, -549.447, 2.000, 1.235, -130.936
286, 325.000,-61.417, -16.452, 5943.801, 463.654, -570.442, 101.981, 82.950, -140.896
287, 230.000, -60.105, 29.329, 466.008, 319.969, 619.661, 2.000, 33.751, -27.310
287, 325.000,-52.547, 48.427, 5943.842, 193.539, 708.842, 101.981, 82.953, -15.272
288, 230.000, -39.857, 15.980, 281.166, 781.479, -117.304, 2.000, 19.586, -98.537
288, 325.000,-16.886, 12.786, 5949.749, 683.230, -54.762, 101.981, 83.428, -94.583
289, 230.000, 41.552, 72.801, 451.443, 412.771, 573.884, 2.000, 32.563, -35.726
289, 325.000,56.357, 94.378, 5888.356, 608.533, 909.009, 101.981, 79.476, -33.800
290, 230.000, -41.312, -88.472, 533.893, -556.100, 330.506, 2.000, 39.533, 59.276
290, 325.000,-61.979, -90.141, 5920.319, -869.843, -251.174, 101.983, 81.305, 106.107
291, 230.000, -37.626, 49.015, 328.881, -743.189, 207.440, 2.000, 23.085, 74.404
291, 325.000,-61.232, 56.856, 5917.149, -863.110, 334.072, 101.981, 81.110, 68.841
292, 230.000, 29.768, 35.284, 25.751, -725.733, -419.729, 2.000, 1.759, 120.043
292, 325.000,7.301, 22.728, 5940.554, -683.806, -333.074, 101.979, 82.704, 115.970
293, 230.000, -26.893, -25.877, 681.106, -460.495, -166.019, 2.000, 54.295, 109.825
293, 325.000,-40.589, -31.141, 5962.597, -519.882, -215.313, 101.981, 84.609, 112.497
294, 230.000, 21.354, -62.586, 599.859, 59.897, -583.186, 2.000, 45.657, -174.136
294, 325.000,23.801, -81.481, 5939.259, 115.842, -762.235, 101.981, 82.604, -171.359
295, 230.000, 21.968, -4.479, 384.121, -674.197, 318.487, 2.000, 27.256, 64.714
295, 630.000,-30.881, 26.244, 5638.411, -629.894, 406.571, 91.986, 82.426, 57.159
296, 230.000, -66.852, -46.464, 477.501, 599.334, -341.050, 2.000, 34.701, -119.642
296, 325.000,-52.301, -58.355, 5953.556, 426.137, -492.720, 101.981, 83.756, -139.145
297, 230.000, -23.755, -49.528, 614.347, 495.560, -283.762, 2.000, 47.092, -119.796
297, 325.000,-10.063, -58.880, 5958.447, 465.080, -387.041, 101.981, 84.202, -129.767
298, 230.000, -48.118, 51.178, 100.062, -778.651, -295.320, 2.000, 6.852, 110.770
298, 325.000,-74.213, 43.943, 5911.626, -945.233, -168.613, 101.981, 80.775, 100.114
299, 230.000, -52.308, 48.528, 782.474, 156.042, 258.669, 2.000, 68.890, -31.100
299, 325.000,-49.691, 57.330, 5976.497, 32.758, 386.804, 101.981, 86.284, -4.841
300, 230.000, 85.266, 4.500, 736.577, 103.952, -387.521, 2.000, 61.422, -164.984
300, 325.000,92.770, -6.026, 5961.965, 416.555, -388.208, 101.981, 84.544, -132.983
301, 230.000, 16.867, 79.316, 653.333, 140.855, 506.794, 2.000, 51.162, -15.532
301, 325.000,21.748, 97.863, 5930.199, 207.219, 811.831, 101.981, 81.958, -14.319
302, 230.000, -36.605, -69.656, 50.556, -803.139, 236.507, 2.000, 3.456, 73.591
302, 325.000,-63.406, -65.593, 5911.283, -961.979, 23.480, 101.981, 80.754, 88.602
303, 230.000, 50.243, 64.487, 264.067, -322.661, -727.793, 2.000, 18.350, 156.090
303, 325.000,42.420, 45.024, 5956.637, -204.181, -588.150, 101.981, 84.033, 160.855
304, 230.000, 44.373, 73.845, 563.331, -452.561, 425.876, 2.000, 42.192, 46.740
304, 325.000,34.074, 90.369, 5936.632, -303.371, 730.503, 101.981, 82.411, 22.553
305, 230.000, -51.183, 57.297, 156.659, -436.203, -699.077, 2.000, 10.765, 148.037
305, 325.000,-66.554, 38.046, 5931.891, -594.412, -573.176, 101.981, 82.075, 133.958
306, 230.000, -59.857, 38.836, 817.133, 53.540, -181.523, 2.000, 76.960, -163.567
306, 325.000,-60.241, 35.024, 5987.708, -85.060, -96.368, 101.981, 88.770, 138.566
307, 230.000, 45.610, -45.630, 247.608, -662.753, -450.525, 2.000, 17.170, 124.207
307, 325.000,26.726, -60.672, 5933.264, -587.711, -565.839, 101.981, 82.171, 133.914
308, 230.000, 48.337, 24.239, 273.564, 436.056, -662.225, 2.000, 19.035, -146.636
308, 325.000,62.825, 4.675, 5930.098, 545.264, -637.046, 101.981, 81.952, -139.439
309, 230.000, 48.097, 54.144, 689.630, -403.226, 255.621, 2.000, 55.306, 57.628
309, 325.000,38.316, 63.172, 5968.372, -298.612, 398.170, 101.981, 85.233, 36.869
310, 230.000, -14.864, 39.749, 332.643, 146.707, 755.876, 2.000, 23.365, -10.984
310, 325.000,-10.768, 63.518, 5926.706, 123.999, 853.217, 101.981, 81.723, -8.269
311, 230.000, 61.843, -60.208, 531.564, -167.801, -626.743, 2.000, 39.327, 165.011
311, 325.000,60.975, -82.053, 5919.926, 76.669, -904.371, 101.981, 81.284, -175.154
312, 230.000, -49.176, -33.567, 633.520, 524.920, -163.203, 2.000, 49.052, -107.271
312, 325.000,-35.323, -39.051, 5967.922, 445.935, -232.886, 101.981, 85.181, -117.575
313, 230.000, 22.111, 4.385, 47.970, 675.067, 495.487, 2.000, 3.279, -53.722
313, 325.000,44.036, 20.241, 5920.827, 736.559, 520.088, 101.981, 81.341, -54.774
314, 230.000, 1.461, -30.991, 702.634, -108.001, 445.157, 2.000, 56.898, 13.637
314, 630.000,-8.573, -12.929, 5685.451, -134.954, 110.947, 91.989, 88.240, 50.576
315, 230.000, 12.282, -92.726, 28.132, -430.463, -719.329, 2.000, 1.922, 149.103
315, 325.000,0.592, -126.867, 5808.658, -377.611, -1409.656, 101.984, 75.897, 165.004
316, 230.000, 60.455, 21.841, 238.751, -169.891, -785.913, 2.000, 16.538, 167.802
316, 325.000,56.888, -1.562, 5939.367, -51.656, -768.395, 101.981, 82.612, 176.154
317, 230.000, -7.946, -21.124, 540.779, -634.298, -93.533, 2.000, 40.146, 98.388
317, 325.000,-26.716, -24.290, 5949.334, -674.608, -139.734, 101.981, 83.395, 101.702
318, 230.000, -49.357, 22.465, 551.377, 483.081, 407.603, 2.000, 41.100, -49.844
318, 325.000,-36.431, 34.834, 5957.442, 405.839, 461.900, 101.981, 84.107, -41.304
319, 230.000, 46.076, 40.965, 13.464, -783.522, -299.059, 2.000, 0.920, 110.891
319, 325.000,22.320, 32.461, 5941.154, -721.000, -228.066, 101.981, 82.746, 107.553
320, 230.000, 54.751, -53.673, 442.074, 712.524, 20.090, 2.000, 31.807, -88.385
320, 325.000,78.245, -55.600, 5915.848, 921.354, -151.986, 101.981, 81.030, -99.367
321, 230.000, -90.589, -4.250, 497.801, 62.917, 672.131, 2.000, 36.405, -5.348
321, 325.000,-95.087, 14.703, 5940.405, -327.747, 688.080, 101.981, 82.689, 25.469
322, 230.000, 60.320, -37.859, 788.464, 282.598, -44.583, 2.000, 70.057, -98.965
322, 325.000,70.264, -40.407, 5970.697, 446.720, -142.923, 101.981, 85.508, -107.742
323, 230.000, 54.606, 12.208, 667.719, -465.067, -203.442, 2.000, 52.757, 113.627
323, 325.000,42.562, 6.678, 5974.363, -375.971, -186.581, 101.981, 85.981, 116.394
324, 230.000, 25.232, 83.306, 215.815, 376.973, 717.523, 2.000, 14.910, -27.717
324, 325.000,38.784, 112.095, 5847.816, 527.219, 1180.931, 101.982, 77.529, -24.058
325, 230.000, 2.672, 45.079, 36.170, 325.843, 772.038, 2.000, 2.472, -22.882
325, 325.000,13.086, 70.729, 5912.775, 342.989, 889.193, 101.981, 80.844, -21.093
326, 230.000, -18.998, 50.536, 310.092, 757.128, -184.727, 2.000, 21.697, -103.711
326, 325.000,3.498, 46.095, 5941.608, 746.529, -95.761, 101.981, 82.781, -97.310
327, 230.000, 31.421, -48.078, 131.496, -754.427, -342.158, 2.000, 9.020, 114.396
327, 325.000,8.723, -59.962, 5928.801, -718.660, -449.474, 101.981, 81.864, 122.023
328, 230.000, -81.881, -12.700, 241.106, -300.920, -744.875, 2.000, 16.706, 158.002
328, 325.000,-95.874, -35.945, 5896.710, -634.421, -834.031, 101.981, 79.923, 142.741
329, 230.000, -45.110, -70.477, 116.700, -466.393, 687.301, 2.000, 7.998, 34.160
329, 325.000,-61.550, -52.709, 5934.933, -631.984, 496.344, 101.981, 82.289, 51.855
330, 230.000, 30.327, -24.140, 88.159, -732.926, -398.210, 2.000, 6.033, 118.516
330, 325.000,7.828, -37.218, 5929.816, -702.678, -461.213, 101.981, 81.932, 123.279
331, 230.000, -46.180, -77.574, 272.361, 125.540, -783.316, 2.000, 18.948, -170.895
331, 325.000,-46.771, -108.239, 5855.098, -117.941, -1254.394, 101.982, 77.856, 174.629
332, 230.000, -12.018, 36.585, 286.465, 27.922, -787.834, 2.000, 19.970, -177.970
332, 630.000,-20.351, -15.362, 5658.906, -174.162, -546.461, 91.981, 84.213, 162.322
333, 230.000, 42.565, 65.240, 761.458, -151.130, 317.593, 2.000, 65.208, 25.448
333, 325.000,40.131, 76.801, 5966.154, -31.201, 522.718, 101.981, 84.984, 3.416
334, 230.000, -13.759, -79.998, 548.971, -470.645, 425.028, 2.000, 40.882, 47.916
334, 325.000,-27.844, -71.105, 5961.945, -529.163, 210.592, 101.981, 84.543, 68.299
335, 230.000, 7.344, 3.417, 708.598, -273.002, 356.205, 2.000, 57.652, 37.467
335, 630.000,-14.703, 44.663, 5649.954, -275.818, 596.515, 91.986, 83.365, 24.815
336, 230.000, -19.344, -11.795, 780.707, 283.732, -116.257, 2.000, 68.557, -112.281
336, 630.000,-7.607, -34.987, 5674.829, 76.866, -381.901, 91.991, 86.073, -168.620
337, 230.000, -27.253, 24.745, 110.199, 830.370, -43.189, 2.000, 7.549, -92.977
337, 325.000,-1.681, 23.978, 5934.605, 804.665, 42.949, 101.980, 82.268, -86.945
338, 230.000, -4.803, 76.674, 629.706, -441.168, -335.209, 2.000, 48.656, 127.228
338, 325.000,-17.522, 69.895, 5968.797, -469.676, -148.468, 101.981, 85.282, 107.542
339, 230.000, -13.224, -32.198, 381.817, 710.017, 231.549, 2.000, 27.079, -71.938
339, 325.000,7.887, -25.940, 5944.111, 716.253, 154.129, 101.981, 82.973, -77.856
340, 230.000, -39.899, -63.618, 191.625, 190.473, -794.055, 2.000, 13.207, -166.511
340, 325.000,-35.971, -90.965, 5897.639, 70.038, -1040.287, 101.981, 79.974, -176.148
341, 230.000, 45.533, -57.593, 186.966, 565.722, 590.361, 2.000, 12.880, -43.779
341, 325.000,64.516, -41.600, 5928.903, 707.775, 465.114, 101.981, 81.871, -56.689
342, 230.000, 19.772, 0.057, 189.833, 96.863, -811.237, 2.000, 13.081, -173.191
342, 325.000,23.201, -25.210, 5926.937, 144.420, -848.385, 101.981, 81.738, -170.339
343, 230.000, 37.624, -58.079, 807.432, 89.751, -208.621, 2.000, 74.290, -156.722
343, 325.000,41.328, -65.742, 5975.644, 183.965, -356.419, 101.981, 86.160, -152.700
344, 230.000, -30.238, -38.421, 792.687, -268.014, 57.789, 2.000, 70.921, 77.832
344, 325.000,-38.389, -37.632, 5980.000, -329.711, -9.517, 101.981, 86.843, 91.653
345, 230.000, -38.507, -29.633, 84.934, 828.713, 97.701, 2.000, 5.812, -83.276
345, 325.000,-13.233, -27.220, 5938.027, 779.735, 32.778, 101.981, 82.513, -87.593
346, 230.000, 60.198, 43.075, 745.152, -189.946, 334.952, 2.000, 62.672, 29.557
346, 325.000,57.032, 53.979, 5971.323, -39.791, 459.253, 101.981, 85.586, 4.952
347, 230.000, 40.251, 68.284, 98.116, -750.719, 360.995, 2.000, 6.718, 64.319
347, 325.000,18.815, 82.483, 5923.250, -663.783, 586.179, 101.981, 81.497, 48.553
348, 230.000, 25.712, 27.091, 170.302, -574.064, 587.343, 2.000, 11.715, 44.345
348, 325.000,8.382, 45.931, 5927.864, -547.610, 655.550, 101.981, 81.800, 39.873
349, 230.000, 17.253, -95.221, 55.573, 697.555, 462.442, 2.000, 3.799, -56.458
349, 325.000,39.882, -91.084, 5929.177, 842.727, -59.507, 101.980, 81.891, -94.039
350, 230.000, 48.032, -2.175, 330.109, -212.243, 741.286, 2.000, 23.177, 15.977
350, 325.000,42.666, 20.187, 5939.040, -131.271, 761.416, 101.981, 82.588, 9.782
351, 230.000, 6.872, 68.324, 408.157, 506.878, 529.156, 2.000, 29.119, -43.768
351, 325.000,22.162, 86.598, 5918.349, 546.550, 737.331, 101.981, 81.185, -36.548
352, 230.000, 33.426, -92.257, 345.647, 89.006, -759.032, 2.000, 24.336, -173.312
352, 325.000,42.675, -132.956, 5734.770, 409.910, -1679.106, 101.997, 73.228, -166.281
353, 230.000, -17.883, 85.665, 564.944, -589.547, -191.824, 2.000, 42.341, 108.024
353, 325.000,-35.721, 85.234, 5948.367, -685.688, 126.552, 101.981, 83.314, 79.543
354, 230.000, 93.430, 16.674, 103.364, 405.520, -726.907, 2.000, 7.079, -150.844
354, 325.000,116.755, -3.292, 5859.707, 1042.222, -668.862, 101.982, 78.067, -122.691
355, 230.000, 23.941, 57.617, 279.477, 97.675, 784.778, 2.000, 19.463, -7.095
355, 325.000,27.732, 83.433, 5908.928, 162.392, 963.029, 101.981, 80.615, -9.572
356, 230.000, 35.531, 20.021, 120.719, -667.955, 492.734, 2.000, 8.275, 53.585
356, 325.000,15.322, 35.905, 5930.916, -625.111, 550.142, 101.981, 82.008, 48.650
357, 230.000, -50.139, 37.373, 511.265, 659.692, -83.295, 2.000, 37.557, -97.196
357, 325.000,-32.108, 35.862, 5960.729, 582.006, -12.378, 101.981, 84.422, -91.218
358, 230.000, 37.721, 21.956, 48.866, 723.107, -422.199, 2.000, 3.340, -120.279
358, 325.000,61.513, 9.080, 5919.763, 817.701, -396.199, 101.981, 81.274, -115.852
359, 230.000, -36.687, 48.077, 408.311, 25.950, -732.211, 2.000, 29.131, -177.970
359, 325.000,-36.798, 27.464, 5952.151, -44.644, -662.632, 101.981, 83.633, 176.146
360, 230.000, -6.934, -29.541, 6.195, 604.885, 581.033, 2.000, 0.423, -46.152
360, 630.000,55.103, 8.020, 5616.677, 817.718, 370.151, 91.983, 80.920, -65.646
361, 230.000, -31.786, 20.945, 475.300, 690.072, -37.617, 2.000, 34.518, -93.120
361, 325.000,-12.041, 20.323, 5955.635, 631.437, 35.095, 101.982, 83.939, -86.819
362, 230.000, 26.801, 78.109, 548.791, 599.411, -207.504, 2.000, 40.866, -109.095
362, 325.000,45.311, 75.958, 5946.201, 714.300, 41.620, 101.981, 83.139, -86.665
363, 230.000, 24.055, -23.581, 185.226, 768.096, 281.502, 2.000, 12.758, -69.872
363, 325.000,48.402, -15.326, 5925.320, 835.168, 249.553, 101.981, 81.631, -73.364
364, 230.000, -27.086, 13.612, 439.105, -700.572, -141.103, 2.000, 31.568, 101.388
364, 325.000,-48.488, 9.682, 5938.303, -768.691, -121.944, 101.981, 82.533, 99.014
365, 230.000, 7.232, 38.201, 99.064, 423.778, -717.023, 2.000, 6.783, -149.416
365, 325.000,20.788, 16.429, 5934.449, 474.139, -653.270, 101.981, 82.254, -144.028
366, 230.000, 6.314, 15.677, 600.832, -403.019, 424.383, 2.000, 45.752, 43.521
366, 325.000,-5.286, 28.371, 5955.008, -408.431, 490.241, 101.981, 83.884, 39.798
367, 230.000, -23.521, 37.874, 106.538, -769.032, 317.432, 2.000, 7.297, 67.571
367, 325.000,-48.232, 48.758, 5916.141, -841.097, 401.288, 101.981, 81.048, 64.494
368, 230.000, -78.117, -20.534, 0.256, -725.188, -421.458, 2.000, 0.017, 120.164
368, 325.000,-106.114, -35.159, 5863.930, -1095.350, -532.818, 101.981, 78.265, 115.940
369, 230.000, 67.059, -0.540, 497.365, 664.003, 123.500, 2.000, 36.368, -79.464
369, 325.000,88.914, 3.052, 5924.480, 868.128, 126.956, 101.981, 81.576, -81.680
370, 230.000, -6.670, 27.722, 230.022, -288.317, 753.317, 2.000, 15.917, 20.943
370, 325.000,-15.696, 51.518, 5923.971, -308.917, 824.824, 101.981, 81.543, 20.532
371, 230.000, -30.853, 26.672, 830.854, 26.913, -111.723, 2.000, 82.125, -166.456
371, 325.000,-30.716, 24.088, 5988.654, -29.436, -65.748, 101.981, 89.311, 155.881
372, 230.000, -58.199, -42.571, 342.191, 143.168, 752.284, 2.000, 24.077, -10.775
372, 325.000,-55.687, -21.380, 5949.963, 17.191, 683.235, 101.981, 83.447, -1.441
373, 230.000, 6.834, -34.157, 797.781, 257.890, -23.704, 2.000, 72.015, -95.252
373, 325.000,14.202, -35.491, 5981.931, 279.003, -88.507, 101.981, 87.199, -107.600
374, 230.000, 0.348, -11.503, 383.583, 325.218, 671.283, 2.000, 27.214, -25.849
374, 630.000,36.577, 51.365, 5606.486, 504.116, 816.569, 91.985, 80.287, -31.689
375, 230.000, -50.922, 63.641, 557.674, 203.563, 592.525, 2.000, 41.673, -18.960
375, 325.000,-47.722, 83.966, 5929.522, 35.039, 841.896, 101.981, 81.912, -2.383
376, 230.000, 90.767, -4.267, 212.897, 810.643, -32.505, 2.000, 14.704, -92.296
376, 325.000,124.978, -5.706, 5821.153, 1407.259, -60.184, 101.983, 76.398, -92.449
377, 230.000, 49.759, 40.663, 552.221, -426.512, -465.470, 2.000, 41.176, 137.501
377, 325.000,38.642, 28.188, 5966.035, -340.909, -399.223, 101.981, 84.971, 139.505
378, 230.000, -66.540, -4.530, 309.989, -349.927, 696.406, 2.000, 21.690, 26.678
378, 325.000,-79.342, 16.310, 5922.938, -529.229, 712.689, 101.981, 81.476, 36.597
379, 230.000, 61.634, -43.551, 794.172, -229.007, -142.726, 2.000, 71.233, 121.933
379, 325.000,57.470, -49.050, 5982.913, -77.214, -260.641, 101.981, 87.399, 163.498
380, 230.000, -40.814, -20.954, 383.506, -257.530, -700.089, 2.000, 27.208, 159.804
380, 325.000,-49.490, -42.425, 5930.578, -342.373, -761.729, 101.981, 81.984, 155.798
381, 230.000, -54.951, -74.860, 470.897, 672.253, 172.787, 2.000, 34.154, -75.585
381, 325.000,-39.391, -74.892, 5968.653, 476.720, -129.960, 101.980, 85.268, -105.249
382, 230.000, 4.231, -75.288, 809.095, -143.145, -168.517, 2.000, 74.716, 139.654
382, 325.000,0.431, -82.798, 5975.382, -136.762, -381.197, 101.981, 86.123, 160.264
383, 230.000, -25.668, -21.511, 378.822, -395.055, 635.570, 2.000, 26.849, 31.864
383, 325.000,-38.082, -2.822, 5939.458, -459.203, 617.378, 101.981, 82.619, 36.642
384, 230.000, -32.244, 91.984, 188.477, 804.407, -144.672, 2.000, 12.986, -100.196
384, 325.000,-12.134, 97.502, 5939.148, 661.547, 396.581, 101.979, 82.600, -59.058
385, 230.000, 28.284, -58.610, 639.740, 517.405, 162.936, 2.000, 49.704, -72.520
385, 325.000,43.890, -55.666, 5959.096, 597.434, 38.040, 101.981, 84.263, -86.357
386, 230.000, -40.254, -33.551, 772.132, 129.300, 301.027, 2.000, 67.008, -23.245
386, 325.000,-37.496, -25.828, 5983.650, 59.209, 248.223, 101.981, 87.558, -13.416
387, 230.000, -2.066, -2.472, 409.181, 602.391, -416.197, 2.000, 29.199, -124.641
387, 325.000,16.089, -15.117, 5931.971, 668.670, -482.299, 101.977, 82.087, -125.802
388, 230.000, 16.902, -22.636, 775.793, 310.756, -71.414, 2.000, 67.657, -102.942
388, 325.000,25.991, -25.091, 5977.397, 354.808, -118.360, 101.981, 86.419, -108.448
389, 230.000, -67.963, 35.969, 415.734, 557.762, -468.605, 2.000, 29.713, -130.035
389, 325.000,-53.765, 23.350, 5961.212, 416.148, -399.897, 101.981, 84.470, -133.859
390, 230.000, -12.890, -50.829, 432.193, 351.533, -627.022, 2.000, 31.016, -150.723
390, 325.000,-2.789, -70.751, 5932.329, 337.141, -750.346, 101.981, 82.105, -155.805
391, 230.000, -36.075, 64.679, 782.064, -286.135, 100.131, 2.000, 68.812, 70.713
391, 325.000,-45.373, 69.869, 5969.593, -394.227, 278.847, 101.981, 85.375, 54.727
392, 230.000, 3.963, 71.998, 808.200, 196.283, -108.675, 2.000, 74.485, -118.972
392, 325.000,9.528, 71.306, 5985.012, 212.337, 60.980, 101.981, 87.886, -73.977
393, 230.000, -0.310, 72.562, 838.303, 10.182, -25.866, 2.000, 88.101, -158.513
393, 325.000,-0.039, 74.243, 5987.163, 9.762, 151.686, 101.981, 88.546, -3.682
394, 230.000, 30.846, -36.604, 420.316, 476.721, -547.354, 2.000, 30.074, -138.946
394, 325.000,45.804, -53.807, 5929.426, 552.687, -636.903, 101.981, 81.906, -139.049
395, 230.000, 50.234, -73.678, 88.517, -806.063, 214.363, 2.000, 6.058, 75.108
395, 325.000,28.237, -70.980, 5950.935, -674.341, -26.436, 101.980, 83.530, 92.245
396, 230.000, -43.543, 10.399, 552.298, 278.818, -566.349, 2.000, 41.183, -153.789
396, 325.000,-36.323, -5.907, 5958.826, 203.181, -565.941, 101.981, 84.238, -160.251
397, 230.000, -4.947, -42.292, 330.621, -225.647, -737.087, 2.000, 23.215, 162.979
397, 325.000,-11.888, -65.575, 5924.982, -242.145, -839.739, 101.981, 81.609, 163.915
398, 230.000, -54.942, -75.301, 822.125, -120.537, -114.480, 2.000, 78.569, 133.524
398, 325.000,-62.803, -84.696, 5954.384, -404.557, -501.217, 101.982, 83.826, 141.091
399, 230.000, 15.069, -78.284, 541.803, -487.024, 415.669, 2.000, 40.237, 49.520
399, 325.000,1.618, -69.257, 5966.841, -465.169, 222.660, 101.981, 85.060, 64.421
400, 230.000, 34.342, 26.079, 96.120, 826.654, 104.537, 2.000, 6.580, -82.793
400, 325.000,61.167, 29.992, 5915.785, 920.759, 157.784, 101.981, 81.026, -80.276
401, 230.000, -62.797, -17.075, 466.213, -100.229, -690.017, 2.000, 33.768, 171.735
401, 325.000,-67.727, -37.900, 5935.902, -252.073, -755.467, 101.981, 82.358, 161.548
402, 230.000, 31.811, 14.815, 234.015, 610.593, 525.297, 2.000, 16.201, -49.294
402, 325.000,51.292, 31.305, 5922.462, 686.167, 568.174, 101.981, 81.446, -50.374
403, 230.000, 29.296, -92.549, 323.428, -50.605, 772.242, 2.000, 22.681, 3.749
403, 325.000,30.297, -78.116, 5977.704, 91.556, 355.966, 101.977, 86.481, -14.424
404, 230.000, 88.030, -16.163, 83.065, 463.281, -694.258, 2.000, 5.683, -146.285
404, 325.000,110.398, -38.994, 5852.519, 966.276, -826.968, 101.982, 77.739, -130.558
405, 230.000, 3.183, 40.134, 831.366, 101.807, -44.616, 2.000, 82.385, -113.665
405, 325.000,6.083, 39.685, 5988.004, 110.710, 27.369, 101.981, 88.909, -76.114
406, 230.000, 29.465, 39.541, 691.064, -278.113, -385.496, 2.000, 55.478, 144.192
406, 325.000,22.170, 29.401, 5976.049, -229.881, -321.182, 101.981, 86.219, 144.407
407, 230.000, -1.567, 83.170, 188.605, -298.709, 760.740, 2.000, 12.995, 21.438
407, 325.000,-10.784, 112.177, 5865.411, -322.993, 1167.050, 101.981, 78.335, 15.470
408, 230.000, -16.629, -85.283, 768.267, 26.676, 335.527, 2.000, 66.341, -4.546
408, 325.000,-16.728, -80.310, 5988.712, -28.536, 60.501, 101.981, 89.360, 25.252
409, 230.000, 48.046, -49.111, 597.939, 461.757, -364.380, 2.000, 45.470, -128.278
409, 325.000,63.069, -61.373, 5936.419, 607.409, -509.118, 101.981, 82.396, -129.969
410, 230.000, -86.748, -41.837, 13.132, -820.757, 172.364, 2.000, 0.897, 78.140
410, 325.000,-126.873, -43.687, 5763.938, -1618.792, -168.981, 101.989, 74.232, 95.959
411, 230.000, 10.930, -27.812, 6.271, -686.518, -481.848, 2.000, 0.428, 125.064
411, 325.000,-10.835, -43.809, 5923.646, -691.678, -548.817, 101.981, 81.522, 128.431
412, 230.000, -50.864, 8.952, 236.165, -591.170, 546.139, 2.000, 16.354, 47.267
412, 325.000,-70.369, 25.944, 5917.041, -718.537, 584.411, 101.981, 81.104, 50.877
413, 230.000, -56.878, -62.916, 96.017, -340.778, 760.378, 2.000, 6.573, 24.140
413, 325.000,-70.150, -42.635, 5934.940, -544.051, 591.315, 101.981, 82.290, 42.616
414, 230.000, -24.028, 62.387, 87.903, -469.835, 689.240, 2.000, 6.016, 34.281
414, 325.000,-39.701, 86.477, 5894.284, -561.065, 901.038, 101.981, 79.792, 31.910
415, 230.000, 74.239, 37.620, 331.748, -485.783, -597.898, 2.000, 23.298, 140.907
415, 325.000,62.800, 21.389, 5959.140, -299.529, -517.738, 101.981, 84.268, 149.949
416, 230.000, -41.449, 13.539, 167.154, -335.145, 750.507, 2.000, 11.495, 24.064
416, 325.000,-52.833, 37.181, 5920.145, -423.697, 800.978, 101.981, 81.298, 27.878
417, 230.000, -79.073, 24.659, 709.085, -180.953, -409.852, 2.000, 57.714, 156.178
417, 325.000,-87.967, 14.389, 5962.127, -450.424, -345.377, 101.981, 84.562, 127.480
418, 230.000, 7.573, 87.395, 55.650, 44.392, 835.737, 2.000, 3.804, -3.041
418, 325.000,9.654, 121.453, 5831.581, 88.091, 1361.808, 101.982, 76.829, -3.701
419, 230.000, 14.306, 72.010, 624.382, 543.200, 136.401, 2.000, 48.108, -75.904
419, 325.000,30.353, 78.630, 5949.022, 603.185, 338.402, 101.981, 83.369, -60.707
420, 230.000, -31.138, -20.433, 700.100, -415.765, -201.303, 2.000, 56.583, 115.835
420, 325.000,-43.602, -26.575, 5964.825, -481.069, -242.140, 101.981, 84.841, 116.718
421, 230.000, -52.291, -64.942, 575.208, 406.553, -455.383, 2.000, 43.297, -138.242
421, 325.000,-43.380, -81.312, 5942.910, 243.277, -701.331, 101.981, 82.880, -160.869
422, 230.000, 7.796, -82.428, 398.430, 626.432, -390.333, 2.000, 28.361, -121.927
422, 325.000,26.699, -98.766, 5905.025, 688.058, -725.627, 101.981, 80.388, -136.522
423, 230.000, -41.553, -30.986, 820.256, 145.953, 96.961, 2.000, 77.942, -56.403
423, 325.000,-38.385, -28.954, 5988.466, 74.645, 43.451, 101.981, 89.174, -59.796
424, 230.000, 30.363, 72.017, 327.319, 169.028, -753.535, 2.000, 22.969, -167.357
424, 325.000,36.465, 52.052, 5953.426, 251.384, -602.225, 101.981, 83.744, -157.343
425, 230.000, -85.244, -9.528, 353.787, 14.545, -760.360, 2.000, 24.948, -178.904
425, 325.000,-89.845, -32.534, 5922.411, -310.624, -835.305, 101.981, 81.442, 159.601
426, 230.000, -94.009, 22.088, 318.769, -758.618, -162.507, 2.000, 22.337, 102.091
426, 325.000,-131.582, 20.852, 5778.873, -1573.610, 5.967, 101.988, 74.767, 89.783
427, 230.000, -40.257, 29.768, 388.549, -685.133, 288.352, 2.000, 27.596, 67.175
427, 325.000,-61.795, 39.164, 5925.982, -789.660, 358.303, 101.981, 81.675, 65.594
428, 230.000, -33.758, 2.337, 822.662, -80.817, 142.195, 2.000, 78.755, 29.612
428, 325.000,-36.675, 6.356, 5985.352, -147.745, 151.315, 101.981, 87.976, 44.316
429, 230.000, 76.076, 9.517, 604.236, 416.983, -405.645, 2.000, 46.087, -134.210
429, 325.000,91.316, -1.668, 5938.853, 666.641, -393.506, 101.981, 82.573, -120.553
430, 230.000, -23.190, -51.637, 151.257, -425.678, 706.713, 2.000, 10.389, 31.062
430, 325.000,-36.961, -30.902, 5935.823, -484.623, 632.716, 101.981, 82.353, 37.450
431, 230.000, 14.313, 82.883, 743.053, -215.136, -324.211, 2.000, 62.361, 146.433
431, 325.000,8.978, 77.576, 5985.842, -179.437, -81.497, 101.981, 88.114, 114.427
432, 230.000, -32.512, 43.240, 426.152, 687.053, -223.332, 2.000, 30.536, -108.007
432, 325.000,-12.824, 37.572, 5952.166, 647.509, -147.054, 101.981, 83.635, -102.795
433, 230.000, -52.899, 81.711, 3.660, 814.853, 198.811, 2.000, 0.250, -76.289
433, 325.000,-34.345, 96.815, 5920.856, 540.125, 721.857, 101.981, 81.342, -36.805
434, 230.000, 37.561, 84.570, 418.908, 130.649, 714.822, 2.000, 29.963, -10.358
434, 325.000,45.455, 114.608, 5840.866, 366.888, 1272.600, 101.983, 77.224, -16.082
435, 230.000, 1.595, -91.631, 104.618, 733.564, -393.017, 2.000, 7.165, -118.181
435, 325.000,24.101, -112.563, 5862.770, 791.323, -933.433, 101.982, 78.210, -139.710
436, 230.000, 12.947, -17.641, 449.625, -455.706, 541.934, 2.000, 32.416, 40.060
436, 630.000,-24.321, 24.489, 5647.084, -458.393, 503.612, 91.985, 83.124, 42.309
437, 230.000, -70.270, -24.092, 274.664, 712.942, -346.118, 2.000, 19.115, -115.896
437, 325.000,-51.015, -35.311, 5946.958, 574.588, -415.581, 101.981, 83.200, -125.877
438, 230.000, 4.964, -93.117, 50.684, -641.797, 537.635, 2.000, 3.464, 50.047
438, 325.000,-14.212, -83.013, 5950.214, -656.692, 180.695, 101.980, 83.470, 74.615
439, 230.000, -60.490, 76.588, 106.538, -659.242, -507.517, 2.000, 7.297, 127.591
439, 325.000,-88.419, 72.080, 5877.792, -1149.926, 19.371, 101.986, 78.929, 89.035
440, 230.000, 66.854, -46.970, 139.047, 671.016, -483.660, 2.000, 9.542, -125.784
440, 325.000,92.024, -65.031, 5863.063, 993.956, -711.270, 101.981, 78.225, -125.587
441, 230.000, 8.589, 54.460, 208.980, 35.620, -811.531, 2.000, 14.427, -177.487
441, 325.000,9.885, 30.698, 5944.516, 56.044, -727.164, 101.981, 83.005, -175.593
442, 230.000, 23.396, -28.633, 470.564, 676.661, -155.638, 2.000, 34.126, -102.953
442, 325.000,43.904, -33.835, 5939.786, 737.557, -210.114, 101.981, 82.643, -105.901
443, 230.000, -16.152, -74.306, 657.044, 436.466, -285.156, 2.000, 51.568, -123.158
443, 325.000,-4.427, -85.374, 5953.507, 407.354, -508.944, 101.981, 83.751, -141.327
444, 230.000, 77.959, -58.402, 763.634, 223.586, 265.324, 2.000, 65.565, -40.121
444, 325.000,93.134, -58.021, 5941.572, 746.573, -102.874, 101.984, 82.771, -97.846
445, 230.000, 58.952, 22.469, 595.456, 423.660, -411.665, 2.000, 45.229, -134.177
445, 325.000,72.879, 11.271, 5950.122, 569.464, -375.454, 101.981, 83.460, -123.397
446, 230.000, 1.563, 8.119, 460.146, -512.729, -478.433, 2.000, 33.271, 133.018
446, 630.000,-53.037, -36.371, 5608.338, -751.289, -579.589, 91.986, 80.397, 127.649
447, 230.000, -74.356, 22.533, 673.222, -499.357, 30.632, 2.000, 53.383, 86.490
447, 325.000,-91.894, 24.436, 5940.039, -757.880, 103.887, 101.981, 82.662, 82.195
448, 230.000, -24.770, 51.215, 478.269, -688.318, -31.633, 2.000, 34.765, 92.631
448, 325.000,-45.674, 51.639, 5939.989, -761.881, 72.555, 101.981, 82.658, 84.560
449, 230.000, -66.638, -0.824, 759.845, -298.631, 192.298, 2.000, 64.946, 57.221
449, 325.000,-77.072, 4.534, 5967.734, -465.427, 196.808, 101.981, 85.160, 67.079
450, 230.000, -72.131, 7.587, 247.454, 235.553, 766.032, 2.000, 17.159, -17.093
450, 325.000,-67.493, 31.099, 5932.934, 63.441, 815.754, 101.981, 82.148, -4.447
451, 230.000, 1.669, -62.727, 492.527, 574.004, 362.574, 2.000, 35.959, -57.721
451, 325.000,18.525, -53.733, 5954.227, 595.804, 247.755, 101.981, 83.815, -67.421
452, 230.000, -72.683, 67.483, 90.181, 743.340, -377.938, 2.000, 6.172, -116.950
452, 325.000,-58.508, 63.415, 5977.554, 367.012, -10.005, 101.972, 86.485, -91.562
453, 230.000, -57.743, 50.991, 137.819, 545.900, -621.710, 2.000, 9.457, -138.715
453, 325.000,-42.771, 33.470, 5950.129, 432.738, -527.116, 101.981, 83.461, -140.616
454, 230.000, 34.355, -66.689, 563.587, -393.014, 481.075, 2.000, 42.216, 39.247
454, 325.000,24.132, -54.954, 5970.405, -326.319, 341.957, 101.981, 85.473, 43.659
455, 230.000, 95.713, -3.121, 90.386, 492.603, 672.827, 2.000, 6.186, -36.209
455, 325.000,124.355, 16.825, 5816.706, 1244.442, 698.490, 101.985, 76.215, -60.695
456, 230.000, -5.069, -5.206, 437.722, -630.643, 337.953, 2.000, 31.458, 61.814
456, 325.000,-24.122, 4.814, 5937.072, -706.713, 348.112, 101.982, 82.442, 63.776
457, 230.000, -79.301, -18.504, 686.200, 74.228, -476.595, 2.000, 54.896, -171.147
457, 325.000,-80.859, -32.750, 5960.775, -174.448, -554.961, 101.981, 84.426, 162.550
458, 230.000, -84.333, -47.063, 21.323, 454.936, 704.346, 2.000, 1.457, -32.858
458, 325.000,-77.208, -29.539, 5965.204, 89.366, 526.129, 101.979, 84.888, -9.640
459, 230.000, -61.681, 70.017, 652.821, -493.090, 184.963, 2.000, 51.106, 69.438
459, 325.000,-81.536, 82.061, 5895.782, -870.636, 592.795, 101.982, 79.871, 55.750
460, 230.000, -59.748, -34.326, 607.948, 47.676, -575.891, 2.000, 46.453, -175.267
460, 325.000,-60.386, -51.994, 5949.300, -99.050, -682.072, 101.981, 83.392, 171.737
461, 230.000, -43.741, 26.452, 68.013, -314.779, 774.475, 2.000, 4.651, 22.119
461, 325.000,-54.860, 51.601, 5912.363, -418.372, 859.152, 101.981, 80.819, 25.964
462, 230.000, 48.418, -53.795, 43.004, -156.053, -822.996, 2.000, 2.939, 169.263
462, 325.000,45.629, -81.990, 5900.417, -16.920, -1026.658, 101.981, 80.128, 179.056
463, 230.000, -89.671, 3.243, 277.839, -251.750, -750.301, 2.000, 19.345, 161.452
463, 325.000,-104.124, -18.812, 5898.055, -690.037, -778.536, 101.981, 79.997, 138.449
464, 230.000, -52.445, 58.146, 348.130, 676.208, 353.655, 2.000, 24.523, -62.391
464, 325.000,-34.457, 71.016, 5939.338, 555.922, 533.301, 101.981, 82.610, -46.190
465, 230.000, -15.269, -94.287, 774.180, 278.409, -163.271, 2.000, 67.369, -120.389
465, 325.000,-9.203, -108.151, 5942.330, 204.556, -718.785, 101.982, 82.832, -164.114
466, 230.000, 16.926, 62.667, 561.923, 319.607, -534.432, 2.000, 42.063, -149.119
466, 325.000,26.618, 48.852, 5962.979, 364.291, -423.505, 101.981, 84.648, -139.299
467, 230.000, 44.265, 23.140, 580.712, 96.005, 597.562, 2.000, 43.816, -9.127
467, 325.000,48.087, 40.997, 5949.905, 182.333, 659.233, 101.981, 83.442, -15.461
468, 230.000, -39.121, 86.490, 799.675, -250.224, 37.830, 2.000, 72.439, 81.403
468, 325.000,-49.637, 95.722, 5946.779, -481.492, 522.423, 101.980, 83.187, 42.665
469, 230.000, 40.054, 14.427, 792.124, 241.640, -132.942, 2.000, 70.803, -118.818
469, 325.000,47.638, 10.995, 5979.585, 318.328, -111.452, 101.981, 86.772, -109.296
470, 230.000, 9.322, 15.540, 755.980, -298.239, -207.538, 2.000, 64.330, 124.833
470, 630.000,-13.333, 8.441, 5681.258, -276.822, -27.205, 91.987, 87.197, 95.613
471, 230.000, -91.421, 2.481, 717.711, -423.583, -94.823, 2.000, 58.835, 102.618
471, 325.000,-110.808, 0.056, 5919.536, -906.048, -87.245, 101.981, 81.258, 95.500
472, 230.000, -32.911, -30.946, 199.433, -317.009, -750.504, 2.000, 13.755, 157.101
472, 325.000,-43.516, -54.901, 5917.458, -391.751, -836.321, 101.981, 81.130, 154.901
473, 230.000, -89.318, 4.036, 211.028, 368.573, 723.288, 2.000, 14.572, -27.002
473, 325.000,-83.675, 25.959, 5938.383, 42.715, 776.439, 101.980, 82.540, -3.149
474, 230.000, 44.031, -13.838, 620.696, 560.503, 64.011, 2.000, 47.733, -83.485
474, 325.000,61.170, -12.306, 5952.727, 657.719, 40.519, 101.981, 83.683, -86.475
475, 230.000, -62.039, 20.502, 636.387, 538.711, -91.245, 2.000, 49.352, -99.613
475, 325.000,-48.239, 18.421, 5973.381, 430.255, -52.716, 101.981, 85.849, -96.985
476, 230.000, 85.663, -40.457, 484.976, -334.032, -597.281, 2.000, 35.324, 150.784
476, 325.000,84.196, -61.253, 5926.901, 116.920, -853.097, 101.982, 81.734, -172.196
477, 230.000, -1.265, 88.818, 278.479, -364.281, -702.334, 2.000, 19.391, 152.586
477, 325.000,-12.139, 72.441, 5960.460, -385.053, -440.128, 101.980, 84.397, 138.818
478, 230.000, 56.318, 26.783, 25.393, -432.300, -718.329, 2.000, 1.735, 148.960
478, 325.000,44.017, 4.703, 5939.449, -336.797, -691.878, 101.981, 82.618, 154.044
479, 230.000, -43.312, -21.932, 131.957, -435.519, 704.581, 2.000, 9.052, 31.721
479, 325.000,-57.918, -0.438, 5925.768, -530.632, 687.676, 101.981, 81.661, 37.655
480, 230.000, 99.552, -1.451, 479.652, 16.854, 687.877, 2.000, 34.880, -1.404
480, 325.000,118.463, 17.574, 5871.278, 943.367, 718.113, 102.004, 78.584, -52.721
481, 230.000, -23.631, 72.972, 778.967, 137.534, 278.960, 2.000, 68.234, -26.244
481, 325.000,-20.763, 83.667, 5967.708, 74.595, 500.108, 101.981, 85.157, -8.484
482, 230.000, 74.856, -35.283, 285.953, -105.710, 781.396, 2.000, 19.933, 7.704
482, 325.000,74.958, -13.454, 5945.760, 113.076, 710.142, 101.981, 83.104, -9.047
483, 230.000, 87.499, 43.625, 419.958, -725.059, -38.060, 2.000, 30.045, 93.005
483, 325.000,75.305, 46.676, 5978.843, -286.128, 198.392, 101.977, 86.667, 55.264
484, 230.000, -14.288, 48.460, 820.256, -24.989, -173.434, 2.000, 77.942, 171.801
484, 325.000,-15.288, 44.660, 5988.179, -51.497, -90.819, 101.981, 89.001, 150.445
485, 230.000, 41.665, -5.521, 768.037, 177.111, -286.837, 2.000, 66.302, -148.306
485, 325.000,47.494, -13.703, 5975.917, 254.735, -304.493, 101.981, 86.199, -140.085
486, 230.000, -21.388, 3.989, 704.861, -326.636, 316.234, 2.000, 57.178, 45.927
486, 325.000,-31.142, 13.099, 5967.167, -385.172, 337.332, 101.981, 85.096, 48.788
487, 230.000, -49.180, 80.146, 676.294, 451.699, 205.226, 2.000, 53.736, -65.566
487, 325.000,-40.838, 92.627, 5952.190, 224.400, 624.429, 101.980, 83.639, -19.767
488, 230.000, -37.030, -45.487, 497.212, -661.479, -136.929, 2.000, 36.355, 101.695
488, 325.000,-57.489, -50.811, 5934.980, -765.968, -241.891, 101.981, 82.292, 107.526
489, 230.000, -29.492, -33.503, 144.909, 386.064, -730.397, 2.000, 9.949, -152.141
489, 325.000,-18.124, -57.049, 5923.174, 344.880, -816.250, 101.981, 81.492, -157.095
490, 230.000, 16.160, -58.666, 143.936, 773.151, -291.624, 2.000, 9.881, -110.666
490, 325.000,40.680, -69.575, 5913.122, 842.200, -441.472, 101.981, 80.864, -117.663
491, 230.000, -19.222, -9.380, 448.832, 642.441, -298.903, 2.000, 32.351, -114.951
491, 630.000,32.439, -50.893, 5619.559, 627.352, -621.425, 92.001, 81.070, -134.728
492, 230.000, 42.376, -86.160, 104.772, 347.539, -756.150, 2.000, 7.176, -155.316
492, 325.000,60.353, -124.227, 5740.765, 732.467, -1542.436, 101.989, 73.436, -154.598
493, 230.000, 1.828, 30.349, 386.424, 719.422, -191.395, 2.000, 27.433, -104.898
493, 325.000,23.514, 25.218, 5939.986, 753.275, -135.381, 101.981, 82.658, -100.189
494, 230.000, 14.376, -77.398, 274.562, 783.315, -120.653, 2.000, 19.107, -98.756
494, 325.000,38.655, -84.760, 5913.714, 867.811, -379.638, 101.981, 80.900, -113.628
495, 230.000, -49.963, 26.381, 391.211, 724.897, -158.120, 2.000, 27.802, -102.305
495, 325.000,-29.449, 22.261, 5952.626, 650.506, -110.681, 101.981, 83.675, -99.656
496, 230.000, 14.434, 87.591, 58.619, 666.362, 506.013, 2.000, 4.008, -52.788
496, 325.000,36.314, 111.088, 5852.512, 786.346, 999.649, 101.982, 77.739, -38.189
497, 230.000, 45.334, 5.521, 248.324, -307.203, 739.922, 2.000, 17.221, 22.547
497, 325.000,36.893, 28.330, 5934.134, -234.850, 774.655, 101.981, 82.232, 16.866
498, 230.000, -17.672, -96.323, 440.205, 383.337, 602.325, 2.000, 31.657, -32.474
498, 325.000,-8.598, -88.681, 5980.312, 305.927, 99.463, 101.976, 86.921, -71.990
499, 230.000, -61.022, -43.532, 480.420, -494.154, -478.051, 2.000, 34.944, 134.051
499, 325.000,-78.296, -59.524, 5912.224, -711.771, -638.938, 101.981, 80.810, 131.913
500, 230.000, -3.363, 1.098, 491.017, 527.468, -429.189, 2.000, 35.832, -129.134
500, 630.000,50.907, -44.642, 5604.571, 738.186, -630.367, 91.985, 80.174, -130.495
