0, 0.00054857990946, -1, 230.000000, -80.315782, -30.056954, 89.313334, 47.094264, 2.000000, 1, 0
0, 0.00054857990946, -1, 230.000000, 50.488046, 54.793011, -36.044496, 18.726722, 2.000000, 1, 0
0, 0.00054857990946, -1, 230.000000, 8.451136, -24.847154, 168.010804, 55.703839, 2.000000, 1, 0
0, 0.00054857990946, -1, 230.000000, -14.958301, 68.877080, -128.310495, 1.117415, 2.000000, 1, 0
0, 0.00054857990946, -1, 230.000000, 17.898920, 28.876265, -124.838710, 23.483201, 2.000000, 1, 0
0, 0.00054857990946, -1, 230.000000, 61.653080, 42.876720, 131.326334, 10.577704, 2.000000, 1, 0
0, 0.00054857990946, -1, 230.000000, 20.268163, 26.682907, 149.256569, 40.581766, 2.000000, 1, 0
0, 0.00054857990946, -1, 230.000000, 77.221540, 57.273728, 174.591815, 30.991325, 2.000000, 1, 0
0, 0.00054857990946, -1, 230.000000, 3.134516, 91.928348, 143.202918, 36.036840, 2.000000, 1, 0
0, 0.00054857990946, -1, 230.000000, -80.949943, 30.808549, 64.252754, 25.121739, 2.000000, 1, 0
0, 0.00054857990946, -1, 230.000000, 96.798363, -17.965396, -91.054720, 10.090691, 2.000000, 1, 0
0, 0.00054857990946, -1, 230.000000, 91.716863, -7.703569, 141.258278, 21.879854, 2.000000, 1, 0
0, 0.00054857990946, -1, 230.000000, 93.428331, 26.222760, -113.104953, 59.259680, 2.000000, 1, 0
0, 0.00054857990946, -1, 230.000000, -87.131459, -38.594064, -3.337199, 35.698073, 2.000000, 1, 0
0, 0.00054857990946, -1, 230.000000, -30.490785, -70.967425, 80.556963, 28.448159, 2.000000, 1, 0
0, 0.00054857990946, -1, 230.000000, -33.169955, 53.136794, 8.770104, 7.768247, 2.000000, 1, 0
0, 0.00054857990946, -1, 230.000000, 55.016783, 17.302194, -4.007385, 31.703844, 2.000000, 1, 0
0, 0.00054857990946, -1, 230.000000, -2.796602, 16.859453, 45.070040, 25.123671, 2.000000, 1, 0
0, 0.00054857990946, -1, 230.000000, 9.538514, -95.947227, 66.406140, 55.431701, 2.000000, 1, 0
0, 0.00054857990946, -1, 230.000000, 17.276737, -95.772248, 9.319437, 0.403926, 2.000000, 1, 0
0, 0.00054857990946, -1, 230.000000, -69.784233, -70.961634, -118.378552, 32.051841, 2.000000, 1, 0
0, 0.00054857990946, -1, 230.000000, -55.537551, 34.465440, 73.569445, 54.241487, 2.000000, 1, 0
0, 0.00054857990946, -1, 230.000000, -6.098206, 5.979224, 62.637715, 33.663043, 2.000000, 1, 0
0, 0.00054857990946, -1, 230.000000, 7.115855, -52.713714, -124.827723, 46.881508, 2.000000, 1, 0
0, 0.00054857990946, -1, 230.000000, -13.994941, -18.223936, -138.813746, 18.972462, 2.000000, 1, 0
0, 0.00054857990946, -1, 230.000000, -91.352691, 16.927521, -81.188696, 35.633505, 2.000000, 1, 0
0, 0.00054857990946, -1, 230.000000, 31.122557, -0.590889, -155.777154, 71.840721, 2.000000, 1, 0
0, 0.00054857990946, -1, 230.000000, -2.251629, 82.526534, 143.609424, 27.231996, 2.000000, 1, 0
0, 0.00054857990946, -1, 230.000000, 77.823451, 58.510470, -56.545610, 47.722109, 2.000000, 1, 0
0, 0.00054857990946, -1, 230.000000, 7.552562, 81.525146, -24.947966, 25.204812, 2.000000, 1, 0
0, 0.00054857990946, -1, 230.000000, 86.837623, 25.544695, 69.932859, 6.351610, 2.000000, 1, 0
0, 0.00054857990946, -1, 230.000000, -1.488625, 24.286685, -137.912839, 39.119483, 2.000000, 1, 0
0, 0.00054857990946, -1, 230.000000, -2.451693, -72.105660, 53.507797, 59.527564, 2.000000, 1, 0
0, 0.00054857990946, -1, 230.000000, -73.927083, 57.684263, -20.893887, 48.926575, 2.000000, 1, 0
0, 0.00054857990946, -1, 230.000000, -52.308405, -1.781069, -12.598956, 55.959139, 2.000000, 1, 0
0, 0.00054857990946, -1, 230.000000, -29.334281, -7.662732, 53.057344, 58.535290, 2.000000, 1, 0
0, 0.00054857990946, -1, 230.000000, -13.065973, -37.274476, -102.239143, 65.341512, 2.000000, 1, 0
0, 0.00054857990946, -1, 230.000000, 27.754571, 51.548206, -44.614093, 35.362884, 2.000000, 1, 0
0, 0.00054857990946, -1, 230.000000, -38.553049, -12.274984, 178.096561, 27.740534, 2.000000, 1, 0
0, 0.00054857990946, -1, 230.000000, 19.477792, 55.007917, -20.882900, 49.796466, 2.000000, 1, 0
0, 0.00054857990946, -1, 230.000000, 82.085580, 48.180672, -91.054720, 5.984028, 2.000000, 1, 0
0, 0.00054857990946, -1, 230.000000, 87.675103, -30.370180, 80.864589, 22.789145, 2.000000, 1, 0
0, 0.00054857990946, -1, 230.000000, 49.623866, 82.082774, -97.712638, 55.669718, 2.000000, 1, 0
0, 0.00054857990946, -1, 230.000000, -17.028089, 58.874972, -112.116153, 66.284708, 2.000000, 1, 0
0, 0.00054857990946, -1, 230.000000, -40.855988, -66.781887, 31.127964, 33.555965, 2.000000, 1, 0
0, 0.00054857990946, -1, 230.000000, 41.563362, -36.512851, -169.906003, 0.916296, 2.000000, 1, 0
0, 0.00054857990946, -1, 230.000000, 14.260222, -89.859845, -155.930967, 1.866067, 2.000000, 1, 0
0, 0.00054857990946, -1, 230.000000, -94.988558, -1.648567, 157.090060, 40.365694, 2.000000, 1, 0
0, 0.00054857990946, -1, 230.000000, -17.331173, 7.345090, -55.282144, 6.578621, 2.000000, 1, 0
0, 0.00054857990946, -1, 230.000000, -80.626797, -31.271078, 0.200507, 31.718232, 2.000000, 1, 0
0, 0.00054857990946, -1, 230.000000, 27.382771, -27.489306, 176.382641, 23.721728, 2.000000, 1, 0
0, 0.00054857990946, -1, 230.000000, -25.950019, -90.502473, 79.535203, 74.059345, 2.000000, 1, 0
0, 0.00054857990946, -1, 230.000000, -23.204126, 95.883346, 11.439863, 16.313471, 2.000000, 1, 0
0, 0.00054857990946, -1, 230.000000, -68.093977, -33.827970, 55.924863, 4.426566, 2.000000, 1, 0
0, 0.00054857990946, -1, 230.000000, -31.547865, -39.458778, 65.999634, 18.638121, 2.000000, 1, 0
0, 0.00054857990946, -1, 230.000000, -54.490074, -61.662620, -111.907407, 23.307921, 2.000000, 1, 0
0, 0.00054857990946, -1, 230.000000, -50.224545, -37.347703, 59.352702, 2.795343, 2.000000, 1, 0
0, 0.00054857990946, -1, 230.000000, 28.155276, 74.612550, 154.541154, 53.665008, 2.000000, 1, 0
0, 0.00054857990946, -1, 230.000000, -76.790939, -38.424257, 58.517716, 6.464223, 2.000000, 1, 0
0, 0.00054857990946, -1, 230.000000, -36.611551, 1.647392, -99.283731, 64.265382, 2.000000, 1, 0
0, 0.00054857990946, -1, 230.000000, 56.889853, -47.332826, -32.188177, 52.762720, 2.000000, 1, 0
0, 0.00054857990946, -1, 230.000000, 56.188979, -13.105633, -69.092380, 44.083020, 2.000000, 1, 0
0, 0.00054857990946, -1, 230.000000, 59.121506, 44.307879, 143.345744, 68.093388, 2.000000, 1, 0
0, 0.00054857990946, -1, 230.000000, -76.628830, -40.649243, 25.436872, 45.612182, 2.000000, 1, 0
0, 0.00054857990946, -1, 230.000000, -28.957630, 17.270500, -107.446821, 9.012591, 2.000000, 1, 0
0, 0.00054857990946, -1, 230.000000, -47.906570, 74.030172, 162.506485, 27.194637, 2.000000, 1, 0
0, 0.00054857990946, -1, 230.000000, 4.740150, 32.567359, -21.278420, 37.224373, 2.000000, 1, 0
0, 0.00054857990946, -1, 230.000000, 74.203396, -48.479231, -14.631489, 13.711743, 2.000000, 1, 0
0, 0.00054857990946, -1, 230.000000, 22.416706, -50.315420, 130.590228, 63.514448, 2.000000, 1, 0
0, 0.00054857990946, -1, 230.000000, -37.550031, 87.167331, 114.329966, 23.488921, 2.000000, 1, 0
0, 0.00054857990946, -1, 230.000000, 44.366872, 50.881329, -163.237098, 33.520302, 2.000000, 1, 0
0, 0.00054857990946, -1, 230.000000, 35.271308, -49.840505, -96.284371, 64.826839, 2.000000, 1, 0
0, 0.00054857990946, -1, 230.000000, -7.119545, -99.571688, -94.691305, 51.419395, 2.000000, 1, 0
0, 0.00054857990946, -1, 230.000000, 74.861830, 14.325146, -76.013977, 17.701374, 2.000000, 1, 0
0, 0.00054857990946, -1, 230.000000, 28.906239, -51.397552, 108.320261, 38.404129, 2.000000, 1, 0
0, 0.00054857990946, -1, 230.000000, -8.605151, -80.956539, 168.724937, 3.877817, 2.000000, 1, 0
0, 0.00054857990946, -1, 230.000000, -88.279485, 29.042566, 111.396527, 27.906616, 2.000000, 1, 0
0, 0.00054857990946, -1, 230.000000, -76.099096, 43.507218, 106.672262, 17.862970, 2.000000, 1, 0
0, 0.00054857990946, -1, 230.000000, 2.413668, -62.984711, 88.159734, 79.036920, 2.000000, 1, 0
0, 0.00054857990946, -1, 230.000000, -96.834981, 3.594643, -141.241798, 59.448352, 2.000000, 1, 0
0, 0.00054857990946, -1, 230.000000, -68.888074, 13.052001, -60.138249, 21.173085, 2.000000, 1, 0
0, 0.00054857990946, -1, 230.000000, 30.819939, -71.828452, -19.861141, 49.858810, 2.000000, 1, 0
0, 0.00054857990946, -1, 230.000000, -38.247902, 22.307107, -0.162053, 85.659027, 2.000000, 1, 0
0, 0.00054857990946, -1, 230.000000, -17.439216, 84.510857, -152.766808, 4.807244, 2.000000, 1, 0
0, 0.00054857990946, -1, 230.000000, 22.432899, 67.652614, -16.927702, 29.950545, 2.000000, 1, 0
0, 0.00054857990946, -1, 230.000000, -63.485014, -41.885994, 49.717399, 7.743540, 2.000000, 1, 0
0, 0.00054857990946, -1, 230.000000, 66.195078, 2.984907, 140.741905, 5.674678, 2.000000, 1, 0
0, 0.00054857990946, -1, 230.000000, 7.260814, 4.948980, 147.641530, 4.074131, 2.000000, 1, 0
0, 0.00054857990946, -1, 230.000000, -81.909274, -18.897793, -60.292062, 25.220274, 2.000000, 1, 0
0, 0.00054857990946, -1, 230.000000, 15.206417, -75.182633, 73.338725, 58.175341, 2.000000, 1, 0
0, 0.00054857990946, -1, 230.000000, 21.652320, 5.574066, 27.084872, 41.460156, 2.000000, 1, 0
0, 0.00054857990946, -1, 230.000000, -33.048797, 23.845216, 138.577532, 34.779621, 2.000000, 1, 0
0, 0.00054857990946, -1, 230.000000, -41.439425, -2.151364, -80.243843, 3.814726, 2.000000, 1, 0
0, 0.00054857990946, -1, 230.000000, -12.433010, -33.858888, 6.495865, 11.006701, 2.000000, 1, 0
0, 0.00054857990946, -1, 230.000000, 53.954533, -12.181501, 58.913236, 61.646192, 2.000000, 1, 0
0, 0.00054857990946, -1, 230.000000, 4.067240, -53.903663, -131.298868, 38.063536, 2.000000, 1, 0
0, 0.00054857990946, -1, 230.000000, 50.205814, -39.167147, -50.437025, 36.956939, 2.000000, 1, 0
0, 0.00054857990946, -1, 230.000000, -59.397274, -19.427235, -132.749107, 9.490932, 2.000000, 1, 0
0, 0.00054857990946, -1, 230.000000, 27.413013, -94.205493, -54.897610, 39.744320, 2.000000, 1, 0
0, 0.00054857990946, -1, 230.000000, -45.538366, 10.524832, -78.266243, 23.960692, 2.000000, 1, 0
0, 0.00054857990946, -1, 230.000000, 39.666153, -53.939412, -163.193152, 19.972139, 2.000000, 1, 0
0, 0.00054857990946, -1, 230.000000, 48.663350, 37.664506, -38.747215, 22.176000, 2.000000, 1, 0
0, 0.00054857990946, -1, 230.000000, -5.732127, -61.298790, 8.352611, 23.275558, 2.000000, 1, 0
0, 0.00054857990946, -1, 230.000000, 53.338676, 61.431588, -158.490860, 9.966391, 2.000000, 1, 0
0, 0.00054857990946, -1, 230.000000, -8.922425, -2.002762, 115.439619, 37.228765, 2.000000, 1, 0
0, 0.00054857990946, -1, 230.000000, -2.799960, 22.374061, 26.755272, 65.387655, 2.000000, 1, 0
0, 0.00054857990946, -1, 230.000000, 26.272329, -75.762884, -29.804071, 2.627290, 2.000000, 1, 0
0, 0.00054857990946, -1, 230.000000, -43.024335, 40.518514, 156.903287, 3.632489, 2.000000, 1, 0
0, 0.00054857990946, -1, 230.000000, -8.576966, -75.975365, 110.803247, 36.136372, 2.000000, 1, 0
0, 0.00054857990946, -1, 230.000000, -3.848684, -65.893930, 179.535813, 10.958608, 2.000000, 1, 0
0, 0.00054857990946, -1, 230.000000, -80.329198, 22.454829, -104.007996, 53.919578, 2.000000, 1, 0
0, 0.00054857990946, -1, 230.000000, -29.214465, 23.859756, 86.896268, 0.573544, 2.000000, 1, 0
0, 0.00054857990946, -1, 230.000000, -76.224723, 10.330550, -35.451216, 14.461711, 2.000000, 1, 0
0, 0.00054857990946, -1, 230.000000, -63.067718, -60.105919, 57.990356, 61.058975, 2.000000, 1, 0
0, 0.00054857990946, -1, 230.000000, 13.576157, 66.207200, 59.913022, 5.291734, 2.000000, 1, 0
0, 0.00054857990946, -1, 230.000000, -34.409222, -20.944561, -74.464858, 37.466317, 2.000000, 1, 0
0, 0.00054857990946, -1, 230.000000, -26.374053, -64.499685, 139.643239, 9.792450, 2.000000, 1, 0
0, 0.00054857990946, -1, 230.000000, 72.017220, 22.436375, 128.085269, 45.930551, 2.000000, 1, 0
0, 0.00054857990946, -1, 230.000000, -29.095193, 92.998353, 89.983520, 22.123139, 2.000000, 1, 0
0, 0.00054857990946, -1, 230.000000, 11.561969, 94.975512, -173.048189, 82.061626, 2.000000, 1, 0
0, 0.00054857990946, -1, 230.000000, 15.804727, -92.905339, -154.601581, 26.196449, 2.000000, 1, 0
0, 0.00054857990946, -1, 230.000000, 37.664187, -84.801479, 108.353221, 26.696407, 2.000000, 1, 0
0, 0.00054857990946, -1, 230.000000, 10.619859, 64.366332, -86.956694, 4.761622, 2.000000, 1, 0
0, 0.00054857990946, -1, 230.000000, 60.712221, 22.105499, 30.347911, 44.493396, 2.000000, 1, 0
0, 0.00054857990946, -1, 230.000000, -19.408795, 82.126688, 142.422864, 32.382530, 2.000000, 1, 0
0, 0.00054857990946, -1, 230.000000, 44.995736, 1.346383, -85.088961, 40.241880, 2.000000, 1, 0
0, 0.00054857990946, -1, 230.000000, -67.875992, 17.203298, -20.234687, 26.855053, 2.000000, 1, 0
0, 0.00054857990946, -1, 230.000000, 43.751843, -35.753566, 5.001679, 34.820080, 2.000000, 1, 0
0, 0.00054857990946, -1, 230.000000, -53.346140, -4.424046, -152.294382, 10.362543, 2.000000, 1, 0
0, 0.00054857990946, -1, 230.000000, -75.210267, -54.155795, -113.511460, 37.726731, 2.000000, 1, 0
0, 0.00054857990946, -1, 230.000000, 46.355840, 11.197117, 49.651479, 24.603322, 2.000000, 1, 0
0, 0.00054857990946, -1, 230.000000, -4.029517, 17.168186, 115.274819, 36.483561, 2.000000, 1, 0
0, 0.00054857990946, -1, 230.000000, 48.417924, 49.680665, 79.502243, 13.459894, 2.000000, 1, 0
0, 0.00054857990946, -1, 230.000000, 69.882765, 65.472138, -70.685446, 14.459905, 2.000000, 1, 0
0, 0.00054857990946, -1, 230.000000, 25.843169, 50.738714, 136.028626, 28.599410, 2.000000, 1, 0
0, 0.00054857990946, -1, 230.000000, 59.365421, 70.420003, 45.619373, 53.353335, 2.000000, 1, 0
0, 0.00054857990946, -1, 230.000000, 29.358308, -86.370579, 162.451552, 33.953455, 2.000000, 1, 0
0, 0.00054857990946, -1, 230.000000, 2.345250, 64.089619, 102.277596, 69.535291, 2.000000, 1, 0
0, 0.00054857990946, -1, 230.000000, 36.870328, -24.616476, 11.022370, 35.741148, 2.000000, 1, 0
0, 0.00054857990946, -1, 230.000000, -10.575533, 25.403195, 105.540635, 7.875912, 2.000000, 1, 0
0, 0.00054857990946, -1, 230.000000, 43.215069, -69.243400, 12.494583, 64.443147, 2.000000, 1, 0
0, 0.00054857990946, -1, 230.000000, -61.212432, 27.183707, 121.800897, 23.607181, 2.000000, 1, 0
0, 0.00054857990946, -1, 230.000000, -9.439719, -32.358860, 150.662862, 85.054229, 2.000000, 1, 0
0, 0.00054857990946, -1, 230.000000, -5.283483, 38.775039, 14.636982, 19.188940, 2.000000, 1, 0
0, 0.00054857990946, -1, 230.000000, 11.673378, -46.122555, 1.903439, 49.875087, 2.000000, 1, 0
0, 0.00054857990946, -1, 230.000000, -54.028259, -20.231062, -53.117771, 36.301094, 2.000000, 1, 0
0, 0.00054857990946, -1, 230.000000, 44.205241, 35.772027, 159.726859, 9.909584, 2.000000, 1, 0
0, 0.00054857990946, -1, 230.000000, -28.544764, -83.582490, -152.404248, 50.294758, 2.000000, 1, 0
0, 0.00054857990946, -1, 230.000000, 77.265352, 44.676692, 104.266182, 16.125901, 2.000000, 1, 0
0, 0.00054857990946, -1, 230.000000, -82.592639, -9.007358, 4.122745, 34.253323, 2.000000, 1, 0
0, 0.00054857990946, -1, 230.000000, -23.436083, 34.953385, 76.854457, 39.571702, 2.000000, 1, 0
0, 0.00054857990946, -1, 230.000000, 14.761469, 13.755579, -100.843837, 22.838466, 2.000000, 1, 0
0, 0.00054857990946, -1, 230.000000, -52.477536, -74.259598, 119.526658, 4.542326, 2.000000, 1, 0
0, 0.00054857990946, -1, 230.000000, 54.527012, -54.508717, -27.321085, 19.801068, 2.000000, 1, 0
0, 0.00054857990946, -1, 230.000000, 48.331523, -14.520108, -120.466018, 59.287058, 2.000000, 1, 0
0, 0.00054857990946, -1, 230.000000, -70.876186, -16.366596, -170.861843, 31.759353, 2.000000, 1, 0
0, 0.00054857990946, -1, 230.000000, -22.747952, -7.975156, -101.074557, 10.807257, 2.000000, 1, 0
0, 0.00054857990946, -1, 230.000000, -82.031421, 13.481929, 89.313334, 52.679000, 2.000000, 1, 0
0, 0.00054857990946, -1, 230.000000, -60.892040, 34.457631, 69.042940, 7.313176, 2.000000, 1, 0
0, 0.00054857990946, -1, 230.000000, 66.399515, 18.225115, -32.539750, 54.334351, 2.000000, 1, 0
0, 0.00054857990946, -1, 230.000000, -65.577604, -46.630299, -69.949339, 61.287446, 2.000000, 1, 0
0, 0.00054857990946, -1, 230.000000, 51.964557, 23.082801, -66.675314, 32.163314, 2.000000, 1, 0
0, 0.00054857990946, -1, 230.000000, 11.186467, -53.002053, 95.509812, 24.845879, 2.000000, 1, 0
0, 0.00054857990946, -1, 230.000000, -89.195893, 26.191966, 99.124424, 2.107516, 2.000000, 1, 0
0, 0.00054857990946, -1, 230.000000, 53.365217, -9.017771, 121.822871, 33.576950, 2.000000, 1, 0
0, 0.00054857990946, -1, 230.000000, 74.909843, -30.861569, 91.631520, 48.568573, 2.000000, 1, 0
0, 0.00054857990946, -1, 230.000000, -17.324342, 80.741737, 22.876980, 16.687327, 2.000000, 1, 0
0, 0.00054857990946, -1, 230.000000, 69.096338, -30.867452, 49.179052, 1.552931, 2.000000, 1, 0
0, 0.00054857990946, -1, 230.000000, 40.359599, -44.224505, 29.479965, 38.800164, 2.000000, 1, 0
0, 0.00054857990946, -1, 230.000000, -87.880119, -17.507269, -136.297800, 6.990676, 2.000000, 1, 0
0, 0.00054857990946, -1, 230.000000, 61.982928, -12.119645, 33.940550, 46.086641, 2.000000, 1, 0
0, 0.00054857990946, -1, 230.000000, -53.431811, -44.412378, -92.230293, 31.537515, 2.000000, 1, 0
0, 0.00054857990946, -1, 230.000000, 81.748277, 57.529033, 159.595019, 22.937163, 2.000000, 1, 0
0, 0.00054857990946, -1, 230.000000, 87.074254, 43.538459, 6.594745, 42.237143, 2.000000, 1, 0
0, 0.00054857990946, -1, 230.000000, -9.698506, 17.975734, -64.697714, 1.741856, 2.000000, 1, 0
0, 0.00054857990946, -1, 230.000000, 17.578504, 76.241091, -104.886929, 2.951162, 2.000000, 1, 0
0, 0.00054857990946, -1, 230.000000, -6.378684, -53.119143, 35.039216, 62.897686, 2.000000, 1, 0
0, 0.00054857990946, -1, 230.000000, 21.181169, 65.427911, 79.952696, 40.512731, 2.000000, 1, 0
0, 0.00054857990946, -1, 230.000000, 37.249176, -21.844447, 102.398450, 46.142134, 2.000000, 1, 0
0, 0.00054857990946, -1, 230.000000, -17.327352, -45.666123, -133.485214, 53.256770, 2.000000, 1, 0
0, 0.00054857990946, -1, 230.000000, -13.329657, -56.019249, -139.923399, 53.774343, 2.000000, 1, 0
0, 0.00054857990946, -1, 230.000000, -25.359476, -13.652474, 110.979034, 23.714089, 2.000000, 1, 0
0, 0.00054857990946, -1, 230.000000, 70.529688, -12.294176, -95.515305, 21.383253, 2.000000, 1, 0
0, 0.00054857990946, -1, 230.000000, 8.315712, -13.205554, -102.645650, 29.906157, 2.000000, 1, 0
0, 0.00054857990946, -1, 230.000000, -64.171280, 4.010508, 25.228126, 18.889277, 2.000000, 1, 0
0, 0.00054857990946, -1, 230.000000, -94.039473, -21.222140, 99.465011, 14.627907, 2.000000, 1, 0
0, 0.00054857990946, -1, 230.000000, 90.241855, 33.702606, 89.653920, 28.466059, 2.000000, 1, 0
0, 0.00054857990946, -1, 230.000000, 33.012040, -18.079669, 148.070009, 16.346268, 2.000000, 1, 0
0, 0.00054857990946, -1, 230.000000, -20.753366, -24.027571, -107.611621, 0.388188, 2.000000, 1, 0
0, 0.00054857990946, -1, 230.000000, -36.553656, -77.620195, -117.202979, 21.904352, 2.000000, 1, 0
0, 0.00054857990946, -1, 230.000000, -42.219941, -71.827688, 129.843135, 23.022632, 2.000000, 1, 0
0, 0.00054857990946, -1, 230.000000, -17.665941, 60.514749, 9.220557, 35.112403, 2.000000, 1, 0
0, 0.00054857990946, -1, 230.000000, -60.985138, 8.384286, 179.766533, 42.616167, 2.000000, 1, 0
0, 0.00054857990946, -1, 230.000000, -94.420871, -18.114782, 80.897549, 41.350586, 2.000000, 1, 0
0, 0.00054857990946, -1, 230.000000, 47.079288, -57.414320, -114.214606, 7.775306, 2.000000, 1, 0
0, 0.00054857990946, -1, 230.000000, 57.427324, 16.881215, 126.404309, 75.276160, 2.000000, 1, 0
0, 0.00054857990946, -1, 230.000000, -17.647145, -86.186265, -53.106784, 16.661772, 2.000000, 1, 0
0, 0.00054857990946, -1, 230.000000, 56.016892, 65.093861, 161.308939, 37.728942, 2.000000, 1, 0
0, 0.00054857990946, -1, 230.000000, 70.423966, -58.891013, -167.939390, 17.754611, 2.000000, 1, 0
0, 0.00054857990946, -1, 230.000000, -56.281400, -39.873982, 105.298929, 4.693194, 2.000000, 1, 0
0, 0.00054857990946, -1, 230.000000, 64.271511, 25.475123, 59.649342, 52.532157, 2.000000, 1, 0
0, 0.00054857990946, -1, 230.000000, -15.294010, -58.559627, 104.134342, 11.420268, 2.000000, 1, 0
0, 0.00054857990946, -1, 230.000000, 34.109721, -72.412587, -157.930540, 69.893380, 2.000000, 1, 0
0, 0.00054857990946, -1, 230.000000, -27.130133, 37.063465, 176.701254, 27.117994, 2.000000, 1, 0
0, 0.00054857990946, -1, 230.000000, 35.685292, -58.899374, 175.207068, 2.109266, 2.000000, 1, 0
0, 0.00054857990946, -1, 230.000000, 1.741789, 27.097848, -92.944426, 47.703918, 2.000000, 1, 0
0, 0.00054857990946, -1, 230.000000, 51.673780, 77.694569, 133.040254, 23.262234, 2.000000, 1, 0
0, 0.00054857990946, -1, 230.000000, -11.450110, 38.319317, -18.575701, 24.380430, 2.000000, 1, 0
0, 0.00054857990946, -1, 230.000000, -55.217768, -59.753350, 47.102573, 37.647186, 2.000000, 1, 0
0, 0.00054857990946, -1, 230.000000, 39.045597, 40.934243, 170.318003, 51.469894, 2.000000, 1, 0
0, 0.00054857990946, -1, 230.000000, -64.731038, 13.296098, 51.046785, 12.912133, 2.000000, 1, 0
0, 0.00054857990946, -1, 230.000000, -25.022684, -34.033550, -124.575030, 69.822289, 2.000000, 1, 0
0, 0.00054857990946, -1, 230.000000, 81.747370, -55.948986, 110.187994, 47.833997, 2.000000, 1, 0
0, 0.00054857990946, -1, 230.000000, 34.728995, -87.581451, 161.770379, 76.133034, 2.000000, 1, 0
0, 0.00054857990946, -1, 230.000000, 58.690884, 4.419966, 95.982238, 2.503017, 2.000000, 1, 0
0, 0.00054857990946, -1, 230.000000, -69.846368, 13.817180, 74.679098, 33.789188, 2.000000, 1, 0
0, 0.00054857990946, -1, 230.000000, -53.863311, -49.837082, -94.361705, 9.173737, 2.000000, 1, 0
0, 0.00054857990946, -1, 230.000000, -5.669307, 5.625179, -158.161260, 67.661568, 2.000000, 1, 0
0, 0.00054857990946, -1, 230.000000, -59.245767, 69.638848, -13.455916, 24.714916, 2.000000, 1, 0
0, 0.00054857990946, -1, 230.000000, -21.272536, 92.222378, 160.287179, 11.563016, 2.000000, 1, 0
0, 0.00054857990946, -1, 230.000000, 56.072483, -64.530180, 105.947142, 77.908150, 2.000000, 1, 0
0, 0.00054857990946, -1, 230.000000, 21.135670, 65.847088, 88.500320, 6.532859, 2.000000, 1, 0
0, 0.00054857990946, -1, 230.000000, 69.045113, 13.500528, -34.704123, 46.677237, 2.000000, 1, 0
0, 0.00054857990946, -1, 230.000000, -12.426360, -84.522702, 23.382366, 5.372518, 2.000000, 1, 0
0, 0.00054857990946, -1, 230.000000, -60.519724, 7.258536, -140.044252, 34.359165, 2.000000, 1, 0
0, 0.00054857990946, -1, 230.000000, -81.468197, -37.269232, 42.334361, 46.989062, 2.000000, 1, 0
0, 0.00054857990946, -1, 230.000000, 51.872029, 34.993030, -56.402783, 2.641294, 2.000000, 1, 0
0, 0.00054857990946, -1, 230.000000, 25.442039, 29.887740, 90.225227, 38.317160, 2.000000, 1, 0
0, 0.00054857990946, -1, 230.000000, -33.926624, -83.656092, -102.162236, 24.720691, 2.000000, 1, 0
0, 0.00054857990946, -1, 230.000000, -15.403283, 52.651392, -148.503983, 34.796654, 2.000000, 1, 0
0, 0.00054857990946, -1, 230.000000, 18.814237, -40.241164, 86.665548, 0.940779, 2.000000, 1, 0
0, 0.00054857990946, -1, 230.000000, 10.628113, 43.209769, 107.122715, 11.586219, 2.000000, 1, 0
0, 0.00054857990946, -1, 230.000000, -7.557572, -27.488016, -123.926817, 2.525770, 2.000000, 1, 0
0, 0.00054857990946, -1, 230.000000, -30.499048, 38.615368, 176.712241, 64.172914, 2.000000, 1, 0
0, 0.00054857990946, -1, 230.000000, -12.827102, 54.416644, -41.493881, 46.420442, 2.000000, 1, 0
0, 0.00054857990946, -1, 230.000000, -72.530591, -61.233962, 85.468001, 9.767609, 2.000000, 1, 0
0, 0.00054857990946, -1, 230.000000, -73.972616, 65.932370, 42.477187, 55.874892, 2.000000, 1, 0
0, 0.00054857990946, -1, 230.000000, -98.171402, -5.908664, -103.711356, 19.710029, 2.000000, 1, 0
0, 0.00054857990946, -1, 230.000000, 99.018046, 10.251427, -172.993255, 35.050437, 2.000000, 1, 0
0, 0.00054857990946, -1, 230.000000, -54.313536, -37.702932, 166.725364, 40.317517, 2.000000, 1, 0
0, 0.00054857990946, -1, 230.000000, 20.606654, -44.902519, 21.207007, 65.628072, 2.000000, 1, 0
0, 0.00054857990946, -1, 230.000000, 10.639930, -5.768945, -68.905606, 46.412833, 2.000000, 1, 0
0, 0.00054857990946, -1, 230.000000, -56.866140, -37.581645, 168.823817, 9.421798, 2.000000, 1, 0
0, 0.00054857990946, -1, 230.000000, -29.735657, -38.968101, 127.448042, 24.557174, 2.000000, 1, 0
0, 0.00054857990946, -1, 230.000000, 79.480245, -6.737176, 117.735832, 3.767411, 2.000000, 1, 0
0, 0.00054857990946, -1, 230.000000, 12.272689, -47.948950, -130.375988, 0.181853, 2.000000, 1, 0
0, 0.00054857990946, -1, 230.000000, -6.624650, 25.485183, 94.488052, 9.129459, 2.000000, 1, 0
0, 0.00054857990946, -1, 230.000000, 30.810318, 18.475716, -35.736869, 52.676116, 2.000000, 1, 0
0, 0.00054857990946, -1, 230.000000, -20.343610, 22.642426, 103.859676, 34.796654, 2.000000, 1, 0
0, 0.00054857990946, -1, 230.000000, 96.984324, -15.987203, -7.105625, 5.182867, 2.000000, 1, 0
0, 0.00054857990946, -1, 230.000000, -19.663981, -57.506374, 93.334452, 9.698419, 2.000000, 1, 0
0, 0.00054857990946, -1, 230.000000, -15.629433, -63.833379, 118.889431, 31.181213, 2.000000, 1, 0
0, 0.00054857990946, -1, 230.000000, -84.385668, -35.591659, 162.715232, 4.866908, 2.000000, 1, 0
0, 0.00054857990946, -1, 230.000000, -18.197426, -15.847614, 59.539476, 48.751233, 2.000000, 1, 0
0, 0.00054857990946, -1, 230.000000, -29.078610, 44.485081, 98.542131, 38.379589, 2.000000, 1, 0
0, 0.00054857990946, -1, 230.000000, -28.843091, 16.955679, -96.899625, 37.026995, 2.000000, 1, 0
0, 0.00054857990946, -1, 230.000000, 65.864175, -28.654224, 33.753777, 31.553930, 2.000000, 1, 0
0, 0.00054857990946, -1, 230.000000, 1.774944, -31.370740, -109.248634, 28.579496, 2.000000, 1, 0
0, 0.00054857990946, -1, 230.000000, -18.421373, 41.337032, 72.108219, 39.560361, 2.000000, 1, 0
0, 0.00054857990946, -1, 230.000000, 34.429069, -87.955188, -116.258126, 13.280165, 2.000000, 1, 0
0, 0.00054857990946, -1, 230.000000, 12.417552, 53.951629, -42.229987, 68.725400, 2.000000, 1, 0
0, 0.00054857990946, -1, 230.000000, 69.701060, -3.906786, -44.701987, 21.116840, 2.000000, 1, 0
0, 0.00054857990946, -1, 230.000000, 30.293053, -21.101838, -130.156255, 64.958710, 2.000000, 1, 0
0, 0.00054857990946, -1, 230.000000, 36.794573, -49.475753, -52.238838, 38.210263, 2.000000, 1, 0
0, 0.00054857990946, -1, 230.000000, 15.771563, 18.462812, -178.113041, 21.236854, 2.000000, 1, 0
0, 0.00054857990946, -1, 230.000000, 71.775820, 23.620746, 154.552141, 74.245036, 2.000000, 1, 0
0, 0.00054857990946, -1, 230.000000, 28.911085, 84.947941, -173.575549, 34.118040, 2.000000, 1, 0
0, 0.00054857990946, -1, 230.000000, -43.282863, 7.840108, -112.797327, 64.024803, 2.000000, 1, 0
0, 0.00054857990946, -1, 230.000000, 58.456707, 26.654114, 104.529862, 48.336567, 2.000000, 1, 0
0, 0.00054857990946, -1, 230.000000, -85.099031, 21.134876, 47.421186, 11.498770, 2.000000, 1, 0
0, 0.00054857990946, -1, 230.000000, -7.578154, -88.744312, -99.679250, 3.026454, 2.000000, 1, 0
0, 0.00054857990946, -1, 230.000000, 10.165297, 27.206586, -15.883969, 81.311809, 2.000000, 1, 0
0, 0.00054857990946, -1, 230.000000, -69.762983, -66.079507, -59.522996, 50.781727, 2.000000, 1, 0
0, 0.00054857990946, -1, 230.000000, 47.059822, 68.993284, 155.431074, 12.132958, 2.000000, 1, 0
0, 0.00054857990946, -1, 230.000000, 59.509114, 55.390062, -101.162450, 1.498705, 2.000000, 1, 0
0, 0.00054857990946, -1, 230.000000, 1.894800, -25.371388, 155.727714, 27.817612, 2.000000, 1, 0
0, 0.00054857990946, -1, 230.000000, -9.996173, 42.081601, -134.155400, 49.872374, 2.000000, 1, 0
0, 0.00054857990946, -1, 230.000000, 44.752668, 30.869343, 27.667165, 13.512041, 2.000000, 1, 0
0, 0.00054857990946, -1, 230.000000, -17.597067, -20.255243, 63.121128, 11.179543, 2.000000, 1, 0
0, 0.00054857990946, -1, 230.000000, 8.573170, -72.390494, 179.250160, 26.751223, 2.000000, 1, 0
0, 0.00054857990946, -1, 230.000000, 91.123676, 36.909321, -116.961272, 32.805923, 2.000000, 1, 0
0, 0.00054857990946, -1, 230.000000, 81.787477, -52.943184, -94.207892, 28.890585, 2.000000, 1, 0
0, 0.00054857990946, -1, 230.000000, 74.281973, -60.583795, -146.844996, 12.249238, 2.000000, 1, 0
0, 0.00054857990946, -1, 230.000000, -9.946595, 61.721720, -82.990509, 27.882875, 2.000000, 1, 0
0, 0.00054857990946, -1, 230.000000, 51.698703, 21.904478, 45.817133, 18.203169, 2.000000, 1, 0
0, 0.00054857990946, -1, 230.000000, -78.522031, 0.745337, -130.936308, 1.234594, 2.000000, 1, 0
0, 0.00054857990946, -1, 230.000000, -60.104802, 29.329260, -27.310099, 33.751325, 2.000000, 1, 0
0, 0.00054857990946, -1, 230.000000, -39.857008, 15.979588, -98.536637, 19.585631, 2.000000, 1, 0
0, 0.00054857990946, -1, 230.000000, 41.552236, 72.801053, -35.725883, 32.562850, 2.000000, 1, 0
0, 0.00054857990946, -1, 230.000000, -41.312235, -88.471926, 59.275796, 39.533150, 2.000000, 1, 0
0, 0.00054857990946, -1, 230.000000, -37.625785, 49.015008, 74.404431, 23.085344, 2.000000, 1, 0
0, 0.00054857990946, -1, 230.000000, 29.768236, 35.283985, 120.043031, 1.759350, 2.000000, 1, 0
0, 0.00054857990946, -1, 230.000000, -26.893021, -25.877214, 109.825434, 54.295383, 2.000000, 1, 0
0, 0.00054857990946, -1, 230.000000, 21.354015, -62.585967, -174.135868, 45.657195, 2.000000, 1, 0
0, 0.00054857990946, -1, 230.000000, 21.967597, -4.479345, 64.714194, 27.255597, 2.000000, 1, 0
0, 0.00054857990946, -1, 230.000000, -66.851676, -46.463569, -119.642018, 34.700889, 2.000000, 1, 0
0, 0.00054857990946, -1, 230.000000, -23.755149, -49.528355, -119.795831, 47.091696, 2.000000, 1, 0
0, 0.00054857990946, -1, 230.000000, -48.118388, 51.177715, 110.770287, 6.851524, 2.000000, 1, 0
0, 0.00054857990946, -1, 230.000000, -52.307767, 48.528293, -31.100497, 68.889858, 2.000000, 1, 0
0, 0.00054857990946, -1, 230.000000, 85.266129, 4.500443, -164.983978, 61.422407, 2.000000, 1, 0
0, 0.00054857990946, -1, 230.000000, 16.867327, 79.315896, -15.532395, 51.162156, 2.000000, 1, 0
0, 0.00054857990946, -1, 230.000000, -36.604652, -69.656298, 73.591418, 3.455544, 2.000000, 1, 0
0, 0.00054857990946, -1, 230.000000, 50.243500, 64.486696, 156.090274, 18.350488, 2.000000, 1, 0
0, 0.00054857990946, -1, 230.000000, 44.373449, 73.845098, 46.740013, 42.192285, 2.000000, 1, 0
0, 0.00054857990946, -1, 230.000000, -51.182590, 57.296836, 148.037049, 10.764536, 2.000000, 1, 0
0, 0.00054857990946, -1, 230.000000, -59.856717, 38.836467, -163.566698, 76.959766, 2.000000, 1, 0
0, 0.00054857990946, -1, 230.000000, 45.610435, -45.630118, 124.206977, 17.169863, 2.000000, 1, 0
0, 0.00054857990946, -1, 230.000000, 48.336947, 24.238769, -146.636250, 19.035341, 2.000000, 1, 0
0, 0.00054857990946, -1, 230.000000, 48.096629, 54.144486, 57.627796, 55.305548, 2.000000, 1, 0
0, 0.00054857990946, -1, 230.000000, -14.864422, 39.748537, -10.983917, 23.365052, 2.000000, 1, 0
0, 0.00054857990946, -1, 230.000000, 61.843247, -60.207815, 165.011444, 39.327141, 2.000000, 1, 0
0, 0.00054857990946, -1, 230.000000, -49.176155, -33.566886, -107.271035, 49.051817, 2.000000, 1, 0
0, 0.00054857990946, -1, 230.000000, 22.111175, 4.385102, -53.722037, 3.278631, 2.000000, 1, 0
0, 0.00054857990946, -1, 230.000000, 1.461465, -30.990610, 13.637196, 56.898306, 2.000000, 1, 0
0, 0.00054857990946, -1, 230.000000, 12.281920, -92.726483, 149.102756, 1.922052, 2.000000, 1, 0
0, 0.00054857990946, -1, 230.000000, 60.455372, 21.841452, 167.802057, 16.537698, 2.000000, 1, 0
0, 0.00054857990946, -1, 230.000000, -7.945730, -21.123904, 98.388318, 40.145737, 2.000000, 1, 0
0, 0.00054857990946, -1, 230.000000, -49.356788, 22.464885, -49.843745, 41.099502, 2.000000, 1, 0
0, 0.00054857990946, -1, 230.000000, 46.075725, 40.964716, 110.891140, 0.919794, 2.000000, 1, 0
0, 0.00054857990946, -1, 230.000000, 54.751331, -53.672778, -88.384960, 31.806665, 2.000000, 1, 0
0, 0.00054857990946, -1, 230.000000, -90.589008, -4.250264, -5.347758, 36.405308, 2.000000, 1, 0
0, 0.00054857990946, -1, 230.000000, 60.320281, -37.859408, -98.965117, 70.056785, 2.000000, 1, 0
0, 0.00054857990946, -1, 230.000000, 54.606465, 12.207695, 113.626820, 52.756941, 2.000000, 1, 0
0, 0.00054857990946, -1, 230.000000, 25.232127, 83.305852, -27.716605, 14.910006, 2.000000, 1, 0
0, 0.00054857990946, -1, 230.000000, 2.671968, 45.078902, -22.882473, 2.471512, 2.000000, 1, 0
0, 0.00054857990946, -1, 230.000000, -18.998031, 50.536103, -103.711356, 21.697192, 2.000000, 1, 0
0, 0.00054857990946, -1, 230.000000, 31.420601, -48.077973, 114.395886, 9.019673, 2.000000, 1, 0
0, 0.00054857990946, -1, 230.000000, -81.880702, -12.700384, 158.001953, 16.705582, 2.000000, 1, 0
0, 0.00054857990946, -1, 230.000000, -45.110041, -70.476562, 34.160283, 7.997731, 2.000000, 1, 0
0, 0.00054857990946, -1, 230.000000, 30.326682, -24.139565, 118.515885, 6.033259, 2.000000, 1, 0
0, 0.00054857990946, -1, 230.000000, -46.179816, -77.573821, -170.894803, 18.948427, 2.000000, 1, 0
0, 0.00054857990946, -1, 230.000000, -12.018361, 36.584879, -177.970214, 19.970278, 2.000000, 1, 0
0, 0.00054857990946, -1, 230.000000, 42.564992, 65.239687, 25.447859, 65.207736, 2.000000, 1, 0
0, 0.00054857990946, -1, 230.000000, -13.758925, -79.997739, 47.915586, 40.881745, 2.000000, 1, 0
0, 0.00054857990946, -1, 230.000000, 7.344303, 3.417017, 37.467269, 57.651947, 2.000000, 1, 0
0, 0.00054857990946, -1, 230.000000, -19.344236, -11.794993, -112.280953, 68.557361, 2.000000, 1, 0
0, 0.00054857990946, -1, 230.000000, -27.252974, 24.744641, -92.977386, 7.549471, 2.000000, 1, 0
0, 0.00054857990946, -1, 230.000000, -4.802961, 76.674025, 127.228309, 48.655850, 2.000000, 1, 0
0, 0.00054857990946, -1, 230.000000, -13.223582, -32.198163, -71.937925, 27.078710, 2.000000, 1, 0
0, 0.00054857990946, -1, 230.000000, -39.899419, -63.617973, -166.511124, 13.206514, 2.000000, 1, 0
0, 0.00054857990946, -1, 230.000000, 45.532720, -57.592973, -43.779107, 12.879844, 2.000000, 1, 0
0, 0.00054857990946, -1, 230.000000, 19.772174, 0.056871, -173.191015, 13.080821, 2.000000, 1, 0
0, 0.00054857990946, -1, 230.000000, 37.623507, -58.078663, -156.722007, 74.290178, 2.000000, 1, 0
0, 0.00054857990946, -1, 230.000000, -30.238038, -38.421035, 77.832270, 70.920632, 2.000000, 1, 0
0, 0.00054857990946, -1, 230.000000, -38.507140, -29.632956, -83.276162, 5.811755, 2.000000, 1, 0
0, 0.00054857990946, -1, 230.000000, 60.198221, 43.075136, 29.556871, 62.672103, 2.000000, 1, 0
0, 0.00054857990946, -1, 230.000000, 40.251423, 68.283735, 64.318674, 6.717694, 2.000000, 1, 0
0, 0.00054857990946, -1, 230.000000, 25.711946, 27.090532, 44.344920, 11.714766, 2.000000, 1, 0
0, 0.00054857990946, -1, 230.000000, 17.252634, -95.220540, -56.457717, 3.798954, 2.000000, 1, 0
0, 0.00054857990946, -1, 230.000000, 48.031719, -2.175103, 15.977355, 23.176613, 2.000000, 1, 0
0, 0.00054857990946, -1, 230.000000, 6.871786, 68.324179, -43.768120, 29.118510, 2.000000, 1, 0
0, 0.00054857990946, -1, 230.000000, 33.425755, -92.256754, -173.311869, 24.336283, 2.000000, 1, 0
0, 0.00054857990946, -1, 230.000000, -17.883014, 85.665119, 108.023621, 42.341147, 2.000000, 1, 0
0, 0.00054857990946, -1, 230.000000, 93.430253, 16.673954, -150.844142, 7.078768, 2.000000, 1, 0
0, 0.00054857990946, -1, 230.000000, 23.941168, 57.617372, -7.094638, 19.463184, 2.000000, 1, 0
0, 0.00054857990946, -1, 230.000000, 35.530665, 20.020755, 53.584704, 8.275050, 2.000000, 1, 0
0, 0.00054857990946, -1, 230.000000, -50.138521, 37.373394, -97.196265, 37.556697, 2.000000, 1, 0
0, 0.00054857990946, -1, 230.000000, 37.721163, 21.956302, -120.279244, 3.339934, 2.000000, 1, 0
0, 0.00054857990946, -1, 230.000000, -36.686672, 48.077295, -177.970214, 29.130520, 2.000000, 1, 0
0, 0.00054857990946, -1, 230.000000, -6.933517, -29.540985, -46.152226, 0.423161, 2.000000, 1, 0
0, 0.00054857990946, -1, 230.000000, -31.785526, 20.945146, -93.120212, 34.518179, 2.000000, 1, 0
0, 0.00054857990946, -1, 230.000000, 26.801079, 78.109302, -109.094821, 40.865557, 2.000000, 1, 0
0, 0.00054857990946, -1, 230.000000, 24.054630, -23.580775, -69.872433, 12.757901, 2.000000, 1, 0
0, 0.00054857990946, -1, 230.000000, -27.085762, 13.611533, 101.387677, 31.568295, 2.000000, 1, 0
0, 0.00054857990946, -1, 230.000000, 7.232037, 38.200516, -149.415876, 6.782843, 2.000000, 1, 0
0, 0.00054857990946, -1, 230.000000, 6.314266, 15.677477, 43.520920, 45.752341, 2.000000, 1, 0
0, 0.00054857990946, -1, 230.000000, -23.521261, 37.873748, 67.570727, 7.297310, 2.000000, 1, 0
0, 0.00054857990946, -1, 230.000000, -78.117217, -20.533926, 120.163884, 0.017486, 2.000000, 1, 0
0, 0.00054857990946, -1, 230.000000, 67.059048, -0.540081, -79.463790, 36.368383, 2.000000, 1, 0
0, 0.00054857990946, -1, 230.000000, -6.669541, 27.722379, 20.943327, 15.916688, 2.000000, 1, 0
0, 0.00054857990946, -1, 230.000000, -30.852611, 26.671618, -166.456191, 82.125184, 2.000000, 1, 0
0, 0.00054857990946, -1, 230.000000, -58.199056, -42.571215, -10.775170, 24.077467, 2.000000, 1, 0
0, 0.00054857990946, -1, 230.000000, 6.833670, -34.157238, -95.251625, 72.015461, 2.000000, 1, 0
0, 0.00054857990946, -1, 230.000000, 0.348075, -11.503442, -25.848872, 27.214298, 2.000000, 1, 0
0, 0.00054857990946, -1, 230.000000, -50.922114, 63.641240, -18.960234, 41.672832, 2.000000, 1, 0
0, 0.00054857990946, -1, 230.000000, 90.766584, -4.267317, -92.296213, 14.703821, 2.000000, 1, 0
0, 0.00054857990946, -1, 230.000000, 49.759350, 40.662840, 137.500839, 41.176120, 2.000000, 1, 0
0, 0.00054857990946, -1, 230.000000, -66.539843, -4.530132, 26.678365, 21.689665, 2.000000, 1, 0
0, 0.00054857990946, -1, 230.000000, 61.633645, -43.550638, 121.932737, 71.233364, 2.000000, 1, 0
0, 0.00054857990946, -1, 230.000000, -40.814289, -20.953649, 159.803766, 27.208399, 2.000000, 1, 0
0, 0.00054857990946, -1, 230.000000, -54.951169, -74.859764, -75.585498, 34.153953, 2.000000, 1, 0
0, 0.00054857990946, -1, 230.000000, 4.230809, -75.288173, 139.654225, 74.715561, 2.000000, 1, 0
0, 0.00054857990946, -1, 230.000000, -25.668069, -21.510590, 31.864071, 26.849173, 2.000000, 1, 0
0, 0.00054857990946, -1, 230.000000, -32.243551, 91.984078, -100.195624, 12.985695, 2.000000, 1, 0
0, 0.00054857990946, -1, 230.000000, 28.283751, -58.609581, -72.520219, 49.704452, 2.000000, 1, 0
0, 0.00054857990946, -1, 230.000000, -40.254265, -33.550702, -23.245033, 67.008135, 2.000000, 1, 0
0, 0.00054857990946, -1, 230.000000, -2.065578, -2.471777, -124.640950, 29.198603, 2.000000, 1, 0
0, 0.00054857990946, -1, 230.000000, 16.901702, -22.636066, -102.942289, 67.656968, 2.000000, 1, 0
0, 0.00054857990946, -1, 230.000000, -67.962597, 35.968618, -130.035401, 29.712695, 2.000000, 1, 0
0, 0.00054857990946, -1, 230.000000, -12.890405, -50.828684, -150.723289, 31.015806, 2.000000, 1, 0
0, 0.00054857990946, -1, 230.000000, -36.074549, 64.679313, 70.712912, 68.812314, 2.000000, 1, 0
0, 0.00054857990946, -1, 230.000000, 3.962835, 71.998156, -118.971831, 74.485095, 2.000000, 1, 0
0, 0.00054857990946, -1, 230.000000, -0.309589, 72.562129, -158.512833, 88.100779, 2.000000, 1, 0
0, 0.00054857990946, -1, 230.000000, 30.845933, -36.604072, -138.945585, 30.073724, 2.000000, 1, 0
0, 0.00054857990946, -1, 230.000000, 50.234366, -73.677753, 75.107578, 6.057876, 2.000000, 1, 0
0, 0.00054857990946, -1, 230.000000, -43.543322, 10.398540, -153.788568, 41.183089, 2.000000, 1, 0
0, 0.00054857990946, -1, 230.000000, -4.946981, -42.292222, 162.978912, 23.214660, 2.000000, 1, 0
0, 0.00054857990946, -1, 230.000000, -54.942497, -75.301041, 133.523667, 78.568676, 2.000000, 1, 0
0, 0.00054857990946, -1, 230.000000, 15.069494, -78.284034, 49.519639, 40.237299, 2.000000, 1, 0
0, 0.00054857990946, -1, 230.000000, 34.342450, 26.078515, -82.792749, 6.580381, 2.000000, 1, 0
0, 0.00054857990946, -1, 230.000000, -62.797370, -17.074656, 171.735282, 33.768151, 2.000000, 1, 0
0, 0.00054857990946, -1, 230.000000, 31.810876, 14.815197, -49.294412, 16.200543, 2.000000, 1, 0
0, 0.00054857990946, -1, 230.000000, 29.295833, -92.548687, 3.749199, 22.681079, 2.000000, 1, 0
0, 0.00054857990946, -1, 230.000000, 88.029779, -16.163429, -146.284677, 5.683464, 2.000000, 1, 0
0, 0.00054857990946, -1, 230.000000, 3.183073, 40.133603, -113.665273, 82.384684, 2.000000, 1, 0
0, 0.00054857990946, -1, 230.000000, 29.465311, 39.541248, 144.191717, 55.477955, 2.000000, 1, 0
0, 0.00054857990946, -1, 230.000000, -1.567097, 83.170374, 21.437727, 12.994668, 2.000000, 1, 0
0, 0.00054857990946, -1, 230.000000, -16.628824, -85.282771, -4.545732, 66.341291, 2.000000, 1, 0
0, 0.00054857990946, -1, 230.000000, 48.046304, -49.110595, -128.277535, 45.469878, 2.000000, 1, 0
0, 0.00054857990946, -1, 230.000000, -86.747672, -41.836970, 78.139897, 0.897059, 2.000000, 1, 0
0, 0.00054857990946, -1, 230.000000, 10.929796, -27.812069, 125.063936, 0.428407, 2.000000, 1, 0
0, 0.00054857990946, -1, 230.000000, -50.864373, 8.951722, 47.267373, 16.353557, 2.000000, 1, 0
0, 0.00054857990946, -1, 230.000000, -56.878036, -62.915872, 24.140446, 6.573341, 2.000000, 1, 0
0, 0.00054857990946, -1, 230.000000, -24.028171, 62.386559, 34.281137, 6.015676, 2.000000, 1, 0
0, 0.00054857990946, -1, 230.000000, 74.239402, 37.620437, 140.906705, 23.298402, 2.000000, 1, 0
0, 0.00054857990946, -1, 230.000000, -41.448698, 13.539149, 24.063540, 11.495202, 2.000000, 1, 0
0, 0.00054857990946, -1, 230.000000, -79.072601, 24.659374, 156.178167, 57.714092, 2.000000, 1, 0
0, 0.00054857990946, -1, 230.000000, 7.572673, 87.395062, -3.040559, 3.804211, 2.000000, 1, 0
0, 0.00054857990946, -1, 230.000000, 14.306282, 72.010482, -75.904111, 48.108231, 2.000000, 1, 0
0, 0.00054857990946, -1, 230.000000, -31.137849, -20.432831, 115.835139, 56.582661, 2.000000, 1, 0
0, 0.00054857990946, -1, 230.000000, -52.290707, -64.942230, -138.242439, 43.297093, 2.000000, 1, 0
0, 0.00054857990946, -1, 230.000000, 7.795602, -82.427521, -121.927244, 28.360691, 2.000000, 1, 0
0, 0.00054857990946, -1, 230.000000, -41.553450, -30.986455, -56.402783, 77.941585, 2.000000, 1, 0
0, 0.00054857990946, -1, 230.000000, 30.362529, 72.016640, -167.357097, 22.969445, 2.000000, 1, 0
0, 0.00054857990946, -1, 230.000000, -85.244448, -9.528191, -178.904080, 24.948049, 2.000000, 1, 0
0, 0.00054857990946, -1, 230.000000, -94.008738, 22.088415, 102.090823, 22.336594, 2.000000, 1, 0
0, 0.00054857990946, -1, 230.000000, -40.257152, 29.768306, 67.175207, 27.596407, 2.000000, 1, 0
0, 0.00054857990946, -1, 230.000000, -33.757836, 2.337306, 29.611805, 78.755457, 2.000000, 1, 0
0, 0.00054857990946, -1, 230.000000, 76.076291, 9.516722, -134.210334, 46.086641, 2.000000, 1, 0
0, 0.00054857990946, -1, 230.000000, -23.189673, -51.636977, 31.062044, 10.389208, 2.000000, 1, 0
0, 0.00054857990946, -1, 230.000000, 14.312501, 82.883340, 146.432997, 62.361404, 2.000000, 1, 0
0, 0.00054857990946, -1, 230.000000, -32.512389, 43.239676, -108.007141, 30.535501, 2.000000, 1, 0
0, 0.00054857990946, -1, 230.000000, -52.899418, 81.711280, -76.288644, 0.250048, 2.000000, 1, 0
0, 0.00054857990946, -1, 230.000000, 37.561248, 84.569711, -10.357677, 29.962654, 2.000000, 1, 0
0, 0.00054857990946, -1, 230.000000, 1.594681, -91.630512, -118.180792, 7.165115, 2.000000, 1, 0
0, 0.00054857990946, -1, 230.000000, 12.946985, -17.641173, 40.060121, 32.415665, 2.000000, 1, 0
0, 0.00054857990946, -1, 230.000000, -70.270253, -24.092498, -115.895566, 19.114899, 2.000000, 1, 0
0, 0.00054857990946, -1, 230.000000, 4.964037, -93.116551, 50.046999, 3.464302, 2.000000, 1, 0
0, 0.00054857990946, -1, 230.000000, -60.490485, 76.588041, 127.590869, 7.297310, 2.000000, 1, 0
0, 0.00054857990946, -1, 230.000000, 66.853529, -46.970463, -125.783563, 9.542348, 2.000000, 1, 0
0, 0.00054857990946, -1, 230.000000, 8.588931, 54.459837, -177.486801, 14.427403, 2.000000, 1, 0
0, 0.00054857990946, -1, 230.000000, 23.396252, -28.632929, -102.953276, 34.126489, 2.000000, 1, 0
0, 0.00054857990946, -1, 230.000000, -16.152333, -74.306421, -123.157750, 51.568247, 2.000000, 1, 0
0, 0.00054857990946, -1, 230.000000, 77.959423, -58.402381, -40.120548, 65.564589, 2.000000, 1, 0
0, 0.00054857990946, -1, 230.000000, 58.952299, 22.468878, -134.177374, 45.228534, 2.000000, 1, 0
0, 0.00054857990946, -1, 230.000000, 1.562896, 8.119040, 133.018281, 33.271070, 2.000000, 1, 0
0, 0.00054857990946, -1, 230.000000, -74.356057, 22.533040, 86.489761, 53.382641, 2.000000, 1, 0
0, 0.00054857990946, -1, 230.000000, -24.769671, 51.214757, 92.631306, 34.764720, 2.000000, 1, 0
0, 0.00054857990946, -1, 230.000000, -66.638422, -0.824233, 57.221290, 64.946319, 2.000000, 1, 0
0, 0.00054857990946, -1, 230.000000, -72.131256, 7.586661, -17.092502, 17.158882, 2.000000, 1, 0
0, 0.00054857990946, -1, 230.000000, 1.669303, -62.727279, -57.721183, 35.959033, 2.000000, 1, 0
0, 0.00054857990946, -1, 230.000000, -72.682720, 67.482948, -116.950285, 6.172184, 2.000000, 1, 0
0, 0.00054857990946, -1, 230.000000, -57.742504, 50.991445, -138.714866, 9.457249, 2.000000, 1, 0
0, 0.00054857990946, -1, 230.000000, 34.354531, -66.688675, 39.247108, 42.215891, 2.000000, 1, 0
0, 0.00054857990946, -1, 230.000000, 95.713480, -3.121182, -36.209296, 6.186255, 2.000000, 1, 0
0, 0.00054857990946, -1, 230.000000, -5.068896, -5.206084, 61.813715, 31.457537, 2.000000, 1, 0
0, 0.00054857990946, -1, 230.000000, -79.301014, -18.504349, -171.147496, 54.896011, 2.000000, 1, 0
0, 0.00054857990946, -1, 230.000000, -84.333476, -47.063061, -32.858364, 1.456726, 2.000000, 1, 0
0, 0.00054857990946, -1, 230.000000, -61.681386, 70.016694, 69.438459, 51.106424, 2.000000, 1, 0
0, 0.00054857990946, -1, 230.000000, -59.747640, -34.326217, -175.267495, 46.453427, 2.000000, 1, 0
0, 0.00054857990946, -1, 230.000000, -43.740830, 26.452496, 22.118900, 4.651088, 2.000000, 1, 0
0, 0.00054857990946, -1, 230.000000, 48.417586, -53.795300, 169.263283, 2.938906, 2.000000, 1, 0
0, 0.00054857990946, -1, 230.000000, -89.670946, 3.242616, 161.451765, 19.344536, 2.000000, 1, 0
0, 0.00054857990946, -1, 230.000000, -52.444870, 58.146447, -62.390515, 24.522574, 2.000000, 1, 0
0, 0.00054857990946, -1, 230.000000, -15.268795, -94.287152, -120.389111, 67.368947, 2.000000, 1, 0
0, 0.00054857990946, -1, 230.000000, 16.926415, 62.667273, -149.119236, 42.062613, 2.000000, 1, 0
0, 0.00054857990946, -1, 230.000000, 44.265461, 23.139947, -9.127171, 43.815858, 2.000000, 1, 0
0, 0.00054857990946, -1, 230.000000, -39.120985, 86.489558, 81.402936, 72.439375, 2.000000, 1, 0
0, 0.00054857990946, -1, 230.000000, 40.054238, 14.427484, -118.818018, 70.803294, 2.000000, 1, 0
0, 0.00054857990946, -1, 230.000000, 9.321648, 15.539821, 124.833216, 64.329891, 2.000000, 1, 0
0, 0.00054857990946, -1, 230.000000, -91.420712, 2.481137, 102.618183, 58.834715, 2.000000, 1, 0
0, 0.00054857990946, -1, 230.000000, -32.910569, -30.946198, 157.101047, 13.754944, 2.000000, 1, 0
0, 0.00054857990946, -1, 230.000000, -89.318127, 4.036166, -27.002472, 14.571892, 2.000000, 1, 0
0, 0.00054857990946, -1, 230.000000, 44.030717, -13.837916, -83.484909, 47.732507, 2.000000, 1, 0
0, 0.00054857990946, -1, 230.000000, -62.039416, 20.502322, -99.613330, 49.351544, 2.000000, 1, 0
0, 0.00054857990946, -1, 230.000000, 85.662945, -40.456683, 150.783715, 35.324298, 2.000000, 1, 0
0, 0.00054857990946, -1, 230.000000, -1.264650, 88.818107, 152.585528, 19.390872, 2.000000, 1, 0
0, 0.00054857990946, -1, 230.000000, 56.317525, 26.782645, 148.959929, 1.734858, 2.000000, 1, 0
0, 0.00054857990946, -1, 230.000000, -43.311830, -21.932393, 31.721244, 9.051543, 2.000000, 1, 0
0, 0.00054857990946, -1, 230.000000, 99.552056, -1.450901, -1.403546, 34.879740, 2.000000, 1, 0
0, 0.00054857990946, -1, 230.000000, -23.631196, 72.972083, -26.244392, 68.234421, 2.000000, 1, 0
0, 0.00054857990946, -1, 230.000000, 74.856384, -35.282790, 7.704398, 19.933074, 2.000000, 1, 0
0, 0.00054857990946, -1, 230.000000, 87.499416, 43.625279, 93.004852, 30.045440, 2.000000, 1, 0
0, 0.00054857990946, -1, 230.000000, -14.288244, 48.460440, 171.801202, 77.941585, 2.000000, 1, 0
0, 0.00054857990946, -1, 230.000000, 41.664540, -5.520634, -148.306223, 66.302105, 2.000000, 1, 0
0, 0.00054857990946, -1, 230.000000, -21.387693, 3.988566, 45.927000, 57.177909, 2.000000, 1, 0
0, 0.00054857990946, -1, 230.000000, -49.180120, 80.146388, -65.565661, 53.735896, 2.000000, 1, 0
0, 0.00054857990946, -1, 230.000000, -37.030283, -45.487468, 101.695303, 36.355355, 2.000000, 1, 0
0, 0.00054857990946, -1, 230.000000, -29.491996, -33.503290, -152.140568, 9.948637, 2.000000, 1, 0
0, 0.00054857990946, -1, 230.000000, 16.159851, -58.665748, -110.665914, 9.881184, 2.000000, 1, 0
0, 0.00054857990946, -1, 230.000000, -19.222163, -9.379813, -114.950713, 32.351476, 2.000000, 1, 0
0, 0.00054857990946, -1, 230.000000, 42.376383, -86.160192, -155.315714, 7.175689, 2.000000, 1, 0
0, 0.00054857990946, -1, 230.000000, 1.828084, 30.349032, -104.897916, 27.432765, 2.000000, 1, 0
0, 0.00054857990946, -1, 230.000000, 14.376234, -77.397755, -98.756371, 19.107497, 2.000000, 1, 0
0, 0.00054857990946, -1, 230.000000, -49.962743, 26.381062, -102.305063, 27.801797, 2.000000, 1, 0
0, 0.00054857990946, -1, 230.000000, 14.434421, 87.590736, -52.788171, 4.007519, 2.000000, 1, 0
0, 0.00054857990946, -1, 230.000000, 45.333804, 5.520976, 22.547380, 17.221114, 2.000000, 1, 0
0, 0.00054857990946, -1, 230.000000, -17.671879, -96.323135, -32.473830, 31.656585, 2.000000, 1, 0
0, 0.00054857990946, -1, 230.000000, -61.022217, -43.532193, 134.051027, 34.943710, 2.000000, 1, 0
0, 0.00054857990946, -1, 230.000000, -3.362684, 1.097701, -129.134495, 35.831681, 2.000000, 1, 0
