0 -0.00817371
0.04 -0.00392291
0.08 0.0045787
0.12 -0.00392291
0.16 -0.00392291
0.2 0.0088295
0.24 0.0045787
0.28 0.0130803
0.32 0.0045787
0.36 0.000327894
0.4 0.0045787
0.44 0.0088295
0.48 -0.00392291
0.52 0.0045787
0.56 0.0045787
0.6 0.0045787
0.64 -0.0124245
0.68 0.0045787
0.72 -0.00392291
0.76 -0.00817371
0.8 -0.00392291
0.84 0.0088295
0.88 0.000327894
0.92 0.0130803
0.96 0.000327894
1 -0.00392291
1.04 0.0045787
1.08 0.0045787
1.12 -0.00817371
1.16 -0.00392291
1.2 -0.00392291
1.24 0.0045787
1.28 -0.00392291
1.32 -0.00392291
1.36 0.000327894
1.4 -0.0124245
1.44 0.000327894
1.48 0.0045787
1.52 -0.00392291
1.56 0.0130803
1.6 0.0045787
1.64 0.0045787
1.68 0.0130803
1.72 0.0088295
1.76 0.000327894
1.8 0.0045787
1.84 0.000327894
1.88 0.000327894
1.92 -0.00392291
1.96 0.0045787
2 0.0045787
2.04 0.0088295
2.08 0.0088295
2.12 0.0088295
2.16 0.0088295
2.2 0.0130803
2.24 0.0130803
2.28 0.0130803
2.32 0.0088295
2.36 0.0045787
2.4 -0.00392291
2.44 0.0045787
2.48 -0.00392291
2.52 -0.00392291
2.56 -0.00817371
2.6 0.000327894
2.64 -0.0124245
2.68 -0.00817371
2.72 -0.0124245
2.76 -0.00817371
2.8 -0.0166753
2.84 -0.0124245
2.88 -0.0124245
2.92 -0.0124245
2.96 -0.00817371
3 -0.0124245
3.04 -0.0124245
3.08 -0.00817371
3.12 -0.00392291
3.16 0.000327894
3.2 -0.00817371
3.24 -0.00392291
3.28 -0.00392291
3.32 -0.00392291
3.36 -0.00817371
3.4 -0.00817371
3.44 -0.00817371
3.48 -0.0124245
3.52 -0.0124245
3.56 -0.00392291
3.6 -0.00392291
3.64 0.0045787
3.68 0.0045787
3.72 -0.00392291
3.76 -0.00817371
3.8 0.0088295
3.84 0.000327894
3.88 0.000327894
3.92 0.0088295
3.96 0.0045787
4 -0.00817371
4.04 -0.00392291
4.08 0.000327894
4.12 0.0045787
4.16 0.0045787
4.2 0.0045787
4.24 0.000327894
4.28 0.000327894
4.32 -0.00817371
4.36 -0.00392291
4.4 0.000327894
4.44 -0.00817371
4.48 -0.0166753
4.52 -0.00392291
4.56 -0.00817371
4.6 -0.00392291
4.64 -0.00817371
4.68 -0.0124245
4.72 -0.00392291
4.76 -0.00392291
4.8 -0.0209261
4.84 -0.00392291
4.88 -0.0166753
4.92 -0.00392291
4.96 -0.00392291
5 -0.00392291
5.04 -0.0124245
5.08 0.0045787
5.12 -0.00817371
5.16 -0.00392291
5.2 -0.00817371
5.24 0.000327894
5.28 -0.00392291
5.32 0.0045787
5.36 -0.00392291
5.4 -0.00392291
5.44 -0.00817371
5.48 0.0045787
5.52 -0.0124245
5.56 0.000327894
5.6 -0.00392291
5.64 0.000327894
5.68 -0.00392291
5.72 0.000327894
5.76 0.000327894
5.8 0.0045787
5.84 0.000327894
5.88 -0.00392291
5.92 -0.00392291
5.96 0.0045787
6 -0.00392291
6.04 0.0045787
6.08 0.000327894
6.12 0.000327894
6.16 0.000327894
6.2 0.000327894
6.24 0.000327894
6.28 -0.00817371
6.32 -0.00392291
6.36 0.0045787
6.4 0.000327894
6.44 0.0045787
6.48 -0.00392291
6.52 0.000327894
6.56 -0.00392291
6.6 0.000327894
6.64 -0.00392291
6.68 0.000327894
6.72 0.000327894
6.76 0.0045787
6.8 0.000327894
6.84 0.0045787
6.88 -0.00392291
6.92 -0.00817371
6.96 0.000327894
7 -0.00817371
7.04 -0.00392291
7.08 -0.00817371
7.12 -0.00817371
7.16 0.000327894
7.2 -0.00817371
7.24 -0.00392291
7.28 -0.00392291
7.32 0.000327894
7.36 0.000327894
7.4 0.000327894
7.44 -0.00817371
7.48 0.000327894
7.52 -0.00817371
7.56 0.0045787
7.6 -0.00817371
7.64 -0.00392291
7.68 0.0045787
7.72 0.000327894
7.76 -0.0124245
7.8 0.0045787
7.84 -0.00817371
7.88 -0.00392291
7.92 0.000327894
7.96 0.0045787
8 0.000327894
8.04 0.0088295
8.08 0.000327894
8.12 0.000327894
8.16 0.000327894
8.2 -0.00392291
8.24 -0.0124245
8.28 -0.0124245
8.32 -0.00817371
8.36 -0.00392291
8.4 -0.0166753
8.44 -0.00817371
8.48 -0.0166753
8.52 -0.00392291
8.56 -0.00817371
8.6 0.000327894
8.64 -0.00817371
8.68 0.000327894
8.72 0.0045787
8.76 0.0088295
8.8 0.0045787
8.84 0.0088295
8.88 0.000327894
8.92 0.0088295
8.96 0.0130803
9 0.0130803
9.04 0.0045787
9.08 0.0088295
9.12 0.0088295
9.16 0.0045787
9.2 -0.00392291
9.24 0.0088295
9.28 -0.00392291
9.32 0.0045787
9.36 0.000327894
9.4 -0.00817371
9.44 0.0045787
9.48 0.0045787
9.52 -0.00392291
9.56 0.000327894
9.6 0.000327894
9.64 0.0045787
9.68 -0.0124245
9.72 -0.00817371
9.76 -0.00392291
9.8 -0.00817371
9.84 -0.0124245
9.88 0.000327894
9.92 0.000327894
9.96 0.000327894
10 -0.00817371
10.04 0.000327894
10.08 0.0045787
10.12 0.0088295
10.16 -0.00392291
10.2 0.0045787
10.24 0.0045787
10.28 0.0045787
10.32 0.000327894
10.36 0.000327894
10.4 -0.00392291
10.44 -0.00392291
10.48 -0.00392291
10.52 0.000327894
10.56 -0.00817371
10.6 -0.00817371
10.64 -0.0166753
10.68 -0.00392291
10.72 -0.00392291
10.76 0.0045787
10.8 -0.00817371
10.84 0.000327894
10.88 -0.00392291
10.92 0.0045787
10.96 -0.00817371
11 0.000327894
11.04 0.000327894
11.08 0.0045787
11.12 -0.00392291
11.16 0.0045787
11.2 -0.00392291
11.24 0.000327894
11.28 0.0045787
11.32 0.000327894
11.36 -0.00392291
11.4 0.0045787
11.44 -0.00817371
11.48 -0.00392291
11.52 -0.00392291
11.56 0.000327894
11.6 -0.00392291
11.64 -0.00392291
11.68 -0.00817371
11.72 0.000327894
11.76 -0.00392291
11.8 0.000327894
11.84 -0.0124245
11.88 -0.00392291
11.92 0.000327894
11.96 0.0088295
12 -0.00817371
12.04 0.0045787
12.08 0.0045787
12.12 0.000327894
12.16 -0.00392291
12.2 -0.00392291
12.24 0.0045787
12.28 0.0045787
12.32 0.000327894
12.36 0.0088295
12.4 0.0045787
12.44 0.0088295
12.48 -0.00392291
12.52 0.0045787
12.56 0.0088295
12.6 0.0130803
12.64 0.000327894
12.68 0.0045787
12.72 0.0045787
12.76 0.0045787
12.8 0.000327894
12.84 -0.00392291
12.88 -0.00817371
12.92 0.0045787
12.96 0.000327894
13 0.0045787
13.04 -0.00392291
13.08 0.000327894
13.12 -0.00817371
13.16 0.000327894
13.2 0.000327894
13.24 0.0045787
13.28 0.0045787
13.32 0.0045787
13.36 -0.00392291
13.4 0.000327894
13.44 0.000327894
13.48 0.0045787
13.52 0.000327894
13.56 0.0088295
13.6 -0.00817371
13.64 0.0045787
13.68 0.000327894
13.72 0.0088295
13.76 0.000327894
13.8 0.0045787
13.84 0.0045787
13.88 0.0130803
13.92 0.0045787
13.96 0.0088295
14 0.0045787
14.04 0.0045787
14.08 0.0045787
14.12 0.0045787
14.16 -0.00817371
14.2 0.000327894
14.24 -0.00817371
14.28 0.0045787
14.32 -0.00392291
14.36 0.0045787
14.4 0.0045787
14.44 0.0045787
14.48 0.000327894
14.52 0.0045787
14.56 0.000327894
14.6 0.000327894
14.64 0.0088295
14.68 0.0130803
14.72 0.000327894
14.76 0.0045787
14.8 0.0045787
14.84 0.0088295
14.88 0.000327894
14.92 0.0088295
14.96 0.000327894
15 0.0130803
15.04 0.0088295
15.08 0.0045787
15.12 0.000327894
15.16 0.0215819
15.2 -0.00392291
15.24 0.0045787
15.28 0.0130803
15.32 0.0045787
15.36 0.000327894
15.4 0.0045787
15.44 0.000327894
15.48 0.0045787
15.52 -0.00817371
15.56 0.0045787
15.6 -0.00817371
15.64 0.0045787
15.68 0.000327894
15.72 0.000327894
15.76 0.000327894
15.8 0.0045787
15.84 -0.00817371
15.88 0.0045787
15.92 -0.00817371
15.96 0.0045787
16 0.000327894
16.04 0.0045787
16.08 -0.00817371
16.12 0.0130803
16.16 0.0088295
16.2 0.0045787
16.24 0.0088295
16.28 0.0045787
16.32 -0.00392291
16.36 0.0088295
16.4 0.0088295
16.44 0.0088295
16.48 0.000327894
16.52 0.0088295
16.56 0.0045787
16.6 0.0045787
16.64 -0.00817371
16.68 0.000327894
16.72 -0.00817371
16.76 0.0045787
16.8 -0.00817371
16.84 -0.00392291
16.88 -0.00817371
16.92 -0.00392291
16.96 -0.00392291
17 0.0045787
17.04 0.000327894
17.08 -0.00392291
17.12 0.000327894
17.16 0.0045787
17.2 0.0045787
17.24 0.0045787
17.28 0.0045787
17.32 0.0045787
17.36 -0.00392291
17.4 0.0173311
17.44 0.000327894
17.48 0.0045787
17.52 0.000327894
17.56 0.0088295
17.6 0.0045787
17.64 0.000327894
17.68 0.0088295
17.72 0.0045787
17.76 0.000327894
17.8 -0.00817371
17.84 0.0045787
17.88 -0.00392291
17.92 0.000327894
17.96 0.0045787
18 -0.00392291
18.04 0.0045787
18.08 0.000327894
18.12 -0.00392291
18.16 -0.00392291
18.2 0.0088295
18.24 -0.00392291
18.28 -0.00392291
18.32 0.0045787
18.36 0.0130803
18.4 -0.00817371
18.44 0.0045787
18.48 0.0045787
18.52 0.0045787
18.56 -0.00392291
18.6 0.0045787
18.64 0.0045787
18.68 0.0045787
18.72 0.000327894
18.76 0.0045787
18.8 0.0045787
18.84 0.0045787
18.88 -0.0124245
18.92 -0.0124245
18.96 -0.00392291
19 -0.00817371
19.04 -0.0166753
19.08 -0.00817371
19.12 -0.00392291
19.16 0.000327894
19.2 -0.0124245
19.24 -0.0124245
19.28 -0.00817371
19.32 0.000327894
19.36 -0.00817371
19.4 -0.00392291
19.44 -0.00392291
19.48 0.0045787
19.52 -0.00817371
19.56 0.000327894
19.6 -0.00392291
19.64 0.0045787
19.68 -0.00817371
19.72 0.0045787
19.76 0.0045787
19.8 0.000327894
19.84 0.000327894
19.88 0.000327894
19.92 0.0045787
19.96 0.0088295
20 -0.00392291
20.04 0.0088295
20.08 0.0088295
20.12 0.000327894
20.16 -0.00817371
20.2 -0.00392291
20.24 -0.00817371
20.28 0.0088295
20.32 0.000327894
20.36 0.000327894
20.4 0.0088295
20.44 0.0045787
20.48 0.000327894
20.52 0.0045787
20.56 0.000327894
20.6 0.0045787
20.64 0.000327894
20.68 0.0045787
20.72 0.000327894
20.76 0.0045787
20.8 0.000327894
20.84 0.000327894
20.88 -0.0124245
20.92 0.000327894
20.96 -0.00817371
21 0.000327894
21.04 0.0045787
21.08 0.0045787
21.12 0.0045787
21.16 0.0130803
21.2 0.0088295
21.24 -0.00392291
21.28 0.0088295
21.32 0.0088295
21.36 0.000327894
21.4 0.0045787
21.44 -0.00392291
21.48 0.0045787
21.52 0.0088295
21.56 0.0088295
21.6 -0.00392291
21.64 0.0088295
21.68 0.0088295
21.72 0.000327894
21.76 -0.00392291
21.8 0.000327894
21.84 0.0045787
21.88 0.0045787
21.92 0.000327894
21.96 0.0045787
22 0.0045787
22.04 0.0045787
22.08 0.000327894
22.12 0.0045787
22.16 0.0045787
22.2 0.0045787
22.24 0.0045787
22.28 0.0088295
22.32 0.0045787
22.36 0.0088295
22.4 0.0130803
22.44 0.0088295
22.48 -0.00392291
22.52 0.0088295
22.56 0.0045787
22.6 0.0045787
22.64 0.0045787
22.68 0.0088295
22.72 0.0045787
22.76 0.0088295
22.8 0.000327894
22.84 0.000327894
22.88 -0.0124245
22.92 -0.00817371
22.96 -0.00392291
23 -0.00392291
23.04 -0.0124245
23.08 -0.0124245
23.12 -0.00392291
23.16 -0.00817371
23.2 -0.0209261
23.24 0.0045787
23.28 0.0045787
23.32 -0.0251769
23.36 -0.0974406
23.4 -0.169704
23.44 -0.250469
23.48 -0.352489
23.52 -0.429003
23.56 -0.488514
23.6 -0.531022
23.64 -0.577781
23.68 -0.637293
23.72 -0.654296
23.76 -0.688302
23.8 -0.722309
23.84 -0.739312
23.88 -0.747813
23.92 -0.756315
23.96 -0.769067
24 -0.794572
24.04 -0.786071
24.08 -0.790321
24.12 -0.794572
24.16 -0.811575
24.2 -0.807325
24.24 -0.794572
24.28 -0.803074
24.32 -0.824328
24.36 -0.798823
24.4 -0.794572
24.44 -0.811575
24.48 -0.807325
24.52 -0.798823
24.56 -0.794572
24.6 -0.794572
24.64 -0.798823
24.68 -0.786071
24.72 -0.786071
24.76 -0.777569
24.8 -0.786071
24.84 -0.78182
24.88 -0.773318
24.92 -0.777569
24.96 -0.78182
25 -0.764817
25.04 -0.769067
25.08 -0.769067
25.12 -0.773318
25.16 -0.756315
25.2 -0.756315
25.24 -0.752064
25.28 -0.752064
25.32 -0.743563
25.36 -0.747813
25.4 -0.735061
25.44 -0.73081
25.48 -0.747813
25.52 -0.718058
25.56 -0.735061
25.6 -0.747813
25.64 -0.713807
25.68 -0.722309
25.72 -0.722309
25.76 -0.709556
25.8 -0.709556
25.84 -0.713807
25.88 -0.718058
25.92 -0.709556
25.96 -0.713807
26 -0.726559
26.04 -0.718058
26.08 -0.722309
26.12 -0.705305
26.16 -0.696804
26.2 -0.696804
26.24 -0.692553
26.28 -0.679801
26.32 -0.67555
26.36 -0.679801
26.4 -0.671299
26.44 -0.667048
26.48 -0.662797
26.52 -0.662797
26.56 -0.658547
26.6 -0.650045
26.64 -0.650045
26.68 -0.654296
26.72 -0.645794
26.76 -0.645794
26.8 -0.650045
26.84 -0.641543
26.88 -0.637293
26.92 -0.633042
26.96 -0.637293
27 -0.633042
27.04 -0.62454
27.08 -0.62454
27.12 -0.616039
27.16 -0.616039
27.2 -0.616039
27.24 -0.616039
27.28 -0.611788
27.32 -0.616039
27.36 -0.607537
27.4 -0.603286
27.44 -0.599035
27.48 -0.603286
27.52 -0.599035
27.56 -0.607537
27.6 -0.607537
27.64 -0.603286
27.68 -0.603286
27.72 -0.599035
27.76 -0.607537
27.8 -0.607537
27.84 -0.603286
27.88 -0.607537
27.92 -0.599035
27.96 -0.590534
28 -0.590534
28.04 -0.577781
28.08 -0.56928
28.12 -0.56928
28.16 -0.565029
28.2 -0.560778
28.24 -0.556527
28.28 -0.552276
28.32 -0.548026
28.36 -0.552276
28.4 -0.548026
28.44 -0.543775
28.48 -0.543775
28.52 -0.535273
28.56 -0.539524
28.6 -0.539524
28.64 -0.535273
28.68 -0.531022
28.72 -0.514019
28.76 -0.526772
28.8 -0.522521
28.84 -0.514019
28.88 -0.514019
28.92 -0.509768
28.96 -0.509768
29 -0.514019
29.04 -0.501267
29.08 -0.505518
29.12 -0.509768
29.16 -0.505518
29.2 -0.497016
29.24 -0.501267
29.28 -0.497016
29.32 -0.492765
29.36 -0.484264
29.4 -0.492765
29.44 -0.488514
29.48 -0.488514
29.52 -0.480013
29.56 -0.480013
29.6 -0.480013
29.64 -0.475762
29.68 -0.46726
29.72 -0.480013
29.76 -0.480013
29.8 -0.46301
29.84 -0.46301
29.88 -0.46726
29.92 -0.46726
29.96 -0.458759
30 -0.454508
30.04 -0.454508
30.08 -0.454508
30.12 -0.454508
30.16 -0.454508
30.2 -0.446006
30.24 -0.450257
30.28 -0.454508
30.32 -0.441756
30.36 -0.441756
30.4 -0.446006
30.44 -0.441756
30.48 -0.437505
30.52 -0.433254
30.56 -0.437505
30.6 -0.437505
30.64 -0.424752
30.68 -0.424752
30.72 -0.424752
30.76 -0.424752
30.8 -0.416251
30.84 -0.420502
30.88 -0.420502
30.92 -0.416251
30.96 -0.412
31 -0.416251
31.04 -0.407749
31.08 -0.403498
31.12 -0.407749
31.16 -0.407749
31.2 -0.399248
31.24 -0.403498
31.28 -0.399248
31.32 -0.399248
31.36 -0.394997
31.4 -0.394997
31.44 -0.394997
31.48 -0.394997
31.52 -0.399248
31.56 -0.386495
31.6 -0.386495
31.64 -0.394997
31.68 -0.386495
31.72 -0.390746
31.76 -0.386495
31.8 -0.377994
31.84 -0.382244
31.88 -0.373743
31.92 -0.373743
31.96 -0.365241
32 -0.36099
32.04 -0.369492
32.08 -0.35674
32.12 -0.36099
32.16 -0.369492
32.2 -0.365241
32.24 -0.36099
32.28 -0.365241
32.32 -0.36099
32.36 -0.348238
32.4 -0.35674
32.44 -0.352489
32.48 -0.352489
32.52 -0.36099
32.56 -0.343987
32.6 -0.352489
32.64 -0.348238
32.68 -0.343987
32.72 -0.335486
32.76 -0.348238
32.8 -0.343987
32.84 -0.339736
32.88 -0.339736
32.92 -0.343987
32.96 -0.335486
33 -0.322733
33.04 -0.331235
33.08 -0.331235
33.12 -0.322733
33.16 -0.326984
33.2 -0.322733
33.24 -0.318482
33.28 -0.322733
33.32 -0.314232
33.36 -0.30573
33.4 -0.322733
33.44 -0.318482
33.48 -0.314232
33.52 -0.30573
33.56 -0.314232
33.6 -0.322733
33.64 -0.314232
33.68 -0.30573
33.72 -0.314232
33.76 -0.318482
33.8 -0.314232
33.84 -0.318482
33.88 -0.30573
33.92 -0.309981
33.96 -0.30573
34 -0.297228
34.04 -0.314232
34.08 -0.309981
34.12 -0.301479
34.16 -0.30573
34.2 -0.309981
34.24 -0.301479
34.28 -0.301479
34.32 -0.292978
34.36 -0.292978
34.4 -0.292978
34.44 -0.301479
34.48 -0.288727
34.52 -0.288727
34.56 -0.292978
34.6 -0.292978
34.64 -0.288727
34.68 -0.288727
34.72 -0.292978
34.76 -0.284476
34.8 -0.288727
34.84 -0.288727
34.88 -0.280225
34.92 -0.280225
34.96 -0.284476
35 -0.271724
35.04 -0.271724
35.08 -0.284476
35.12 -0.271724
35.16 -0.267473
35.2 -0.275974
35.24 -0.275974
35.28 -0.267473
35.32 -0.271724
35.36 -0.271724
35.4 -0.275974
35.44 -0.263222
35.48 -0.271724
35.52 -0.263222
35.56 -0.263222
35.6 -0.263222
35.64 -0.263222
35.68 -0.263222
35.72 -0.263222
35.76 -0.258971
35.8 -0.258971
35.84 -0.258971
35.88 -0.263222
35.92 -0.25472
35.96 -0.25472
36 -0.25472
36.04 -0.25472
36.08 -0.25472
36.12 -0.258971
36.16 -0.258971
36.2 -0.258971
36.24 -0.250469
36.28 -0.258971
36.32 -0.250469
36.36 -0.25472
36.4 -0.241968
36.44 -0.250469
36.48 -0.246219
36.52 -0.250469
36.56 -0.241968
36.6 -0.241968
36.64 -0.241968
36.68 -0.237717
36.72 -0.237717
36.76 -0.237717
36.8 -0.233466
36.84 -0.237717
36.88 -0.237717
36.92 -0.229215
36.96 -0.233466
37 -0.233466
37.04 -0.224965
37.08 -0.229215
37.12 -0.233466
37.16 -0.229215
37.2 -0.224965
37.24 -0.224965
37.28 -0.229215
37.32 -0.229215
37.36 -0.224965
37.4 -0.224965
37.44 -0.229215
37.48 -0.224965
37.52 -0.207961
37.56 -0.224965
37.6 -0.224965
37.64 -0.220714
37.68 -0.224965
37.72 -0.216463
37.76 -0.216463
37.8 -0.216463
37.84 -0.216463
37.88 -0.207961
37.92 -0.216463
37.96 -0.216463
38 -0.212212
38.04 -0.203711
38.08 -0.207961
38.12 -0.212212
38.16 -0.207961
38.2 -0.195209
38.24 -0.19946
38.28 -0.203711
38.32 -0.195209
38.36 -0.19946
38.4 -0.203711
38.44 -0.195209
38.48 -0.19946
38.52 -0.190958
38.56 -0.190958
38.6 -0.19946
38.64 -0.186707
38.68 -0.190958
38.72 -0.19946
38.76 -0.203711
38.8 -0.19946
38.84 -0.195209
38.88 -0.19946
38.92 -0.203711
38.96 -0.190958
39 -0.190958
39.04 -0.195209
39.08 -0.190958
39.12 -0.190958
39.16 -0.195209
39.2 -0.190958
39.24 -0.190958
39.28 -0.19946
39.32 -0.186707
39.36 -0.190958
39.4 -0.190958
39.44 -0.190958
39.48 -0.182457
39.52 -0.19946
39.56 -0.190958
39.6 -0.190958
39.64 -0.186707
39.68 -0.182457
39.72 -0.190958
39.76 -0.182457
39.8 -0.182457
39.84 -0.182457
39.88 -0.182457
39.92 -0.178206
39.96 -0.182457
40 -0.182457
40.04 -0.178206
40.08 -0.165453
40.12 -0.173955
40.16 -0.178206
40.2 -0.178206
40.24 -0.178206
40.28 -0.173955
40.32 -0.182457
40.36 -0.178206
40.4 -0.169704
40.44 -0.173955
40.48 -0.173955
40.52 -0.173955
40.56 -0.173955
40.6 -0.169704
40.64 -0.173955
40.68 -0.178206
40.72 -0.165453
40.76 -0.169704
40.8 -0.178206
40.84 -0.169704
40.88 -0.178206
40.92 -0.165453
40.96 -0.173955
41 -0.190958
41.04 -0.165453
41.08 -0.169704
41.12 -0.178206
41.16 -0.169704
41.2 -0.165453
41.24 -0.165453
41.28 -0.165453
41.32 -0.173955
41.36 -0.165453
41.4 -0.169704
41.44 -0.173955
41.48 -0.165453
41.52 -0.165453
41.56 -0.156952
41.6 -0.169704
41.64 -0.169704
41.68 -0.156952
41.72 -0.161203
41.76 -0.165453
41.8 -0.161203
41.84 -0.156952
41.88 -0.156952
41.92 -0.161203
41.96 -0.161203
42 -0.161203
42.04 -0.156952
42.08 -0.161203
42.12 -0.165453
42.16 -0.156952
42.2 -0.156952
42.24 -0.156952
42.28 -0.152701
42.32 -0.14845
42.36 -0.152701
42.4 -0.156952
42.44 -0.152701
42.48 -0.152701
42.52 -0.156952
42.56 -0.156952
42.6 -0.152701
42.64 -0.14845
42.68 -0.152701
42.72 -0.144199
42.76 -0.14845
42.8 -0.144199
42.84 -0.152701
42.88 -0.14845
42.92 -0.152701
42.96 -0.139949
43 -0.139949
43.04 -0.144199
43.08 -0.144199
43.12 -0.135698
43.16 -0.139949
43.2 -0.14845
43.24 -0.135698
43.28 -0.131447
43.32 -0.135698
43.36 -0.139949
43.4 -0.144199
43.44 -0.131447
43.48 -0.135698
43.52 -0.139949
43.56 -0.144199
43.6 -0.139949
43.64 -0.135698
43.68 -0.144199
43.72 -0.144199
43.76 -0.139949
43.8 -0.139949
43.84 -0.144199
43.88 -0.139949
43.92 -0.139949
43.96 -0.139949
44 -0.139949
44.04 -0.144199
44.08 -0.131447
44.12 -0.127196
44.16 -0.131447
44.2 -0.131447
44.24 -0.127196
44.28 -0.131447
44.32 -0.131447
44.36 -0.127196
44.4 -0.122945
44.44 -0.122945
44.48 -0.122945
44.52 -0.127196
44.56 -0.122945
44.6 -0.122945
44.64 -0.131447
44.68 -0.122945
44.72 -0.122945
44.76 -0.114444
44.8 -0.122945
44.84 -0.127196
44.88 -0.122945
44.92 -0.118695
44.96 -0.122945
45 -0.131447
45.04 -0.127196
45.08 -0.131447
45.12 -0.131447
45.16 -0.127196
45.2 -0.122945
45.24 -0.127196
45.28 -0.127196
45.32 -0.122945
45.36 -0.122945
45.4 -0.122945
45.44 -0.127196
45.48 -0.131447
45.52 -0.122945
45.56 -0.122945
45.6 -0.122945
45.64 -0.114444
45.68 -0.114444
45.72 -0.114444
45.76 -0.122945
45.8 -0.118695
45.84 -0.114444
45.88 -0.110193
45.92 -0.114444
45.96 -0.114444
46 -0.110193
46.04 -0.105942
46.08 -0.122945
46.12 -0.118695
46.16 -0.114444
46.2 -0.118695
46.24 -0.114444
46.28 -0.122945
46.32 -0.114444
46.36 -0.110193
46.4 -0.114444
46.44 -0.105942
46.48 -0.122945
46.52 -0.127196
46.56 -0.114444
46.6 -0.127196
46.64 -0.114444
46.68 -0.118695
46.72 -0.114444
46.76 -0.105942
46.8 -0.114444
46.84 -0.114444
46.88 -0.118695
46.92 -0.118695
46.96 -0.122945
47 -0.127196
47.04 -0.131447
47.08 -0.122945
47.12 -0.127196
47.16 -0.131447
47.2 -0.114444
47.24 -0.110193
47.28 -0.114444
47.32 -0.114444
47.36 -0.114444
47.4 -0.110193
47.44 -0.114444
47.48 -0.114444
47.52 -0.122945
47.56 -0.110193
47.6 -0.101691
47.64 -0.110193
47.68 -0.114444
47.72 -0.101691
47.76 -0.101691
47.8 -0.110193
47.84 -0.114444
47.88 -0.101691
47.92 -0.0974406
47.96 -0.110193
48 -0.110193
48.04 -0.101691
48.08 -0.101691
48.12 -0.114444
48.16 -0.114444
48.2 -0.105942
48.24 -0.110193
48.28 -0.105942
48.32 -0.110193
48.36 -0.114444
48.4 -0.114444
48.44 -0.105942
48.48 -0.118695
48.52 -0.105942
48.56 -0.105942
48.6 -0.110193
48.64 -0.114444
48.68 -0.105942
48.72 -0.110193
48.76 -0.114444
48.8 -0.114444
48.84 -0.118695
48.88 -0.110193
48.92 -0.110193
48.96 -0.114444
49 -0.101691
49.04 -0.101691
49.08 -0.110193
49.12 -0.101691
49.16 -0.101691
49.2 -0.105942
49.24 -0.0974406
49.28 -0.0974406
49.32 -0.101691
49.36 -0.088939
49.4 -0.101691
49.44 -0.0974406
49.48 -0.0974406
49.52 -0.0974406
49.56 -0.0931898
49.6 -0.0974406
49.64 -0.088939
49.68 -0.0974406
49.72 -0.0931898
49.76 -0.088939
49.8 -0.0931898
49.84 -0.0931898
49.88 -0.0931898
49.92 -0.0974406
49.96 -0.088939
50 -0.0974406
50.04 -0.0974406
50.08 -0.0974406
50.12 -0.0974406
50.16 -0.0974406
50.2 -0.0974406
50.24 -0.0974406
50.28 -0.105942
50.32 -0.0931898
50.36 -0.0931898
50.4 -0.0974406
50.44 -0.0974406
50.48 -0.0846882
50.52 -0.088939
50.56 -0.0974406
50.6 -0.088939
50.64 -0.0846882
50.68 -0.088939
50.72 -0.088939
50.76 -0.0846882
50.8 -0.0846882
50.84 -0.088939
50.88 -0.0846882
50.92 -0.0931898
50.96 -0.088939
51 -0.0846882
51.04 -0.0931898
51.08 -0.088939
51.12 -0.0846882
51.16 -0.088939
51.2 -0.088939
51.24 -0.0846882
51.28 -0.0804374
51.32 -0.0804374
51.36 -0.088939
51.4 -0.0846882
51.44 -0.088939
51.48 -0.0804374
51.52 -0.088939
51.56 -0.0846882
51.6 -0.0931898
51.64 -0.0719358
51.68 -0.0846882
51.72 -0.105942
51.76 -0.0719358
51.8 -0.0846882
51.84 -0.110193
51.88 -0.0846882
51.92 -0.0804374
51.96 -0.0804374
52 -0.0974406
52.04 -0.0846882
52.08 -0.0804374
52.12 -0.101691
52.16 -0.0931898
52.2 -0.088939
52.24 -0.101691
52.28 -0.110193
52.32 -0.110193
52.36 -0.105942
52.4 -0.101691
52.44 -0.0974406
52.48 -0.0931898
52.52 -0.0974406
52.56 -0.0761866
52.6 -0.0804374
52.64 -0.088939
52.68 -0.0804374
52.72 -0.0761866
52.76 -0.0804374
52.8 -0.0846882
52.84 -0.0719358
52.88 -0.0804374
52.92 -0.0804374
52.96 -0.0804374
53 -0.0846882
53.04 -0.0761866
53.08 -0.0804374
53.12 -0.0846882
53.16 -0.0804374
53.2 -0.0804374
53.24 -0.0804374
53.28 -0.0846882
53.32 -0.0804374
53.36 -0.0761866
53.4 -0.0804374
53.44 -0.0804374
53.48 -0.067685
53.52 -0.0761866
53.56 -0.0804374
53.6 -0.0804374
53.64 -0.0761866
53.68 -0.0761866
53.72 -0.088939
53.76 -0.0804374
53.8 -0.0804374
53.84 -0.088939
53.88 -0.0931898
53.92 -0.101691
53.96 -0.114444
54 -0.110193
54.04 -0.114444
54.08 -0.110193
54.12 -0.105942
54.16 -0.101691
54.2 -0.0931898
54.24 -0.088939
54.28 -0.0804374
54.32 -0.0761866
54.36 -0.067685
54.4 -0.0804374
54.44 -0.0804374
54.48 -0.0846882
54.52 -0.0804374
54.56 -0.0804374
54.6 -0.0761866
54.64 -0.0719358
54.68 -0.067685
54.72 -0.0846882
54.76 -0.0804374
54.8 -0.0719358
54.84 -0.0804374
54.88 -0.0719358
54.92 -0.0804374
54.96 -0.0761866
55 -0.0804374
55.04 -0.0846882
55.08 -0.0804374
55.12 -0.0804374
55.16 -0.0846882
55.2 -0.0804374
55.24 -0.0761866
55.28 -0.0804374
55.32 -0.0804374
55.36 -0.0804374
55.4 -0.0804374
55.44 -0.0804374
55.48 -0.0804374
55.52 -0.067685
55.56 -0.0761866
55.6 -0.0804374
55.64 -0.0719358
55.68 -0.0634342
55.72 -0.0719358
55.76 -0.0719358
55.8 -0.0719358
55.84 -0.0634342
55.88 -0.0719358
55.92 -0.0761866
55.96 -0.0719358
56 -0.0719358
56.04 -0.0719358
56.08 -0.0719358
56.12 -0.0719358
56.16 -0.0719358
56.2 -0.0719358
56.24 -0.0761866
56.28 -0.0804374
56.32 -0.0804374
56.36 -0.0719358
56.4 -0.067685
56.44 -0.067685
56.48 -0.067685
56.52 -0.0719358
56.56 -0.067685
56.6 -0.067685
56.64 -0.0719358
56.68 -0.0761866
56.72 -0.067685
56.76 -0.067685
56.8 -0.0719358
56.84 -0.0719358
56.88 -0.0719358
56.92 -0.0804374
56.96 -0.067685
57 -0.0719358
57.04 -0.0634342
57.08 -0.067685
57.12 -0.0761866
57.16 -0.0634342
57.2 -0.0634342
57.24 -0.0761866
57.28 -0.067685
57.32 -0.0591833
57.36 -0.0591833
57.4 -0.0719358
57.44 -0.0719358
57.48 -0.0591833
57.52 -0.0634342
57.56 -0.0804374
57.6 -0.067685
57.64 -0.0634342
57.68 -0.0761866
57.72 -0.0719358
57.76 -0.0634342
57.8 -0.067685
57.84 -0.067685
57.88 -0.0634342
57.92 -0.0634342
57.96 -0.0591833
58 -0.0591833
58.04 -0.0591833
58.08 -0.0634342
58.12 -0.0549325
58.16 -0.0549325
58.2 -0.0634342
58.24 -0.0591833
58.28 -0.0506817
58.32 -0.0549325
58.36 -0.0634342
58.4 -0.0591833
58.44 -0.0591833
58.48 -0.0634342
58.52 -0.0591833
58.56 -0.0591833
58.6 -0.067685
58.64 -0.0634342
58.68 -0.0506817
58.72 -0.0591833
58.76 -0.0506817
58.8 -0.0591833
58.84 -0.0591833
58.88 -0.0591833
58.92 -0.0591833
58.96 -0.0634342
59 -0.0634342
59.04 -0.0634342
59.08 -0.0634342
59.12 -0.0591833
59.16 -0.0634342
59.2 -0.067685
59.24 -0.0634342
59.28 -0.0634342
59.32 -0.067685
59.36 -0.0634342
59.4 -0.0591833
59.44 -0.0634342
59.48 -0.067685
59.52 -0.067685
59.56 -0.0549325
59.6 -0.0591833
59.64 -0.067685
59.68 -0.0549325
59.72 -0.0591833
59.76 -0.0634342
59.8 -0.0549325
59.84 -0.0591833
59.88 -0.0591833
59.92 -0.0549325
59.96 -0.0549325
60 -0.0549325
60.04 -0.0549325
60.08 -0.0506817
60.12 -0.0506817
60.16 -0.0549325
60.2 -0.0464309
60.24 -0.0464309
60.28 -0.0549325
60.32 -0.0506817
60.36 -0.0464309
60.4 -0.0421801
60.44 -0.0421801
60.48 -0.0464309
60.52 -0.0421801
60.56 -0.0506817
60.6 -0.0549325
60.64 -0.0464309
60.68 -0.0506817
60.72 -0.0506817
60.76 -0.0464309
60.8 -0.0549325
60.84 -0.0591833
60.88 -0.0591833
60.92 -0.0549325
60.96 -0.0634342
61 -0.0591833
61.04 -0.0549325
61.08 -0.0634342
61.12 -0.0549325
61.16 -0.0549325
61.2 -0.0549325
61.24 -0.0591833
61.28 -0.0634342
61.32 -0.0549325
61.36 -0.0549325
61.4 -0.0549325
61.44 -0.0591833
61.48 -0.0549325
61.52 -0.0549325
61.56 -0.0506817
61.6 -0.0591833
61.64 -0.0549325
61.68 -0.0549325
61.72 -0.0506817
61.76 -0.0549325
61.8 -0.0549325
61.84 -0.0591833
61.88 -0.0549325
61.92 -0.0634342
61.96 -0.0591833
62 -0.0549325
62.04 -0.0591833
62.08 -0.0591833
62.12 -0.0634342
62.16 -0.0591833
62.2 -0.0634342
62.24 -0.0634342
62.28 -0.0591833
62.32 -0.0549325
62.36 -0.0549325
62.4 -0.0549325
62.44 -0.0506817
62.48 -0.0506817
62.52 -0.0549325
62.56 -0.0549325
62.6 -0.0464309
62.64 -0.0506817
62.68 -0.0549325
62.72 -0.0549325
62.76 -0.0464309
62.8 -0.0549325
62.84 -0.0549325
62.88 -0.0464309
62.92 -0.0591833
62.96 -0.0591833
63 -0.0464309
63.04 -0.0464309
63.08 -0.0421801
63.12 -0.0464309
63.16 -0.0549325
63.2 -0.0464309
63.24 -0.0464309
63.28 -0.0549325
63.32 -0.0464309
63.36 -0.0549325
63.4 -0.0549325
63.44 -0.0506817
63.48 -0.0464309
63.52 -0.0506817
63.56 -0.0464309
63.6 -0.0549325
63.64 -0.0421801
63.68 -0.0506817
63.72 -0.0506817
63.76 -0.0464309
63.8 -0.0336785
63.84 -0.0506817
63.88 -0.0464309
63.92 -0.0421801
63.96 -0.0421801
64 -0.0464309
64.04 -0.0506817
64.08 -0.0464309
64.12 -0.0379293
64.16 -0.0506817
64.2 -0.0464309
64.24 -0.0506817
64.28 -0.0464309
64.32 -0.0464309
64.36 -0.0464309
64.4 -0.0464309
64.44 -0.0421801
64.48 -0.0506817
64.52 -0.0549325
64.56 -0.0464309
64.6 -0.0464309
64.64 -0.0506817
64.68 -0.0549325
64.72 -0.0464309
64.76 -0.0464309
64.8 -0.0549325
64.84 -0.0421801
64.88 -0.0464309
64.92 -0.0506817
64.96 -0.0464309
65 -0.0379293
65.04 -0.0464309
65.08 -0.0464309
65.12 -0.0464309
65.16 -0.0379293
65.2 -0.0464309
65.24 -0.0421801
65.28 -0.0506817
65.32 -0.0421801
65.36 -0.0464309
65.4 -0.0421801
65.44 -0.0464309
65.48 -0.0421801
65.52 -0.0464309
65.56 -0.0421801
65.6 -0.0506817
65.64 -0.0421801
65.68 -0.0421801
65.72 -0.0421801
65.76 -0.0506817
65.8 -0.0464309
65.84 -0.0464309
65.88 -0.0421801
65.92 -0.0421801
65.96 -0.0464309
66 -0.0464309
66.04 -0.0464309
66.08 -0.0549325
66.12 -0.067685
66.16 -0.0506817
66.2 -0.0421801
66.24 -0.0591833
66.28 -0.0464309
66.32 -0.0421801
66.36 -0.0464309
66.4 -0.0506817
66.44 -0.0421801
66.48 -0.0464309
66.52 -0.0464309
66.56 -0.0464309
66.6 -0.0464309
66.64 -0.0549325
66.68 -0.0379293
66.72 -0.0379293
66.76 -0.0464309
66.8 -0.0379293
66.84 -0.0294277
66.88 -0.0464309
66.92 -0.0421801
66.96 -0.0336785
67 -0.0336785
67.04 -0.0549325
67.08 -0.0421801
67.12 -0.0379293
67.16 -0.0421801
67.2 -0.0549325
67.24 -0.0421801
67.28 -0.0464309
67.32 -0.0464309
67.36 -0.0549325
67.4 -0.0464309
67.44 -0.0464309
67.48 -0.0421801
67.52 -0.0506817
67.56 -0.0506817
67.6 -0.0506817
67.64 -0.0464309
67.68 -0.0549325
67.72 -0.0506817
67.76 -0.0464309
67.8 -0.0421801
67.84 -0.0506817
67.88 -0.0379293
67.92 -0.0421801
67.96 -0.0421801
68 -0.0506817
68.04 -0.0421801
68.08 -0.0421801
68.12 -0.0421801
68.16 -0.0464309
68.2 -0.0421801
68.24 -0.0421801
68.28 -0.0506817
68.32 -0.0464309
68.36 -0.0336785
68.4 -0.0421801
68.44 -0.0379293
68.48 -0.0464309
68.52 -0.0421801
68.56 -0.0421801
68.6 -0.0464309
68.64 -0.0464309
68.68 -0.0379293
68.72 -0.0464309
68.76 -0.0421801
68.8 -0.0379293
68.84 -0.0464309
68.88 -0.0421801
68.92 -0.0379293
68.96 -0.0464309
69 -0.0379293
69.04 -0.0464309
69.08 -0.0549325
69.12 -0.0379293
69.16 -0.0379293
69.2 -0.0421801
69.24 -0.0421801
69.28 -0.0379293
69.32 -0.0421801
69.36 -0.0421801
69.4 -0.0379293
69.44 -0.0421801
69.48 -0.0379293
69.52 -0.0336785
69.56 -0.0421801
69.6 -0.0506817
69.64 -0.0421801
69.68 -0.0464309
69.72 -0.0506817
69.76 -0.0464309
69.8 -0.0421801
69.84 -0.0506817
69.88 -0.0464309
69.92 -0.0379293
69.96 -0.0464309
70 -0.0464309
70.04 -0.0421801
70.08 -0.0421801
70.12 -0.0421801
70.16 -0.0336785
70.2 -0.0421801
70.24 -0.0421801
70.28 -0.0421801
70.32 -0.0464309
70.36 -0.0421801
70.4 -0.0421801
70.44 -0.0421801
70.48 -0.0506817
70.52 -0.0421801
70.56 -0.0379293
70.6 -0.0379293
70.64 -0.0421801
70.68 -0.0379293
70.72 -0.0379293
70.76 -0.0421801
70.8 -0.0506817
70.84 -0.0336785
70.88 -0.0421801
70.92 -0.0336785
70.96 -0.0379293
71 -0.0379293
71.04 -0.0464309
71.08 -0.0464309
71.12 -0.0421801
71.16 -0.0464309
71.2 -0.0464309
71.24 -0.0464309
71.28 -0.0379293
71.32 -0.0464309
71.36 -0.0506817
71.4 -0.0421801
71.44 -0.0336785
71.48 -0.0336785
71.52 -0.0506817
71.56 -0.0251769
71.6 -0.0294277
71.64 -0.0464309
71.68 -0.0464309
71.72 -0.0294277
71.76 -0.0294277
71.8 -0.0379293
71.84 -0.0464309
71.88 -0.0336785
71.92 -0.0336785
71.96 -0.0379293
72 -0.0336785
72.04 -0.0336785
72.08 -0.0421801
72.12 -0.0336785
72.16 -0.0464309
72.2 -0.0379293
72.24 -0.0421801
72.28 -0.0336785
72.32 -0.0379293
72.36 -0.0336785
72.4 -0.0294277
72.44 -0.0336785
72.48 -0.0379293
72.52 -0.0379293
72.56 -0.0336785
72.6 -0.0336785
72.64 -0.0379293
72.68 -0.0379293
72.72 -0.0379293
72.76 -0.0294277
72.8 -0.0379293
72.84 -0.0336785
72.88 -0.0379293
72.92 -0.0379293
72.96 -0.0379293
73 -0.0379293
73.04 -0.0294277
73.08 -0.0294277
73.12 -0.0336785
73.16 -0.0124245
73.2 -0.0251769
73.24 -0.0336785
73.28 -0.0421801
73.32 -0.0251769
73.36 -0.0294277
73.4 -0.0336785
73.44 -0.0294277
73.48 -0.0294277
73.52 -0.0251769
73.56 -0.0294277
73.6 -0.0421801
73.64 -0.0336785
73.68 -0.0421801
73.72 -0.0379293
73.76 -0.0421801
73.8 -0.0379293
73.84 -0.0464309
73.88 -0.0421801
73.92 -0.0336785
73.96 -0.0379293
74 -0.0294277
74.04 -0.0379293
74.08 -0.0421801
74.12 -0.0336785
74.16 -0.0421801
74.2 -0.0336785
74.24 -0.0421801
74.28 -0.0294277
74.32 -0.0251769
74.36 -0.0336785
74.4 -0.0379293
74.44 -0.0251769
74.48 -0.0336785
74.52 -0.0251769
74.56 -0.0294277
74.6 -0.0336785
74.64 -0.0379293
74.68 -0.0294277
74.72 -0.0336785
74.76 -0.0294277
74.8 -0.0294277
74.84 -0.0294277
74.88 -0.0336785
74.92 -0.0336785
74.96 -0.0294277
75 -0.0294277
75.04 -0.0336785
75.08 -0.0294277
75.12 -0.0379293
75.16 -0.0294277
75.2 -0.0379293
75.24 -0.0336785
75.28 -0.0336785
75.32 -0.0379293
75.36 -0.0379293
75.4 -0.0379293
75.44 -0.0379293
75.48 -0.0294277
75.52 -0.0379293
75.56 -0.0336785
75.6 -0.0336785
75.64 -0.0294277
75.68 -0.0336785
75.72 -0.0379293
75.76 -0.0336785
75.8 -0.0336785
75.84 -0.0421801
75.88 -0.0379293
75.92 -0.0421801
75.96 -0.0379293
76 -0.0421801
76.04 -0.0336785
76.08 -0.0379293
76.12 -0.0336785
76.16 -0.0336785
76.2 -0.0336785
76.24 -0.0336785
76.28 -0.0379293
76.32 -0.0336785
76.36 -0.0294277
76.4 -0.0294277
76.44 -0.0294277
76.48 -0.0379293
76.52 -0.0251769
76.56 -0.0379293
76.6 -0.0336785
76.64 -0.0336785
76.68 -0.0379293
76.72 -0.0379293
76.76 -0.0336785
76.8 -0.0379293
76.84 -0.0379293
76.88 -0.0379293
76.92 -0.0336785
76.96 -0.0379293
77 -0.0336785
77.04 -0.0294277
77.08 -0.0379293
77.12 -0.0336785
77.16 -0.0379293
77.2 -0.0336785
77.24 -0.0336785
77.28 -0.0421801
77.32 -0.0464309
77.36 -0.0421801
77.4 -0.0379293
77.44 -0.0464309
77.48 -0.0421801
77.52 -0.0336785
77.56 -0.0336785
77.6 -0.0379293
77.64 -0.0379293
77.68 -0.0421801
77.72 -0.0379293
77.76 -0.0294277
77.8 -0.0294277
77.84 -0.0379293
77.88 -0.0294277
77.92 -0.0336785
77.96 -0.0294277
78 -0.0421801
78.04 -0.0251769
78.08 -0.0379293
78.12 -0.0251769
78.16 -0.0336785
78.2 -0.0336785
78.24 -0.0379293
78.28 -0.0336785
78.32 -0.0379293
78.36 -0.0379293
78.4 -0.0336785
78.44 -0.0294277
78.48 -0.0294277
78.52 -0.0294277
78.56 -0.0294277
78.6 -0.0336785
78.64 -0.0294277
78.68 -0.0294277
78.72 -0.0336785
78.76 -0.0251769
78.8 -0.0336785
78.84 -0.0294277
78.88 -0.0294277
78.92 -0.0166753
78.96 -0.0294277
79 -0.0209261
79.04 -0.0294277
79.08 -0.0294277
79.12 -0.0294277
79.16 -0.0251769
79.2 -0.0294277
79.24 -0.0294277
79.28 -0.0209261
79.32 -0.0251769
79.36 -0.0336785
79.4 -0.0209261
79.44 -0.0251769
79.48 -0.0294277
79.52 -0.0251769
79.56 -0.0209261
79.6 -0.0294277
79.64 -0.0209261
79.68 -0.0336785
79.72 -0.0294277
79.76 -0.0209261
79.8 -0.0251769
79.84 -0.0294277
79.88 -0.0209261
79.92 -0.0336785
79.96 -0.0294277
80 -0.0336785
80.04 -0.0251769
80.08 -0.0336785
80.12 -0.0294277
80.16 -0.0294277
80.2 -0.0294277
80.24 -0.0336785
80.28 -0.0251769
80.32 -0.0336785
80.36 -0.0294277
80.4 -0.0379293
80.44 -0.0166753
80.48 -0.0379293
80.52 -0.0294277
80.56 -0.0209261
80.6 -0.0336785
80.64 -0.0294277
80.68 -0.0294277
80.72 -0.0294277
80.76 -0.0209261
80.8 -0.0294277
80.84 -0.0336785
80.88 -0.0251769
80.92 -0.0209261
80.96 -0.0294277
81 -0.0251769
81.04 -0.0251769
81.08 -0.0209261
81.12 -0.0251769
81.16 -0.0124245
81.2 -0.0209261
81.24 -0.0209261
81.28 -0.0294277
81.32 -0.0294277
81.36 -0.0336785
81.4 -0.0251769
81.44 -0.0294277
81.48 -0.0251769
81.52 -0.0294277
81.56 -0.0209261
81.6 -0.0336785
81.64 -0.0336785
81.68 -0.0294277
81.72 -0.0294277
81.76 -0.0336785
81.8 -0.0251769
81.84 -0.0379293
81.88 -0.0336785
81.92 -0.0336785
81.96 -0.0336785
82 -0.0421801
82.04 -0.0251769
82.08 -0.0336785
82.12 -0.0379293
82.16 -0.0251769
82.2 -0.0294277
82.24 -0.0251769
82.28 -0.0209261
82.32 -0.0294277
82.36 -0.0209261
82.4 -0.0251769
82.44 -0.0251769
82.48 -0.0251769
82.52 -0.0209261
82.56 -0.0294277
82.6 -0.0209261
82.64 -0.0294277
82.68 -0.0251769
82.72 -0.0294277
82.76 -0.0294277
82.8 -0.0379293
82.84 -0.0251769
82.88 -0.0251769
82.92 -0.0294277
82.96 -0.0336785
83 -0.0251769
83.04 -0.0294277
83.08 -0.0379293
83.12 -0.0294277
83.16 -0.0336785
83.2 -0.0421801
83.24 -0.0209261
83.28 -0.0421801
83.32 -0.0379293
83.36 -0.0209261
83.4 -0.0379293
83.44 -0.0549325
83.48 -0.0379293
83.52 -0.0421801
83.56 -0.0464309
83.6 -0.0421801
83.64 -0.0379293
83.68 -0.0421801
83.72 -0.0336785
83.76 -0.0421801
83.8 -0.0294277
83.84 -0.0379293
83.88 -0.0336785
83.92 -0.0336785
83.96 -0.0251769
84 -0.0336785
84.04 -0.0421801
84.08 -0.0294277
84.12 -0.0209261
84.16 -0.0336785
84.2 -0.0294277
84.24 -0.0251769
84.28 -0.0251769
84.32 -0.0294277
84.36 -0.0166753
84.4 -0.0251769
84.44 -0.0294277
84.48 -0.0251769
84.52 -0.0251769
84.56 -0.0294277
84.6 -0.0209261
84.64 -0.0294277
84.68 -0.0294277
84.72 -0.0336785
84.76 -0.0294277
84.8 -0.0336785
84.84 -0.0379293
84.88 -0.0421801
84.92 -0.0421801
84.96 -0.0421801
85 -0.0379293
85.04 -0.0294277
85.08 -0.0379293
85.12 -0.0421801
85.16 -0.0336785
85.2 -0.0294277
85.24 -0.0336785
85.28 -0.0336785
85.32 -0.0336785
85.36 -0.0294277
85.4 -0.0294277
85.44 -0.0379293
85.48 -0.0294277
85.52 -0.0294277
85.56 -0.0251769
85.6 -0.0379293
85.64 -0.0336785
85.68 -0.0336785
85.72 -0.0379293
85.76 -0.0379293
85.8 -0.0336785
85.84 -0.0294277
85.88 -0.0294277
85.92 -0.0379293
85.96 -0.0336785
86 -0.0294277
86.04 -0.0294277
86.08 -0.0336785
86.12 -0.0336785
86.16 -0.0294277
86.2 -0.0209261
86.24 -0.0379293
86.28 -0.0294277
86.32 -0.0294277
86.36 -0.0336785
86.4 -0.0294277
86.44 -0.0294277
86.48 -0.0251769
86.52 -0.0251769
86.56 -0.0294277
86.6 -0.0294277
86.64 -0.0209261
86.68 -0.0166753
86.72 -0.0294277
86.76 -0.0251769
86.8 -0.0251769
86.84 -0.0166753
86.88 -0.0294277
86.92 -0.0209261
86.96 -0.0251769
87 -0.0251769
87.04 -0.0251769
87.08 -0.0251769
87.12 -0.0209261
87.16 -0.0209261
87.2 -0.0251769
87.24 -0.0294277
87.28 -0.0209261
87.32 -0.0166753
87.36 -0.0209261
87.4 -0.0294277
87.44 -0.0251769
87.48 -0.0166753
87.52 -0.0209261
87.56 -0.0209261
87.6 -0.0209261
87.64 -0.0209261
87.68 -0.0209261
87.72 -0.0209261
87.76 -0.0251769
87.8 -0.0166753
87.84 -0.0251769
87.88 -0.0251769
87.92 -0.0251769
87.96 -0.0209261
88 -0.0294277
88.04 -0.0251769
88.08 -0.0294277
88.12 -0.0251769
88.16 -0.0294277
88.2 -0.0251769
88.24 -0.0421801
88.28 -0.0251769
88.32 -0.0336785
88.36 -0.0336785
88.4 -0.0251769
88.44 -0.0294277
88.48 -0.0336785
88.52 -0.0251769
88.56 -0.0209261
88.6 -0.0294277
88.64 -0.0336785
88.68 -0.0166753
88.72 -0.0251769
88.76 -0.0251769
88.8 -0.0166753
88.84 -0.0251769
88.88 -0.0336785
88.92 -0.0124245
88.96 -0.0209261
89 -0.0251769
89.04 -0.0166753
89.08 -0.0166753
89.12 -0.0294277
89.16 -0.0209261
89.2 -0.0166753
89.24 -0.0209261
89.28 -0.0209261
89.32 -0.0209261
89.36 -0.0294277
89.4 -0.0209261
89.44 -0.0209261
89.48 -0.0209261
89.52 -0.0251769
89.56 -0.0209261
89.6 -0.0251769
89.64 -0.0209261
89.68 -0.0294277
89.72 -0.0166753
89.76 -0.0251769
89.8 -0.0209261
89.84 -0.0209261
89.88 -0.0124245
89.92 -0.0251769
89.96 -0.0209261
90 -0.0251769
90.04 -0.0209261
90.08 -0.0251769
90.12 -0.0209261
90.16 -0.0166753
90.2 -0.0166753
90.24 -0.0209261
90.28 -0.0209261
90.32 -0.0209261
90.36 -0.0209261
90.4 -0.0251769
90.44 -0.0209261
90.48 -0.0209261
90.52 -0.0209261
90.56 -0.0209261
90.6 -0.0251769
90.64 -0.0251769
90.68 -0.0294277
90.72 -0.0251769
90.76 -0.0251769
90.8 -0.0294277
90.84 -0.0166753
90.88 -0.0294277
90.92 -0.0294277
90.96 -0.0294277
91 -0.0209261
91.04 -0.0336785
91.08 -0.0464309
91.12 -0.0294277
91.16 -0.0251769
91.2 -0.0336785
91.24 -0.0294277
91.28 -0.0209261
91.32 -0.0251769
91.36 -0.0124245
91.4 -0.0124245
91.44 -0.0251769
91.48 -0.0124245
91.52 -0.0209261
91.56 -0.0209261
91.6 -0.0251769
91.64 -0.0166753
91.68 -0.0294277
91.72 -0.0251769
91.76 -0.0124245
91.8 -0.0209261
91.84 -0.0336785
91.88 -0.0251769
91.92 -0.0209261
91.96 -0.0251769
92 -0.0251769
92.04 -0.0209261
92.08 -0.0166753
92.12 -0.0166753
92.16 -0.0209261
92.2 -0.0124245
92.24 -0.0166753
92.28 -0.0124245
92.32 -0.0209261
92.36 -0.0209261
92.4 -0.0209261
92.44 -0.0251769
92.48 -0.0251769
92.52 -0.0209261
92.56 -0.0209261
92.6 -0.0166753
92.64 -0.0294277
92.68 -0.0294277
92.72 -0.0251769
92.76 -0.0209261
92.8 -0.0294277
92.84 -0.0294277
92.88 -0.0294277
92.92 -0.0209261
92.96 -0.0294277
93 -0.0294277
93.04 -0.0209261
93.08 -0.0251769
93.12 -0.0336785
93.16 -0.0166753
93.2 -0.0294277
93.24 -0.0549325
93.28 -0.0719358
93.32 -0.0506817
93.36 -0.0549325
93.4 -0.0634342
93.44 -0.0591833
93.48 -0.0379293
93.52 -0.0379293
93.56 -0.0336785
93.6 -0.0336785
93.64 -0.0251769
93.68 -0.0251769
93.72 -0.0209261
93.76 -0.0336785
93.8 -0.0251769
93.84 -0.0166753
93.88 -0.0251769
93.92 -0.0294277
93.96 -0.0294277
94 -0.0294277
94.04 -0.0294277
94.08 -0.0336785
94.12 -0.0209261
94.16 -0.0294277
94.2 -0.0209261
94.24 -0.0251769
94.28 -0.0294277
94.32 -0.0336785
94.36 -0.0124245
94.4 -0.00817371
94.44 -0.0251769
94.48 -0.0251769
94.52 -0.0166753
94.56 -0.0209261
94.6 -0.0209261
94.64 -0.0166753
94.68 -0.0166753
94.72 -0.0294277
94.76 -0.0251769
94.8 -0.0251769
94.84 -0.0251769
94.88 -0.0294277
94.92 -0.0209261
94.96 -0.0251769
95 -0.0166753
95.04 -0.0209261
95.08 -0.0124245
95.12 -0.0209261
95.16 -0.0209261
95.2 -0.0166753
95.24 -0.0124245
95.28 -0.0209261
95.32 -0.0251769
95.36 -0.0294277
95.4 -0.0209261
95.44 -0.0209261
95.48 -0.0336785
95.52 -0.0379293
95.56 -0.0251769
95.6 -0.0251769
95.64 -0.0251769
95.68 -0.0379293
95.72 -0.0209261
95.76 -0.0166753
95.8 -0.0251769
95.84 -0.0294277
95.88 -0.0209261
95.92 -0.0209261
95.96 -0.0209261
96 -0.0336785
96.04 -0.0209261
96.08 -0.0124245
96.12 -0.0166753
96.16 -0.0294277
96.2 -0.0166753
96.24 -0.0209261
96.28 -0.0209261
96.32 -0.0294277
96.36 -0.0251769
96.4 -0.0251769
96.44 -0.0209261
96.48 -0.0294277
96.52 -0.0251769
96.56 -0.0251769
96.6 -0.0251769
96.64 -0.0251769
96.68 -0.0251769
96.72 -0.0294277
96.76 -0.0209261
96.8 -0.0294277
96.84 -0.0294277
96.88 -0.0294277
96.92 -0.0209261
96.96 -0.0294277
97 -0.0251769
97.04 -0.0209261
97.08 -0.0166753
97.12 -0.0294277
97.16 -0.0209261
97.2 -0.0209261
97.24 -0.0166753
97.28 -0.0251769
97.32 -0.0124245
97.36 -0.0336785
97.4 -0.0251769
97.44 -0.00817371
97.48 -0.0421801
97.52 -0.0251769
97.56 -0.0209261
97.6 -0.0506817
97.64 -0.0336785
97.68 -0.0294277
97.72 -0.0336785
97.76 -0.0464309
97.8 -0.0294277
97.84 -0.0336785
97.88 -0.0421801
97.92 -0.0506817
97.96 -0.0464309
98 -0.0506817
98.04 -0.0421801
98.08 -0.0464309
98.12 -0.0464309
98.16 -0.0294277
98.2 -0.0251769
98.24 -0.0379293
98.28 -0.0251769
98.32 -0.0251769
98.36 -0.0209261
98.4 -0.0251769
98.44 -0.0251769
98.48 -0.0251769
98.52 -0.0166753
98.56 -0.0251769
98.6 -0.0294277
98.64 -0.0209261
98.68 -0.0251769
98.72 -0.0251769
98.76 -0.0209261
98.8 -0.0294277
98.84 -0.0209261
98.88 -0.0209261
98.92 -0.0209261
98.96 -0.0251769
99 -0.0166753
99.04 -0.0251769
99.08 -0.0209261
99.12 -0.0209261
99.16 -0.0209261
99.2 -0.0294277
99.24 -0.0209261
99.28 -0.0251769
99.32 -0.0251769
99.36 -0.0251769
99.4 -0.0251769
99.44 -0.0294277
99.48 -0.0294277
99.52 -0.0294277
99.56 -0.0336785
99.6 -0.0336785
99.64 -0.0336785
99.68 -0.0506817
99.72 -0.0421801
99.76 -0.0549325
99.8 -0.0549325
99.84 -0.0591833
99.88 -0.0549325
99.92 -0.0549325
99.96 -0.0421801
100 -0.0464309
100.04 -0.0336785
