ion,x0,y0,z0,vx0,vy0,vz0,ke0,elev0,azim0,x1,y1,z1,vx1,vy1,vz1,ke1,elev1,azim1
1, 230.000, -47.033, -14.263, 47.905, -7.060, 34.248, 0.010, 53.872, 11.649
1, 325.000,-48.331, -13.504, 5929.634, -94.538, 8.990, 99.992, 89.082, 84.568
2, 230.000, 6.835, -54.490, 53.080, -23.641, 11.886, 0.010, 63.503, 63.308
2, 325.000,6.257, -55.458, 5929.651, -11.235, -93.285, 99.992, 89.092, 173.133
3, 230.000, 37.221, -45.463, 44.565, -37.658, -10.651, 0.010, 48.711, 105.793
3, 325.000,37.011, -46.995, 5929.388, 36.392, -103.168, 99.992, 88.943, -160.570
4, 230.000, 93.746, -34.154, 15.505, -9.476, 56.457, 0.010, 15.154, 9.528
4, 325.000,118.585, -41.623, 5809.577, 1143.657, -359.524, 100.045, 78.340, -107.451
5, 230.000, 88.993, 28.231, 37.913, 14.538, 43.231, 0.010, 39.735, -18.587
5, 325.000,97.529, 32.117, 5906.990, 488.919, 196.235, 99.993, 84.903, -68.131
6, 230.000, -69.822, -68.250, 53.601, 17.240, -18.638, 0.010, 64.655, -137.232
6, 325.000,-78.859, -78.143, 5887.336, -491.654, -518.607, 99.997, 83.079, 136.528
7, 230.000, 2.740, 74.477, 50.509, -22.056, 21.909, 0.010, 58.388, 45.191
7, 325.000,2.156, 78.041, 5926.060, -15.564, 226.243, 99.992, 87.808, 3.935
8, 230.000, 6.715, -90.379, 22.072, 45.435, -31.083, 0.010, 21.848, -124.377
8, 325.000,8.624, -98.207, 5912.651, 79.329, -451.503, 99.992, 85.567, -170.035
9, 230.000, -17.087, -33.161, 26.546, -35.250, 39.628, 0.010, 26.589, 41.653
9, 325.000,-18.572, -32.597, 5929.937, -69.977, -23.443, 99.992, 89.287, 108.521
10, 230.000, 62.144, 4.968, 40.494, -33.840, -27.069, 0.010, 43.060, 128.657
10, 325.000,62.818, 4.253, 5929.577, 96.878, -17.538, 99.992, 89.049, -100.262
11, 230.000, -64.740, -7.086, 41.977, 0.271, 41.899, 0.010, 45.053, -0.371
11, 325.000,-66.673, -5.978, 5928.567, -144.575, 27.684, 99.992, 88.578, 79.160
12, 230.000, -62.926, 55.162, 17.652, -28.908, -48.687, 0.010, 17.315, 149.301
12, 325.000,-67.144, 56.553, 5923.481, -249.493, 140.774, 99.992, 87.231, 60.567
13, 230.000, -46.679, 47.777, 32.753, 29.339, 39.801, 0.010, 33.520, -36.396
13, 325.000,-47.215, 50.527, 5927.942, -77.446, 151.903, 99.992, 88.352, 27.014
14, 230.000, -53.269, -10.771, 58.162, 3.150, -11.175, 0.010, 78.711, -164.259
14, 325.000,-54.475, -11.388, 5929.473, -99.551, -32.360, 99.992, 88.989, 108.007
15, 230.000, -56.341, 67.737, 49.441, 25.026, 21.140, 0.010, 56.472, -49.811
15, 325.000,-59.229, 72.787, 5919.279, -204.309, 299.799, 99.991, 86.493, 34.274
16, 230.000, -42.170, -62.686, 31.296, 45.972, -20.611, 0.010, 31.848, -114.149
16, 325.000,-42.393, -65.806, 5926.780, -68.898, -195.414, 99.992, 87.998, 160.579
17, 230.000, 52.096, -82.170, 29.951, -39.499, -32.564, 0.010, 30.331, 129.503
17, 325.000,57.736, -93.912, 5889.443, 325.636, -615.255, 99.993, 83.259, -152.109
18, 230.000, 49.447, 15.717, 22.077, 51.374, 19.773, 0.010, 21.853, -68.950
18, 325.000,52.261, 16.721, 5928.360, 147.014, 50.295, 99.992, 88.499, -71.114
19, 230.000, 0.237, -3.213, 39.312, -21.169, -39.039, 0.010, 41.516, 151.531
19, 630.000,-1.896, -10.552, 5929.178, -28.401, -117.346, 99.992, 88.833, 166.395
20, 230.000, -0.165, 30.384, 3.902, -41.633, -42.060, 0.010, 3.773, 135.293
20, 325.000,-1.505, 29.696, 5930.150, -44.346, 30.063, 99.992, 89.482, 55.865
21, 230.000, -26.759, -31.575, 27.585, -35.397, -38.779, 0.010, 27.717, 137.611
21, 325.000,-28.458, -33.486, 5928.965, -85.725, -98.059, 99.992, 88.742, 138.839
22, 230.000, 33.197, -57.368, 37.571, -30.177, -34.575, 0.010, 39.307, 138.885
22, 325.000,33.275, -60.235, 5927.860, 44.812, -167.622, 99.992, 88.323, -165.033
23, 230.000, 52.013, 63.780, 54.806, -22.511, -2.678, 0.010, 67.529, 96.784
23, 325.000,53.901, 66.868, 5924.821, 149.313, 209.282, 99.992, 87.515, -35.506
24, 230.000, 19.732, -48.059, 47.696, -16.249, 31.284, 0.010, 53.532, 27.447
24, 325.000,19.683, -48.201, 5930.075, 20.363, -58.177, 99.992, 89.404, -160.709
25, 230.000, -36.841, 71.939, 34.063, 46.380, 14.361, 0.010, 35.053, -72.795
25, 325.000,-37.133, 75.781, 5924.947, -68.882, 244.657, 99.992, 87.544, 15.724
26, 230.000, -13.028, -27.555, 6.909, -58.748, 4.305, 0.010, 6.690, 85.809
26, 325.000,-15.190, -28.006, 5929.413, -91.022, -57.573, 99.992, 88.959, 122.314
27, 230.000, -43.988, 6.892, 0.936, -2.697, 59.241, 0.010, 0.904, 2.607
27, 325.000,-45.036, 8.936, 5929.347, -83.416, 73.990, 99.992, 88.923, 48.427
28, 230.000, 25.606, 11.687, 53.302, -21.787, 14.207, 0.010, 63.989, 56.892
28, 325.000,25.478, 12.399, 5930.059, 44.527, 45.936, 99.992, 89.382, -44.108
29, 230.000, -65.478, -35.137, 19.673, 3.514, -55.841, 0.010, 19.372, -176.399
29, 325.000,-67.885, -38.244, 5925.838, -174.366, -153.902, 99.992, 87.752, 131.433
30, 230.000, 53.677, 11.106, 7.390, -53.612, 24.265, 0.010, 7.158, 65.648
30, 325.000,53.285, 12.150, 5930.019, 48.024, 46.561, 99.992, 89.354, -45.886
31, 230.000, -55.634, 29.498, 22.627, -39.315, -38.209, 0.010, 22.427, 134.183
31, 325.000,-58.480, 29.139, 5928.145, -161.507, 24.305, 99.992, 88.422, 81.442
32, 230.000, 29.404, -7.288, 8.531, 31.142, 49.750, 0.010, 8.270, -32.045
32, 325.000,31.032, -5.849, 5929.457, 99.648, 35.661, 99.992, 88.977, -70.309
33, 230.000, -21.981, 48.128, 57.463, 10.030, -10.723, 0.010, 75.666, -136.913
33, 325.000,-22.190, 48.942, 5929.767, -31.425, 80.440, 99.992, 89.166, 21.339
34, 230.000, 56.033, 47.610, 17.042, -4.453, 56.634, 0.010, 16.698, 4.496
34, 325.000,58.005, 51.187, 5925.673, 145.406, 186.669, 99.992, 87.713, -37.917
35, 230.000, -38.915, 13.359, 52.464, -21.126, -17.856, 0.010, 62.200, 130.206
35, 325.000,-40.416, 13.078, 5929.652, -93.864, 6.201, 99.992, 89.091, 86.220
36, 230.000, 4.199, -31.291, 20.631, 48.031, -28.019, 0.010, 20.356, -120.257
36, 325.000,5.824, -32.849, 5929.320, 59.259, -96.428, 99.992, 88.906, -148.428
37, 230.000, 17.987, -30.474, 48.913, 10.362, -31.903, 0.010, 55.558, -162.007
37, 325.000,18.694, -32.127, 5929.487, 46.047, -92.938, 99.992, 88.998, -153.644
38, 230.000, 55.317, 13.891, 55.474, 15.026, -14.645, 0.010, 69.282, -134.265
38, 325.000,57.211, 13.785, 5929.050, 125.695, 12.481, 99.992, 88.780, -84.329
39, 230.000, 30.325, -10.550, 10.869, -46.022, -35.797, 0.010, 10.560, 127.877
39, 325.000,29.500, -11.923, 5930.042, 19.914, -61.295, 99.992, 89.377, -162.001
40, 230.000, 5.060, 85.919, 41.964, 20.251, 36.696, 0.010, 45.035, -28.892
40, 325.000,5.989, 92.190, 5918.780, 40.817, 368.844, 99.992, 86.412, -6.315
41, 230.000, 79.954, -48.930, 42.737, -36.195, 19.522, 0.010, 46.102, 61.660
41, 325.000,86.069, -52.752, 5913.186, 384.137, -237.883, 99.993, 85.630, -121.769
42, 230.000, 87.917, -22.723, 28.195, -42.715, 29.968, 0.010, 28.385, 54.947
42, 325.000,93.084, -23.477, 5919.546, 351.729, -70.835, 99.992, 86.531, -101.387
43, 230.000, -22.041, 22.448, 6.275, -58.938, 2.131, 0.010, 6.074, 87.929
43, 325.000,-24.397, 22.991, 5929.192, -108.715, 50.156, 99.992, 88.843, 65.234
44, 230.000, -10.831, -33.447, 10.882, -14.397, -56.497, 0.010, 10.572, 165.704
44, 325.000,-11.519, -35.955, 5928.998, -36.003, -123.697, 99.992, 88.755, 163.772
45, 230.000, 64.950, -19.011, 19.889, 24.977, 49.982, 0.010, 19.593, -26.552
45, 325.000,67.817, -18.041, 5927.694, 178.824, 7.288, 99.992, 88.271, -87.666
46, 230.000, 33.702, 61.488, 45.405, -16.164, 34.565, 0.010, 49.957, 25.063
46, 325.000,34.345, 64.673, 5927.031, 66.655, 188.358, 99.992, 88.069, -19.488
47, 230.000, -64.949, 75.870, 1.504, 19.897, -55.852, 0.010, 1.453, -160.392
47, 325.000,-83.392, 96.437, 5794.887, -836.108, 941.498, 99.982, 77.741, 41.607
48, 230.000, 23.507, 63.025, 51.890, -1.543, -28.682, 0.010, 61.034, 176.921
48, 325.000,24.194, 64.097, 5929.026, 52.749, 115.901, 99.992, 88.770, -24.471
49, 230.000, 56.631, 46.043, 34.411, 13.533, 46.372, 0.010, 35.464, -16.269
49, 325.000,59.161, 49.211, 5925.675, 164.160, 170.401, 99.992, 87.713, -43.931
50, 230.000, 3.971, 82.857, 29.058, -44.211, -26.807, 0.010, 29.337, 121.230
50, 325.000,2.796, 86.230, 5924.955, -33.074, 251.834, 99.992, 87.545, 7.482
51, 230.000, 27.780, -35.529, 13.936, 24.946, -51.973, 0.010, 13.589, -154.360
51, 325.000,29.188, -37.969, 5928.713, 76.591, -118.729, 99.992, 88.635, -147.174
52, 230.000, -64.975, -47.969, 23.406, 54.425, 2.778, 0.010, 23.243, -87.078
52, 325.000,-66.287, -50.107, 5926.722, -147.324, -148.016, 99.992, 87.982, 135.134
53, 230.000, -29.959, 24.420, 57.757, -13.231, 2.596, 0.010, 76.859, 78.898
53, 325.000,-31.011, 25.018, 5929.777, -70.334, 48.832, 99.992, 89.173, 55.228
54, 230.000, 33.079, 44.623, 31.669, 5.124, -49.885, 0.010, 32.273, -174.136
54, 325.000,34.062, 44.149, 5929.882, 69.646, 35.124, 99.992, 89.246, -63.237
55, 230.000, 8.618, 55.124, 19.134, -12.324, -54.769, 0.010, 18.821, 167.319
55, 325.000,8.440, 54.752, 5930.181, 4.001, 50.516, 99.992, 89.510, -4.528
56, 230.000, 11.534, -99.014, 14.489, 50.622, -27.297, 0.010, 14.141, -118.335
56, 325.000,16.048, -125.601, 5803.296, 193.041, -1218.199, 100.077, 78.001, -170.996
57, 230.000, 23.017, -55.094, 1.019, 42.908, -40.933, 0.010, 0.985, -133.650
57, 325.000,25.008, -57.897, 5927.595, 92.406, -157.086, 99.992, 88.239, -149.534
58, 230.000, -48.069, 41.813, 21.297, 32.802, 44.588, 0.010, 21.044, -36.341
58, 325.000,-48.433, 44.443, 5928.365, -71.192, 137.883, 99.992, 88.501, 27.308
59, 230.000, -69.617, 49.523, 32.394, -25.266, -42.777, 0.010, 33.106, 149.432
59, 325.000,-74.369, 51.018, 5921.981, -284.231, 138.130, 99.992, 86.945, 64.081
60, 230.000, -59.139, -60.693, 11.213, -23.870, -53.124, 0.010, 10.898, 155.805
60, 325.000,-63.238, -65.792, 5918.773, -243.415, -280.012, 99.992, 86.413, 138.999
61, 230.000, -91.051, -2.279, 33.743, -42.020, 24.767, 0.010, 34.675, 59.485
61, 325.000,-99.479, -1.697, 5911.221, -476.387, 15.499, 99.992, 85.390, 88.137
62, 230.000, 72.036, 54.528, 22.419, 39.876, -37.748, 0.010, 22.210, -133.430
62, 325.000,78.579, 57.388, 5915.374, 368.109, 206.575, 99.992, 85.918, -60.700
63, 230.000, 55.436, -1.467, 12.366, 57.809, -4.777, 0.010, 12.035, -94.724
63, 325.000,58.674, -1.656, 5927.980, 169.055, -7.839, 99.992, 88.365, -92.655
64, 230.000, -35.623, 73.189, 37.537, -38.873, 24.445, 0.010, 39.264, 57.837
64, 325.000,-38.584, 77.545, 5922.272, -158.295, 266.984, 99.992, 87.000, 30.664
65, 230.000, 37.076, -59.866, 13.038, -2.798, 57.791, 0.010, 12.699, 2.771
65, 325.000,38.235, -60.056, 5929.120, 87.712, -86.121, 99.992, 88.812, -134.475
66, 230.000, 14.915, 87.271, 19.548, 49.066, 26.982, 0.010, 19.244, -61.193
66, 325.000,17.440, 93.999, 5915.967, 114.962, 397.222, 99.992, 86.002, -16.141
67, 230.000, -87.401, 43.943, 1.920, -1.719, 59.254, 0.010, 1.856, 1.662
67, 325.000,-100.011, 52.037, 5879.530, -664.869, 396.957, 99.989, 82.497, 59.161
68, 230.000, -48.643, 80.513, 58.915, -0.590, 6.805, 0.010, 83.387, 4.958
68, 325.000,-53.285, 88.372, 5907.132, -268.399, 450.455, 99.990, 84.927, 30.788
69, 230.000, -37.265, -14.478, 39.638, 36.856, -24.251, 0.010, 41.938, -123.345
69, 325.000,-36.884, -15.556, 5930.075, -32.119, -52.507, 99.992, 89.405, 148.546
70, 230.000, -69.363, -32.426, 38.784, 44.422, -6.337, 0.010, 40.838, -98.119
70, 325.000,-70.769, -33.931, 5927.712, -149.102, -98.048, 99.992, 88.276, 123.329
71, 230.000, 51.168, 13.644, 31.755, -44.997, 22.011, 0.010, 32.372, 63.934
71, 325.000,50.963, 14.668, 5929.980, 50.616, 48.708, 99.992, 89.321, -46.100
72, 230.000, -40.028, -35.802, 4.541, -53.940, -24.239, 0.010, 4.391, 114.198
72, 325.000,-42.729, -37.453, 5928.151, -133.175, -94.248, 99.992, 88.424, 125.287
73, 230.000, 29.371, -20.368, 5.638, -22.660, 54.519, 0.010, 5.455, 22.569
73, 325.000,29.268, -19.053, 5930.263, 36.608, 15.103, 99.992, 89.617, -67.580
74, 230.000, 39.842, -2.034, 51.431, 29.133, 4.877, 0.010, 60.129, -80.497
74, 325.000,41.612, -1.922, 5929.481, 104.237, 1.277, 99.992, 88.993, -89.298
75, 230.000, 0.302, 44.100, 24.034, 53.545, -8.542, 0.010, 23.905, -99.064
75, 325.000,2.014, 44.788, 5929.689, 56.017, 72.217, 99.992, 89.117, -37.800
76, 230.000, -16.949, -46.767, 26.845, 48.787, -20.417, 0.010, 26.912, -112.709
76, 325.000,-15.790, -48.493, 5929.378, 18.948, -108.190, 99.992, 88.939, -170.066
77, 230.000, -12.426, -90.412, 31.929, 49.953, -1.706, 0.010, 32.571, -91.956
77, 325.000,-11.855, -97.470, 5915.044, -5.329, -426.480, 99.992, 85.876, 179.284
78, 230.000, -84.752, 5.623, 55.552, 20.264, 4.579, 0.010, 69.495, -77.266
78, 325.000,-88.819, 6.076, 5923.475, -285.227, 25.164, 99.992, 87.233, 84.958
79, 230.000, -48.895, -56.238, 51.858, 28.782, 0.011, 0.010, 60.969, -89.978
79, 325.000,-49.858, -58.380, 5927.584, -101.855, -151.712, 99.992, 88.234, 146.124
80, 230.000, 20.151, -43.732, 49.226, -27.349, 18.614, 0.010, 56.097, 55.760
80, 325.000,19.738, -44.127, 5930.070, 8.924, -61.533, 99.992, 89.399, -171.748
81, 230.000, -45.224, -50.588, 15.934, 27.238, 50.218, 0.010, 15.584, -28.475
81, 325.000,-45.788, -50.594, 5929.543, -76.632, -65.173, 99.992, 89.028, 130.380
82, 230.000, -32.983, 53.982, 38.905, -11.453, 43.276, 0.010, 40.993, 14.824
82, 325.000,-34.306, 56.922, 5927.551, -84.195, 163.280, 99.992, 88.225, 27.278
83, 230.000, 72.399, 50.929, 5.644, -39.577, 43.812, 0.010, 5.460, 42.093
83, 325.000,75.959, 55.654, 5919.149, 258.774, 257.879, 99.992, 86.468, -45.099
84, 230.000, 58.978, 29.039, 25.561, -51.470, -14.665, 0.010, 25.530, 105.903
84, 325.000,59.123, 29.447, 5929.670, 78.392, 49.694, 99.992, 89.103, -57.629
85, 230.000, 63.842, 40.618, 9.731, 43.191, -39.465, 0.010, 9.443, -132.420
85, 325.000,67.752, 40.999, 5925.714, 224.120, 72.555, 99.992, 87.723, -72.062
86, 230.000, 22.612, 89.702, 1.177, -23.794, -54.315, 0.010, 1.137, 156.343
86, 325.000,23.731, 95.372, 5917.499, 85.426, 381.501, 99.992, 86.220, -12.621
87, 230.000, 67.687, -17.563, 30.548, 22.716, -45.480, 0.010, 31.002, -153.459
87, 325.000,70.711, -19.594, 5926.615, 191.242, -90.879, 99.992, 87.954, -115.417
88, 230.000, -62.002, -1.695, 21.737, -45.862, -30.690, 0.010, 21.500, 123.789
88, 325.000,-65.219, -2.714, 5927.529, -180.977, -35.511, 99.992, 88.218, 101.101
89, 230.000, -79.416, -32.052, 5.045, 44.134, 39.299, 0.010, 4.879, -48.317
89, 325.000,-82.508, -32.631, 5924.892, -244.007, -75.824, 99.992, 87.531, 107.262
90, 230.000, -35.260, 88.450, 35.538, 23.806, -41.084, 0.010, 36.813, -149.910
90, 325.000,-38.134, 96.223, 5908.967, -179.475, 470.095, 99.990, 85.133, 20.896
91, 230.000, 24.528, 19.007, 14.906, 39.694, 41.471, 0.010, 14.556, -43.746
91, 325.000,26.317, 20.736, 5929.063, 93.948, 84.006, 99.992, 88.782, -48.198
92, 230.000, 0.678, 77.227, 0.662, -51.247, -29.849, 0.010, 0.640, 120.219
92, 325.000,-0.907, 79.478, 5927.099, -51.708, 190.654, 99.992, 88.091, 15.174
93, 230.000, -25.152, -26.598, 14.793, 52.232, -23.888, 0.010, 14.444, -114.577
93, 325.000,-24.013, -27.922, 5929.888, 4.733, -77.353, 99.992, 89.251, -176.498
94, 230.000, -39.189, 3.106, 54.330, 5.695, 23.096, 0.010, 66.354, -13.851
94, 325.000,-39.838, 3.905, 5929.928, -68.020, 29.826, 99.992, 89.282, 66.323
95, 230.000, 55.897, 39.610, 27.648, 24.074, 46.622, 0.010, 27.786, -27.310
95, 325.000,58.502, 42.388, 5926.483, 160.007, 144.174, 99.992, 87.919, -47.980
96, 230.000, -23.444, -33.929, 22.434, -53.223, 13.479, 0.010, 22.225, 75.789
96, 325.000,-25.641, -34.224, 5929.380, -98.450, -48.670, 99.992, 88.939, 116.306
97, 230.000, 33.466, 32.468, 36.031, -40.237, -24.503, 0.010, 37.409, 121.339
97, 325.000,32.929, 32.409, 5930.264, 20.051, 34.504, 99.992, 89.614, -30.162
98, 230.000, -52.837, 57.464, 48.553, -4.068, 33.819, 0.010, 54.948, 6.858
98, 325.000,-55.256, 61.012, 5924.555, -162.231, 207.234, 99.992, 87.456, 38.055
99, 230.000, -27.071, 68.059, 43.989, 30.127, 25.979, 0.010, 47.876, -49.228
99, 325.000,-27.131, 71.399, 5926.647, -40.121, 207.062, 99.992, 87.962, 10.966
100, 230.000, -54.366, 36.532, 29.341, 12.608, 49.978, 0.010, 29.650, -14.159
100, 325.000,-55.624, 39.222, 5927.847, -110.016, 134.692, 99.992, 88.320, 39.242
101, 230.000, 4.556, 54.911, 12.869, -30.677, -49.101, 0.010, 12.532, 148.004
101, 325.000,3.693, 54.699, 5930.092, -22.964, 55.330, 99.992, 89.421, 22.540
102, 230.000, -55.622, 7.018, 50.792, -28.425, -11.396, 0.010, 58.913, 111.847
102, 325.000,-57.929, 6.836, 5928.762, -139.202, 2.043, 99.992, 88.655, 89.159
103, 230.000, 92.035, 26.175, 26.981, -52.526, 5.545, 0.010, 27.059, 83.974
103, 325.000,100.209, 29.119, 5907.446, 495.591, 162.819, 99.993, 84.954, -71.813
104, 230.000, -41.831, -60.613, 46.035, 37.281, -2.923, 0.010, 50.912, -94.483
104, 325.000,-42.216, -62.955, 5927.718, -71.663, -163.281, 99.992, 88.277, 156.304
105, 230.000, -24.169, -39.506, 36.653, 19.700, 42.262, 0.010, 38.170, -24.992
105, 325.000,-24.077, -39.036, 5930.274, -24.154, -29.062, 99.992, 89.635, 140.270
106, 230.000, -69.549, 69.779, 38.840, 30.550, -32.800, 0.010, 40.910, -137.034
106, 325.000,-79.128, 79.326, 5885.493, -515.893, 515.298, 99.995, 82.938, 45.033
107, 230.000, -39.679, -61.757, 9.065, -28.639, 51.140, 0.010, 8.791, 29.249
107, 325.000,-42.041, -62.416, 5927.888, -133.977, -108.590, 99.992, 88.334, 129.025
108, 230.000, 25.672, 28.978, 23.835, 5.041, 54.075, 0.010, 23.695, -5.326
108, 325.000,26.374, 31.314, 5929.132, 53.164, 110.207, 99.992, 88.818, -25.753
109, 230.000, -23.871, -91.761, 12.341, -2.049, -57.975, 0.010, 12.010, 177.976
109, 325.000,-26.423, -103.096, 5897.693, -143.369, -604.642, 99.990, 83.985, 166.661
110, 230.000, 2.442, -74.982, 17.248, -27.831, 49.453, 0.010, 16.907, 29.370
110, 325.000,1.660, -76.296, 5928.428, -22.476, -151.146, 99.992, 88.524, 171.542
111, 230.000, -17.462, -49.755, 55.002, -11.791, 18.800, 0.010, 68.028, 32.095
111, 325.000,-18.252, -50.350, 5929.749, -45.372, -75.045, 99.992, 89.153, 148.843
112, 230.000, -29.447, 94.890, 40.914, 16.764, -39.530, 0.010, 43.617, -157.019
112, 325.000,-34.172, 110.542, 5870.035, -245.729, 807.378, 99.992, 81.819, 16.928
113, 230.000, -21.848, 10.066, 36.610, -27.749, -37.515, 0.010, 38.117, 143.511
113, 325.000,-23.247, 9.100, 5929.460, -103.627, -6.697, 99.991, 88.997, 93.698
114, 230.000, -80.476, -57.971, 39.571, -40.820, -16.895, 0.010, 41.851, 112.484
114, 325.000,-96.287, -68.990, 5854.015, -776.211, -545.703, 99.992, 80.793, 125.109
115, 230.000, 75.445, 1.563, 46.871, 34.470, -11.513, 0.010, 52.211, -108.469
115, 325.000,79.538, 1.265, 5925.222, 247.568, -7.658, 99.992, 87.606, -91.772
116, 230.000, -64.875, 29.889, 27.974, 37.079, 36.882, 0.010, 28.142, -45.152
116, 325.000,-65.973, 32.093, 5927.996, -124.699, 113.717, 99.992, 88.369, 47.637
117, 230.000, 0.450, -87.690, 4.914, 58.943, 4.382, 0.010, 4.753, -85.748
117, 325.000,2.308, -93.121, 5919.826, 64.147, -348.225, 99.992, 86.577, -169.563
118, 230.000, -18.081, 79.148, 52.672, 5.179, -26.767, 0.010, 62.634, -169.049
118, 325.000,-18.778, 82.072, 5925.864, -52.507, 225.547, 99.991, 87.762, 13.105
119, 230.000, 12.474, -15.171, 2.865, -59.021, 5.100, 0.010, 2.769, 85.061
119, 630.000,17.263, -28.371, 5923.666, 125.470, -254.381, 99.994, 87.259, -153.746
120, 230.000, 15.895, -70.418, 27.737, 5.066, 52.179, 0.010, 27.883, -5.546
120, 325.000,16.615, -71.261, 5928.918, 45.613, -124.256, 99.992, 88.721, -159.843
121, 230.000, -28.796, -17.062, 48.916, 27.090, -19.772, 0.010, 55.564, -126.124
121, 325.000,-28.544, -18.053, 5930.033, -32.566, -56.729, 99.992, 89.368, 150.141
122, 230.000, -8.256, -40.800, 37.586, 41.825, -18.858, 0.010, 39.325, -114.270
122, 325.000,-7.104, -42.273, 5929.569, 28.098, -94.888, 99.992, 89.044, -163.505
123, 230.000, 28.552, 20.991, 40.221, -10.334, 42.345, 0.010, 42.699, 13.714
123, 325.000,28.823, 22.780, 5929.604, 45.655, 85.545, 99.992, 89.063, -28.089
124, 230.000, -28.335, -84.393, 39.254, 44.457, 0.571, 0.010, 41.441, -89.264
124, 325.000,-28.884, -90.090, 5919.204, -72.801, -356.380, 99.991, 86.484, 168.455
125, 230.000, 87.556, -16.476, 24.919, -51.193, 16.613, 0.010, 24.844, 72.020
125, 325.000,91.820, -17.063, 5921.964, 311.833, -51.293, 99.992, 86.945, -99.341
126, 230.000, -90.073, 28.678, 31.764, 21.178, -45.389, 0.010, 32.383, -154.986
126, 325.000,-98.118, 30.066, 5910.008, -478.919, 111.284, 99.993, 85.244, 76.919
127, 230.000, 2.629, 84.223, 41.595, 19.246, -37.644, 0.010, 44.533, -152.921
127, 325.000,3.367, 87.555, 5924.765, 29.503, 256.474, 99.991, 87.505, -6.562
128, 230.000, -14.625, -81.927, 40.141, 13.184, 41.623, 0.010, 42.595, -17.576
128, 325.000,-14.962, -84.814, 5925.658, -35.737, -234.086, 99.991, 87.712, 171.320
129, 230.000, 33.949, 81.087, 10.601, 58.351, -0.615, 0.010, 10.297, -90.604
129, 325.000,37.964, 86.336, 5917.687, 200.880, 331.678, 99.991, 86.251, -31.201
130, 230.000, 30.016, -71.081, 32.695, 9.214, 48.619, 0.010, 33.453, -10.731
130, 325.000,31.537, -72.476, 5927.668, 95.443, -152.314, 99.992, 88.263, -147.928
131, 230.000, -63.918, -57.213, 33.174, 23.216, -43.337, 0.010, 34.010, -151.822
131, 325.000,-66.928, -61.895, 5920.674, -216.396, -261.346, 99.991, 86.720, 140.375
132, 230.000, -2.904, -89.978, 8.831, -35.291, -46.842, 0.010, 8.563, 143.005
132, 325.000,-4.208, -98.068, 5912.548, -50.600, -457.040, 99.992, 85.553, 173.682
133, 230.000, 70.197, -62.603, 30.698, 15.110, 48.445, 0.010, 31.171, -17.323
133, 325.000,77.234, -66.994, 5909.885, 398.135, -289.080, 99.990, 85.241, -125.983
134, 230.000, 28.827, 6.654, 20.139, 55.455, 6.064, 0.010, 19.849, -83.760
134, 325.000,31.217, 6.990, 5929.075, 122.977, 21.317, 99.991, 88.794, -80.166
135, 230.000, -89.874, 16.992, 28.981, -44.182, 26.939, 0.010, 29.251, 58.628
135, 325.000,-98.479, 19.190, 5909.693, -482.690, 111.017, 99.992, 85.209, 77.047
136, 230.000, 55.725, 51.988, 6.116, -25.563, 53.167, 0.010, 5.919, 25.679
136, 325.000,57.188, 55.776, 5925.448, 131.644, 203.425, 99.992, 87.658, -32.908
137, 230.000, 18.830, 65.694, 19.939, 28.264, 48.179, 0.010, 19.645, -30.397
137, 325.000,20.343, 69.380, 5926.255, 74.834, 208.560, 99.992, 87.859, -19.739
138, 230.000, -64.274, 65.109, 37.685, -20.027, 41.187, 0.010, 39.449, 25.931
138, 325.000,-70.066, 71.616, 5910.179, -332.586, 359.113, 99.992, 85.266, 42.804
139, 230.000, 71.532, 66.965, 53.116, 7.494, 25.302, 0.010, 63.581, -16.499
139, 325.000,82.217, 77.514, 5878.839, 558.313, 542.283, 99.983, 82.458, -45.834
140, 230.000, 21.207, -92.956, 19.463, -56.006, 1.466, 0.010, 19.157, 88.500
140, 325.000,21.733, -102.665, 5904.406, 66.222, -550.890, 99.993, 84.631, -173.145
141, 230.000, 85.099, -51.008, 23.219, -49.895, -22.112, 0.010, 23.047, 113.901
141, 325.000,98.482, -60.569, 5869.663, 699.273, -475.014, 99.986, 81.805, -124.188
142, 230.000, 8.241, 76.626, 37.064, -37.642, -26.962, 0.010, 38.677, 125.613
142, 325.000,7.402, 78.930, 5927.295, -15.807, 191.021, 99.992, 88.148, 4.731
143, 230.000, 92.951, 36.020, 43.376, -39.322, 9.486, 0.010, 46.999, 76.437
143, 325.000,113.692, 44.789, 5833.487, 993.711, 411.680, 100.040, 79.553, -67.497
144, 230.000, -70.982, 54.084, 44.560, 24.749, -30.324, 0.010, 48.704, -140.780
144, 325.000,-75.029, 56.815, 5920.776, -274.099, 196.712, 99.991, 86.739, 54.334
145, 230.000, -80.387, -8.315, 39.906, 7.856, -43.168, 0.010, 42.287, -169.686
145, 325.000,-83.941, -10.053, 5924.743, -248.648, -71.889, 99.992, 87.499, 106.126
146, 230.000, -3.539, 12.414, 19.005, 14.358, -54.316, 0.010, 18.690, -165.193
146, 630.000,-5.221, 17.875, 5928.684, -40.415, 135.699, 99.991, 88.632, 16.585
147, 230.000, 53.026, 32.886, 51.434, 7.865, 28.466, 0.010, 60.136, -15.445
147, 325.000,54.784, 34.719, 5928.289, 122.236, 100.293, 99.992, 88.472, -50.632
148, 230.000, -91.820, 34.845, 48.254, -21.991, -26.563, 0.010, 54.448, 140.379
148, 325.000,-106.212, 39.267, 5878.614, -742.762, 244.430, 99.992, 82.423, 71.785
149, 230.000, -19.758, 16.636, 46.086, 37.332, -0.265, 0.010, 50.990, -90.407
149, 325.000,-19.022, 17.012, 5930.119, -22.848, 52.800, 99.992, 89.444, 23.400
150, 230.000, -34.908, -41.822, 55.481, -19.737, 7.064, 0.010, 69.302, 70.306
150, 325.000,-36.390, -42.627, 5929.288, -87.956, -73.579, 99.992, 88.892, 129.914
151, 230.000, -82.702, 32.277, 27.829, -28.909, 43.674, 0.010, 27.984, 33.501
151, 325.000,-89.273, 35.842, 5915.030, -384.506, 184.374, 99.991, 85.877, 64.382
152, 230.000, -49.655, 48.425, 50.098, -3.162, -31.588, 0.010, 57.639, 174.284
152, 325.000,-51.395, 49.034, 5928.526, -123.042, 83.898, 99.992, 88.561, 55.711
153, 230.000, 73.575, -52.839, 16.795, -39.178, 41.239, 0.010, 16.450, 43.532
153, 325.000,77.700, -55.398, 5920.378, 286.389, -191.783, 99.992, 86.668, -123.809
154, 230.000, 62.704, -62.515, 15.391, 29.662, -49.000, 0.010, 15.040, -148.812
154, 325.000,67.900, -68.297, 5914.326, 298.470, -318.150, 99.992, 85.782, -136.828
155, 230.000, 66.511, -45.110, 22.149, 11.857, -53.726, 0.010, 21.929, -167.555
155, 325.000,70.027, -48.923, 5922.717, 225.295, -200.781, 99.992, 87.083, -131.707
156, 230.000, -3.057, -61.916, 25.976, 25.043, -47.072, 0.010, 25.975, -151.987
156, 325.000,-2.351, -65.166, 5927.574, 19.431, -181.942, 99.992, 88.232, -173.904
157, 230.000, -35.685, -9.747, 7.590, 45.117, 37.743, 0.010, 7.352, -50.085
157, 325.000,-34.997, -8.746, 5930.315, -24.418, 19.813, 99.992, 89.696, 50.945
158, 230.000, -4.589, 78.052, 1.986, 49.273, 32.952, 0.010, 1.919, -56.227
158, 325.000,-3.240, 82.492, 5924.178, 37.881, 268.947, 99.992, 87.375, -8.017
159, 230.000, 88.464, -27.411, 27.332, -46.023, -25.545, 0.010, 27.441, 119.032
159, 325.000,94.425, -30.476, 5915.292, 390.523, -163.328, 99.992, 85.907, -112.696
160, 230.000, -14.510, 53.578, 48.956, -33.121, -4.890, 0.010, 55.633, 98.399
160, 325.000,-15.919, 54.762, 5929.229, -62.659, 99.642, 99.992, 88.863, 32.164
161, 230.000, 67.003, 20.256, 58.149, -7.875, -8.618, 0.010, 78.648, 137.578
161, 325.000,69.014, 20.668, 5928.201, 155.938, 40.646, 99.992, 88.443, -75.391
162, 230.000, 25.485, -50.489, 19.239, -25.179, 50.135, 0.010, 18.928, 26.667
162, 325.000,25.326, -50.166, 5930.161, 23.900, -47.090, 99.992, 89.490, -153.090
163, 230.000, 39.255, -47.873, 1.911, 57.393, 14.834, 0.010, 1.847, -75.509
163, 325.000,42.187, -48.754, 5928.021, 143.495, -86.917, 99.992, 88.379, -121.204
164, 230.000, 23.978, 22.284, 14.993, -55.924, 12.858, 0.010, 14.642, 77.052
164, 325.000,22.700, 23.171, 5930.066, -5.812, 62.535, 99.992, 89.393, 5.310
165, 230.000, -47.824, -4.937, 36.594, -22.406, -40.945, 0.010, 38.097, 151.311
165, 325.000,-49.618, -6.348, 5929.124, -111.489, -51.492, 99.992, 88.813, 114.790
166, 230.000, -69.559, -1.527, 53.400, -1.930, -25.736, 0.010, 64.205, 175.712
166, 325.000,-71.947, -2.386, 5927.839, -171.505, -30.524, 99.992, 88.317, 100.092
167, 230.000, 47.797, -80.203, 10.880, 36.316, -45.611, 0.010, 10.571, -141.473
167, 325.000,53.334, -89.025, 5903.428, 296.565, -481.290, 99.993, 84.530, -148.359
168, 230.000, 12.414, -68.290, 21.020, -53.651, 14.048, 0.010, 20.757, 75.327
168, 325.000,11.132, -70.104, 5928.440, -25.932, -150.096, 99.992, 88.528, 170.198
169, 230.000, -44.120, -13.731, 17.588, -47.493, 30.866, 0.010, 17.250, 56.980
169, 325.000,-46.614, -13.054, 5928.966, -130.060, 6.775, 99.992, 88.742, 87.018
170, 230.000, -1.893, 57.977, 35.922, 7.424, -46.606, 0.010, 37.277, -170.950
170, 325.000,-1.707, 57.997, 5930.011, 3.913, 67.448, 99.992, 89.347, -3.320
171, 230.000, 32.413, 42.586, 10.688, 5.760, 58.054, 0.010, 10.382, -5.666
171, 325.000,33.389, 45.475, 5928.297, 68.392, 142.148, 99.992, 88.476, -25.694
172, 230.000, -66.457, 40.173, 31.335, -38.922, -31.950, 0.010, 31.893, 129.382
172, 325.000,-70.508, 40.885, 5925.059, -236.721, 84.985, 99.992, 87.569, 70.251
173, 230.000, -40.394, 50.404, 8.031, -47.282, -34.893, 0.010, 7.782, 126.426
173, 325.000,-43.092, 50.796, 5928.288, -138.877, 75.709, 99.992, 88.472, 61.403
174, 230.000, 23.663, 58.043, 43.646, 5.540, 39.774, 0.010, 47.383, -7.930
174, 325.000,24.519, 60.969, 5927.762, 57.081, 167.205, 99.992, 88.293, -18.849
175, 230.000, 4.825, 72.674, 49.414, 32.733, 2.106, 0.010, 56.424, -86.319
175, 325.000,6.027, 75.397, 5927.096, 46.766, 192.101, 99.992, 88.089, -13.682
176, 230.000, 62.532, -58.879, 18.462, -51.114, 23.752, 0.010, 18.137, 65.077
176, 325.000,64.504, -61.493, 5924.633, 177.069, -192.429, 99.992, 87.473, -137.380
177, 230.000, 62.656, -42.636, 28.606, -15.589, -49.561, 0.010, 28.837, 162.539
177, 325.000,64.680, -45.900, 5925.752, 159.787, -171.669, 99.992, 87.734, -137.053
178, 230.000, -10.647, -25.672, 24.475, -36.444, 39.880, 0.010, 24.373, 42.422
178, 325.000,-12.052, -24.968, 5929.938, -67.890, -27.807, 99.992, 89.291, 112.273
179, 230.000, 18.085, -19.643, 51.767, 5.928, -28.331, 0.010, 60.789, -168.181
179, 325.000,18.676, -20.982, 5929.555, 54.952, -82.933, 99.992, 89.039, -146.471
180, 230.000, 64.548, -67.566, 44.699, 38.702, -4.668, 0.010, 48.908, -96.878
180, 325.000,71.643, -73.902, 5906.447, 386.728, -366.633, 99.993, 84.845, -133.472
181, 230.000, 88.454, 10.755, 17.400, 56.408, -5.742, 0.010, 17.060, -95.812
181, 325.000,96.416, 11.334, 5913.523, 445.368, 40.796, 99.992, 85.675, -84.766
182, 230.000, -57.309, -13.547, 56.870, 15.254, 7.126, 0.010, 73.508, -64.961
182, 325.000,-58.339, -13.679, 5929.511, -100.489, -20.105, 99.992, 89.010, 101.314
183, 230.000, 14.586, 73.791, 19.257, 54.766, 12.144, 0.010, 18.947, -77.497
183, 325.000,16.884, 77.087, 5925.597, 97.791, 217.673, 99.992, 87.694, -24.192
184, 230.000, 56.215, 16.326, 47.119, 35.817, -3.819, 0.010, 52.604, -96.087
184, 325.000,58.835, 16.638, 5928.383, 151.669, 29.305, 99.992, 88.507, -79.064
185, 230.000, -42.755, -6.472, 30.081, -24.564, -44.826, 0.010, 30.477, 151.278
185, 325.000,-44.462, -8.038, 5929.202, -103.704, -58.270, 99.992, 88.851, 119.331
186, 230.000, 53.843, 16.401, 16.218, 52.559, -22.186, 0.010, 15.869, -112.885
186, 325.000,56.887, 16.116, 5928.195, 161.291, 9.548, 99.992, 88.439, -86.612
187, 230.000, 68.151, 14.428, 52.441, -1.467, 27.667, 0.010, 62.151, 3.035
187, 325.000,70.392, 15.780, 5927.758, 164.918, 64.053, 99.992, 88.290, -68.774
188, 230.000, 40.986, 53.107, 37.747, 43.669, -13.632, 0.010, 39.526, -107.337
188, 325.000,43.656, 54.355, 5927.710, 140.914, 109.541, 99.992, 88.275, -52.140
189, 230.000, -45.098, 53.673, 24.894, 50.672, 18.175, 0.010, 24.817, -70.268
189, 325.000,-45.022, 56.056, 5928.201, -57.700, 150.439, 99.992, 88.443, 20.984
190, 230.000, 41.007, 84.726, 12.258, -51.740, 26.275, 0.010, 11.927, 63.077
190, 325.000,43.338, 93.606, 5907.161, 171.069, 495.481, 99.991, 84.929, -19.048
191, 230.000, -8.012, -85.682, 17.297, 49.521, 27.679, 0.010, 16.956, -60.797
191, 325.000,-6.938, -89.788, 5923.163, 22.231, -291.783, 99.991, 87.172, -175.643
192, 230.000, 21.066, 22.453, 7.175, -24.243, 53.651, 0.010, 6.948, 24.316
192, 325.000,20.738, 24.652, 5929.407, 21.450, 106.230, 99.992, 88.953, -11.416
193, 230.000, -16.781, -81.796, 3.522, -40.745, -42.954, 0.010, 3.405, 136.512
193, 325.000,-18.955, -87.532, 5920.073, -102.261, -334.448, 99.992, 86.619, 162.998
194, 230.000, -30.121, -51.994, 55.449, 20.708, -3.774, 0.010, 69.213, -100.327
194, 325.000,-30.282, -53.517, 5929.207, -40.771, -111.357, 99.992, 88.854, 159.891
195, 230.000, -52.098, -18.828, 41.948, -32.280, 26.758, 0.010, 45.013, 50.344
195, 325.000,-54.423, -18.453, 5928.845, -135.378, -9.126, 99.992, 88.689, 93.856
196, 230.000, -17.373, 60.589, 6.122, -55.899, -18.854, 0.010, 5.924, 108.639
196, 325.000,-19.645, 61.730, 5928.575, -95.618, 111.418, 99.992, 88.581, 40.636
197, 230.000, 48.459, 66.056, 33.336, 13.091, 47.276, 0.010, 34.198, -15.477
197, 325.000,51.303, 70.850, 5921.549, 176.476, 271.507, 99.992, 86.870, -33.023
198, 230.000, 17.157, 22.941, 19.903, 42.249, 36.559, 0.010, 19.608, -49.130
198, 325.000,18.878, 24.604, 5929.070, 84.487, 92.002, 99.991, 88.793, -42.562
199, 230.000, -51.547, -76.371, 5.115, -56.880, 16.006, 0.010, 4.948, 74.284
199, 325.000,-57.577, -82.223, 5910.915, -316.109, -361.660, 99.992, 85.354, 138.845
200, 230.000, -45.351, 34.321, 49.041, -8.682, 32.206, 0.010, 55.778, 15.087
200, 325.000,-46.789, 36.220, 5928.690, -99.332, 101.735, 99.992, 88.626, 44.315
201, 230.000, -24.374, -85.007, 32.380, 47.324, 15.153, 0.010, 33.089, -72.246
201, 325.000,-24.503, -90.082, 5920.828, -50.054, -333.097, 99.992, 86.744, 171.454
202, 230.000, -4.610, 21.227, 21.502, -40.464, -37.656, 0.010, 21.256, 132.941
202, 325.000,-6.030, 20.558, 5929.697, -69.166, 64.615, 99.994, 89.085, 46.949
203, 230.000, -1.796, 58.788, 32.841, 45.674, 18.786, 0.010, 33.623, -67.642
203, 325.000,-0.398, 60.943, 5928.595, 43.693, 139.380, 99.992, 88.589, -17.405
204, 230.000, 11.676, -54.440, 17.751, -55.340, 11.832, 0.010, 17.415, 77.931
204, 325.000,10.209, -55.421, 5929.553, -34.553, -93.943, 99.992, 89.033, 159.806
205, 230.000, 68.134, 24.778, 28.868, 51.696, -3.435, 0.010, 29.127, -93.801
205, 325.000,72.264, 25.581, 5925.500, 232.921, 61.493, 99.992, 87.672, -75.211
206, 230.000, 55.678, -47.734, 24.942, -41.598, -34.134, 0.010, 24.869, 129.371
206, 325.000,56.427, -50.570, 5927.306, 103.159, -161.308, 99.992, 88.150, -147.400
207, 230.000, 1.976, -84.619, 46.241, -26.515, -26.007, 0.010, 51.229, 134.447
207, 325.000,1.264, -90.142, 5920.872, -20.753, -335.293, 99.992, 86.753, 176.458
208, 230.000, -93.952, -8.118, 39.539, -38.743, 21.291, 0.010, 41.809, 61.209
208, 325.000,-104.379, -8.270, 5902.665, -572.861, -23.217, 99.993, 84.452, 92.321
209, 230.000, -29.433, -25.101, 5.488, -55.197, -20.995, 0.010, 5.309, 110.825
209, 325.000,-31.819, -26.302, 5928.942, -112.039, -68.496, 99.992, 88.731, 121.440
210, 230.000, 82.862, 23.875, 43.930, -16.220, -36.397, 0.010, 47.790, 155.980
210, 325.000,87.214, 24.148, 5922.770, 295.988, 51.820, 99.991, 87.096, -80.070
211, 230.000, 42.157, -51.553, 20.993, -22.492, 50.706, 0.010, 20.729, 23.921
211, 325.000,42.737, -51.529, 5929.606, 72.327, -64.323, 99.992, 89.065, -131.648
212, 230.000, -55.790, 5.554, 34.914, 46.582, 11.346, 0.010, 36.063, -76.311
212, 325.000,-55.708, 6.052, 5930.041, -60.719, 22.601, 99.992, 89.374, 69.583
213, 230.000, -28.744, -44.287, 40.264, 34.004, 27.205, 0.010, 42.757, -51.338
213, 325.000,-28.351, -44.480, 5930.102, -19.315, -55.834, 99.992, 89.429, 160.918
214, 230.000, 2.228, 62.192, 44.790, 37.414, 10.571, 0.010, 49.041, -74.223
214, 325.000,3.471, 64.287, 5928.485, 43.604, 144.158, 99.992, 88.545, -16.829
215, 230.000, -11.200, -43.256, 9.581, 17.428, 55.876, 0.010, 9.296, -17.323
215, 325.000,-10.887, -42.415, 5930.353, -2.661, -22.129, 99.992, 89.785, 173.143
216, 230.000, -40.361, -14.525, 36.404, 32.500, -33.707, 0.010, 37.864, -136.045
216, 325.000,-40.198, -15.909, 5929.935, -40.908, -61.769, 99.992, 89.284, 146.484
217, 230.000, -72.142, 13.840, 32.246, 46.072, -18.847, 0.010, 32.935, -112.248
217, 325.000,-73.333, 13.755, 5928.714, -140.203, 16.454, 99.992, 88.636, 83.306
218, 230.000, -59.154, 0.255, 28.021, -37.535, -36.381, 0.010, 28.194, 134.106
218, 325.000,-61.929, -0.890, 5928.106, -160.590, -37.206, 99.992, 88.407, 103.044
219, 230.000, 68.695, 0.356, 44.909, -22.846, 31.287, 0.010, 49.218, 36.138
219, 325.000,70.207, 1.351, 5928.660, 139.658, 33.409, 99.992, 88.613, -76.547
220, 230.000, -11.989, -23.104, 32.863, -4.550, 49.163, 0.010, 33.648, 5.287
220, 325.000,-12.413, -22.066, 5930.193, -43.772, -21.871, 99.992, 89.527, 116.549
221, 230.000, -40.299, 15.266, 20.301, -49.249, 26.077, 0.010, 20.017, 62.099
221, 325.000,-42.741, 16.428, 5928.834, -124.566, 54.873, 99.992, 88.685, 66.226
222, 230.000, -53.618, 9.076, 50.533, 8.801, 29.776, 0.010, 58.432, -16.466
222, 325.000,-54.654, 10.240, 5929.449, -94.382, 48.350, 99.992, 88.975, 62.875
223, 230.000, 33.362, 27.445, 43.923, 39.016, -8.135, 0.010, 47.779, -101.778
223, 325.000,35.322, 27.780, 5929.379, 101.521, 41.854, 99.992, 88.939, -67.595
224, 230.000, 36.165, 0.312, 51.029, -29.840, 4.828, 0.010, 59.359, 80.810
224, 325.000,35.981, 0.472, 5930.246, 41.412, 5.654, 99.992, 89.596, -82.226
225, 230.000, 18.208, 83.034, 27.435, 35.993, 38.333, 0.010, 27.553, -43.197
225, 325.000,20.367, 88.970, 5919.209, 105.529, 348.539, 99.992, 86.479, -16.845
226, 230.000, -43.005, -33.490, 10.654, -55.195, -18.912, 0.010, 10.348, 108.914
226, 325.000,-45.829, -34.924, 5928.115, -140.915, -84.801, 99.992, 88.411, 121.039
227, 230.000, 11.023, 56.796, 7.785, -58.434, -6.520, 0.010, 7.542, 96.367
227, 325.000,9.452, 58.058, 5929.307, -38.498, 106.982, 99.992, 88.901, 19.792
228, 230.000, 84.871, 19.675, 59.138, 1.422, -4.283, 0.010, 85.636, -161.633
228, 325.000,90.160, 20.759, 5920.414, 335.978, 73.018, 99.992, 86.676, -77.739
229, 230.000, 21.895, -69.633, 23.704, 51.974, -15.952, 0.010, 23.558, -107.062
229, 325.000,24.342, -72.717, 5925.938, 112.146, -200.712, 99.992, 87.778, -150.806
230, 230.000, 6.539, 67.483, 26.228, -51.966, -11.372, 0.010, 26.245, 102.344
230, 325.000,5.108, 69.272, 5928.468, -38.757, 146.243, 99.992, 88.538, 14.843
231, 230.000, -72.809, 25.761, 44.122, 23.597, -31.845, 0.010, 48.066, -143.461
231, 325.000,-75.076, 25.829, 5927.384, -184.345, 40.641, 99.992, 88.176, 77.567
232, 230.000, -2.715, -42.809, 48.477, -8.514, -33.093, 0.010, 54.820, 165.572
232, 325.000,-3.043, -44.783, 5929.310, -13.786, -112.642, 99.992, 88.904, 173.022
233, 230.000, -24.468, -66.397, 7.783, 7.609, 58.302, 0.010, 7.541, -7.435
233, 325.000,-25.056, -66.804, 5929.283, -52.192, -102.391, 99.992, 88.890, 152.990
234, 230.000, -11.055, -73.146, 41.685, 1.316, 42.169, 0.010, 44.655, -1.788
234, 325.000,-11.425, -74.545, 5928.446, -27.877, -149.521, 99.992, 88.530, 169.439
235, 230.000, 95.331, -24.074, 33.388, -23.160, 43.203, 0.010, 34.260, 28.195
235, 325.000,108.753, -26.352, 5885.311, 716.129, -140.787, 99.992, 82.931, -101.122
236, 230.000, -17.317, -27.943, 55.628, 19.852, -5.392, 0.010, 69.706, -105.195
236, 325.000,-17.053, -28.707, 5930.018, -16.277, -65.396, 99.992, 89.349, 166.023
237, 230.000, 78.974, 11.854, 29.200, 35.739, -37.253, 0.010, 29.493, -136.188
237, 325.000,83.742, 11.238, 5923.501, 285.776, -1.831, 99.992, 87.238, -90.367
238, 230.000, -64.460, -43.747, 28.217, 34.810, 38.855, 0.010, 28.408, -41.856
238, 325.000,-66.070, -44.362, 5927.852, -150.763, -86.371, 99.992, 88.321, 119.808
239, 230.000, 45.647, 41.390, 6.981, 55.116, -20.765, 0.010, 6.760, -110.644
239, 325.000,48.679, 41.894, 5928.011, 154.381, 66.542, 99.992, 88.376, -66.683
240, 230.000, 52.830, 22.384, 6.777, -12.029, -57.680, 0.010, 6.561, 168.220
240, 325.000,53.799, 21.123, 5929.654, 92.456, -15.326, 99.992, 89.095, -99.412
241, 230.000, -47.473, -69.413, 32.644, -49.385, 3.629, 0.010, 33.395, 85.798
241, 325.000,-51.592, -73.079, 5921.228, -221.593, -244.112, 99.992, 86.813, 137.768
242, 230.000, -52.202, -56.686, 6.013, 40.938, 42.492, 0.010, 5.819, -43.933
242, 325.000,-53.036, -57.653, 5928.324, -105.170, -116.257, 99.992, 88.485, 137.866
243, 230.000, -51.339, -26.544, 50.862, -28.931, 9.678, 0.010, 59.045, 71.504
243, 325.000,-53.590, -26.930, 5928.735, -133.370, -43.425, 99.992, 88.645, 108.035
244, 230.000, 57.957, 17.388, 36.509, -13.871, -44.636, 0.010, 37.993, 162.737
244, 325.000,59.090, 16.449, 5929.446, 105.685, -10.272, 99.992, 88.974, -95.551
245, 230.000, -40.046, 83.004, 58.144, -11.677, -0.746, 0.010, 78.622, 93.653
245, 325.000,-43.706, 89.829, 5912.572, -209.932, 408.617, 99.992, 85.557, 27.192
246, 230.000, 98.392, 16.840, 7.195, 3.235, -58.783, 0.010, 6.968, -176.850
246, 325.000,127.298, 20.004, 5784.881, 1298.296, 158.160, 100.008, 77.260, -83.054
247, 230.000, -64.840, 31.225, 31.240, -50.197, 4.687, 0.010, 31.784, 84.666
247, 325.000,-68.767, 32.504, 5925.667, -220.678, 85.936, 99.992, 87.711, 68.723
248, 230.000, -13.498, -25.496, 35.562, -12.302, 45.844, 0.010, 36.841, 15.022
248, 325.000,-14.190, -24.595, 5930.176, -48.504, -18.371, 99.992, 89.499, 110.744
249, 230.000, 1.235, -45.417, 26.066, -21.283, 48.838, 0.010, 26.072, 23.547
249, 325.000,0.585, -44.859, 5930.268, -19.767, -33.225, 99.992, 89.626, 149.250
250, 230.000, -67.922, 1.009, 38.749, -9.958, 43.783, 0.010, 40.794, 12.813
250, 325.000,-70.422, 2.420, 5927.733, -170.977, 47.953, 99.992, 88.284, 74.333
251, 230.000, -29.383, 58.955, 31.987, -15.123, -47.600, 0.010, 32.638, 162.375
251, 325.000,-30.749, 59.236, 5929.249, -81.831, 83.177, 99.992, 88.873, 44.532
252, 230.000, 46.869, 30.981, 28.934, -28.535, -43.200, 0.010, 29.199, 146.554
252, 325.000,47.136, 30.386, 5930.049, 62.082, 15.826, 99.992, 89.381, -75.699
253, 230.000, 23.549, -70.161, 55.907, -12.090, 15.681, 0.010, 70.497, 37.632
253, 325.000,24.055, -72.304, 5927.723, 50.162, -170.686, 99.992, 88.281, -163.623
254, 230.000, -54.652, 34.632, 45.452, 16.573, -34.309, 0.010, 50.027, -154.217
254, 325.000,-55.742, 34.573, 5929.354, -103.445, 40.822, 99.992, 88.926, 68.465
255, 230.000, -13.052, -8.411, 21.024, 40.355, -38.041, 0.010, 20.761, -133.309
255, 630.000,-20.565, -20.352, 5924.645, -166.529, -205.444, 99.997, 87.444, 140.973
256, 230.000, -33.215, -61.959, 20.191, 41.769, -36.950, 0.010, 19.903, -131.497
256, 325.000,-33.035, -65.245, 5927.156, -38.865, -192.232, 99.992, 88.105, 168.570
257, 230.000, -88.783, -32.568, 14.044, -9.124, 56.896, 0.010, 13.697, 9.111
257, 325.000,-97.771, -34.029, 5907.149, -510.540, -123.001, 99.993, 84.920, 103.546
258, 230.000, 69.972, -46.523, 50.741, -29.665, 7.938, 0.010, 58.818, 75.020
258, 325.000,72.765, -48.746, 5924.534, 213.519, -154.368, 99.992, 87.454, -125.866
259, 230.000, -36.637, 40.092, 50.482, 28.623, 12.244, 0.010, 58.338, -66.840
259, 325.000,-36.629, 41.459, 5929.572, -40.984, 89.955, 99.992, 89.045, 24.494
260, 230.000, 40.014, 33.214, 13.715, 46.161, 34.622, 0.010, 13.370, -53.129
260, 325.000,42.440, 35.111, 5928.277, 123.822, 98.955, 99.992, 88.468, -51.369
261, 230.000, -37.668, 4.870, 10.480, 55.777, 17.225, 0.010, 10.178, -72.839
261, 325.000,-36.682, 5.524, 5930.314, -15.945, 27.489, 99.992, 89.693, 30.116
262, 230.000, 43.388, 8.165, 1.012, -45.930, 37.511, 0.010, 0.978, 50.761
262, 325.000,42.862, 9.541, 5930.060, 32.499, 53.945, 99.992, 89.392, -31.067
263, 230.000, -16.841, -95.609, 41.712, -17.214, -38.489, 0.010, 44.692, 155.904
263, 325.000,-19.555, -109.243, 5885.610, -136.988, -714.254, 99.991, 82.956, 169.143
264, 230.000, -33.690, -16.728, 36.932, -36.865, -28.189, 0.010, 38.514, 127.404
264, 325.000,-35.572, -17.978, 5929.208, -101.853, -60.835, 99.992, 88.854, 120.849
265, 230.000, -82.205, -14.825, 5.890, 50.035, 31.297, 0.010, 5.699, -57.974
265, 325.000,-84.870, -14.610, 5925.995, -227.740, -17.635, 99.992, 87.793, 94.428
266, 230.000, 36.889, -52.789, 25.118, 51.774, 14.360, 0.010, 25.056, -74.498
266, 325.000,39.621, -53.904, 5927.959, 135.772, -102.381, 99.992, 88.357, -127.019
267, 230.000, 18.088, -97.175, 44.764, -17.974, -34.507, 0.010, 49.004, 152.487
267, 325.000,20.634, -114.740, 5863.226, 137.304, -878.398, 99.987, 81.378, -171.116
268, 230.000, 10.645, -25.302, 43.950, 39.291, -6.500, 0.010, 47.818, -99.394
268, 325.000,12.133, -26.066, 5929.544, 69.185, -72.417, 99.992, 89.032, -136.307
269, 230.000, -4.951, 28.140, 11.805, -44.469, 37.427, 0.010, 11.481, 49.915
269, 325.000,-6.484, 29.947, 5929.164, -58.554, 106.060, 99.992, 88.829, 28.902
270, 230.000, -37.341, -19.680, 41.425, 15.199, 39.631, 0.010, 44.303, -20.982
270, 325.000,-37.659, -18.843, 5930.151, -53.666, 4.495, 99.992, 89.480, 85.212
271, 230.000, 33.382, -48.679, 23.380, -42.335, -34.333, 0.010, 23.217, 129.041
271, 325.000,32.927, -51.060, 5928.809, 24.221, -134.935, 99.992, 88.675, -169.824
272, 230.000, -10.429, 35.320, 56.405, 4.205, 17.846, 0.010, 71.993, -13.258
272, 325.000,-10.514, 36.629, 5929.736, -15.769, 86.752, 99.992, 89.148, 10.302
273, 230.000, 72.563, 22.013, 53.541, -17.045, -18.986, 0.010, 64.520, 138.083
273, 325.000,74.905, 22.291, 5927.399, 183.992, 41.375, 99.992, 88.178, -77.327
274, 230.000, -10.261, -44.212, 17.297, 47.398, 31.175, 0.010, 16.956, -56.666
274, 325.000,-8.975, -44.188, 5930.114, 30.182, -49.208, 99.992, 89.442, -148.477
275, 230.000, -73.779, -16.338, 55.186, 9.248, -19.662, 0.010, 68.510, -154.810
275, 325.000,-76.406, -17.598, 5926.819, -195.244, -65.928, 99.992, 88.009, 108.658
276, 230.000, -14.568, 29.230, 7.781, 38.472, -44.464, 0.010, 7.539, -139.132
276, 325.000,-13.648, 28.433, 5930.357, 7.349, 19.615, 99.992, 89.798, -20.540
277, 230.000, 90.240, 13.935, 14.511, -28.569, 49.909, 0.010, 14.162, 29.788
277, 325.000,96.320, 16.545, 5916.252, 391.923, 118.201, 99.992, 86.042, -73.217
278, 230.000, 50.688, 70.388, 50.658, -24.384, -18.891, 0.010, 58.663, 127.767
278, 325.000,52.970, 74.018, 5922.699, 169.051, 250.546, 99.992, 87.079, -34.009
279, 230.000, 45.800, -37.266, 57.355, -14.913, -2.381, 0.010, 75.249, 99.069
279, 325.000,46.542, -38.328, 5929.365, 77.771, -78.325, 99.992, 88.934, -135.203
280, 230.000, 17.855, 29.432, 2.891, 39.815, 43.864, 0.010, 2.794, -42.230
280, 325.000,19.505, 31.454, 5928.994, 76.556, 103.535, 99.992, 88.756, -36.480
281, 230.000, -56.161, 44.747, 14.325, 53.847, -20.322, 0.010, 13.976, -110.677
281, 325.000,-56.420, 45.666, 5929.086, -84.959, 91.237, 99.992, 88.795, 42.959
282, 230.000, -16.960, 44.800, 36.357, -18.943, 42.860, 0.010, 37.806, 23.844
282, 325.000,-17.945, 47.176, 5928.818, -50.896, 127.018, 99.992, 88.678, 21.836
283, 230.000, -44.401, -4.791, 46.114, 35.545, -11.298, 0.010, 51.034, -107.634
283, 325.000,-44.242, -5.253, 5930.190, -45.035, -20.533, 99.992, 89.522, 114.509
284, 230.000, 25.533, 45.461, 43.566, 39.941, 4.934, 0.010, 47.269, -82.958
284, 325.000,27.406, 46.701, 5929.014, 89.757, 91.305, 99.992, 88.763, -44.510
285, 230.000, -91.262, 26.970, 15.863, 57.069, -3.023, 0.010, 15.513, -93.032
285, 325.000,-98.741, 29.600, 5910.102, -465.313, 152.282, 99.990, 85.264, 71.878
286, 230.000, -2.454, 91.226, 44.281, -19.470, -34.318, 0.010, 48.297, 150.432
286, 325.000,-3.238, 97.142, 5917.641, -32.053, 387.222, 99.991, 86.243, 4.732
287, 230.000, -9.590, -26.813, 40.348, -42.036, 11.075, 0.010, 42.866, 75.239
287, 325.000,-11.141, -27.046, 5929.745, -68.605, -55.865, 99.992, 89.145, 129.156
288, 230.000, 42.721, -28.405, 50.893, -28.240, 11.404, 0.010, 59.103, 68.010
288, 325.000,42.826, -28.707, 5930.031, 50.956, -41.510, 99.992, 89.365, -129.167
289, 230.000, 1.984, -73.482, 25.444, 14.742, 51.507, 0.010, 25.404, -15.972
289, 325.000,2.520, -74.552, 5928.751, 20.566, -138.122, 99.992, 88.651, -171.531
290, 230.000, 20.966, -34.937, 45.039, 33.877, 18.478, 0.010, 49.411, -61.391
290, 325.000,22.489, -35.095, 5929.756, 74.130, -45.839, 99.992, 89.158, -121.731
291, 230.000, -12.487, -1.248, 24.542, -25.856, -47.400, 0.010, 24.444, 151.388
291, 630.000,-26.879, -7.659, 5923.878, -259.190, -94.672, 99.989, 87.333, 110.065
292, 230.000, -1.963, 9.606, 6.084, -33.650, 48.460, 0.010, 5.887, 34.776
292, 630.000,-7.527, 23.902, 5924.796, -86.442, 244.189, 99.994, 87.497, 19.494
293, 230.000, 23.757, 88.159, 55.755, -13.572, -14.995, 0.010, 70.062, 137.852
293, 325.000,25.175, 94.502, 5916.316, 96.820, 396.807, 99.992, 86.051, -13.712
294, 230.000, 27.863, -88.791, 50.831, 27.292, 13.745, 0.010, 58.987, -63.269
294, 325.000,31.133, -96.143, 5911.200, 172.887, -443.781, 99.990, 85.394, -158.715
295, 230.000, 84.557, 0.097, 30.324, -42.744, -27.768, 0.010, 30.749, 123.009
295, 325.000,87.791, -0.760, 5924.864, 254.527, -28.897, 99.992, 87.524, -96.477
296, 230.000, -27.269, -44.688, 32.020, 32.897, -37.552, 0.010, 32.675, -138.781
296, 325.000,-26.877, -46.946, 5929.080, -17.701, -123.699, 99.992, 88.793, 171.856
297, 230.000, 13.124, 82.701, 29.480, 6.062, -51.106, 0.010, 29.805, -173.235
297, 325.000,13.995, 85.408, 5925.690, 51.512, 230.639, 99.992, 87.716, -12.590
298, 230.000, 40.700, -24.940, 19.062, -46.253, 31.858, 0.010, 18.747, 55.441
298, 325.000,40.138, -24.483, 5930.319, 27.328, -13.105, 99.992, 89.707, -115.620
299, 230.000, 6.655, 44.760, 40.092, -3.167, -43.591, 0.010, 42.531, 175.844
299, 325.000,6.700, 44.357, 5930.269, 8.994, 37.408, 99.992, 89.628, -13.519
300, 230.000, 53.828, 1.435, 0.328, -49.145, 33.201, 0.010, 0.316, 55.958
300, 325.000,53.560, 2.528, 5930.052, 51.983, 37.131, 99.992, 89.383, -54.463
