ion, x, y, z, vx, vy, vz, energy, elev, azim
1, 230.00, 49.42, 80.68, 6.40, -49.90, 31.42, 0.01, 6.19, 57.80
 1, 335.00, 51.68, 102.64, 1165.78, 56.38, 219.93, 4.01, 78.98, -14.38 
2, 230.00, -25.98, -32.32, 5.16, 58.60, 7.57, 0.01, 4.99, -82.64
 2, 335.00, -17.07, -32.65, 1186.77, 42.97, -17.22, 4.01, 87.77, -111.83 
3, 230.00, -46.17, 66.50, 51.47, -29.25, 3.57, 0.01, 60.21, 83.04
 3, 335.00, -56.22, 74.68, 1179.42, -98.48, 99.16, 4.01, 83.24, 44.80 
4, 230.00, 40.08, 1.17, 25.95, 53.28, -2.43, 0.01, 25.94, -92.61
 4, 335.00, 51.40, 0.81, 1184.34, 88.90, -1.70, 4.01, 85.71, -91.10 
5, 230.00, -21.88, -26.78, 57.29, 13.70, -6.88, 0.01, 75.02, -116.65
 5, 335.00, -20.66, -29.26, 1187.33, -2.17, -28.12, 4.01, 88.64, 175.59 
6, 230.00, -86.58, -44.97, 32.05, 5.24, 49.63, 0.01, 32.71, -6.03
 6, 335.00, -107.51, -48.51, 1164.96, -222.55, -62.64, 4.01, 78.77, 105.72 
7, 230.00, 20.77, -34.20, 27.72, 4.93, -52.20, 0.01, 27.86, -174.61
 7, 335.00, 22.73, -44.99, 1184.57, 21.58, -83.01, 4.01, 85.86, -165.43 
8, 230.00, -8.28, -29.90, 36.74, 17.98, 42.95, 0.01, 38.27, -22.72
 8, 335.00, -5.61, -24.02, 1187.46, 12.01, 18.99, 4.01, 88.92, -32.32 
9, 230.00, -82.53, 40.04, 16.77, -56.89, 0.30, 0.01, 16.43, 89.70
 9, 335.00, -107.84, 47.86, 1159.60, -241.72, 86.38, 4.01, 77.52, 70.33 
10, 230.00, -52.81, 70.67, 13.56, -48.25, -31.70, 0.01, 13.22, 123.31
 10, 335.00, -68.57, 75.88, 1175.33, -146.45, 87.90, 4.01, 81.73, 59.03 
11, 230.00, -26.38, -14.20, 44.35, 28.65, 27.01, 0.01, 48.40, -46.68
 11, 335.00, -22.80, -10.30, 1187.53, 6.79, 16.48, 4.01, 89.14, -22.38 
12, 230.00, 55.96, 7.99, 44.41, 39.09, 4.17, 0.01, 48.48, -83.91
 12, 335.00, 66.24, 9.22, 1183.87, 94.18, 11.91, 4.01, 85.42, -82.79 
13, 230.00, -22.40, -5.01, 4.21, 20.23, -55.59, 0.01, 4.07, -160.01
 13, 335.00, -19.92, -15.07, 1185.79, 1.12, -66.75, 4.01, 86.78, -179.04 
14, 230.00, -61.47, -12.48, 11.83, -16.87, 55.61, 0.01, 11.51, 16.88
 14, 335.00, -68.78, -3.82, 1184.06, -78.92, 48.37, 4.01, 85.53, 58.49 
15, 230.00, -59.65, 79.38, 50.79, -30.56, 2.08, 0.01, 58.90, 86.11
 15, 335.00, -85.39, 107.63, 1132.50, -235.56, 269.95, 4.01, 72.44, 41.11 
16, 230.00, 70.04, -9.12, 25.25, 52.71, -10.07, 0.01, 25.20, -100.81
 16, 335.00, 85.32, -11.65, 1178.97, 141.83, -22.00, 4.01, 83.06, -98.82 
17, 230.00, -11.09, 27.32, 55.36, 21.05, -3.14, 0.01, 68.97, -98.48
 17, 335.00, -8.07, 28.11, 1187.43, 13.68, 19.30, 4.01, 88.86, -35.32 
18, 230.00, 32.78, 3.20, 47.19, 4.51, -35.65, 0.01, 52.71, -172.78
 18, 335.00, 35.15, -2.68, 1186.74, 30.26, -35.96, 4.01, 87.73, -139.92 
19, 230.00, 29.78, 13.93, 3.55, -58.82, 6.77, 0.01, 3.43, 83.44
 19, 335.00, 20.91, 15.81, 1186.89, -38.00, 20.08, 4.01, 87.93, 62.15 
20, 230.00, 41.98, 35.84, 20.98, 47.84, 28.09, 0.01, 20.71, -59.58
 20, 335.00, 52.97, 43.04, 1182.46, 90.93, 63.78, 4.01, 84.63, -54.95 
21, 230.00, -62.90, 36.19, 15.51, -34.08, -46.00, 0.01, 15.16, 143.47
 21, 335.00, -74.28, 31.62, 1182.42, -111.28, -8.18, 4.01, 84.61, 94.20 
22, 230.00, -3.42, -26.01, 20.64, -54.17, -12.56, 0.01, 20.36, 103.06
 22, 335.00, -12.99, -29.45, 1185.58, -61.51, -34.28, 4.01, 86.60, 119.13 
23, 230.00, 66.08, -26.82, 32.42, -17.33, -46.55, 0.01, 33.13, 159.58
 23, 335.00, 68.82, -36.92, 1183.55, 55.94, -81.45, 4.01, 85.23, -145.52 
24, 230.00, 55.03, 49.35, 7.84, -21.42, -54.75, 0.01, 7.60, 158.63
 24, 335.00, 56.01, 44.19, 1187.06, 37.71, -5.16, 4.01, 88.16, -97.80 
25, 230.00, 11.31, 77.50, 59.09, -2.31, -4.58, 0.01, 85.03, 153.26
 25, 335.00, 12.07, 84.57, 1183.77, 12.12, 95.45, 4.01, 85.35, -7.24 
26, 230.00, 54.21, 78.54, 48.62, 12.71, 31.50, 0.01, 55.06, -21.97
 26, 335.00, 68.97, 101.99, 1155.32, 149.44, 231.27, 4.01, 76.59, -32.87 
27, 230.00, -55.60, 82.02, 38.81, 5.27, -44.54, 0.01, 40.87, -173.25
 27, 335.00, -71.35, 99.63, 1159.88, -161.66, 197.07, 4.01, 77.61, 39.36 
28, 230.00, 27.98, 57.13, 14.27, -46.19, 34.36, 0.01, 13.92, 53.35
 28, 335.00, 22.13, 67.22, 1183.66, -22.33, 94.88, 4.01, 85.29, 13.24 
29, 230.00, -78.26, 39.19, 47.44, -35.55, -1.83, 0.01, 53.11, 92.95
 29, 335.00, -95.69, 44.74, 1172.38, -177.72, 67.04, 4.01, 80.80, 69.33 
30, 230.00, -20.47, -9.86, 36.72, -27.91, -37.28, 0.01, 38.25, 143.18
 30, 335.00, -26.23, -16.73, 1185.76, -46.75, -48.41, 4.01, 86.75, 136.00 
31, 230.00, -77.73, 53.61, 58.18, -1.96, -11.35, 0.01, 78.80, 170.21
 31, 335.00, -93.58, 62.56, 1170.03, -174.31, 105.97, 4.01, 80.11, 58.70 
32, 230.00, 58.07, -80.55, 7.99, -6.49, 58.41, 0.01, 7.74, 6.34
 32, 335.00, 74.44, -95.59, 1162.00, 168.46, -177.77, 4.01, 78.10, -136.54 
33, 230.00, 13.68, 54.37, 8.34, 47.42, 34.64, 0.01, 8.09, -53.85
 33, 335.00, 22.80, 64.01, 1182.63, 64.36, 88.38, 4.01, 84.72, -36.06 
34, 230.00, 56.58, 41.84, 41.75, 40.06, -13.02, 0.01, 44.75, -108.01
 34, 335.00, 68.13, 43.27, 1182.22, 108.59, 33.56, 4.01, 84.51, -72.83 
35, 230.00, -46.13, -5.63, 28.84, 39.95, -33.01, 0.01, 29.09, -129.56
 35, 335.00, -41.78, -11.58, 1186.98, 6.45, -40.04, 4.01, 88.04, -170.85 
36, 230.00, -63.97, 67.99, 14.86, 55.22, 15.73, 0.01, 14.51, -74.10
 36, 335.00, -66.61, 82.82, 1175.26, -68.64, 156.80, 4.01, 81.71, 23.64 
37, 230.00, 22.86, 11.57, 18.33, 54.70, 13.76, 0.01, 18.00, -75.88
 37, 335.00, 33.47, 14.52, 1184.97, 76.48, 23.67, 4.01, 86.13, -72.81 
38, 230.00, -73.59, 12.02, 21.67, -51.51, 19.86, 0.01, 21.43, 68.91
 38, 335.00, -89.70, 16.58, 1177.22, -152.63, 37.61, 4.01, 82.39, 76.16 
39, 230.00, 53.61, 39.12, 13.31, 39.07, 42.59, 0.01, 12.97, -42.54
 39, 335.00, 64.74, 49.66, 1179.79, 102.48, 90.25, 4.01, 83.40, -48.63 
40, 230.00, -3.89, 72.62, 31.30, 49.38, 10.01, 0.01, 31.85, -78.54
 40, 335.00, 4.04, 80.79, 1182.71, 49.68, 96.34, 4.01, 84.76, -27.28 
41, 230.00, -66.30, 48.57, 17.98, 0.30, 56.52, 0.01, 17.65, -0.30
 41, 335.00, -74.44, 64.00, 1175.47, -100.43, 136.89, 4.01, 81.78, 36.27 
42, 230.00, 2.36, 7.76, 45.61, 28.35, 25.16, 0.01, 50.27, -48.42
 42, 630.00, 17.92, 25.50, 1451.89, 48.83, 60.53, 6.01, 86.93, -38.90 
43, 230.00, -44.68, -55.77, 50.19, 30.01, 9.88, 0.01, 57.81, -71.77
 43, 335.00, -43.39, -58.70, 1186.50, -16.15, -50.25, 4.01, 87.45, 162.18 
44, 230.00, -21.24, 52.31, 18.33, 35.35, 43.95, 0.01, 18.00, -38.81
 44, 335.00, -16.57, 63.29, 1183.65, 18.88, 95.83, 4.01, 85.28, -11.15 
45, 230.00, 32.69, -40.46, 1.55, 32.08, -49.86, 0.01, 1.50, -147.24
 45, 335.00, 40.37, -51.73, 1182.48, 64.16, -90.44, 4.01, 84.64, -144.65 
46, 230.00, -73.35, 46.31, 11.51, -47.77, -33.21, 0.01, 11.19, 124.81
 46, 335.00, -91.84, 47.47, 1173.30, -179.31, 42.07, 4.01, 81.08, 76.80 
47, 230.00, -58.38, -60.14, 58.88, -5.33, 4.79, 0.01, 83.06, 48.07
 47, 335.00, -66.34, -66.67, 1180.91, -93.64, -85.06, 4.01, 83.89, 132.25 
48, 230.00, -20.72, -30.95, 35.50, 18.34, 43.83, 0.01, 36.76, -22.71
 48, 335.00, -18.62, -25.01, 1187.45, 3.04, 22.36, 4.01, 88.91, -7.74 
49, 230.00, 77.20, -12.92, 33.07, 13.54, -47.33, 0.01, 33.89, -164.04
 49, 335.00, 87.65, -22.15, 1179.61, 119.20, -69.82, 4.01, 83.32, -120.36 
50, 230.00, 67.02, -23.14, 58.57, 9.35, 0.52, 0.01, 80.92, -86.84
 50, 335.00, 74.23, -25.01, 1184.29, 85.81, -25.53, 4.01, 85.68, -106.57 
51, 230.00, -24.02, -82.82, 12.81, 24.51, -52.47, 0.01, 12.47, -154.96
 51, 335.00, -23.47, -103.71, 1170.12, -14.20, -202.94, 4.01, 80.14, 176.00 
52, 230.00, 27.84, 37.64, 50.89, 28.69, -10.23, 0.01, 59.10, -109.63
 52, 335.00, 34.21, 38.02, 1186.31, 53.34, 19.38, 4.01, 87.26, -70.03 
53, 230.00, -11.22, -29.80, 40.23, 39.94, 17.44, 0.01, 42.72, -66.41
 53, 335.00, -4.95, -28.29, 1187.16, 34.09, -6.13, 4.01, 88.33, -100.19 
54, 230.00, 20.57, 5.51, 36.45, 31.63, -34.48, 0.01, 37.92, -137.46
 54, 335.00, 27.00, -0.14, 1186.02, 52.96, -33.01, 4.01, 86.99, -121.94 
55, 230.00, 28.92, 72.60, 9.78, 4.58, -58.32, 0.01, 9.49, -175.51
 55, 335.00, 32.41, 69.57, 1186.75, 40.21, 24.02, 4.01, 87.74, -59.15 
56, 230.00, -11.04, -12.44, 27.12, 12.69, 51.20, 0.01, 27.21, -13.92
 56, 630.00, -12.46, 4.25, 1453.41, -14.93, 37.81, 6.01, 88.40, 21.55 
57, 230.00, 3.84, -97.23, 21.13, 25.10, 49.41, 0.01, 20.87, -26.93
 57, 335.00, 8.67, -112.07, 1172.31, 37.89, -186.32, 4.01, 80.79, -168.51 
58, 230.00, -47.18, -12.39, 34.05, -43.47, -21.65, 0.01, 35.04, 116.47
 58, 335.00, -57.38, -16.81, 1183.99, -86.99, -33.90, 4.01, 85.49, 111.29 
59, 230.00, 15.12, 85.07, 15.35, 27.49, 50.27, 0.01, 15.00, -28.67
 59, 335.00, 21.96, 106.24, 1167.99, 57.73, 207.41, 4.01, 79.56, -15.55 
60, 230.00, 77.38, 16.66, 52.66, -2.90, 27.13, 0.01, 62.62, 6.11
 60, 335.00, 85.03, 22.84, 1182.27, 100.36, 52.21, 4.01, 84.53, -62.51 
61, 230.00, 34.60, 62.49, 6.19, 56.72, 16.18, 0.01, 5.99, -74.08
 61, 335.00, 47.48, 70.98, 1179.43, 104.22, 92.94, 4.01, 83.25, -48.27 
62, 230.00, -20.36, -83.63, 55.16, 20.00, 8.62, 0.01, 68.45, -66.69
 62, 335.00, -19.77, -93.06, 1181.30, -9.91, -122.37, 4.01, 84.07, 175.37 
63, 230.00, 75.41, 20.04, 9.52, -12.04, 57.29, 0.01, 9.24, 11.87
 63, 335.00, 81.14, 31.78, 1181.16, 85.76, 89.81, 4.01, 84.00, -43.68 
64, 230.00, -83.28, -52.75, 25.01, -13.02, -52.18, 0.01, 24.95, 165.99
 64, 335.00, -113.65, -78.96, 1129.10, -286.62, -231.32, 4.01, 71.93, 128.91 
65, 230.00, -65.61, 45.52, 16.78, -14.22, -55.08, 0.01, 16.44, 165.53
 65, 335.00, -74.83, 41.05, 1183.21, -102.83, -0.53, 4.01, 85.03, 90.30 
66, 230.00, -89.03, 2.44, 3.29, 59.08, 4.01, 0.01, 3.18, -86.12
 66, 335.00, -91.28, 3.44, 1185.03, -78.61, 8.45, 4.01, 86.18, 83.87 
67, 230.00, 25.29, -62.90, 4.88, 7.56, 58.62, 0.01, 4.72, -7.35
 67, 335.00, 28.45, -57.44, 1187.20, 33.46, 1.26, 4.01, 88.38, -87.85 
68, 230.00, -80.83, -27.41, 28.66, 7.94, 51.32, 0.01, 28.89, -8.80
 68, 335.00, -89.59, -22.39, 1182.03, -114.60, 15.23, 4.01, 84.41, 82.43 
69, 230.00, 8.34, 60.58, 24.43, 39.35, 37.04, 0.01, 24.33, -46.73
 69, 335.00, 15.65, 71.30, 1182.27, 51.25, 100.89, 4.01, 84.53, -26.93 
70, 230.00, 61.12, -1.38, 47.24, -18.17, -30.92, 0.01, 52.80, 149.55
 70, 335.00, 62.19, -6.64, 1186.57, 37.34, -34.78, 4.01, 87.54, -132.96 
71, 230.00, 17.95, 5.83, 10.73, -38.52, 43.81, 0.01, 10.42, 41.32
 71, 630.00, 11.20, 31.69, 1451.60, -2.75, 82.50, 6.01, 86.75, 1.91 
72, 230.00, -86.88, 46.66, 13.88, -19.17, -54.38, 0.01, 13.53, 160.58
 72, 335.00, -116.01, 52.14, 1150.65, -283.67, 79.06, 4.01, 75.64, 74.43 
73, 230.00, 46.64, -60.80, 51.29, 29.67, 2.46, 0.01, 59.86, -85.25
 73, 335.00, 56.16, -66.46, 1181.65, 92.60, -75.40, 4.01, 84.23, -129.16 
74, 230.00, -33.85, 3.86, 36.54, -2.07, 46.67, 0.01, 38.04, 2.54
 74, 335.00, -35.88, 12.03, 1186.14, -28.17, 53.24, 4.01, 87.09, 27.88 
75, 230.00, -12.66, -72.71, 14.50, 54.75, 17.59, 0.01, 14.15, -72.19
 75, 335.00, -4.49, -76.08, 1185.05, 45.61, -64.30, 4.01, 86.19, -144.65 
76, 230.00, 41.18, 45.58, 3.28, 26.15, -53.13, 0.01, 3.17, -153.80
 76, 335.00, 48.50, 39.47, 1185.68, 67.03, -15.14, 4.01, 86.68, -102.73 
77, 230.00, 4.45, -22.29, 31.12, 18.70, -46.90, 0.01, 31.65, -158.26
 77, 335.00, 7.88, -31.43, 1185.46, 23.78, -68.41, 4.01, 86.50, -160.83 
78, 230.00, -30.35, 40.77, 10.52, 19.99, -54.84, 0.01, 10.22, -159.97
 78, 335.00, -28.58, 33.54, 1187.38, -3.02, -26.18, 4.01, 88.73, 173.42 
79, 230.00, 10.71, -22.04, 11.20, 48.46, 32.31, 0.01, 10.89, -56.30
 79, 335.00, 19.73, -17.44, 1185.88, 63.23, 15.76, 4.01, 86.85, -76.01 
80, 230.00, 63.51, 41.76, 40.42, -42.29, 9.76, 0.01, 42.97, 77.00
 80, 335.00, 62.32, 47.20, 1185.75, 29.54, 60.66, 4.01, 86.74, -25.97 
81, 230.00, 57.61, 2.99, 48.40, 31.40, -13.74, 0.01, 54.70, -113.63
 81, 335.00, 66.72, 0.89, 1184.36, 87.72, -12.10, 4.01, 85.72, -97.86 
82, 230.00, 5.58, -69.38, 49.74, 15.89, 28.12, 0.01, 57.00, -29.46
 82, 335.00, 8.64, -70.17, 1186.67, 23.20, -42.72, 4.01, 87.65, -151.49 
83, 230.00, -20.69, 74.71, 51.68, -0.89, 29.09, 0.01, 60.61, 1.76
 83, 335.00, -23.00, 87.26, 1180.01, -28.54, 131.57, 4.01, 83.49, 12.24 
84, 230.00, -95.76, -17.56, 8.91, 37.74, -44.87, 0.01, 8.64, -139.93
 84, 335.00, -113.32, -28.99, 1165.73, -205.70, -96.39, 4.01, 78.97, 115.11 
85, 230.00, -0.56, 3.01, 14.05, 7.29, 57.16, 0.01, 13.70, -7.27
 85, 630.00, 2.68, 33.63, 1450.90, 9.11, 93.99, 6.01, 86.28, -5.53 
86, 230.00, -31.02, 43.02, 57.17, 9.66, 12.48, 0.01, 74.56, -37.75
 86, 335.00, -31.27, 47.68, 1186.50, -16.13, 50.26, 4.01, 87.45, 17.79 
87, 230.00, 33.36, -75.62, 21.63, -53.81, 12.41, 0.01, 21.39, 77.01
 87, 335.00, 28.14, -81.97, 1184.04, -13.05, -91.86, 4.01, 85.52, 171.91 
88, 230.00, -34.68, 20.78, 19.34, -51.97, 21.04, 0.01, 19.03, 67.96
 88, 335.00, -45.55, 25.54, 1184.09, -83.43, 39.10, 4.01, 85.55, 64.89 
89, 230.00, 0.78, -20.77, 25.70, -47.39, -24.73, 0.01, 25.67, 117.56
 89, 335.00, -7.40, -26.05, 1185.68, -51.45, -45.55, 4.01, 86.68, 131.52 
90, 230.00, 4.73, -48.43, 25.91, -48.35, 22.56, 0.01, 25.90, 64.99
 90, 335.00, -3.29, -47.26, 1186.59, -48.32, -14.77, 4.01, 87.56, 107.00 
91, 230.00, -62.24, -22.74, 46.44, -0.88, -36.88, 0.01, 51.54, 178.63
 91, 335.00, -67.20, -30.64, 1184.10, -66.09, -64.00, 4.01, 85.56, 134.08 
92, 230.00, 60.50, 52.42, 23.74, 38.41, -38.46, 0.01, 23.59, -135.03
 92, 335.00, 73.51, 51.74, 1180.59, 126.01, 29.64, 4.01, 83.74, -76.76 
93, 230.00, 81.23, -24.59, 50.32, 11.25, 29.31, 0.01, 58.04, -21.00
 93, 335.00, 93.39, -22.98, 1179.49, 139.00, -5.75, 4.01, 83.27, -92.37 
94, 230.00, -86.00, -28.67, 43.56, 3.69, -40.08, 0.01, 47.26, -174.74
 94, 335.00, -99.70, -39.87, 1172.51, -160.64, -99.88, 4.01, 80.84, 121.87 
95, 230.00, 52.09, -45.02, 26.35, -9.67, 52.25, 0.01, 26.38, 10.48
 95, 335.00, 54.42, -39.63, 1186.84, 43.00, 10.70, 4.01, 87.86, -76.03 
96, 230.00, -59.39, 77.53, 13.25, 35.77, -45.42, 0.01, 12.91, -141.78
 96, 335.00, -67.76, 88.66, 1173.83, -109.10, 143.86, 4.01, 81.26, 37.18 
97, 230.00, 27.61, -12.70, 17.06, 52.85, -20.81, 0.01, 16.72, -111.49
 97, 335.00, 38.16, -16.95, 1184.69, 77.75, -31.99, 4.01, 85.94, -112.37 
98, 230.00, -47.46, 2.74, 14.46, 57.14, -6.61, 0.01, 14.11, -96.60
 98, 335.00, -40.12, 1.74, 1187.42, 23.86, -4.96, 4.01, 88.82, -101.74 
99, 230.00, -64.75, 46.43, 54.61, 16.50, 16.23, 0.01, 67.03, -45.46
 99, 335.00, -68.88, 53.97, 1182.96, -68.73, 80.23, 4.01, 84.90, 40.58 
100, 230.00, -4.58, -16.92, 23.08, 8.37, -53.99, 0.01, 22.90, -171.19
 100, 335.00, -3.35, -27.11, 1185.33, 5.18, -74.25, 4.01, 86.41, -176.01 
