ion, x, y, z, vx, vy, vz, energy, elev, azim
1, 230.00, 21.78, -23.55, 59.08, -5.13, 0.80, 0.01, 84.97, 81.12
 1, 325.00, 21.83, -24.33, 1187.52, 9.96, -15.83, 4.01, 89.10, -147.84 
2, 230.00, -42.94, 61.88, 24.54, 4.31, -53.82, 0.01, 24.44, -175.42
 2, 325.00, -45.37, 58.15, 1186.95, -40.73, 7.15, 4.01, 88.00, 80.05 
3, 230.00, -60.57, 19.98, 16.68, 8.50, -56.28, 0.01, 16.33, -171.41
 3, 325.00, -62.66, 12.39, 1186.09, -43.36, -43.11, 4.01, 87.05, 134.83 
4, 230.00, 13.90, -74.22, 51.63, 22.07, 19.12, 0.01, 60.51, -49.10
 4, 325.00, 18.23, -76.99, 1185.42, 39.29, -61.51, 4.01, 86.48, -147.43 
5, 230.00, -86.35, 35.73, 3.57, -58.99, 5.05, 0.01, 3.45, 85.11
 5, 325.00, -111.36, 43.21, 1155.15, -262.11, 86.68, 4.01, 76.56, 71.70 
6, 230.00, -48.36, -28.12, 46.45, -15.06, -33.66, 0.01, 51.55, 155.90
 6, 325.00, -53.13, -34.68, 1184.93, -55.24, -58.73, 4.01, 86.11, 136.75 
7, 230.00, 11.16, 50.11, 28.48, -48.93, 17.67, 0.01, 28.69, 70.14
 7, 325.00, 4.11, 55.18, 1185.52, -43.81, 56.31, 4.01, 86.56, 37.89 
8, 230.00, 59.79, -15.16, 27.98, 8.17, -51.65, 0.01, 28.15, -171.02
 8, 325.00, 64.46, -23.97, 1184.07, 61.54, -68.87, 4.01, 85.54, -138.22 
9, 230.00, -62.28, -10.79, 0.75, 45.41, -38.14, 0.01, 0.72, -130.02
 9, 325.00, -58.56, -17.36, 1186.61, -3.87, -50.08, 4.01, 87.58, 175.59 
10, 230.00, 61.39, 42.95, 47.75, 29.66, -18.91, 0.01, 53.62, -122.52
 10, 325.00, 70.59, 43.46, 1182.95, 101.95, 28.27, 4.01, 84.89, -74.50 
11, 230.00, -34.77, 83.10, 28.47, 50.76, 11.44, 0.01, 28.69, -77.30
 11, 325.00, -31.94, 95.84, 1177.19, -4.25, 157.29, 4.01, 82.39, 1.55 
12, 230.00, -37.58, -21.94, 22.84, -3.22, -54.64, 0.01, 22.65, 176.62
 12, 325.00, -39.69, -31.41, 1185.02, -29.81, -73.53, 4.01, 86.17, 157.93 
13, 230.00, -63.60, -50.41, 37.77, -41.87, -18.38, 0.01, 39.56, 113.70
 13, 325.00, -76.23, -58.21, 1176.52, -134.78, -90.57, 4.01, 82.14, 123.90 
14, 230.00, 9.38, -1.45, 27.09, -16.43, 50.14, 0.01, 27.17, 18.14
 14, 630.00, 8.52, 22.12, 1452.29, 6.70, 69.84, 6.01, 87.23, -5.48 
15, 230.00, 25.57, -51.07, 0.88, 38.70, -44.94, 0.01, 0.85, -139.26
 15, 325.00, 33.08, -60.97, 1182.39, 63.55, -92.11, 4.01, 84.59, -145.40 
16, 230.00, 82.91, 25.72, 9.45, -26.38, -52.27, 0.01, 9.16, 153.22
 16, 325.00, 87.84, 20.63, 1183.91, 92.30, -19.94, 4.01, 85.44, -102.19 
17, 230.00, -21.95, 50.76, 17.27, 1.92, -56.71, 0.01, 16.92, -178.06
 17, 325.00, -22.68, 44.30, 1187.37, -14.34, -22.57, 4.01, 88.71, 147.56 
18, 230.00, -35.80, 21.51, 24.63, -32.07, -43.39, 0.01, 24.53, 143.53
 18, 325.00, -42.27, 15.63, 1185.80, -58.68, -31.36, 4.01, 86.79, 118.12 
19, 230.00, -17.55, 42.23, 20.79, 41.21, -37.25, 0.01, 20.52, -132.11
 19, 325.00, -11.85, 38.17, 1187.20, 31.62, -10.16, 4.01, 88.40, -107.82 
20, 230.00, 76.18, 61.96, 4.29, 43.15, 40.47, 0.01, 4.15, -46.83
 20, 325.00, 105.23, 86.36, 1125.56, 291.31, 242.99, 4.01, 71.37, -50.17 
21, 230.00, 19.27, -10.45, 57.62, 11.20, -8.47, 0.01, 76.31, -127.09
 21, 325.00, 21.73, -12.15, 1187.15, 29.66, -18.71, 4.01, 88.31, -122.24 
22, 230.00, 41.31, -31.44, 2.93, 55.89, 19.64, 0.01, 2.83, -70.64
 22, 325.00, 52.15, -29.87, 1184.12, 91.74, -3.29, 4.01, 85.57, -92.05 
23, 230.00, -21.56, 73.73, 3.78, 57.18, 15.31, 0.01, 3.66, -75.01
 23, 325.00, -14.50, 82.07, 1182.59, 37.16, 103.17, 4.01, 84.70, -19.81 
24, 230.00, 6.71, 12.52, 13.72, 30.96, -48.69, 0.01, 13.38, -147.55
 24, 630.00, 27.19, -1.94, 1452.02, 68.46, -31.16, 6.01, 87.03, -114.47 
25, 230.00, -57.36, -74.66, 50.59, 22.69, -21.04, 0.01, 58.55, -132.84
 25, 325.00, -64.01, -90.53, 1169.54, -97.01, -182.53, 4.01, 79.98, 152.01 
26, 230.00, 9.94, -73.67, 22.77, 48.43, 25.58, 0.01, 22.58, -62.16
 26, 325.00, 18.05, -75.17, 1184.86, 63.23, -51.59, 4.01, 86.06, -129.21 
27, 230.00, -45.92, 72.82, 48.33, -2.62, -34.28, 0.01, 54.58, 175.62
 27, 325.00, -51.18, 75.53, 1183.65, -69.72, 68.41, 4.01, 85.28, 45.54 
28, 230.00, 7.64, 49.42, 21.87, -54.96, 4.27, 0.01, 21.64, 85.56
 28, 325.00, -0.57, 52.33, 1185.79, -52.97, 40.68, 4.01, 86.78, 52.48 
29, 230.00, 35.82, 53.70, 7.22, 20.71, 55.11, 0.01, 6.99, -20.60
 29, 325.00, 41.36, 65.75, 1180.98, 57.37, 112.04, 4.01, 83.92, -27.11 
30, 230.00, 29.12, 62.67, 9.29, 41.12, 41.71, 0.01, 9.01, -44.59
 30, 325.00, 37.59, 73.63, 1179.93, 75.75, 112.14, 4.01, 83.46, -34.04 
31, 230.00, -23.25, -59.91, 50.83, 22.07, 21.15, 0.01, 58.98, -46.22
 31, 325.00, -21.24, -60.10, 1187.30, 3.44, -29.36, 4.01, 88.57, -173.31 
32, 230.00, 17.98, 7.31, 8.85, -40.10, 42.80, 0.01, 8.58, 43.14
 32, 630.00, 11.86, 34.03, 1451.31, -0.68, 87.65, 6.01, 86.54, 0.44 
33, 230.00, 4.89, -19.95, 26.15, -32.63, 42.06, 0.01, 26.17, 37.81
 33, 630.00, -7.39, -14.60, 1453.63, -32.32, -3.56, 6.01, 88.72, 96.29 
34, 230.00, -17.36, -47.42, 2.83, -4.92, 59.04, 0.01, 2.74, 4.76
 34, 325.00, -18.89, -40.16, 1187.18, -17.64, 29.08, 4.01, 88.36, 31.24 
35, 230.00, -6.34, 10.31, 19.59, -55.67, -5.87, 0.01, 19.29, 96.02
 35, 630.00, -38.61, 15.27, 1450.06, -103.44, 25.10, 6.01, 85.80, 76.36 
36, 230.00, -24.50, 55.67, 15.33, -47.94, -31.38, 0.01, 14.98, 123.21
 36, 325.00, -33.28, 53.82, 1185.41, -72.04, 13.20, 4.01, 86.46, 79.62 
37, 230.00, -21.68, -94.27, 55.54, 20.64, 2.57, 0.01, 69.47, -82.91
 37, 325.00, -23.30, -113.57, 1164.83, -30.53, -229.92, 4.01, 78.74, 172.44 
38, 230.00, -91.71, 13.34, 3.74, 58.69, 7.72, 0.01, 3.61, -82.51
 38, 325.00, -95.74, 16.32, 1183.08, -99.11, 32.47, 4.01, 84.96, 71.86 
39, 230.00, 13.14, -20.10, 28.56, -11.25, -50.75, 0.01, 28.79, 167.51
 39, 325.00, 11.88, -28.80, 1185.65, -2.49, -69.11, 4.01, 86.66, 177.93 
40, 230.00, -60.01, -20.93, 52.35, -11.40, -25.43, 0.01, 61.97, 155.85
 40, 325.00, -65.26, -25.99, 1184.90, -66.56, -46.23, 4.01, 86.09, 124.78 
41, 230.00, -71.14, 17.15, 5.63, -51.36, -29.12, 0.01, 5.45, 119.55
 41, 325.00, -84.68, 13.99, 1179.60, -137.68, -12.11, 4.01, 83.32, 95.03 
42, 230.00, -42.35, -57.91, 4.84, 25.91, -53.13, 0.01, 4.68, -154.01
 42, 325.00, -41.45, -70.42, 1181.38, -17.84, -120.78, 4.01, 84.10, 171.60 
43, 230.00, -4.15, 88.70, 34.19, -47.98, -6.83, 0.01, 35.20, 98.10
 43, 325.00, -11.72, 98.83, 1177.86, -59.95, 140.08, 4.01, 82.63, 23.17 
44, 230.00, -4.04, 15.15, 14.13, -56.51, -11.18, 0.01, 13.78, 101.19
 44, 630.00, -34.98, 21.16, 1450.31, -97.12, 32.99, 6.01, 85.95, 71.24 
45, 230.00, 13.27, 29.18, 10.43, 42.97, -39.53, 0.01, 10.12, -132.62
 45, 325.00, 20.59, 24.04, 1186.17, 55.72, -21.30, 4.01, 87.12, -110.92 
46, 230.00, -16.63, 80.29, 36.04, -45.70, -11.43, 0.01, 37.42, 104.05
 46, 325.00, -25.03, 86.25, 1181.65, -72.30, 94.95, 4.01, 84.23, 37.29 
47, 230.00, 4.86, -63.08, 36.89, 15.28, -43.85, 0.01, 38.46, -160.79
 47, 325.00, 7.48, -73.61, 1182.74, 20.98, -106.01, 4.01, 84.78, -168.81 
48, 230.00, -66.77, 29.49, 12.31, -57.11, -10.23, 0.01, 11.98, 100.16
 48, 325.00, -80.81, 30.23, 1179.29, -139.01, 22.71, 4.01, 83.19, 80.72 
49, 230.00, -7.48, 40.75, 16.32, -20.92, 53.04, 0.01, 15.98, 21.53
 49, 325.00, -11.08, 50.82, 1184.31, -27.50, 84.96, 4.01, 85.69, 17.94 
50, 230.00, 10.58, 24.68, 52.68, -8.91, 25.75, 0.01, 62.65, 19.09
 50, 325.00, 9.62, 29.56, 1186.79, -1.85, 45.53, 4.01, 87.80, 2.32 
51, 230.00, -15.39, -64.89, 24.91, 23.11, -48.61, 0.01, 24.83, -154.57
 51, 325.00, -12.86, -76.63, 1181.84, 9.69, -117.08, 4.01, 84.32, -175.27 
52, 230.00, -17.09, -54.61, 50.97, -21.04, 21.84, 0.01, 59.25, 43.93
 52, 325.00, -21.13, -54.03, 1186.96, -35.91, -19.78, 4.01, 88.02, 118.85 
53, 230.00, 89.23, 40.28, 58.11, -3.50, 11.36, 0.01, 78.44, 17.14
 53, 325.00, 110.33, 51.62, 1155.94, 242.64, 123.98, 4.01, 76.74, -62.93 
54, 230.00, -4.03, 61.41, 35.18, -26.81, -39.51, 0.01, 36.38, 145.84
 54, 325.00, -8.34, 58.62, 1187.21, -31.99, 8.28, 4.01, 88.41, 75.48 
55, 230.00, -47.54, 87.49, 35.98, -46.96, -4.19, 0.01, 37.35, 95.10
 55, 325.00, -71.87, 119.35, 1119.43, -231.73, 324.90, 4.02, 70.38, 35.50 
56, 230.00, 70.60, -10.02, 5.98, -23.56, 54.10, 0.01, 5.78, 23.54
 56, 325.00, 71.63, -2.30, 1185.84, 44.50, 48.60, 4.01, 86.82, -42.48 
57, 230.00, -17.12, 43.26, 52.87, -16.42, -21.27, 0.01, 63.06, 142.32
 57, 325.00, -20.35, 41.87, 1187.28, -29.44, 7.78, 4.01, 88.53, 75.20 
58, 230.00, 3.93, 62.03, 45.02, 30.65, 23.47, 0.01, 49.38, -52.56
 58, 325.00, 8.81, 69.17, 1184.38, 36.40, 80.47, 4.01, 85.74, -24.34 
59, 230.00, 6.02, 0.73, 49.25, -22.37, 24.34, 0.01, 56.13, 42.59
 59, 630.00, -0.24, 13.15, 1453.41, -13.09, 38.46, 6.01, 88.40, 18.80 
60, 230.00, -46.94, 34.09, 29.03, -14.35, 49.69, 0.01, 29.31, 16.11
 60, 325.00, -51.71, 43.60, 1183.53, -55.26, 82.24, 4.01, 85.21, 33.90 
61, 230.00, -59.48, 62.53, 50.72, 3.56, 30.54, 0.01, 58.77, -6.64
 61, 325.00, -65.90, 74.29, 1176.90, -89.65, 132.01, 4.01, 82.28, 34.18 
62, 230.00, -75.28, -50.79, 43.64, 40.06, 2.89, 0.01, 47.38, -85.88
 62, 325.00, -79.30, -56.99, 1181.66, -84.85, -83.89, 4.01, 84.23, 134.68 
63, 230.00, 97.87, 19.97, 33.27, 33.23, -36.14, 0.01, 34.13, -137.41
 63, 325.00, 154.46, 25.00, 1072.15, 503.02, 54.23, 4.00, 64.74, -83.85 
64, 230.00, -34.97, 57.34, 15.10, 23.19, 52.46, 0.01, 14.75, -23.85
 64, 325.00, -33.69, 69.23, 1182.17, -9.65, 113.75, 4.01, 84.48, 4.85 
65, 230.00, -2.53, -0.53, 30.91, -49.75, 9.35, 0.01, 31.41, 79.36
 65, 630.00, -28.93, 3.65, 1451.60, -82.37, 12.12, 6.01, 86.72, 81.63 
66, 230.00, 30.99, 92.88, 2.51, -48.85, -33.55, 0.01, 2.43, 124.48
 66, 325.00, 30.72, 108.16, 1170.72, 24.05, 198.54, 4.01, 80.31, -6.91 
67, 230.00, 13.36, 26.40, 8.77, -49.44, 31.57, 0.01, 8.50, 57.44
 67, 325.00, 6.02, 32.43, 1185.71, -43.51, 52.51, 4.01, 86.71, 39.64 
68, 230.00, 77.50, -37.64, 44.43, 17.81, 35.02, 0.01, 48.52, -26.96
 68, 325.00, 88.82, -36.72, 1179.50, 137.78, -18.86, 4.01, 83.28, -97.80 
69, 230.00, -3.40, 25.05, 11.68, 21.22, 54.14, 0.01, 11.36, -21.40
 69, 325.00, -0.17, 34.58, 1185.11, 20.33, 75.18, 4.01, 86.24, -15.13 
70, 230.00, -12.40, 1.18, 30.42, -50.88, 1.78, 0.01, 30.86, 87.99
 70, 325.00, -20.91, 1.51, 1185.25, -74.95, 3.59, 4.01, 86.38, 87.26 
71, 230.00, 7.21, -22.83, 20.07, -35.65, 42.94, 0.01, 19.78, 39.70
 71, 630.00, -4.80, -19.16, 1453.64, -29.19, -11.47, 6.01, 88.76, 111.46 
72, 230.00, 7.06, 54.94, 22.15, -6.92, 54.58, 0.01, 21.93, 7.22
 72, 325.00, 6.36, 66.31, 1183.11, -1.57, 103.96, 4.01, 84.98, 0.87 
73, 230.00, -5.84, -12.47, 24.71, 23.11, 48.72, 0.01, 24.62, -25.38
 73, 630.00, 1.04, 1.91, 1453.57, 15.01, 31.10, 6.01, 88.64, -25.77 
74, 230.00, 7.75, 24.54, 3.84, 36.17, -46.85, 0.01, 3.71, -142.33
 74, 325.00, 13.85, 18.03, 1186.36, 48.64, -26.98, 4.01, 87.32, -119.02 
75, 230.00, 11.01, -90.23, 54.87, 2.54, -22.37, 0.01, 67.69, -173.53
 75, 325.00, 12.99, -106.64, 1171.48, 23.47, -194.05, 4.01, 80.53, -173.10 
76, 230.00, 61.64, 7.17, 51.11, 0.17, 30.09, 0.01, 59.51, -0.33
 76, 325.00, 65.11, 12.11, 1185.84, 53.60, 38.43, 4.01, 86.82, -54.36 
77, 230.00, 5.35, -12.19, 10.66, 40.32, 42.17, 0.01, 10.35, -43.71
 77, 630.00, 29.44, -0.66, 1451.72, 77.93, 22.62, 6.01, 86.80, -73.82 
78, 230.00, -42.66, -81.15, 20.48, 27.28, -48.52, 0.01, 20.20, -150.66
 78, 325.00, -45.38, -101.10, 1166.72, -54.30, -215.36, 4.01, 79.22, 165.85 
79, 230.00, -57.30, -31.95, 43.84, 20.01, 34.57, 0.01, 47.66, -30.06
 79, 325.00, -57.57, -28.56, 1187.28, -29.12, 8.86, 4.01, 88.53, 73.07 
80, 230.00, -55.99, 76.12, 1.38, 55.39, 21.16, 0.01, 1.33, -69.09
 80, 325.00, -57.47, 92.27, 1171.78, -56.78, 185.14, 4.01, 80.62, 17.05 
81, 230.00, 2.82, 77.01, 7.97, -15.75, 56.62, 0.01, 7.72, 15.55
 81, 325.00, 0.65, 92.66, 1176.64, -13.69, 160.94, 4.01, 82.18, 4.86 
82, 230.00, -51.71, -62.69, 27.41, 21.75, 47.89, 0.01, 27.52, -24.43
 82, 325.00, -52.87, -60.86, 1186.77, -39.30, -24.20, 4.01, 87.77, 121.62 
83, 230.00, 71.59, -64.09, 48.34, -30.05, -16.68, 0.01, 54.59, 119.03
 83, 325.00, 81.33, -78.97, 1167.78, 134.70, -169.15, 4.01, 79.51, -141.47 
84, 230.00, 4.31, -6.35, 10.81, -52.48, 25.43, 0.01, 10.50, 64.14
 84, 630.00, -18.40, 1.37, 1452.47, -64.21, 16.92, 6.01, 87.38, 75.24 
85, 230.00, 82.87, -44.34, 33.02, 42.24, 25.36, 0.01, 33.83, -59.02
 85, 325.00, 103.92, -48.66, 1163.22, 229.57, -69.26, 4.01, 78.35, -106.79 
86, 230.00, 49.44, -37.32, 12.79, -56.08, -14.47, 0.01, 12.45, 104.46
 86, 325.00, 43.36, -41.57, 1186.60, -19.05, -46.50, 4.01, 87.57, 157.73 
87, 230.00, -45.82, 14.35, 16.57, -24.55, -51.38, 0.01, 16.22, 154.46
 87, 325.00, -51.71, 6.95, 1185.36, -59.27, -44.38, 4.01, 86.43, 126.82 
88, 230.00, 48.79, -86.51, 29.30, -51.54, 1.47, 0.01, 29.61, 88.37
 88, 325.00, 55.38, -110.73, 1153.17, 94.37, -267.92, 4.01, 76.16, -160.60 
89, 230.00, 66.42, 51.37, 45.71, 17.84, -33.32, 0.01, 50.41, -151.84
 89, 325.00, 75.79, 51.67, 1181.74, 112.98, 35.74, 4.01, 84.27, -72.45 
90, 230.00, -5.85, -84.73, 20.10, 53.03, -17.37, 0.01, 19.81, -108.14
 90, 325.00, 1.46, -96.68, 1177.56, 49.73, -146.45, 4.01, 82.52, -161.24 
91, 230.00, -43.68, -17.00, 43.67, -22.55, -33.20, 0.01, 47.41, 145.82
 91, 325.00, -49.08, -22.85, 1185.41, -55.58, -47.60, 4.01, 86.47, 130.58 
92, 230.00, 28.51, -73.41, 12.66, 49.48, -30.15, 0.01, 12.32, -121.36
 92, 325.00, 38.73, -84.88, 1176.94, 91.99, -130.00, 4.01, 82.29, -144.72 
93, 230.00, -54.80, 38.10, 52.94, 21.18, -16.31, 0.01, 63.21, -127.61
 93, 325.00, -54.87, 37.91, 1187.24, -27.02, 17.08, 4.01, 88.46, 57.70 
94, 230.00, 33.31, -34.40, 46.68, 23.70, 27.88, 0.01, 51.91, -40.36
 94, 325.00, 38.39, -31.65, 1186.65, 48.95, 5.07, 4.01, 87.63, -84.09 
95, 230.00, 69.08, -35.07, 22.04, -14.60, 53.09, 0.01, 21.82, 15.37
 95, 325.00, 72.23, -29.74, 1185.91, 62.10, 18.12, 4.01, 86.88, -73.74 
96, 230.00, 52.46, 47.28, 20.74, -34.67, 43.42, 0.01, 20.47, 38.61
 96, 325.00, 50.74, 57.18, 1183.72, 16.19, 95.44, 4.01, 85.32, -9.63 
97, 230.00, -13.03, 95.96, 32.90, -23.53, 43.37, 0.01, 33.70, 28.48
 97, 325.00, -19.56, 125.33, 1144.61, -62.02, 310.88, 4.01, 74.52, 11.28 
98, 230.00, 21.70, 65.32, 8.55, 48.19, -33.50, 0.01, 8.29, -124.81
 98, 325.00, 30.56, 64.29, 1185.13, 72.94, 26.66, 4.01, 86.25, -69.92 
99, 230.00, 54.70, -4.28, 56.82, -7.71, -15.15, 0.01, 73.34, 153.02
 99, 325.00, 56.18, -6.77, 1187.03, 33.83, -19.42, 4.01, 88.12, -119.85 
100, 230.00, 81.95, 22.20, 7.05, 54.29, 22.81, 0.01, 6.83, -67.21
 100, 325.00, 100.04, 28.33, 1170.42, 192.20, 61.07, 4.01, 80.22, -72.37 
