ion, x, y, z, vx, vy, vz, energy, elev, azim
1, 230.00, -45.15, -42.62, 51.89, -21.26, -19.31, 0.01, 61.04, 132.24
 1, 325.00, -50.97, -47.99, 1184.54, -63.07, -58.72, 4.01, 85.84, 132.95 
2, 230.00, 17.17, 0.04, 21.00, 28.72, -47.45, 0.01, 20.74, -148.81
 2, 325.00, 22.38, -7.46, 1185.49, 49.07, -52.79, 4.01, 86.52, -137.09 
3, 230.00, 30.62, 29.53, 36.08, 44.93, -14.03, 0.01, 37.47, -107.34
 3, 325.00, 38.84, 28.60, 1185.65, 68.95, 5.55, 4.01, 86.66, -85.39 
4, 230.00, -64.90, -35.00, 51.12, -27.77, 11.55, 0.01, 59.53, 67.43
 4, 325.00, -73.95, -35.93, 1182.96, -102.32, -26.43, 4.01, 84.90, 104.48 
5, 230.00, 2.01, 45.16, 13.66, -36.62, 44.61, 0.01, 13.32, 39.38
 5, 325.00, -3.66, 54.17, 1184.37, -37.58, 80.03, 4.01, 85.73, 25.15 
6, 230.00, 33.72, 7.97, 41.89, 10.27, -40.71, 0.01, 44.93, -165.84
 6, 325.00, 36.61, 2.00, 1186.58, 34.00, -37.87, 4.01, 87.54, -138.08 
7, 230.00, -22.32, 2.60, 54.68, -22.56, 4.34, 0.01, 67.21, 79.11
 7, 325.00, -26.63, 3.37, 1186.87, -42.85, 6.85, 4.01, 87.91, 80.91 
8, 230.00, -5.86, -32.62, 28.91, 30.08, -42.16, 0.01, 29.17, -144.49
 8, 325.00, -1.40, -40.46, 1185.46, 28.04, -66.68, 4.01, 86.51, -157.19 
9, 230.00, -42.89, 1.31, 24.13, -30.20, -44.98, 0.01, 24.01, 146.13
 9, 325.00, -49.42, -5.65, 1185.12, -62.04, -46.93, 4.01, 86.24, 127.10 
10, 230.00, -43.63, 23.63, 40.22, -43.34, -4.61, 0.01, 42.70, 96.07
 10, 325.00, -52.32, 24.03, 1184.98, -78.83, 12.78, 4.01, 86.14, 80.79 
11, 230.00, -20.76, 77.12, 49.10, 31.76, -9.89, 0.01, 55.88, -107.30
 11, 325.00, -17.84, 82.29, 1184.66, 9.04, 84.07, 4.01, 85.92, -6.14 
12, 230.00, 83.35, -23.45, 4.12, 23.96, -54.10, 0.01, 3.98, -156.11
 12, 325.00, 97.34, -34.55, 1172.10, 164.26, -98.84, 4.01, 80.71, -121.04 
13, 230.00, -6.85, -85.75, 55.65, 11.14, 17.22, 0.01, 69.77, -32.90
 13, 325.00, -5.96, -92.45, 1182.81, 2.14, -107.28, 4.01, 84.82, -178.86 
14, 230.00, -25.69, -72.37, 53.06, -15.68, 21.37, 0.01, 63.45, 36.27
 14, 325.00, -30.03, -74.87, 1185.28, -46.32, -59.41, 4.01, 86.36, 142.06 
15, 230.00, 56.37, -48.84, 26.46, 50.27, 17.06, 0.01, 26.49, -71.26
 15, 325.00, 68.48, -50.12, 1181.01, 119.81, -37.79, 4.01, 83.93, -107.51 
16, 230.00, -43.58, 73.30, 41.80, 29.40, 30.10, 0.01, 44.82, -44.33
 16, 325.00, -44.05, 85.83, 1178.51, -33.22, 143.41, 4.01, 82.88, 13.04 
17, 230.00, 17.47, -33.24, 32.10, -26.97, -41.95, 0.01, 32.77, 147.26
 17, 325.00, 13.98, -41.09, 1185.66, -16.85, -67.02, 4.01, 86.66, 165.88 
18, 230.00, 43.59, -13.47, 21.08, 38.01, 40.36, 0.01, 20.82, -43.28
 18, 325.00, 51.43, -7.76, 1185.04, 71.55, 33.36, 4.01, 86.19, -65.00 
19, 230.00, -97.84, -12.00, 28.57, 47.13, 21.91, 0.01, 28.79, -65.07
 19, 325.00, -114.27, -11.76, 1168.39, -213.24, -8.13, 4.01, 79.65, 92.18 
20, 230.00, -94.32, 25.74, 12.90, -49.88, -29.39, 0.01, 12.56, 120.50
 20, 325.00, -126.82, 28.40, 1138.63, -334.98, 43.03, 4.01, 73.48, 82.68 
21, 230.00, 9.82, -43.28, 54.09, -2.53, 24.20, 0.01, 65.78, 5.96
 21, 325.00, 9.85, -41.39, 1187.65, 4.11, -4.25, 4.01, 89.71, -135.93 
22, 230.00, 76.92, 30.83, 16.37, 18.11, -54.05, 0.01, 16.03, -161.48
 22, 325.00, 87.25, 25.71, 1180.88, 125.60, -17.04, 4.01, 83.87, -97.72 
23, 230.00, -22.22, 17.73, 6.55, 0.78, 58.94, 0.01, 6.34, -0.76
 23, 325.00, -22.94, 27.78, 1185.21, -14.34, 75.04, 4.01, 86.31, 10.82 
24, 230.00, -20.73, 69.28, 11.38, 39.30, 42.94, 0.01, 11.06, -42.46
 24, 325.00, -16.22, 81.10, 1181.10, 19.90, 123.19, 4.01, 83.97, -9.18 
25, 230.00, 33.78, 76.06, 34.67, -48.08, -2.02, 0.01, 35.77, 92.41
 25, 325.00, 29.88, 83.09, 1183.41, -7.13, 100.26, 4.01, 85.15, 4.07 
26, 230.00, -73.12, 49.41, 21.58, 1.06, 55.23, 0.01, 21.34, -1.10
 26, 325.00, -82.58, 64.12, 1171.94, -125.01, 146.60, 4.01, 80.66, 40.46 
27, 230.00, -60.50, -40.04, 42.75, -41.00, 3.00, 0.01, 46.12, 85.81
 27, 325.00, -71.21, -42.60, 1181.72, -111.38, -41.01, 4.01, 84.26, 110.22 
28, 230.00, -19.30, -35.84, 54.30, -18.02, -15.62, 0.01, 66.29, 130.91
 28, 325.00, -22.83, -39.69, 1186.52, -32.29, -41.03, 4.01, 87.48, 141.80 
29, 230.00, 47.55, 49.88, 2.97, -20.08, -55.73, 0.01, 2.87, 160.19
 29, 325.00, 47.30, 44.21, 1187.38, 21.88, -14.41, 4.01, 88.74, -123.37 
30, 230.00, -31.98, 32.45, 7.57, 17.20, -56.25, 0.01, 7.34, -163.00
 30, 325.00, -30.59, 24.91, 1187.08, -4.01, -37.29, 4.01, 88.19, 173.86 
31, 230.00, 50.54, 77.31, 21.83, 52.57, 16.64, 0.01, 21.60, -72.43
 31, 325.00, 66.79, 92.80, 1162.35, 164.42, 180.19, 4.01, 78.15, -42.38 
32, 230.00, 53.72, -23.93, 21.65, 26.05, -48.69, 0.01, 21.41, -151.85
 32, 325.00, 60.75, -32.80, 1183.09, 74.42, -72.98, 4.01, 84.97, -134.44 
33, 230.00, -34.26, -91.08, 13.94, 45.36, -35.57, 0.01, 13.59, -128.10
 33, 325.00, -35.90, -117.92, 1151.54, -42.28, -287.89, 4.01, 75.82, 171.65 
34, 230.00, 73.62, -50.22, 7.08, 16.17, -56.62, 0.01, 6.86, -164.06
 34, 325.00, 86.52, -65.86, 1167.51, 152.96, -155.23, 4.01, 79.43, -135.42 
35, 230.00, 8.92, 7.48, 29.93, 20.41, 46.96, 0.01, 30.31, -23.49
 35, 329.27, 12.68, 15.47, 1183.71, 50.35, 82.45, 4.01, 85.33, -31.41 
36, 230.00, 1.04, 54.22, 13.56, -35.39, -45.62, 0.01, 13.22, 142.20
 36, 325.00, -4.44, 49.60, 1187.06, -36.97, -8.44, 4.01, 88.17, 102.86 
37, 230.00, -33.86, 49.49, 25.71, 2.51, 53.39, 0.01, 25.69, -2.69
 37, 325.00, -35.40, 60.53, 1183.07, -27.09, 100.90, 4.01, 84.95, 15.03 
38, 230.00, 16.18, 26.98, 20.12, -1.98, -55.76, 0.01, 19.83, 177.96
 38, 325.00, 16.51, 19.27, 1187.02, 11.91, -37.51, 4.01, 88.10, -162.39 
39, 230.00, 71.77, 28.66, 11.56, -7.53, -57.68, 0.01, 11.24, 172.56
 39, 325.00, 76.25, 22.08, 1185.01, 73.50, -30.18, 4.01, 86.16, -112.32 
40, 230.00, 53.00, -12.65, 21.94, -49.42, -24.36, 0.01, 21.71, 116.24
 40, 325.00, 47.80, -17.02, 1187.07, -13.16, -35.41, 4.01, 88.18, 159.62 
41, 230.00, 35.03, 15.91, 44.64, 27.02, 28.19, 0.01, 48.83, -43.78
 41, 325.00, 40.59, 20.88, 1185.81, 52.40, 40.69, 4.01, 86.80, -52.17 
42, 230.00, -37.77, 89.94, 36.27, -42.23, 20.45, 0.01, 37.70, 64.16
 42, 325.00, -53.40, 115.74, 1143.95, -154.95, 279.17, 4.01, 74.41, 29.03 
43, 230.00, -10.80, 49.69, 12.52, -32.00, -48.34, 0.01, 12.19, 146.50
 43, 325.00, -16.30, 44.32, 1186.83, -41.88, -15.71, 4.01, 87.84, 110.57 
44, 230.00, 4.98, 52.31, 12.75, -57.70, 5.12, 0.01, 12.42, 84.93
 44, 325.00, -3.82, 55.59, 1185.41, -57.84, 44.98, 4.01, 86.46, 52.13 
45, 230.00, -3.21, -94.24, 50.14, -14.28, -28.28, 0.01, 57.71, 153.21
 45, 325.00, -5.85, -115.62, 1162.47, -23.11, -242.31, 4.01, 78.17, 174.55 
46, 230.00, 9.41, 15.67, 15.79, -33.98, 45.98, 0.01, 15.44, 36.47
 46, 325.00, 4.39, 23.58, 1185.47, -28.61, 66.20, 4.01, 86.52, 23.37 
47, 230.00, -43.46, -23.83, 9.52, 37.21, -45.20, 0.01, 9.24, -140.54
 47, 325.00, -39.56, -32.01, 1185.84, 8.16, -65.46, 4.01, 86.82, -172.89 
48, 230.00, 40.35, -63.68, 57.51, -11.16, -9.28, 0.01, 75.83, 129.74
 48, 325.00, 41.81, -69.96, 1184.37, 33.42, -81.89, 4.01, 85.73, -157.80 
49, 230.00, 35.51, -26.96, 45.23, 14.59, -35.48, 0.01, 49.69, -157.64
 49, 325.00, 39.28, -33.56, 1185.62, 40.60, -56.75, 4.01, 86.63, -144.42 
50, 230.00, -6.17, 2.01, 12.26, -58.00, -1.99, 0.01, 11.93, 91.96
 50, 630.00, -39.62, 2.57, 1450.05, -106.85, 3.68, 6.01, 85.78, 88.03 
51, 230.00, 26.04, 57.60, 35.85, 15.26, -44.71, 0.01, 37.19, -161.16
 51, 325.00, 29.80, 53.94, 1187.05, 38.42, 0.98, 4.01, 88.15, -88.54 
52, 230.00, -21.51, 25.79, 27.86, -4.60, -52.16, 0.01, 28.02, 174.95
 52, 325.00, -23.07, 18.64, 1186.91, -21.15, -36.69, 4.01, 87.96, 150.04 
53, 230.00, 65.91, -23.12, 21.40, -54.34, 10.36, 0.01, 21.15, 79.21
 53, 325.00, 61.64, -22.96, 1187.62, 2.92, -10.39, 4.01, 89.48, -164.32 
54, 230.00, -31.41, 21.66, 14.69, -0.55, 57.46, 0.01, 14.34, 0.55
 54, 325.00, -32.78, 31.58, 1185.04, -21.90, 75.81, 4.01, 86.19, 16.11 
55, 230.00, 35.36, 93.38, 13.34, 36.49, 44.81, 0.01, 12.99, -39.15
 55, 325.00, 63.08, 158.24, 1035.16, 223.29, 531.24, 3.99, 60.90, -22.80 
56, 230.00, -31.94, -7.86, 28.97, 21.19, -47.22, 0.01, 29.23, -155.83
 56, 325.00, -29.87, -15.53, 1186.35, 0.19, -55.97, 4.01, 87.30, -179.80 
57, 230.00, 38.13, -9.57, 35.83, -36.61, -29.90, 0.01, 37.17, 129.24
 57, 325.00, 33.99, -14.58, 1186.98, -12.63, -38.44, 4.01, 88.05, 161.81 
58, 230.00, -69.09, -67.87, 51.00, -12.21, -27.70, 0.01, 59.30, 156.21
 58, 325.00, -86.64, -87.33, 1152.38, -195.97, -210.07, 4.01, 76.00, 136.99 
59, 230.00, -97.25, -2.51, 46.51, -21.01, 30.22, 0.01, 51.64, 34.81
 59, 325.00, -123.14, 1.18, 1152.46, -286.00, 27.03, 4.01, 76.00, 84.60 
60, 230.00, -7.03, -36.74, 48.64, -20.64, -26.95, 0.01, 55.09, 142.54
 60, 325.00, -10.47, -42.33, 1186.17, -26.64, -53.35, 4.01, 87.12, 153.47 
61, 230.00, -35.58, 5.75, 31.92, -47.36, -16.01, 0.01, 32.56, 108.68
 61, 325.00, -44.35, 3.49, 1185.28, -74.21, -13.14, 4.01, 86.36, 100.04 
62, 230.00, -3.82, 48.05, 3.40, -32.91, 49.22, 0.01, 3.29, 33.76
 62, 325.00, -9.21, 58.08, 1183.75, -38.04, 88.64, 4.01, 85.34, 23.22 
63, 230.00, 84.26, -17.41, 37.25, -45.90, 4.78, 0.01, 38.91, 84.05
 63, 325.00, 86.14, -18.49, 1185.51, 68.88, -19.38, 4.01, 86.55, -105.72 
64, 230.00, 6.97, 0.39, 20.47, 40.96, -37.70, 0.01, 20.19, -132.63
 64, 630.00, 32.54, -17.91, 1450.52, 84.03, -54.82, 6.01, 86.04, -123.12 
65, 230.00, 10.81, -41.84, 27.40, 51.17, -12.18, 0.01, 27.51, -103.39
 65, 325.00, 19.23, -45.51, 1185.30, 61.95, -42.15, 4.01, 86.38, -124.23 
66, 230.00, 73.39, 14.53, 16.12, -52.49, 22.41, 0.01, 15.77, 66.88
 66, 325.00, 70.56, 18.99, 1186.85, 19.82, 39.46, 4.01, 87.87, -26.68 
67, 230.00, -92.96, 18.87, 1.61, 27.01, 52.78, 0.01, 1.55, -27.10
 67, 325.00, -105.37, 29.92, 1171.05, -170.99, 99.94, 4.01, 80.40, 59.69 
68, 230.00, -42.44, 13.09, 11.81, -48.42, -32.15, 0.01, 11.48, 123.58
 68, 325.00, -51.92, 8.60, 1184.59, -81.77, -24.94, 4.01, 85.87, 106.96 
69, 230.00, 15.04, -93.51, 34.29, 47.28, -10.31, 0.01, 35.32, -102.31
 69, 325.00, 24.66, -112.50, 1163.21, 86.90, -223.43, 4.01, 78.35, -158.75 
70, 230.00, -35.81, -89.78, 25.87, -22.67, 48.32, 0.01, 25.86, 25.14
 70, 325.00, -46.03, -100.42, 1172.18, -109.41, -156.88, 4.01, 80.73, 145.11 
71, 230.00, -56.37, 64.39, 27.36, 43.75, -29.24, 0.01, 27.47, -123.75
 71, 325.00, -55.50, 66.48, 1185.92, -30.00, 57.01, 4.01, 86.89, 27.76 
72, 230.00, -95.69, 2.31, 27.05, 23.15, -47.43, 0.01, 27.13, -153.99
 72, 325.00, -110.02, -4.06, 1171.55, -189.13, -47.75, 4.01, 80.55, 104.17 
73, 230.00, 24.25, -20.64, 24.39, 42.08, 33.94, 0.01, 24.29, -51.11
 73, 325.00, 31.78, -16.12, 1185.87, 61.56, 22.01, 4.01, 86.84, -70.33 
74, 230.00, 34.64, -44.14, 57.05, 15.92, -3.07, 0.01, 74.14, -100.92
 74, 325.00, 38.78, -46.82, 1186.21, 44.53, -38.38, 4.01, 87.16, -130.76 
75, 230.00, 44.09, 81.05, 24.49, 16.19, -51.53, 0.01, 24.38, -162.56
 75, 325.00, 52.67, 84.97, 1180.12, 98.30, 90.52, 4.01, 83.54, -47.36 
76, 230.00, -19.61, 3.48, 50.85, -21.90, -21.27, 0.01, 59.01, 134.16
 76, 325.00, -23.75, 0.33, 1186.71, -43.32, -20.16, 4.01, 87.69, 114.95 
77, 230.00, -24.36, -23.00, 1.27, 28.59, 51.95, 0.01, 1.22, -28.83
 77, 325.00, -20.76, -15.61, 1187.03, 10.62, 37.27, 4.01, 88.13, -15.90 
78, 230.00, -81.86, -5.44, 57.19, 10.91, -11.33, 0.01, 74.62, -136.07
 78, 325.00, -87.91, -7.60, 1183.62, -95.95, -19.52, 4.01, 85.27, 101.50 
79, 230.00, -44.24, -50.78, 56.27, 13.34, 13.15, 0.01, 71.59, -45.42
 79, 325.00, -44.94, -51.90, 1186.91, -26.68, -32.94, 4.01, 87.95, 141.00 
80, 230.00, -24.74, 89.93, 29.24, 47.25, 20.73, 0.01, 29.54, -66.31
 80, 325.00, -21.97, 107.83, 1169.22, 1.66, 208.61, 4.01, 79.88, -0.46 
81, 230.00, 47.87, -8.34, 10.90, -33.14, -47.96, 0.01, 10.59, 145.36
 81, 325.00, 44.76, -16.24, 1186.30, -1.19, -57.04, 4.01, 87.25, 178.81 
82, 230.00, -16.08, -11.25, 26.02, -45.35, 28.01, 0.01, 26.02, 58.30
 82, 325.00, -23.84, -7.28, 1185.73, -64.53, 20.58, 4.01, 86.73, 72.31 
83, 230.00, 22.23, 75.31, 22.30, 38.40, -39.32, 0.01, 22.08, -135.68
 83, 325.00, 29.86, 75.50, 1184.84, 67.98, 45.75, 4.01, 86.04, -56.06 
84, 230.00, -76.78, -24.20, 39.34, -35.37, -26.81, 0.01, 41.56, 127.16
 84, 325.00, -89.55, -30.56, 1177.29, -143.65, -62.45, 4.01, 82.42, 113.50 
85, 230.00, -25.41, 10.84, 31.64, 5.33, 49.88, 0.01, 32.24, -6.09
 85, 325.00, -25.54, 19.03, 1186.02, -12.56, 61.23, 4.01, 86.98, 11.59 
86, 230.00, 41.06, 65.28, 3.00, 10.39, 58.31, 0.01, 2.90, -10.10
 86, 325.00, 46.36, 80.17, 1176.69, 64.11, 147.85, 4.01, 82.20, -23.44 
87, 230.00, 32.35, 9.23, 10.24, 58.42, -0.55, 0.01, 9.94, -90.54
 87, 325.00, 42.87, 9.51, 1184.70, 83.76, 5.59, 4.01, 85.95, -86.18 
88, 230.00, 20.82, 64.90, 26.16, 29.52, 44.29, 0.01, 26.17, -33.68
 88, 325.00, 26.79, 76.18, 1180.85, 53.56, 115.23, 4.01, 83.86, -24.93 
89, 230.00, -36.86, -76.78, 31.49, 50.21, 2.10, 0.01, 32.07, -87.60
 89, 325.00, -33.22, -84.41, 1182.83, 2.59, -107.12, 4.01, 84.82, -178.61 
90, 230.00, 33.88, -86.87, 26.61, 23.00, 47.76, 0.01, 26.65, -25.72
 90, 325.00, 42.31, -92.99, 1178.79, 90.41, -113.25, 4.01, 82.99, -141.40 
91, 230.00, -44.80, -62.36, 11.08, -38.75, -43.51, 0.01, 10.76, 138.31
 91, 325.00, -54.76, -74.62, 1176.61, -99.68, -127.32, 4.01, 82.18, 141.94 
92, 230.00, 42.52, 50.65, 40.77, -41.10, 12.91, 0.01, 43.42, 72.56
 92, 325.00, 38.82, 55.63, 1186.14, -5.41, 60.01, 4.01, 87.09, 5.15 
93, 230.00, 54.78, -83.26, 54.02, -21.46, 11.77, 0.01, 65.63, 61.25
 93, 325.00, 69.93, -109.16, 1142.27, 168.01, -278.58, 4.01, 74.10, -148.91 
94, 230.00, 56.49, 4.29, 41.15, 32.52, -27.69, 0.01, 43.93, -130.41
 94, 325.00, 64.41, 0.29, 1184.61, 81.10, -26.09, 4.01, 85.89, -107.83 
95, 230.00, -5.53, 79.96, 29.00, 51.70, -1.78, 0.01, 29.27, -91.97
 95, 325.00, 1.75, 86.82, 1182.47, 49.50, 99.34, 4.01, 84.64, -26.49 
96, 230.00, -8.35, -47.67, 23.91, -39.90, 36.79, 0.01, 23.78, 47.32
 96, 325.00, -14.92, -44.01, 1186.67, -48.39, 5.33, 4.01, 87.65, 83.72 
97, 230.00, 42.84, 9.81, 43.12, 33.78, -22.74, 0.01, 46.64, -123.95
 97, 325.00, 49.85, 6.74, 1185.71, 65.92, -17.27, 4.01, 86.71, -104.68 
98, 230.00, 55.66, -54.22, 22.40, 45.93, 30.11, 0.01, 22.19, -56.75
 98, 325.00, 67.37, -54.26, 1181.31, 118.09, -33.27, 4.01, 84.07, -105.73 
99, 230.00, -49.53, 1.68, 34.51, 26.33, -40.42, 0.01, 35.58, -146.92
 99, 325.00, -47.65, -4.47, 1186.91, -7.48, -41.78, 4.01, 87.95, 169.85 
100, 230.00, -27.23, 26.13, 48.65, -21.27, -26.42, 0.01, 55.12, 141.17
 100, 325.00, -31.56, 23.11, 1186.91, -41.11, -10.30, 4.01, 87.96, 104.06 
