3/22/2024	
User name: Benedetta-Federico
Cooldown number: CD187
Number of segments: 200
Record lenght: 1000
Time : 1.000000E-5
Laser: 406nm,	16.5 mW
Attenuation: 
Temperature: 40.5 mK
I_bias: 165.999 uA
Filter: 

Resource name:PXI1Slot2_1
Acquisition time:1.615797E+2

Amplitude	Counts
V
8.197293E-1	1.000000E+0
8.208774E-1	0.000000E+0
8.220254E-1	1.000000E+0
8.231734E-1	0.000000E+0
8.243214E-1	0.000000E+0
8.254695E-1	0.000000E+0
8.266175E-1	0.000000E+0
8.277655E-1	0.000000E+0
8.289136E-1	0.000000E+0
8.300616E-1	1.000000E+0
8.312096E-1	0.000000E+0
8.323577E-1	0.000000E+0
8.335057E-1	0.000000E+0
8.346537E-1	0.000000E+0
8.358018E-1	1.000000E+0
8.369498E-1	0.000000E+0
8.380978E-1	0.000000E+0
8.392459E-1	0.000000E+0
8.403939E-1	0.000000E+0
8.415419E-1	0.000000E+0
8.426900E-1	0.000000E+0
8.438380E-1	0.000000E+0
8.449860E-1	0.000000E+0
8.461340E-1	0.000000E+0
8.472821E-1	0.000000E+0
8.484301E-1	0.000000E+0
8.495781E-1	0.000000E+0
8.507262E-1	0.000000E+0
8.518742E-1	0.000000E+0
8.530222E-1	0.000000E+0
8.541703E-1	1.000000E+0
8.553183E-1	0.000000E+0
8.564663E-1	0.000000E+0
8.576144E-1	0.000000E+0
8.587624E-1	0.000000E+0
8.599104E-1	0.000000E+0
8.610585E-1	0.000000E+0
8.622065E-1	0.000000E+0
8.633545E-1	0.000000E+0
8.645026E-1	1.000000E+0
8.656506E-1	1.000000E+0
8.667986E-1	1.000000E+0
8.679467E-1	0.000000E+0
8.690947E-1	0.000000E+0
8.702427E-1	1.000000E+0
8.713907E-1	0.000000E+0
8.725388E-1	0.000000E+0
8.736868E-1	0.000000E+0
8.748348E-1	0.000000E+0
8.759829E-1	0.000000E+0
8.771309E-1	1.000000E+0
8.782789E-1	0.000000E+0
8.794270E-1	0.000000E+0
8.805750E-1	0.000000E+0
8.817230E-1	0.000000E+0
8.828711E-1	1.000000E+0
8.840191E-1	0.000000E+0
8.851671E-1	0.000000E+0
8.863152E-1	0.000000E+0
8.874632E-1	0.000000E+0
8.886112E-1	0.000000E+0
8.897593E-1	0.000000E+0
8.909073E-1	0.000000E+0
8.920553E-1	2.000000E+0
8.932034E-1	1.000000E+0
8.943514E-1	1.000000E+0
8.954994E-1	0.000000E+0
8.966474E-1	0.000000E+0
8.977955E-1	0.000000E+0
8.989435E-1	0.000000E+0
9.000915E-1	1.000000E+0
9.012396E-1	3.000000E+0
9.023876E-1	0.000000E+0
9.035356E-1	1.000000E+0
9.046837E-1	0.000000E+0
9.058317E-1	0.000000E+0
9.069797E-1	0.000000E+0
9.081278E-1	0.000000E+0
9.092758E-1	1.000000E+0
9.104238E-1	0.000000E+0
9.115719E-1	0.000000E+0
9.127199E-1	0.000000E+0
9.138679E-1	1.000000E+0
9.150160E-1	1.000000E+0
9.161640E-1	1.000000E+0
9.173120E-1	1.000000E+0
9.184601E-1	1.000000E+0
9.196081E-1	0.000000E+0
9.207561E-1	1.000000E+0
9.219041E-1	1.000000E+0
9.230522E-1	1.000000E+0
9.242002E-1	1.000000E+0
9.253482E-1	3.000000E+0
9.264963E-1	3.000000E+0
9.276443E-1	0.000000E+0
9.287923E-1	0.000000E+0
9.299404E-1	2.000000E+0
9.310884E-1	2.000000E+0
9.322364E-1	1.000000E+0
9.333845E-1	0.000000E+0
9.345325E-1	0.000000E+0
9.356805E-1	1.000000E+0
9.368286E-1	0.000000E+0
9.379766E-1	2.000000E+0
9.391246E-1	0.000000E+0
9.402727E-1	3.000000E+0
9.414207E-1	0.000000E+0
9.425687E-1	2.000000E+0
9.437167E-1	1.000000E+0
9.448648E-1	3.000000E+0
9.460128E-1	3.000000E+0
9.471608E-1	1.000000E+0
9.483089E-1	4.000000E+0
9.494569E-1	3.000000E+0
9.506049E-1	4.000000E+0
9.517530E-1	4.000000E+0
9.529010E-1	2.000000E+0
9.540490E-1	1.000000E+0
9.551971E-1	1.000000E+0
9.563451E-1	3.000000E+0
9.574931E-1	1.000000E+0
9.586412E-1	0.000000E+0
9.597892E-1	1.000000E+0
9.609372E-1	0.000000E+0
9.620853E-1	2.000000E+0
9.632333E-1	2.000000E+0
9.643813E-1	3.000000E+0
9.655294E-1	1.000000E+0
9.666774E-1	1.000000E+0
9.678254E-1	0.000000E+0
9.689734E-1	0.000000E+0
9.701215E-1	3.000000E+0
9.712695E-1	3.000000E+0
9.724175E-1	3.000000E+0
9.735656E-1	7.000000E+0
9.747136E-1	5.000000E+0
9.758616E-1	3.000000E+0
9.770097E-1	7.000000E+0
9.781577E-1	4.000000E+0
9.793057E-1	5.000000E+0
9.804538E-1	2.000000E+0
9.816018E-1	5.000000E+0
9.827498E-1	3.000000E+0
9.838979E-1	8.000000E+0
9.850459E-1	5.000000E+0
9.861939E-1	2.000000E+0
9.873420E-1	6.000000E+0
9.884900E-1	1.000000E+0
9.896380E-1	3.000000E+0
9.907861E-1	1.000000E+0
9.919341E-1	2.000000E+0
9.930821E-1	4.000000E+0
9.942301E-1	3.000000E+0
9.953782E-1	4.000000E+0
9.965262E-1	0.000000E+0
9.976742E-1	7.000000E+0
9.988223E-1	3.000000E+0
9.999703E-1	3.000000E+0
1.001118E+0	4.000000E+0
1.002266E+0	8.000000E+0
1.003414E+0	2.000000E+0
1.004562E+0	7.000000E+0
1.005710E+0	1.000000E+1
1.006858E+0	1.000000E+1
1.008007E+0	6.000000E+0
1.009155E+0	1.100000E+1
1.010303E+0	7.000000E+0
1.011451E+0	4.000000E+0
1.012599E+0	5.000000E+0
1.013747E+0	1.000000E+0
1.014895E+0	8.000000E+0
1.016043E+0	8.000000E+0
1.017191E+0	7.000000E+0
1.018339E+0	8.000000E+0
1.019487E+0	6.000000E+0
1.020635E+0	1.100000E+1
1.021783E+0	3.000000E+0
1.022931E+0	8.000000E+0
1.024079E+0	9.000000E+0
1.025227E+0	1.400000E+1
1.026375E+0	1.500000E+1
1.027523E+0	1.500000E+1
1.028671E+0	8.000000E+0
1.029819E+0	1.100000E+1
1.030967E+0	1.200000E+1
1.032115E+0	1.100000E+1
1.033263E+0	1.100000E+1
1.034411E+0	1.000000E+1
1.035559E+0	1.200000E+1
1.036707E+0	1.200000E+1
1.037855E+0	1.100000E+1
1.039003E+0	1.600000E+1
1.040151E+0	6.000000E+0
1.041299E+0	8.000000E+0
1.042447E+0	1.800000E+1
1.043596E+0	1.000000E+1
1.044744E+0	1.200000E+1
1.045892E+0	1.200000E+1
1.047040E+0	1.400000E+1
1.048188E+0	1.300000E+1
1.049336E+0	1.800000E+1
1.050484E+0	1.500000E+1
1.051632E+0	1.900000E+1
1.052780E+0	1.200000E+1
1.053928E+0	1.700000E+1
1.055076E+0	2.600000E+1
1.056224E+0	2.700000E+1
1.057372E+0	3.000000E+1
1.058520E+0	2.900000E+1
1.059668E+0	2.800000E+1
1.060816E+0	1.900000E+1
1.061964E+0	2.000000E+1
1.063112E+0	1.600000E+1
1.064260E+0	2.100000E+1
1.065408E+0	1.700000E+1
1.066556E+0	1.400000E+1
1.067704E+0	2.100000E+1
1.068852E+0	1.600000E+1
1.070000E+0	2.300000E+1
1.071148E+0	2.300000E+1
1.072296E+0	1.400000E+1
1.073444E+0	2.600000E+1
1.074592E+0	2.500000E+1
1.075740E+0	3.000000E+1
1.076888E+0	3.600000E+1
1.078036E+0	3.000000E+1
1.079184E+0	3.200000E+1
1.080333E+0	4.300000E+1
1.081481E+0	3.200000E+1
1.082629E+0	2.800000E+1
1.083777E+0	5.100000E+1
1.084925E+0	3.400000E+1
1.086073E+0	4.800000E+1
1.087221E+0	3.900000E+1
1.088369E+0	3.300000E+1
1.089517E+0	4.100000E+1
1.090665E+0	3.100000E+1
1.091813E+0	2.900000E+1
1.092961E+0	3.700000E+1
1.094109E+0	3.900000E+1
1.095257E+0	3.600000E+1
1.096405E+0	4.200000E+1
1.097553E+0	3.300000E+1
1.098701E+0	5.000000E+1
1.099849E+0	3.900000E+1
1.100997E+0	5.100000E+1
1.102145E+0	4.900000E+1
1.103293E+0	6.400000E+1
1.104441E+0	5.600000E+1
1.105589E+0	5.400000E+1
1.106737E+0	6.400000E+1
1.107885E+0	6.700000E+1
1.109033E+0	5.900000E+1
1.110181E+0	7.400000E+1
1.111329E+0	6.600000E+1
1.112477E+0	6.700000E+1
1.113625E+0	6.000000E+1
1.114773E+0	5.300000E+1
1.115922E+0	6.600000E+1
1.117070E+0	6.400000E+1
1.118218E+0	4.100000E+1
1.119366E+0	6.400000E+1
1.120514E+0	6.300000E+1
1.121662E+0	5.700000E+1
1.122810E+0	6.200000E+1
1.123958E+0	7.200000E+1
1.125106E+0	8.200000E+1
1.126254E+0	9.200000E+1
1.127402E+0	8.400000E+1
1.128550E+0	9.400000E+1
1.129698E+0	1.180000E+2
1.130846E+0	9.500000E+1
1.131994E+0	9.000000E+1
1.133142E+0	1.070000E+2
1.134290E+0	1.110000E+2
1.135438E+0	9.400000E+1
1.136586E+0	9.500000E+1
1.137734E+0	9.300000E+1
1.138882E+0	9.600000E+1
1.140030E+0	8.100000E+1
1.141178E+0	7.300000E+1
1.142326E+0	9.100000E+1
1.143474E+0	8.200000E+1
1.144622E+0	7.800000E+1
1.145770E+0	9.500000E+1
1.146918E+0	1.080000E+2
1.148066E+0	1.240000E+2
1.149214E+0	1.390000E+2
1.150362E+0	1.040000E+2
1.151510E+0	1.460000E+2
1.152659E+0	1.490000E+2
1.153807E+0	1.330000E+2
1.154955E+0	1.610000E+2
1.156103E+0	1.710000E+2
1.157251E+0	1.440000E+2
1.158399E+0	1.430000E+2
1.159547E+0	1.420000E+2
1.160695E+0	1.230000E+2
1.161843E+0	1.200000E+2
1.162991E+0	1.340000E+2
1.164139E+0	1.170000E+2
1.165287E+0	1.340000E+2
1.166435E+0	1.510000E+2
1.167583E+0	1.300000E+2
1.168731E+0	1.350000E+2
1.169879E+0	1.670000E+2
1.171027E+0	1.780000E+2
1.172175E+0	1.920000E+2
1.173323E+0	1.850000E+2
1.174471E+0	2.030000E+2
1.175619E+0	1.940000E+2
1.176767E+0	2.070000E+2
1.177915E+0	2.440000E+2
1.179063E+0	2.130000E+2
1.180211E+0	2.090000E+2
1.181359E+0	2.030000E+2
1.182507E+0	2.010000E+2
1.183655E+0	1.870000E+2
1.184803E+0	2.030000E+2
1.185951E+0	1.980000E+2
1.187099E+0	2.070000E+2
1.188248E+0	2.230000E+2
1.189396E+0	2.210000E+2
1.190544E+0	2.100000E+2
1.191692E+0	2.000000E+2
1.192840E+0	2.380000E+2
1.193988E+0	2.470000E+2
1.195136E+0	2.630000E+2
1.196284E+0	3.000000E+2
1.197432E+0	2.970000E+2
1.198580E+0	3.020000E+2
1.199728E+0	2.990000E+2
1.200876E+0	3.490000E+2
1.202024E+0	3.000000E+2
1.203172E+0	3.010000E+2
1.204320E+0	3.200000E+2
1.205468E+0	2.830000E+2
1.206616E+0	2.590000E+2
1.207764E+0	2.870000E+2
1.208912E+0	2.320000E+2
1.210060E+0	2.640000E+2
1.211208E+0	2.670000E+2
1.212356E+0	3.330000E+2
1.213504E+0	3.140000E+2
1.214652E+0	3.250000E+2
1.215800E+0	3.230000E+2
1.216948E+0	3.540000E+2
1.218096E+0	3.960000E+2
1.219244E+0	3.900000E+2
1.220392E+0	4.060000E+2
1.221540E+0	4.530000E+2
1.222688E+0	4.150000E+2
1.223836E+0	3.820000E+2
1.224985E+0	4.390000E+2
1.226133E+0	3.920000E+2
1.227281E+0	3.710000E+2
1.228429E+0	3.910000E+2
1.229577E+0	3.820000E+2
1.230725E+0	4.250000E+2
1.231873E+0	3.610000E+2
1.233021E+0	3.950000E+2
1.234169E+0	3.660000E+2
1.235317E+0	4.150000E+2
1.236465E+0	4.430000E+2
1.237613E+0	4.900000E+2
1.238761E+0	5.080000E+2
1.239909E+0	5.420000E+2
1.241057E+0	4.950000E+2
1.242205E+0	5.820000E+2
1.243353E+0	5.330000E+2
1.244501E+0	6.040000E+2
1.245649E+0	5.920000E+2
1.246797E+0	6.040000E+2
1.247945E+0	4.820000E+2
1.249093E+0	5.550000E+2
1.250241E+0	4.950000E+2
1.251389E+0	4.770000E+2
1.252537E+0	5.470000E+2
1.253685E+0	5.090000E+2
1.254833E+0	5.100000E+2
1.255981E+0	5.270000E+2
1.257129E+0	5.770000E+2
1.258277E+0	6.070000E+2
1.259425E+0	6.400000E+2
1.260574E+0	6.840000E+2
1.261722E+0	6.630000E+2
1.262870E+0	7.590000E+2
1.264018E+0	7.760000E+2
1.265166E+0	7.730000E+2
1.266314E+0	7.220000E+2
1.267462E+0	7.220000E+2
1.268610E+0	7.220000E+2
1.269758E+0	7.730000E+2
1.270906E+0	6.780000E+2
1.272054E+0	6.470000E+2
1.273202E+0	6.650000E+2
1.274350E+0	6.770000E+2
1.275498E+0	6.900000E+2
1.276646E+0	7.140000E+2
1.277794E+0	7.690000E+2
1.278942E+0	8.200000E+2
1.280090E+0	8.440000E+2
1.281238E+0	8.470000E+2
1.282386E+0	8.790000E+2
1.283534E+0	9.180000E+2
1.284682E+0	9.550000E+2
1.285830E+0	9.730000E+2
1.286978E+0	9.340000E+2
1.288126E+0	8.800000E+2
1.289274E+0	8.830000E+2
1.290422E+0	8.790000E+2
1.291570E+0	8.520000E+2
1.292718E+0	8.300000E+2
1.293866E+0	7.820000E+2
1.295014E+0	8.540000E+2
1.296162E+0	8.720000E+2
1.297311E+0	8.600000E+2
1.298459E+0	9.250000E+2
1.299607E+0	9.420000E+2
1.300755E+0	1.060000E+3
1.301903E+0	1.026000E+3
1.303051E+0	1.114000E+3
1.304199E+0	1.097000E+3
1.305347E+0	1.236000E+3
1.306495E+0	1.174000E+3
1.307643E+0	1.147000E+3
1.308791E+0	1.140000E+3
1.309939E+0	1.123000E+3
1.311087E+0	1.026000E+3
1.312235E+0	9.860000E+2
1.313383E+0	1.026000E+3
1.314531E+0	1.037000E+3
1.315679E+0	1.032000E+3
1.316827E+0	1.078000E+3
1.317975E+0	1.061000E+3
1.319123E+0	1.168000E+3
1.320271E+0	1.166000E+3
1.321419E+0	1.256000E+3
1.322567E+0	1.307000E+3
1.323715E+0	1.317000E+3
1.324863E+0	1.368000E+3
1.326011E+0	1.424000E+3
1.327159E+0	1.320000E+3
1.328307E+0	1.379000E+3
1.329455E+0	1.370000E+3
1.330603E+0	1.293000E+3
1.331751E+0	1.367000E+3
1.332900E+0	1.273000E+3
1.334048E+0	1.275000E+3
1.335196E+0	1.292000E+3
1.336344E+0	1.333000E+3
1.337492E+0	1.337000E+3
1.338640E+0	1.375000E+3
1.339788E+0	1.363000E+3
1.340936E+0	1.488000E+3
1.342084E+0	1.518000E+3
1.343232E+0	1.559000E+3
1.344380E+0	1.584000E+3
1.345528E+0	1.669000E+3
1.346676E+0	1.578000E+3
1.347824E+0	1.593000E+3
1.348972E+0	1.535000E+3
1.350120E+0	1.506000E+3
1.351268E+0	1.465000E+3
1.352416E+0	1.466000E+3
1.353564E+0	1.401000E+3
1.354712E+0	1.415000E+3
1.355860E+0	1.491000E+3
1.357008E+0	1.440000E+3
1.358156E+0	1.510000E+3
1.359304E+0	1.598000E+3
1.360452E+0	1.676000E+3
1.361600E+0	1.653000E+3
1.362748E+0	1.815000E+3
1.363896E+0	1.809000E+3
1.365044E+0	1.764000E+3
1.366192E+0	1.824000E+3
1.367340E+0	1.719000E+3
1.368489E+0	1.833000E+3
1.369637E+0	1.675000E+3
1.370785E+0	1.639000E+3
1.371933E+0	1.673000E+3
1.373081E+0	1.609000E+3
1.374229E+0	1.678000E+3
1.375377E+0	1.667000E+3
1.376525E+0	1.692000E+3
1.377673E+0	1.735000E+3
1.378821E+0	1.724000E+3
1.379969E+0	1.862000E+3
1.381117E+0	1.929000E+3
1.382265E+0	1.999000E+3
1.383413E+0	1.915000E+3
1.384561E+0	1.978000E+3
1.385709E+0	1.934000E+3
1.386857E+0	1.940000E+3
1.388005E+0	1.909000E+3
1.389153E+0	1.861000E+3
1.390301E+0	1.909000E+3
1.391449E+0	1.874000E+3
1.392597E+0	1.808000E+3
1.393745E+0	1.852000E+3
1.394893E+0	1.808000E+3
1.396041E+0	1.908000E+3
1.397189E+0	1.907000E+3
1.398337E+0	2.000000E+3
1.399485E+0	2.014000E+3
1.400633E+0	2.132000E+3
1.401781E+0	2.145000E+3
1.402929E+0	2.224000E+3
1.404077E+0	2.193000E+3
1.405226E+0	2.044000E+3
1.406374E+0	2.092000E+3
1.407522E+0	2.075000E+3
1.408670E+0	2.051000E+3
1.409818E+0	2.009000E+3
1.410966E+0	1.921000E+3
1.412114E+0	2.037000E+3
1.413262E+0	1.978000E+3
1.414410E+0	2.032000E+3
1.415558E+0	2.126000E+3
1.416706E+0	2.116000E+3
1.417854E+0	2.174000E+3
1.419002E+0	2.262000E+3
1.420150E+0	2.234000E+3
1.421298E+0	2.254000E+3
1.422446E+0	2.231000E+3
1.423594E+0	2.193000E+3
1.424742E+0	2.265000E+3
1.425890E+0	2.224000E+3
1.427038E+0	2.110000E+3
1.428186E+0	2.046000E+3
1.429334E+0	2.056000E+3
1.430482E+0	2.120000E+3
1.431630E+0	2.220000E+3
1.432778E+0	2.148000E+3
1.433926E+0	2.245000E+3
1.435074E+0	2.257000E+3
1.436222E+0	2.294000E+3
1.437370E+0	2.317000E+3
1.438518E+0	2.309000E+3
1.439666E+0	2.364000E+3
1.440815E+0	2.306000E+3
1.441963E+0	2.321000E+3
1.443111E+0	2.345000E+3
1.444259E+0	2.274000E+3
1.445407E+0	2.186000E+3
1.446555E+0	2.074000E+3
1.447703E+0	2.065000E+3
1.448851E+0	2.132000E+3
1.449999E+0	2.223000E+3
1.451147E+0	2.327000E+3
1.452295E+0	2.218000E+3
1.453443E+0	2.284000E+3
1.454591E+0	2.378000E+3
1.455739E+0	2.438000E+3
1.456887E+0	2.493000E+3
1.458035E+0	2.373000E+3
1.459183E+0	2.323000E+3
1.460331E+0	2.243000E+3
1.461479E+0	2.241000E+3
1.462627E+0	2.270000E+3
1.463775E+0	2.190000E+3
1.464923E+0	2.221000E+3
1.466071E+0	2.157000E+3
1.467219E+0	2.254000E+3
1.468367E+0	2.258000E+3
1.469515E+0	2.255000E+3
1.470663E+0	2.406000E+3
1.471811E+0	2.402000E+3
1.472959E+0	2.321000E+3
1.474107E+0	2.433000E+3
1.475255E+0	2.405000E+3
1.476403E+0	2.346000E+3
1.477552E+0	2.259000E+3
1.478700E+0	2.290000E+3
1.479848E+0	2.254000E+3
1.480996E+0	2.135000E+3
1.482144E+0	2.173000E+3
1.483292E+0	2.180000E+3
1.484440E+0	2.146000E+3
1.485588E+0	2.213000E+3
1.486736E+0	2.152000E+3
1.487884E+0	2.199000E+3
1.489032E+0	2.235000E+3
1.490180E+0	2.256000E+3
1.491328E+0	2.254000E+3
1.492476E+0	2.324000E+3
1.493624E+0	2.324000E+3
1.494772E+0	2.187000E+3
1.495920E+0	2.165000E+3
1.497068E+0	2.121000E+3
1.498216E+0	2.130000E+3
1.499364E+0	2.124000E+3
1.500512E+0	2.038000E+3
1.501660E+0	2.128000E+3
1.502808E+0	1.959000E+3
1.503956E+0	2.008000E+3
1.505104E+0	2.141000E+3
1.506252E+0	2.130000E+3
1.507400E+0	2.159000E+3
1.508548E+0	2.174000E+3
1.509696E+0	2.225000E+3
1.510844E+0	2.097000E+3
1.511992E+0	2.130000E+3
1.513141E+0	2.132000E+3
1.514289E+0	2.029000E+3
1.515437E+0	1.963000E+3
1.516585E+0	1.940000E+3
1.517733E+0	1.974000E+3
1.518881E+0	1.942000E+3
1.520029E+0	1.940000E+3
1.521177E+0	1.918000E+3
1.522325E+0	2.023000E+3
1.523473E+0	2.093000E+3
1.524621E+0	1.956000E+3
1.525769E+0	1.981000E+3
1.526917E+0	1.998000E+3
1.528065E+0	2.012000E+3
1.529213E+0	1.930000E+3
1.530361E+0	1.908000E+3
1.531509E+0	1.854000E+3
1.532657E+0	1.821000E+3
1.533805E+0	1.771000E+3
1.534953E+0	1.883000E+3
1.536101E+0	1.860000E+3
1.537249E+0	1.837000E+3
1.538397E+0	1.850000E+3
1.539545E+0	1.801000E+3
1.540693E+0	1.807000E+3
1.541841E+0	1.784000E+3
1.542989E+0	1.868000E+3
1.544137E+0	1.833000E+3
1.545285E+0	1.729000E+3
1.546433E+0	1.811000E+3
1.547581E+0	1.773000E+3
1.548729E+0	1.711000E+3
1.549878E+0	1.629000E+3
1.551026E+0	1.634000E+3
1.552174E+0	1.642000E+3
1.553322E+0	1.637000E+3
1.554470E+0	1.654000E+3
1.555618E+0	1.615000E+3
1.556766E+0	1.610000E+3
1.557914E+0	1.636000E+3
1.559062E+0	1.566000E+3
1.560210E+0	1.665000E+3
1.561358E+0	1.607000E+3
1.562506E+0	1.577000E+3
1.563654E+0	1.530000E+3
1.564802E+0	1.491000E+3
1.565950E+0	1.456000E+3
1.567098E+0	1.455000E+3
1.568246E+0	1.413000E+3
1.569394E+0	1.390000E+3
1.570542E+0	1.406000E+3
1.571690E+0	1.497000E+3
1.572838E+0	1.443000E+3
1.573986E+0	1.476000E+3
1.575134E+0	1.441000E+3
1.576282E+0	1.415000E+3
1.577430E+0	1.474000E+3
1.578578E+0	1.430000E+3
1.579726E+0	1.389000E+3
1.580874E+0	1.366000E+3
1.582022E+0	1.335000E+3
1.583170E+0	1.309000E+3
1.584318E+0	1.275000E+3
1.585467E+0	1.268000E+3
1.586615E+0	1.264000E+3
1.587763E+0	1.273000E+3
1.588911E+0	1.264000E+3
1.590059E+0	1.320000E+3
1.591207E+0	1.218000E+3
1.592355E+0	1.231000E+3
1.593503E+0	1.242000E+3
1.594651E+0	1.196000E+3
1.595799E+0	1.197000E+3
1.596947E+0	1.082000E+3
1.598095E+0	1.110000E+3
1.599243E+0	1.115000E+3
1.600391E+0	1.070000E+3
1.601539E+0	1.061000E+3
1.602687E+0	1.072000E+3
1.603835E+0	1.112000E+3
1.604983E+0	1.028000E+3
1.606131E+0	1.049000E+3
1.607279E+0	1.115000E+3
1.608427E+0	1.094000E+3
1.609575E+0	1.050000E+3
1.610723E+0	9.960000E+2
1.611871E+0	1.011000E+3
1.613019E+0	9.770000E+2
1.614167E+0	9.090000E+2
1.615315E+0	9.490000E+2
1.616463E+0	8.620000E+2
1.617611E+0	8.880000E+2
1.618759E+0	9.170000E+2
1.619907E+0	9.100000E+2
1.621055E+0	8.730000E+2
1.622204E+0	9.480000E+2
1.623352E+0	9.160000E+2
1.624500E+0	9.040000E+2
1.625648E+0	8.140000E+2
1.626796E+0	8.810000E+2
1.627944E+0	7.600000E+2
1.629092E+0	8.250000E+2
1.630240E+0	7.970000E+2
1.631388E+0	7.500000E+2
1.632536E+0	7.390000E+2
1.633684E+0	6.830000E+2
1.634832E+0	7.840000E+2
1.635980E+0	6.950000E+2
1.637128E+0	7.110000E+2
1.638276E+0	7.550000E+2
1.639424E+0	6.710000E+2
1.640572E+0	7.230000E+2
1.641720E+0	6.710000E+2
1.642868E+0	6.700000E+2
1.644016E+0	6.150000E+2
1.645164E+0	6.890000E+2
1.646312E+0	6.310000E+2
1.647460E+0	5.960000E+2
1.648608E+0	6.220000E+2
1.649756E+0	5.960000E+2
1.650904E+0	6.030000E+2
1.652052E+0	5.830000E+2
1.653200E+0	5.630000E+2
1.654348E+0	5.860000E+2
1.655496E+0	5.570000E+2
1.656644E+0	5.350000E+2
1.657793E+0	5.240000E+2
1.658941E+0	5.060000E+2
1.660089E+0	5.130000E+2
1.661237E+0	4.810000E+2
1.662385E+0	4.940000E+2
1.663533E+0	5.300000E+2
1.664681E+0	4.290000E+2
1.665829E+0	4.700000E+2
1.666977E+0	4.980000E+2
1.668125E+0	4.640000E+2
1.669273E+0	4.580000E+2
1.670421E+0	4.370000E+2
1.671569E+0	4.150000E+2
1.672717E+0	4.330000E+2
1.673865E+0	4.310000E+2
1.675013E+0	4.100000E+2
1.676161E+0	3.800000E+2
1.677309E+0	3.730000E+2
1.678457E+0	3.830000E+2
1.679605E+0	3.730000E+2
1.680753E+0	3.570000E+2
1.681901E+0	3.700000E+2
1.683049E+0	3.910000E+2
1.684197E+0	3.520000E+2
1.685345E+0	3.390000E+2
1.686493E+0	3.610000E+2
1.687641E+0	3.070000E+2
1.688789E+0	3.170000E+2
1.689937E+0	3.030000E+2
1.691085E+0	3.350000E+2
1.692233E+0	3.180000E+2
1.693381E+0	2.920000E+2
1.694530E+0	2.690000E+2
1.695678E+0	2.670000E+2
1.696826E+0	2.760000E+2
1.697974E+0	2.690000E+2
1.699122E+0	2.620000E+2
1.700270E+0	2.640000E+2
1.701418E+0	2.720000E+2
1.702566E+0	2.510000E+2
1.703714E+0	2.490000E+2
1.704862E+0	2.430000E+2
1.706010E+0	2.510000E+2
1.707158E+0	2.360000E+2
1.708306E+0	2.210000E+2
1.709454E+0	2.430000E+2
1.710602E+0	2.410000E+2
1.711750E+0	2.290000E+2
1.712898E+0	1.990000E+2
1.714046E+0	1.600000E+2
1.715194E+0	2.080000E+2
1.716342E+0	2.050000E+2
1.717490E+0	2.070000E+2
1.718638E+0	1.620000E+2
1.719786E+0	1.450000E+2
1.720934E+0	1.460000E+2
1.722082E+0	1.590000E+2
1.723230E+0	1.850000E+2
1.724378E+0	1.500000E+2
1.725526E+0	1.400000E+2
1.726674E+0	1.390000E+2
1.727822E+0	1.490000E+2
1.728970E+0	1.470000E+2
1.730119E+0	1.400000E+2
1.731267E+0	1.430000E+2
1.732415E+0	1.360000E+2
1.733563E+0	1.510000E+2
1.734711E+0	1.100000E+2
1.735859E+0	1.290000E+2
1.737007E+0	1.150000E+2
1.738155E+0	1.120000E+2
1.739303E+0	1.240000E+2
1.740451E+0	1.060000E+2
1.741599E+0	1.030000E+2
1.742747E+0	1.230000E+2
1.743895E+0	1.100000E+2
1.745043E+0	1.040000E+2
1.746191E+0	8.400000E+1
1.747339E+0	1.150000E+2
1.748487E+0	1.040000E+2
1.749635E+0	9.100000E+1
1.750783E+0	7.600000E+1
1.751931E+0	7.700000E+1
1.753079E+0	9.800000E+1
1.754227E+0	6.500000E+1
1.755375E+0	9.600000E+1
1.756523E+0	8.100000E+1
1.757671E+0	5.700000E+1
1.758819E+0	6.500000E+1
1.759967E+0	7.000000E+1
1.761115E+0	6.600000E+1
1.762263E+0	8.000000E+1
1.763411E+0	7.500000E+1
1.764559E+0	5.100000E+1
1.765707E+0	6.500000E+1
1.766856E+0	6.000000E+1
1.768004E+0	7.200000E+1
1.769152E+0	6.800000E+1
1.770300E+0	5.900000E+1
1.771448E+0	4.900000E+1
1.772596E+0	5.600000E+1
1.773744E+0	5.700000E+1
1.774892E+0	4.100000E+1
1.776040E+0	3.800000E+1
1.777188E+0	3.300000E+1
1.778336E+0	4.400000E+1
1.779484E+0	3.000000E+1
1.780632E+0	3.400000E+1
1.781780E+0	4.100000E+1
1.782928E+0	3.800000E+1
1.784076E+0	4.000000E+1
1.785224E+0	4.100000E+1
1.786372E+0	2.700000E+1
1.787520E+0	3.800000E+1
1.788668E+0	4.100000E+1
1.789816E+0	3.200000E+1
1.790964E+0	2.500000E+1
1.792112E+0	3.100000E+1
1.793260E+0	2.200000E+1
1.794408E+0	2.400000E+1
1.795556E+0	2.800000E+1
1.796704E+0	2.200000E+1
1.797852E+0	3.200000E+1
1.799000E+0	2.300000E+1
1.800148E+0	3.100000E+1
1.801296E+0	3.100000E+1
1.802445E+0	1.700000E+1
1.803593E+0	3.000000E+1
1.804741E+0	2.300000E+1
1.805889E+0	2.500000E+1
1.807037E+0	1.500000E+1
1.808185E+0	2.200000E+1
1.809333E+0	1.900000E+1
1.810481E+0	1.800000E+1
1.811629E+0	1.000000E+1
1.812777E+0	1.100000E+1
1.813925E+0	1.200000E+1
1.815073E+0	1.600000E+1
1.816221E+0	1.300000E+1
1.817369E+0	1.000000E+1
1.818517E+0	1.300000E+1
1.819665E+0	1.400000E+1
1.820813E+0	1.200000E+1
1.821961E+0	1.300000E+1
1.823109E+0	1.600000E+1
1.824257E+0	1.300000E+1
1.825405E+0	1.200000E+1
1.826553E+0	9.000000E+0
1.827701E+0	8.000000E+0
1.828849E+0	1.400000E+1
1.829997E+0	1.100000E+1
1.831145E+0	7.000000E+0
1.832293E+0	5.000000E+0
1.833441E+0	1.100000E+1
1.834589E+0	9.000000E+0
1.835737E+0	2.000000E+0
1.836885E+0	7.000000E+0
1.838033E+0	1.000000E+1
1.839182E+0	7.000000E+0
1.840330E+0	9.000000E+0
1.841478E+0	7.000000E+0
1.842626E+0	9.000000E+0
1.843774E+0	2.000000E+0
1.844922E+0	1.000000E+0
1.846070E+0	1.200000E+1
1.847218E+0	1.000000E+0
1.848366E+0	3.000000E+0
1.849514E+0	4.000000E+0
1.850662E+0	3.000000E+0
1.851810E+0	9.000000E+0
1.852958E+0	1.000000E+0
1.854106E+0	5.000000E+0
1.855254E+0	2.000000E+0
1.856402E+0	4.000000E+0
1.857550E+0	2.000000E+0
1.858698E+0	5.000000E+0
1.859846E+0	1.000000E+0
1.860994E+0	3.000000E+0
1.862142E+0	3.000000E+0
1.863290E+0	4.000000E+0
1.864438E+0	2.000000E+0
1.865586E+0	6.000000E+0
1.866734E+0	3.000000E+0
1.867882E+0	2.000000E+0
1.869030E+0	5.000000E+0
1.870178E+0	6.000000E+0
1.871326E+0	1.000000E+0
1.872474E+0	1.000000E+0
1.873622E+0	1.000000E+0
1.874771E+0	0.000000E+0
1.875919E+0	2.000000E+0
1.877067E+0	2.000000E+0
1.878215E+0	1.000000E+0
1.879363E+0	2.000000E+0
1.880511E+0	2.000000E+0
1.881659E+0	3.000000E+0
1.882807E+0	0.000000E+0
1.883955E+0	4.000000E+0
1.885103E+0	1.000000E+0
1.886251E+0	2.000000E+0
1.887399E+0	0.000000E+0
1.888547E+0	0.000000E+0
1.889695E+0	1.000000E+0
1.890843E+0	1.000000E+0
1.891991E+0	0.000000E+0
1.893139E+0	1.000000E+0
1.894287E+0	0.000000E+0
1.895435E+0	0.000000E+0
1.896583E+0	0.000000E+0
1.897731E+0	2.000000E+0
1.898879E+0	0.000000E+0
1.900027E+0	0.000000E+0
1.901175E+0	0.000000E+0
1.902323E+0	1.000000E+0
1.903471E+0	0.000000E+0
1.904619E+0	1.000000E+0
1.905767E+0	1.000000E+0
1.906915E+0	2.000000E+0
1.908063E+0	2.000000E+0
1.909211E+0	1.000000E+0
1.910359E+0	0.000000E+0
1.911508E+0	0.000000E+0
1.912656E+0	2.000000E+0
1.913804E+0	0.000000E+0
1.914952E+0	0.000000E+0
1.916100E+0	0.000000E+0
1.917248E+0	0.000000E+0
1.918396E+0	0.000000E+0
1.919544E+0	1.000000E+0
1.920692E+0	1.000000E+0
1.921840E+0	0.000000E+0
1.922988E+0	0.000000E+0
1.924136E+0	0.000000E+0
1.925284E+0	1.000000E+0
1.926432E+0	1.000000E+0
1.927580E+0	0.000000E+0
1.928728E+0	1.000000E+0
1.929876E+0	1.000000E+0
1.931024E+0	0.000000E+0
1.932172E+0	1.000000E+0
1.933320E+0	0.000000E+0
1.934468E+0	1.000000E+0
1.935616E+0	0.000000E+0
1.936764E+0	1.000000E+0
1.937912E+0	0.000000E+0
1.939060E+0	0.000000E+0
1.940208E+0	0.000000E+0
1.941356E+0	0.000000E+0
1.942504E+0	0.000000E+0
1.943652E+0	0.000000E+0
1.944800E+0	0.000000E+0
1.945948E+0	1.000000E+0
1.947097E+0	0.000000E+0
1.948245E+0	0.000000E+0
1.949393E+0	0.000000E+0
1.950541E+0	0.000000E+0
1.951689E+0	0.000000E+0
1.952837E+0	0.000000E+0
1.953985E+0	0.000000E+0
1.955133E+0	0.000000E+0
1.956281E+0	0.000000E+0
1.957429E+0	1.000000E+0
1.958577E+0	0.000000E+0
1.959725E+0	0.000000E+0
1.960873E+0	0.000000E+0
1.962021E+0	0.000000E+0
1.963169E+0	0.000000E+0
1.964317E+0	0.000000E+0
1.965465E+0	0.000000E+0
1.966613E+0	1.000000E+0
