3/22/2024	
User name: Benedetta-Federico
Cooldown number: CD187
Number of segments: 200
Record lenght: 1000
Time : 1.000000E-5
Laser: 406nm,	10.5 mW
Attenuation: 
Temperature: 40.5 mK
I_bias: 165.999 uA
Filter: 

Resource name:PXI1Slot2_1
Acquisition time:4.414244E+1

Amplitude	Counts
V
4.471651E-1	1.000000E+0
4.482950E-1	0.000000E+0
4.494249E-1	0.000000E+0
4.505548E-1	0.000000E+0
4.516848E-1	0.000000E+0
4.528147E-1	0.000000E+0
4.539446E-1	0.000000E+0
4.550745E-1	0.000000E+0
4.562044E-1	0.000000E+0
4.573343E-1	0.000000E+0
4.584643E-1	0.000000E+0
4.595942E-1	0.000000E+0
4.607241E-1	0.000000E+0
4.618540E-1	0.000000E+0
4.629839E-1	0.000000E+0
4.641139E-1	0.000000E+0
4.652438E-1	0.000000E+0
4.663737E-1	0.000000E+0
4.675036E-1	0.000000E+0
4.686335E-1	0.000000E+0
4.697634E-1	0.000000E+0
4.708934E-1	0.000000E+0
4.720233E-1	0.000000E+0
4.731532E-1	0.000000E+0
4.742831E-1	0.000000E+0
4.754130E-1	0.000000E+0
4.765430E-1	0.000000E+0
4.776729E-1	0.000000E+0
4.788028E-1	0.000000E+0
4.799327E-1	0.000000E+0
4.810626E-1	0.000000E+0
4.821925E-1	0.000000E+0
4.833225E-1	0.000000E+0
4.844524E-1	0.000000E+0
4.855823E-1	0.000000E+0
4.867122E-1	0.000000E+0
4.878421E-1	0.000000E+0
4.889720E-1	0.000000E+0
4.901020E-1	0.000000E+0
4.912319E-1	0.000000E+0
4.923618E-1	0.000000E+0
4.934917E-1	0.000000E+0
4.946216E-1	0.000000E+0
4.957516E-1	0.000000E+0
4.968815E-1	0.000000E+0
4.980114E-1	0.000000E+0
4.991413E-1	0.000000E+0
5.002712E-1	0.000000E+0
5.014011E-1	0.000000E+0
5.025311E-1	0.000000E+0
5.036610E-1	0.000000E+0
5.047909E-1	0.000000E+0
5.059208E-1	0.000000E+0
5.070507E-1	0.000000E+0
5.081807E-1	1.000000E+0
5.093106E-1	0.000000E+0
5.104405E-1	0.000000E+0
5.115704E-1	0.000000E+0
5.127003E-1	1.000000E+0
5.138302E-1	0.000000E+0
5.149602E-1	0.000000E+0
5.160901E-1	0.000000E+0
5.172200E-1	0.000000E+0
5.183499E-1	0.000000E+0
5.194798E-1	0.000000E+0
5.206098E-1	0.000000E+0
5.217397E-1	1.000000E+0
5.228696E-1	0.000000E+0
5.239995E-1	0.000000E+0
5.251294E-1	0.000000E+0
5.262593E-1	0.000000E+0
5.273893E-1	0.000000E+0
5.285192E-1	1.000000E+0
5.296491E-1	0.000000E+0
5.307790E-1	0.000000E+0
5.319089E-1	0.000000E+0
5.330389E-1	0.000000E+0
5.341688E-1	0.000000E+0
5.352987E-1	0.000000E+0
5.364286E-1	0.000000E+0
5.375585E-1	2.000000E+0
5.386884E-1	0.000000E+0
5.398184E-1	1.000000E+0
5.409483E-1	1.000000E+0
5.420782E-1	0.000000E+0
5.432081E-1	0.000000E+0
5.443380E-1	0.000000E+0
5.454680E-1	0.000000E+0
5.465979E-1	0.000000E+0
5.477278E-1	0.000000E+0
5.488577E-1	0.000000E+0
5.499876E-1	0.000000E+0
5.511175E-1	0.000000E+0
5.522475E-1	0.000000E+0
5.533774E-1	0.000000E+0
5.545073E-1	0.000000E+0
5.556372E-1	0.000000E+0
5.567671E-1	0.000000E+0
5.578970E-1	0.000000E+0
5.590270E-1	0.000000E+0
5.601569E-1	0.000000E+0
5.612868E-1	0.000000E+0
5.624167E-1	0.000000E+0
5.635466E-1	0.000000E+0
5.646766E-1	0.000000E+0
5.658065E-1	0.000000E+0
5.669364E-1	0.000000E+0
5.680663E-1	0.000000E+0
5.691962E-1	0.000000E+0
5.703261E-1	1.000000E+0
5.714561E-1	0.000000E+0
5.725860E-1	1.000000E+0
5.737159E-1	0.000000E+0
5.748458E-1	0.000000E+0
5.759757E-1	2.000000E+0
5.771057E-1	0.000000E+0
5.782356E-1	0.000000E+0
5.793655E-1	1.000000E+0
5.804954E-1	2.000000E+0
5.816253E-1	2.000000E+0
5.827552E-1	1.000000E+0
5.838852E-1	0.000000E+0
5.850151E-1	0.000000E+0
5.861450E-1	0.000000E+0
5.872749E-1	1.000000E+0
5.884048E-1	1.000000E+0
5.895348E-1	0.000000E+0
5.906647E-1	0.000000E+0
5.917946E-1	0.000000E+0
5.929245E-1	0.000000E+0
5.940544E-1	0.000000E+0
5.951843E-1	1.000000E+0
5.963143E-1	1.000000E+0
5.974442E-1	0.000000E+0
5.985741E-1	1.000000E+0
5.997040E-1	0.000000E+0
6.008339E-1	0.000000E+0
6.019639E-1	0.000000E+0
6.030938E-1	0.000000E+0
6.042237E-1	0.000000E+0
6.053536E-1	1.000000E+0
6.064835E-1	1.000000E+0
6.076134E-1	0.000000E+0
6.087434E-1	0.000000E+0
6.098733E-1	1.000000E+0
6.110032E-1	1.000000E+0
6.121331E-1	2.000000E+0
6.132630E-1	1.000000E+0
6.143930E-1	4.000000E+0
6.155229E-1	3.000000E+0
6.166528E-1	3.000000E+0
6.177827E-1	1.000000E+0
6.189126E-1	2.000000E+0
6.200425E-1	4.000000E+0
6.211725E-1	3.000000E+0
6.223024E-1	1.000000E+0
6.234323E-1	3.000000E+0
6.245622E-1	3.000000E+0
6.256921E-1	4.000000E+0
6.268220E-1	0.000000E+0
6.279520E-1	1.000000E+0
6.290819E-1	0.000000E+0
6.302118E-1	1.000000E+0
6.313417E-1	1.000000E+0
6.324716E-1	2.000000E+0
6.336016E-1	0.000000E+0
6.347315E-1	0.000000E+0
6.358614E-1	0.000000E+0
6.369913E-1	0.000000E+0
6.381212E-1	2.000000E+0
6.392511E-1	0.000000E+0
6.403811E-1	0.000000E+0
6.415110E-1	2.000000E+0
6.426409E-1	2.000000E+0
6.437708E-1	0.000000E+0
6.449007E-1	2.000000E+0
6.460307E-1	0.000000E+0
6.471606E-1	1.000000E+0
6.482905E-1	2.000000E+0
6.494204E-1	1.000000E+0
6.505503E-1	2.000000E+0
6.516802E-1	2.000000E+0
6.528102E-1	2.000000E+0
6.539401E-1	5.000000E+0
6.550700E-1	2.000000E+0
6.561999E-1	2.000000E+0
6.573298E-1	6.000000E+0
6.584598E-1	1.000000E+0
6.595897E-1	1.000000E+0
6.607196E-1	3.000000E+0
6.618495E-1	6.000000E+0
6.629794E-1	7.000000E+0
6.641093E-1	4.000000E+0
6.652393E-1	5.000000E+0
6.663692E-1	2.000000E+0
6.674991E-1	4.000000E+0
6.686290E-1	1.000000E+0
6.697589E-1	2.000000E+0
6.708889E-1	0.000000E+0
6.720188E-1	0.000000E+0
6.731487E-1	0.000000E+0
6.742786E-1	3.000000E+0
6.754085E-1	2.000000E+0
6.765384E-1	1.000000E+0
6.776684E-1	0.000000E+0
6.787983E-1	2.000000E+0
6.799282E-1	2.000000E+0
6.810581E-1	1.000000E+0
6.821880E-1	1.000000E+0
6.833180E-1	1.000000E+0
6.844479E-1	1.000000E+0
6.855778E-1	2.000000E+0
6.867077E-1	7.000000E+0
6.878376E-1	5.000000E+0
6.889675E-1	3.000000E+0
6.900975E-1	9.000000E+0
6.912274E-1	5.000000E+0
6.923573E-1	3.000000E+0
6.934872E-1	7.000000E+0
6.946171E-1	6.000000E+0
6.957470E-1	1.100000E+1
6.968770E-1	7.000000E+0
6.980069E-1	6.000000E+0
6.991368E-1	8.000000E+0
7.002667E-1	5.000000E+0
7.013966E-1	7.000000E+0
7.025266E-1	7.000000E+0
7.036565E-1	5.000000E+0
7.047864E-1	3.000000E+0
7.059163E-1	2.000000E+0
7.070462E-1	2.000000E+0
7.081761E-1	3.000000E+0
7.093061E-1	6.000000E+0
7.104360E-1	3.000000E+0
7.115659E-1	6.000000E+0
7.126958E-1	4.000000E+0
7.138257E-1	3.000000E+0
7.149557E-1	1.000000E+0
7.160856E-1	5.000000E+0
7.172155E-1	2.000000E+0
7.183454E-1	3.000000E+0
7.194753E-1	6.000000E+0
7.206052E-1	3.000000E+0
7.217352E-1	1.400000E+1
7.228651E-1	8.000000E+0
7.239950E-1	7.000000E+0
7.251249E-1	8.000000E+0
7.262548E-1	6.000000E+0
7.273848E-1	7.000000E+0
7.285147E-1	1.800000E+1
7.296446E-1	1.300000E+1
7.307745E-1	1.400000E+1
7.319044E-1	1.200000E+1
7.330343E-1	8.000000E+0
7.341643E-1	1.300000E+1
7.352942E-1	1.400000E+1
7.364241E-1	1.500000E+1
7.375540E-1	1.000000E+1
7.386839E-1	9.000000E+0
7.398139E-1	9.000000E+0
7.409438E-1	8.000000E+0
7.420737E-1	8.000000E+0
7.432036E-1	5.000000E+0
7.443335E-1	3.000000E+0
7.454634E-1	8.000000E+0
7.465934E-1	3.000000E+0
7.477233E-1	1.100000E+1
7.488532E-1	5.000000E+0
7.499831E-1	8.000000E+0
7.511130E-1	5.000000E+0
7.522429E-1	1.100000E+1
7.533729E-1	1.200000E+1
7.545028E-1	1.000000E+1
7.556327E-1	7.000000E+0
7.567626E-1	1.300000E+1
7.578925E-1	1.200000E+1
7.590225E-1	9.000000E+0
7.601524E-1	2.000000E+1
7.612823E-1	1.100000E+1
7.624122E-1	2.200000E+1
7.635421E-1	1.400000E+1
7.646720E-1	1.300000E+1
7.658020E-1	2.100000E+1
7.669319E-1	3.000000E+1
7.680618E-1	2.200000E+1
7.691917E-1	1.500000E+1
7.703216E-1	1.900000E+1
7.714516E-1	1.600000E+1
7.725815E-1	1.100000E+1
7.737114E-1	1.500000E+1
7.748413E-1	1.300000E+1
7.759712E-1	8.000000E+0
7.771011E-1	8.000000E+0
7.782311E-1	9.000000E+0
7.793610E-1	1.000000E+1
7.804909E-1	9.000000E+0
7.816208E-1	1.200000E+1
7.827507E-1	9.000000E+0
7.838807E-1	1.100000E+1
7.850106E-1	7.000000E+0
7.861405E-1	1.000000E+1
7.872704E-1	1.100000E+1
7.884003E-1	1.700000E+1
7.895302E-1	2.000000E+1
7.906602E-1	1.700000E+1
7.917901E-1	1.400000E+1
7.929200E-1	2.200000E+1
7.940499E-1	2.500000E+1
7.951798E-1	3.700000E+1
7.963098E-1	3.300000E+1
7.974397E-1	2.700000E+1
7.985696E-1	2.900000E+1
7.996995E-1	3.100000E+1
8.008294E-1	2.800000E+1
8.019593E-1	2.700000E+1
8.030893E-1	2.400000E+1
8.042192E-1	2.300000E+1
8.053491E-1	1.800000E+1
8.064790E-1	2.100000E+1
8.076089E-1	2.100000E+1
8.087389E-1	1.400000E+1
8.098688E-1	1.700000E+1
8.109987E-1	1.500000E+1
8.121286E-1	1.700000E+1
8.132585E-1	2.100000E+1
8.143884E-1	1.600000E+1
8.155184E-1	2.200000E+1
8.166483E-1	2.200000E+1
8.177782E-1	1.000000E+1
8.189081E-1	2.400000E+1
8.200380E-1	3.000000E+1
8.211679E-1	2.700000E+1
8.222979E-1	3.100000E+1
8.234278E-1	3.100000E+1
8.245577E-1	3.500000E+1
8.256876E-1	4.700000E+1
8.268175E-1	5.200000E+1
8.279475E-1	3.300000E+1
8.290774E-1	4.500000E+1
8.302073E-1	4.100000E+1
8.313372E-1	5.700000E+1
8.324671E-1	4.200000E+1
8.335970E-1	3.300000E+1
8.347270E-1	3.800000E+1
8.358569E-1	4.100000E+1
8.369868E-1	2.800000E+1
8.381167E-1	3.400000E+1
8.392466E-1	2.700000E+1
8.403766E-1	3.000000E+1
8.415065E-1	2.700000E+1
8.426364E-1	2.600000E+1
8.437663E-1	2.700000E+1
8.448962E-1	1.800000E+1
8.460261E-1	2.500000E+1
8.471561E-1	2.300000E+1
8.482860E-1	3.000000E+1
8.494159E-1	2.600000E+1
8.505458E-1	3.900000E+1
8.516757E-1	3.700000E+1
8.528057E-1	3.500000E+1
8.539356E-1	3.800000E+1
8.550655E-1	6.600000E+1
8.561954E-1	5.700000E+1
8.573253E-1	5.300000E+1
8.584552E-1	6.700000E+1
8.595852E-1	6.800000E+1
8.607151E-1	6.900000E+1
8.618450E-1	7.200000E+1
8.629749E-1	6.500000E+1
8.641048E-1	7.000000E+1
8.652348E-1	6.100000E+1
8.663647E-1	5.600000E+1
8.674946E-1	5.600000E+1
8.686245E-1	5.600000E+1
8.697544E-1	5.300000E+1
8.708843E-1	3.600000E+1
8.720143E-1	3.900000E+1
8.731442E-1	4.000000E+1
8.742741E-1	3.400000E+1
8.754040E-1	4.200000E+1
8.765339E-1	3.700000E+1
8.776639E-1	3.800000E+1
8.787938E-1	4.200000E+1
8.799237E-1	4.800000E+1
8.810536E-1	2.700000E+1
8.821835E-1	5.600000E+1
8.833134E-1	6.100000E+1
8.844434E-1	6.000000E+1
8.855733E-1	6.300000E+1
8.867032E-1	8.800000E+1
8.878331E-1	8.300000E+1
8.889630E-1	7.800000E+1
8.900929E-1	9.100000E+1
8.912229E-1	7.800000E+1
8.923528E-1	1.000000E+2
8.934827E-1	1.000000E+2
8.946126E-1	8.300000E+1
8.957425E-1	8.700000E+1
8.968725E-1	7.600000E+1
8.980024E-1	7.600000E+1
8.991323E-1	8.600000E+1
9.002622E-1	5.200000E+1
9.013921E-1	5.900000E+1
9.025220E-1	5.400000E+1
9.036520E-1	3.900000E+1
9.047819E-1	4.800000E+1
9.059118E-1	4.600000E+1
9.070417E-1	5.000000E+1
9.081716E-1	5.900000E+1
9.093016E-1	6.400000E+1
9.104315E-1	6.000000E+1
9.115614E-1	7.700000E+1
9.126913E-1	7.300000E+1
9.138212E-1	7.500000E+1
9.149511E-1	7.600000E+1
9.160811E-1	9.300000E+1
9.172110E-1	1.090000E+2
9.183409E-1	9.900000E+1
9.194708E-1	1.290000E+2
9.206007E-1	1.000000E+2
9.217307E-1	1.270000E+2
9.228606E-1	9.700000E+1
9.239905E-1	1.170000E+2
9.251204E-1	1.050000E+2
9.262503E-1	9.200000E+1
9.273802E-1	1.000000E+2
9.285102E-1	8.800000E+1
9.296401E-1	7.900000E+1
9.307700E-1	7.100000E+1
9.318999E-1	6.600000E+1
9.330298E-1	6.200000E+1
9.341598E-1	6.100000E+1
9.352897E-1	5.000000E+1
9.364196E-1	6.200000E+1
9.375495E-1	6.700000E+1
9.386794E-1	6.900000E+1
9.398093E-1	7.900000E+1
9.409393E-1	9.400000E+1
9.420692E-1	1.060000E+2
9.431991E-1	1.050000E+2
9.443290E-1	9.000000E+1
9.454589E-1	1.180000E+2
9.465889E-1	1.280000E+2
9.477188E-1	1.450000E+2
9.488487E-1	1.420000E+2
9.499786E-1	1.650000E+2
9.511085E-1	1.390000E+2
9.522384E-1	1.370000E+2
9.533684E-1	1.100000E+2
9.544983E-1	1.100000E+2
9.556282E-1	1.030000E+2
9.567581E-1	1.070000E+2
9.578880E-1	1.040000E+2
9.590179E-1	9.000000E+1
9.601479E-1	7.900000E+1
9.612778E-1	8.700000E+1
9.624077E-1	6.000000E+1
9.635376E-1	8.800000E+1
9.646675E-1	7.600000E+1
9.657975E-1	8.000000E+1
9.669274E-1	1.000000E+2
9.680573E-1	9.500000E+1
9.691872E-1	9.700000E+1
9.703171E-1	1.100000E+2
9.714470E-1	1.340000E+2
9.725770E-1	1.430000E+2
9.737069E-1	1.740000E+2
9.748368E-1	1.640000E+2
9.759667E-1	1.550000E+2
9.770966E-1	1.460000E+2
9.782266E-1	1.690000E+2
9.793565E-1	1.690000E+2
9.804864E-1	1.580000E+2
9.816163E-1	1.820000E+2
9.827462E-1	1.400000E+2
9.838761E-1	1.450000E+2
9.850061E-1	1.470000E+2
9.861360E-1	1.170000E+2
9.872659E-1	1.150000E+2
9.883958E-1	1.070000E+2
9.895257E-1	9.800000E+1
9.906557E-1	1.180000E+2
9.917856E-1	9.200000E+1
9.929155E-1	1.020000E+2
9.940454E-1	1.130000E+2
9.951753E-1	1.200000E+2
9.963052E-1	1.350000E+2
9.974352E-1	1.540000E+2
9.985651E-1	1.540000E+2
9.996950E-1	1.620000E+2
1.000825E+0	1.670000E+2
1.001955E+0	1.810000E+2
1.003085E+0	1.750000E+2
1.004215E+0	2.000000E+2
1.005345E+0	2.010000E+2
1.006475E+0	1.780000E+2
1.007604E+0	1.980000E+2
1.008734E+0	1.630000E+2
1.009864E+0	1.770000E+2
1.010994E+0	1.470000E+2
1.012124E+0	1.420000E+2
1.013254E+0	1.240000E+2
1.014384E+0	1.160000E+2
1.015514E+0	1.200000E+2
1.016644E+0	1.210000E+2
1.017774E+0	1.220000E+2
1.018904E+0	1.080000E+2
1.020034E+0	1.270000E+2
1.021163E+0	1.190000E+2
1.022293E+0	1.340000E+2
1.023423E+0	1.470000E+2
1.024553E+0	1.530000E+2
1.025683E+0	1.710000E+2
1.026813E+0	1.810000E+2
1.027943E+0	1.720000E+2
1.029073E+0	1.920000E+2
1.030203E+0	2.200000E+2
1.031333E+0	2.060000E+2
1.032463E+0	2.190000E+2
1.033593E+0	2.110000E+2
1.034722E+0	2.100000E+2
1.035852E+0	2.000000E+2
1.036982E+0	1.780000E+2
1.038112E+0	1.680000E+2
1.039242E+0	1.530000E+2
1.040372E+0	1.370000E+2
1.041502E+0	1.300000E+2
1.042632E+0	1.240000E+2
1.043762E+0	1.270000E+2
1.044892E+0	1.050000E+2
1.046022E+0	1.340000E+2
1.047152E+0	1.580000E+2
1.048281E+0	1.490000E+2
1.049411E+0	1.570000E+2
1.050541E+0	1.700000E+2
1.051671E+0	1.880000E+2
1.052801E+0	2.010000E+2
1.053931E+0	1.890000E+2
1.055061E+0	2.040000E+2
1.056191E+0	2.200000E+2
1.057321E+0	2.430000E+2
1.058451E+0	2.170000E+2
1.059581E+0	2.060000E+2
1.060711E+0	1.850000E+2
1.061840E+0	1.910000E+2
1.062970E+0	1.740000E+2
1.064100E+0	1.500000E+2
1.065230E+0	1.740000E+2
1.066360E+0	1.450000E+2
1.067490E+0	1.430000E+2
1.068620E+0	1.470000E+2
1.069750E+0	1.070000E+2
1.070880E+0	1.210000E+2
1.072010E+0	1.460000E+2
1.073140E+0	1.230000E+2
1.074270E+0	1.580000E+2
1.075400E+0	1.680000E+2
1.076529E+0	1.510000E+2
1.077659E+0	1.680000E+2
1.078789E+0	2.110000E+2
1.079919E+0	1.990000E+2
1.081049E+0	2.070000E+2
1.082179E+0	2.170000E+2
1.083309E+0	2.030000E+2
1.084439E+0	2.100000E+2
1.085569E+0	1.830000E+2
1.086699E+0	1.800000E+2
1.087829E+0	1.920000E+2
1.088959E+0	1.940000E+2
1.090088E+0	1.560000E+2
1.091218E+0	1.570000E+2
1.092348E+0	1.380000E+2
1.093478E+0	1.140000E+2
1.094608E+0	1.390000E+2
1.095738E+0	1.490000E+2
1.096868E+0	1.500000E+2
1.097998E+0	1.240000E+2
1.099128E+0	1.530000E+2
1.100258E+0	1.490000E+2
1.101388E+0	1.560000E+2
1.102518E+0	1.550000E+2
1.103647E+0	1.960000E+2
1.104777E+0	1.980000E+2
1.105907E+0	2.280000E+2
1.107037E+0	2.190000E+2
1.108167E+0	2.030000E+2
1.109297E+0	2.260000E+2
1.110427E+0	2.150000E+2
1.111557E+0	1.890000E+2
1.112687E+0	1.910000E+2
1.113817E+0	1.810000E+2
1.114947E+0	1.500000E+2
1.116077E+0	1.540000E+2
1.117206E+0	1.520000E+2
1.118336E+0	1.190000E+2
1.119466E+0	1.450000E+2
1.120596E+0	1.330000E+2
1.121726E+0	1.300000E+2
1.122856E+0	1.330000E+2
1.123986E+0	1.420000E+2
1.125116E+0	1.650000E+2
1.126246E+0	1.250000E+2
1.127376E+0	1.710000E+2
1.128506E+0	1.700000E+2
1.129636E+0	1.820000E+2
1.130765E+0	1.620000E+2
1.131895E+0	2.010000E+2
1.133025E+0	1.710000E+2
1.134155E+0	1.590000E+2
1.135285E+0	1.670000E+2
1.136415E+0	1.750000E+2
1.137545E+0	1.530000E+2
1.138675E+0	1.590000E+2
1.139805E+0	1.750000E+2
1.140935E+0	1.510000E+2
1.142065E+0	1.380000E+2
1.143195E+0	1.040000E+2
1.144325E+0	1.120000E+2
1.145454E+0	1.370000E+2
1.146584E+0	1.240000E+2
1.147714E+0	1.340000E+2
1.148844E+0	1.530000E+2
1.149974E+0	1.680000E+2
1.151104E+0	1.520000E+2
1.152234E+0	1.690000E+2
1.153364E+0	1.740000E+2
1.154494E+0	1.680000E+2
1.155624E+0	1.600000E+2
1.156754E+0	1.810000E+2
1.157884E+0	1.480000E+2
1.159013E+0	1.540000E+2
1.160143E+0	1.540000E+2
1.161273E+0	1.590000E+2
1.162403E+0	1.530000E+2
1.163533E+0	1.220000E+2
1.164663E+0	1.150000E+2
1.165793E+0	1.330000E+2
1.166923E+0	9.800000E+1
1.168053E+0	1.230000E+2
1.169183E+0	1.090000E+2
1.170313E+0	1.230000E+2
1.171443E+0	1.130000E+2
1.172572E+0	1.420000E+2
1.173702E+0	1.290000E+2
1.174832E+0	1.220000E+2
1.175962E+0	1.530000E+2
1.177092E+0	1.500000E+2
1.178222E+0	1.490000E+2
1.179352E+0	1.430000E+2
1.180482E+0	1.470000E+2
1.181612E+0	1.540000E+2
1.182742E+0	1.410000E+2
1.183872E+0	1.480000E+2
1.185002E+0	1.030000E+2
1.186131E+0	1.020000E+2
1.187261E+0	1.030000E+2
1.188391E+0	1.000000E+2
1.189521E+0	9.100000E+1
1.190651E+0	9.300000E+1
1.191781E+0	1.010000E+2
1.192911E+0	1.160000E+2
1.194041E+0	1.100000E+2
1.195171E+0	1.040000E+2
1.196301E+0	1.080000E+2
1.197431E+0	1.140000E+2
1.198561E+0	1.340000E+2
1.199690E+0	1.080000E+2
1.200820E+0	1.220000E+2
1.201950E+0	1.120000E+2
1.203080E+0	1.170000E+2
1.204210E+0	1.320000E+2
1.205340E+0	1.420000E+2
1.206470E+0	1.000000E+2
1.207600E+0	9.800000E+1
1.208730E+0	1.050000E+2
1.209860E+0	9.100000E+1
1.210990E+0	7.900000E+1
1.212120E+0	7.100000E+1
1.213250E+0	6.900000E+1
1.214379E+0	7.900000E+1
1.215509E+0	9.300000E+1
1.216639E+0	9.500000E+1
1.217769E+0	1.000000E+2
1.218899E+0	1.060000E+2
1.220029E+0	8.900000E+1
1.221159E+0	1.140000E+2
1.222289E+0	1.050000E+2
1.223419E+0	1.200000E+2
1.224549E+0	9.300000E+1
1.225679E+0	8.200000E+1
1.226809E+0	1.080000E+2
1.227938E+0	8.500000E+1
1.229068E+0	8.400000E+1
1.230198E+0	8.000000E+1
1.231328E+0	8.100000E+1
1.232458E+0	6.300000E+1
1.233588E+0	7.800000E+1
1.234718E+0	7.000000E+1
1.235848E+0	7.500000E+1
1.236978E+0	6.400000E+1
1.238108E+0	6.300000E+1
1.239238E+0	7.900000E+1
1.240368E+0	8.000000E+1
1.241497E+0	7.300000E+1
1.242627E+0	8.400000E+1
1.243757E+0	7.700000E+1
1.244887E+0	1.060000E+2
1.246017E+0	8.900000E+1
1.247147E+0	7.500000E+1
1.248277E+0	8.200000E+1
1.249407E+0	8.100000E+1
1.250537E+0	6.600000E+1
1.251667E+0	6.300000E+1
1.252797E+0	5.500000E+1
1.253927E+0	6.100000E+1
1.255056E+0	5.100000E+1
1.256186E+0	6.300000E+1
1.257316E+0	6.200000E+1
1.258446E+0	5.900000E+1
1.259576E+0	6.800000E+1
1.260706E+0	6.200000E+1
1.261836E+0	5.500000E+1
1.262966E+0	5.300000E+1
1.264096E+0	7.100000E+1
1.265226E+0	6.800000E+1
1.266356E+0	6.900000E+1
1.267486E+0	6.800000E+1
1.268615E+0	6.100000E+1
1.269745E+0	6.000000E+1
1.270875E+0	4.500000E+1
1.272005E+0	5.800000E+1
1.273135E+0	4.500000E+1
1.274265E+0	4.300000E+1
1.275395E+0	3.500000E+1
1.276525E+0	3.600000E+1
1.277655E+0	3.500000E+1
1.278785E+0	4.800000E+1
1.279915E+0	3.300000E+1
1.281045E+0	4.700000E+1
1.282175E+0	4.300000E+1
1.283304E+0	5.500000E+1
1.284434E+0	4.700000E+1
1.285564E+0	5.000000E+1
1.286694E+0	3.900000E+1
1.287824E+0	4.500000E+1
1.288954E+0	4.200000E+1
1.290084E+0	5.400000E+1
1.291214E+0	5.300000E+1
1.292344E+0	3.300000E+1
1.293474E+0	3.300000E+1
1.294604E+0	3.300000E+1
1.295734E+0	3.700000E+1
1.296863E+0	2.400000E+1
1.297993E+0	2.700000E+1
1.299123E+0	3.800000E+1
1.300253E+0	3.300000E+1
1.301383E+0	4.100000E+1
1.302513E+0	3.400000E+1
1.303643E+0	3.600000E+1
1.304773E+0	3.700000E+1
1.305903E+0	3.500000E+1
1.307033E+0	3.400000E+1
1.308163E+0	3.300000E+1
1.309293E+0	3.800000E+1
1.310422E+0	3.700000E+1
1.311552E+0	3.100000E+1
1.312682E+0	4.400000E+1
1.313812E+0	2.900000E+1
1.314942E+0	2.400000E+1
1.316072E+0	2.400000E+1
1.317202E+0	3.200000E+1
1.318332E+0	2.900000E+1
1.319462E+0	2.700000E+1
1.320592E+0	3.200000E+1
1.321722E+0	2.500000E+1
1.322852E+0	2.800000E+1
1.323981E+0	2.400000E+1
1.325111E+0	3.300000E+1
1.326241E+0	1.600000E+1
1.327371E+0	1.500000E+1
1.328501E+0	1.700000E+1
1.329631E+0	3.800000E+1
1.330761E+0	2.300000E+1
1.331891E+0	2.500000E+1
1.333021E+0	2.200000E+1
1.334151E+0	2.400000E+1
1.335281E+0	1.700000E+1
1.336411E+0	1.800000E+1
1.337540E+0	1.900000E+1
1.338670E+0	2.100000E+1
1.339800E+0	1.500000E+1
1.340930E+0	1.400000E+1
1.342060E+0	1.900000E+1
1.343190E+0	2.000000E+1
1.344320E+0	2.800000E+1
1.345450E+0	1.300000E+1
1.346580E+0	1.400000E+1
1.347710E+0	1.100000E+1
1.348840E+0	1.800000E+1
1.349970E+0	1.100000E+1
1.351100E+0	1.100000E+1
1.352229E+0	1.300000E+1
1.353359E+0	6.000000E+0
1.354489E+0	1.200000E+1
1.355619E+0	8.000000E+0
1.356749E+0	1.600000E+1
1.357879E+0	1.300000E+1
1.359009E+0	8.000000E+0
1.360139E+0	1.500000E+1
1.361269E+0	1.800000E+1
1.362399E+0	1.200000E+1
1.363529E+0	1.100000E+1
1.364659E+0	1.400000E+1
1.365788E+0	1.600000E+1
1.366918E+0	1.900000E+1
1.368048E+0	1.900000E+1
1.369178E+0	1.100000E+1
1.370308E+0	1.100000E+1
1.371438E+0	6.000000E+0
1.372568E+0	9.000000E+0
1.373698E+0	9.000000E+0
1.374828E+0	7.000000E+0
1.375958E+0	5.000000E+0
1.377088E+0	7.000000E+0
1.378218E+0	6.000000E+0
1.379347E+0	6.000000E+0
1.380477E+0	1.100000E+1
1.381607E+0	6.000000E+0
1.382737E+0	5.000000E+0
1.383867E+0	1.400000E+1
1.384997E+0	7.000000E+0
1.386127E+0	8.000000E+0
1.387257E+0	1.400000E+1
1.388387E+0	6.000000E+0
1.389517E+0	8.000000E+0
1.390647E+0	9.000000E+0
1.391777E+0	1.000000E+0
1.392906E+0	7.000000E+0
1.394036E+0	1.000000E+0
1.395166E+0	7.000000E+0
1.396296E+0	6.000000E+0
1.397426E+0	5.000000E+0
1.398556E+0	8.000000E+0
1.399686E+0	1.000000E+1
1.400816E+0	5.000000E+0
1.401946E+0	2.000000E+0
1.403076E+0	6.000000E+0
1.404206E+0	1.100000E+1
1.405336E+0	1.000000E+0
1.406465E+0	5.000000E+0
1.407595E+0	3.000000E+0
1.408725E+0	1.000000E+0
1.409855E+0	3.000000E+0
1.410985E+0	3.000000E+0
1.412115E+0	4.000000E+0
1.413245E+0	3.000000E+0
1.414375E+0	3.000000E+0
1.415505E+0	5.000000E+0
1.416635E+0	4.000000E+0
1.417765E+0	2.000000E+0
1.418895E+0	4.000000E+0
1.420025E+0	3.000000E+0
1.421154E+0	2.000000E+0
1.422284E+0	2.000000E+0
1.423414E+0	5.000000E+0
1.424544E+0	4.000000E+0
1.425674E+0	2.000000E+0
1.426804E+0	2.000000E+0
1.427934E+0	2.000000E+0
1.429064E+0	2.000000E+0
1.430194E+0	4.000000E+0
1.431324E+0	5.000000E+0
1.432454E+0	2.000000E+0
1.433584E+0	0.000000E+0
1.434713E+0	0.000000E+0
1.435843E+0	1.000000E+0
1.436973E+0	1.000000E+0
1.438103E+0	3.000000E+0
1.439233E+0	1.000000E+0
1.440363E+0	3.000000E+0
1.441493E+0	0.000000E+0
1.442623E+0	0.000000E+0
1.443753E+0	3.000000E+0
1.444883E+0	1.000000E+0
1.446013E+0	0.000000E+0
1.447143E+0	2.000000E+0
1.448272E+0	1.000000E+0
1.449402E+0	2.000000E+0
1.450532E+0	0.000000E+0
1.451662E+0	3.000000E+0
1.452792E+0	1.000000E+0
1.453922E+0	0.000000E+0
1.455052E+0	0.000000E+0
1.456182E+0	3.000000E+0
1.457312E+0	1.000000E+0
1.458442E+0	1.000000E+0
1.459572E+0	2.000000E+0
1.460702E+0	1.000000E+0
1.461831E+0	0.000000E+0
1.462961E+0	3.000000E+0
1.464091E+0	2.000000E+0
1.465221E+0	0.000000E+0
1.466351E+0	1.000000E+0
1.467481E+0	1.000000E+0
1.468611E+0	0.000000E+0
1.469741E+0	0.000000E+0
1.470871E+0	1.000000E+0
1.472001E+0	1.000000E+0
1.473131E+0	0.000000E+0
1.474261E+0	1.000000E+0
1.475390E+0	0.000000E+0
1.476520E+0	2.000000E+0
1.477650E+0	1.000000E+0
1.478780E+0	1.000000E+0
1.479910E+0	0.000000E+0
1.481040E+0	1.000000E+0
1.482170E+0	0.000000E+0
1.483300E+0	1.000000E+0
1.484430E+0	0.000000E+0
1.485560E+0	1.000000E+0
1.486690E+0	0.000000E+0
1.487820E+0	1.000000E+0
1.488950E+0	3.000000E+0
1.490079E+0	2.000000E+0
1.491209E+0	0.000000E+0
1.492339E+0	0.000000E+0
1.493469E+0	1.000000E+0
1.494599E+0	0.000000E+0
1.495729E+0	1.000000E+0
1.496859E+0	0.000000E+0
1.497989E+0	1.000000E+0
1.499119E+0	0.000000E+0
1.500249E+0	2.000000E+0
1.501379E+0	1.000000E+0
1.502509E+0	1.000000E+0
1.503638E+0	0.000000E+0
1.504768E+0	0.000000E+0
1.505898E+0	0.000000E+0
1.507028E+0	1.000000E+0
1.508158E+0	0.000000E+0
1.509288E+0	0.000000E+0
1.510418E+0	0.000000E+0
1.511548E+0	1.000000E+0
1.512678E+0	0.000000E+0
1.513808E+0	0.000000E+0
1.514938E+0	0.000000E+0
1.516068E+0	0.000000E+0
1.517197E+0	0.000000E+0
1.518327E+0	0.000000E+0
1.519457E+0	0.000000E+0
1.520587E+0	0.000000E+0
1.521717E+0	0.000000E+0
1.522847E+0	1.000000E+0
1.523977E+0	0.000000E+0
1.525107E+0	0.000000E+0
1.526237E+0	0.000000E+0
1.527367E+0	0.000000E+0
1.528497E+0	0.000000E+0
1.529627E+0	0.000000E+0
1.530756E+0	0.000000E+0
1.531886E+0	0.000000E+0
1.533016E+0	2.000000E+0
1.534146E+0	0.000000E+0
1.535276E+0	0.000000E+0
1.536406E+0	0.000000E+0
1.537536E+0	0.000000E+0
1.538666E+0	0.000000E+0
1.539796E+0	0.000000E+0
1.540926E+0	0.000000E+0
1.542056E+0	0.000000E+0
1.543186E+0	0.000000E+0
1.544315E+0	0.000000E+0
1.545445E+0	0.000000E+0
1.546575E+0	0.000000E+0
1.547705E+0	0.000000E+0
1.548835E+0	0.000000E+0
1.549965E+0	0.000000E+0
1.551095E+0	0.000000E+0
1.552225E+0	0.000000E+0
1.553355E+0	0.000000E+0
1.554485E+0	0.000000E+0
1.555615E+0	0.000000E+0
1.556745E+0	0.000000E+0
1.557875E+0	0.000000E+0
1.559004E+0	1.000000E+0
1.560134E+0	0.000000E+0
1.561264E+0	0.000000E+0
1.562394E+0	0.000000E+0
1.563524E+0	0.000000E+0
1.564654E+0	0.000000E+0
1.565784E+0	0.000000E+0
1.566914E+0	0.000000E+0
1.568044E+0	0.000000E+0
1.569174E+0	0.000000E+0
1.570304E+0	0.000000E+0
1.571434E+0	0.000000E+0
1.572563E+0	0.000000E+0
1.573693E+0	0.000000E+0
1.574823E+0	1.000000E+0
1.575953E+0	1.000000E+0
