V (V)  mu (V)  mu_err (V) sigma (V) sigma_err (V)
105 0.876398 0.00884935 0.0121499 0.00075802 0.217531 0.00524681
104 0.839851 0.00857017 0.0105095 0.00107239 0.188987 0.00693352
103 0.844301 0.00858064 0.00901143 0.000920056 0.202661 0.00709372
102 0.848019 0.00865788 0.010051 0.00115318 0.231905 0.0123682
101 0.812036 0.0081269 0.00100007 0.0619121 0.191119 0.013422
100 0.812633 0.00840933 0.0106086 0.00137443 0.198875 0.0124746
99 0.827168 0.00856269 0.00894344 0.0015789 0.217483 0.0078371
98 0.83343 0.00903257 0.00985803 0.00213585 0.253429 0.0159679
97 0.809957 0.00945701 0.0114372 0.003153 0.154861 0.0141163
96 0.818258 0.0105063 0.0142105 0.00516795 0.201935 0.0156081
95 0.826012 0.0125323 0.00683024 0.00649372 0.261554 0.0308796
