42.98198	1	42.98198	1.4901
43.07694	0	43.16804	1.4901
43.172	0	43.3541	1.4901
43.26717	0	43.54016	1.4901
43.36244	0	43.72622	1.4901
43.45782	0	43.91229	1.4901
43.5533	0	44.09835	1.4901
43.64889	0	44.28441	1.4901
43.74458	0	44.47047	1.4901
43.84038	0	44.65653	1.4901
43.93628	0	44.84259	1.4901
44.0323	0	45.02865	1.4901
44.1284	0	45.21471	1.4901
44.22463	0	45.40078	1.4901
44.32095	0	45.58684	1.4901
44.41738	0	45.7729	1.4901
44.51392	0	45.95896	1.4901
44.61057	1	46.14502	1.4901
44.70731	0	46.33108	1.4901
44.80417	0	46.51714	1.4901
44.90113	0	46.7032	1.4901
44.9982	0	46.88927	1.4901
45.09537	0	47.07533	1.4901
45.19266	0	47.26139	1.4901
45.29005	0	47.44745	1.4901
45.38755	0	47.63351	1.4901
45.48515	0	47.81957	1.4901
45.58286	0	48.00563	1.4901
45.68068	0	48.1917	1.4901
45.77861	1	48.37776	1.4901
45.87664	0	48.56382	1.4901
45.97479	0	48.74988	1.4901
46.07303	1	48.93594	1.4901
46.1714	1	49.122	1.4901
46.26986	1	49.30806	1.4901
46.36844	0	49.49412	1.4901
46.46712	0	49.68019	1.4901
46.56592	0	49.86625	1.4901
46.66481	0	50.05231	1.4901
46.76383	1	50.23837	1.4901
46.86294	0	50.42443	1.4901
46.96217	0	50.61049	1.4901
47.06151	0	50.79655	1.4901
47.16096	1	50.98262	1.4901
47.26051	0	51.16868	1.4901
47.36018	0	51.35474	1.4901
47.45995	0	51.5408	1.4901
47.55984	0	51.72686	1.4901
47.65983	0	51.91292	1.4901
47.75994	0	52.09898	1.4901
47.86015	0	52.28504	1.4901
47.96049	0	52.47111	1.4901
48.06092	0	52.65717	1.4901
48.16147	1	52.84323	1.4901
48.26212	0	53.02929	1.4901
48.3629	0	53.21535	1.4901
48.46377	0	53.40141	1.4901
48.56477	0	53.58747	1.4901
48.66586	1	53.77354	1.4901
48.76708	0	53.9596	1.4901
48.8684	3	54.14566	1.4901
48.96984	2	54.33172	1.4901
49.07139	0	54.51778	1.4901
49.17305	0	54.70384	1.4901
49.27482	1	54.8899	1.4901
49.37671	0	55.07596	1.4901
49.4787	0	55.26203	1.4901
49.58081	1	55.44809	1.4901
49.68303	0	55.63415	1.4901
49.78537	0	55.82021	1.49011
49.88781	0	56.00627	1.49011
49.99037	0	56.19233	1.49012
50.09304	0	56.37839	1.49015
50.19583	0	56.56445	1.49022
50.29872	0	56.75052	1.49038
50.40174	0	56.93658	1.49075
50.50486	0	57.12264	1.49155
50.6081	0	57.3087	1.49324
50.71145	0	57.49476	1.49666
50.81492	0	57.56808	1.49879
50.9185	0	57.67908	1.50326
51.0222	0	57.68082	1.50335
51.126	1	57.79021	1.50979
51.22993	0	57.86688	1.51591
51.33396	1	57.90145	1.5192
51.43812	1	58.01283	1.53257
51.54238	1	58.05295	1.53862
51.64676	2	58.12432	1.55133
51.75125	0	58.23594	1.57729
51.85587	1	58.23901	1.57812
51.96059	1	58.34767	1.61271
52.06543	0	58.42507	1.64421
52.17039	2	58.45954	1.66039
52.27546	0	58.57152	1.72367
52.38065	3	58.61113	1.75048
52.48595	1	58.68363	1.80645
52.59137	0	58.79585	1.91319
52.6969	0	58.79719	1.91462
52.80256	1	58.90821	2.04883
52.90832	1	58.98325	2.15803
53.01421	0	59.02068	2.21864
53.12021	0	59.13328	2.42804
53.22633	0	59.16931	2.50422
53.33256	1	59.246	2.68226
53.43891	0	59.35537	2.97597
53.54538	1	59.35885	2.9861
53.65197	0	59.54144	3.59105
53.75866	1	59.7275	4.35692
53.86549	1	59.91356	5.26543
53.97242	2	60.09962	6.28864
54.07948	2	60.28568	7.37743
54.18665	0	60.47174	8.464
54.29394	2	60.6578	9.46893
54.40135	2	60.84387	10.31244
54.50888	2	60.95172	10.70034
54.61652	2	61.02993	10.92798
54.72429	2	61.06643	11.01801
54.83216	2	61.18128	11.23202
54.94017	2	61.21599	11.27598
55.04828	3	61.29624	11.34149
55.15653	5	61.40205	11.35448
55.26488	0	61.41133	11.35189
55.37336	4	61.52654	11.27507
55.48195	0	61.58811	11.20435
55.59067	4	61.64189	11.12907
55.6995	3	61.75735	10.93735
55.80846	3	61.77417	10.90724
55.91752	3	61.96023	10.576
56.02672	0	61.98867	10.53044
56.13603	1	62.10452	10.37725
56.24547	1	62.14629	10.3388
56.35502	4	62.22049	10.29861
56.4647	3	62.33236	10.31908
56.57449	2	62.33659	10.32201
56.6844	4	62.45281	10.46998
56.79444	1	62.51842	10.61464
56.9046	2	62.56917	10.75834
57.01487	2	62.70448	11.27904
57.12527	4	62.89054	12.30868
57.23579	1	63.0766	13.63805
57.34643	2	63.26266	15.14476
57.45719	2	63.44872	16.66438
57.56808	5	63.63478	18.0135
57.67908	5	63.82085	19.01759
57.79021	1	63.85748	19.16183
57.90145	3	63.97537	19.48872
58.01283	4	64.00691	19.53885
58.12432	5	64.09338	19.59226
58.23594	1	64.19297	19.49916
58.34767	4	64.21153	19.46358
58.45954	1	64.3298	19.10629
58.57152	1	64.37903	18.89377
58.68363	0	64.56509	17.79345
58.79585	5	64.75115	16.33518
58.90821	2	64.93721	14.70395
59.02068	1	65.12328	13.10945
59.13328	4	65.30934	11.76196
59.246	0	65.4954	10.85046
59.35885	5	65.51965	10.77216
59.47181	2	65.63935	10.54119
59.58491	5	65.68146	10.52469
59.69812	4	65.75918	10.5872
59.81147	2	65.86752	10.88127
59.92493	0	65.87914	10.92731
60.03852	5	66.05358	11.95353
60.15223	3	66.23964	13.70475
60.26607	3	66.4257	16.02586
60.38003	3	66.61177	18.73963
60.49412	5	66.79783	21.61355
60.60833	6	66.98389	24.38315
60.72267	10	67.16995	26.78477
60.83713	6	67.35601	28.59414
60.95172	7	67.54207	29.66442
61.06643	6	67.57234	29.76422
61.18128	6	67.69427	29.95876
61.29624	11	67.72813	29.95588
61.41133	9	67.81633	29.84085
61.52654	8	67.9142	29.54999
61.64189	2	67.93852	29.45452
61.75735	8	68.10026	28.64324
61.87295	5	68.28632	27.52
61.98867	7	68.47238	26.50791
62.10452	3	68.5515	26.19044
62.22049	2	68.65844	25.92312
62.33659	9	68.67449	25.90154
62.45281	5	68.79762	25.91811
62.56917	5	68.8445	26.01465
62.68565	8	68.92087	26.28418
62.80226	3	69.03056	26.91779
62.91899	10	69.21662	28.62509
63.03586	11	69.40269	30.98086
63.15285	11	69.58875	33.70131
63.26997	8	69.77481	36.41825
63.38721	13	69.96087	38.73988
63.50459	15	70.14693	40.31862
63.62209	10	70.16085	40.39925
63.73973	13	70.28559	40.86358
63.85748	23	70.33299	40.9143
63.97537	13	70.41046	40.84608
64.09338	12	70.51905	40.44134
64.21153	19	70.53547	40.35001
64.3298	10	70.70511	38.99131
64.44821	11	70.89118	36.82723
64.56674	16	71.07724	34.35071
64.6854	13	71.2633	32.04783
64.80419	7	71.44936	30.42215
64.92311	11	71.5404	30.01349
65.04216	9	71.63542	29.92403
65.16134	5	71.66662	29.97663
65.28064	11	71.82148	30.88476
65.40009	10	72.00754	33.46293
65.51965	16	72.19361	37.60938
65.63935	11	72.37967	43.05656
65.75918	5	72.56573	49.33684
65.87914	11	72.75179	55.83185
65.99923	19	72.93785	61.85066
66.11945	9	73.12391	66.72848
66.2398	14	73.30997	69.93179
66.36029	9	73.44815	71.03396
66.4809	17	73.49603	71.15197
66.60165	21	73.57645	71.04948
66.72252	25	73.6821	70.36923
66.84353	17	73.86816	67.87308
66.96466	20	74.05422	64.23337
67.08594	17	74.24028	60.22511
67.20734	24	74.42634	56.71848
67.32888	27	74.60775	54.58279
67.45054	20	74.6124	54.55083
67.57234	20	74.7373	54.19508
67.69427	33	74.79846	54.39924
67.81633	16	74.98453	56.67162
67.93852	17	75.17059	61.43146
68.06086	16	75.35665	68.36805
68.18331	9	75.54271	76.81938
68.30591	18	75.72877	85.84922
68.42863	12	75.91483	94.37174
68.5515	15	76.10089	101.30868
68.67449	20	76.28695	105.75566
68.79762	10	76.43397	107.11082
68.92087	24	76.47302	107.12962
69.04427	23	76.65908	105.27091
69.1678	26	76.84514	100.48097
69.29146	22	77.0312	93.48902
69.41525	28	77.21726	85.35513
69.53919	35	77.40332	77.32774
69.66325	23	77.58938	70.67953
69.78745	33	77.77544	66.54464
69.91178	33	77.88816	65.63774
70.03625	43	77.96151	65.77571
70.16085	39	78.14757	68.83322
70.28559	44	78.33363	75.71548
70.41046	42	78.51969	85.93582
70.53547	32	78.70575	98.55335
70.6606	36	78.89181	112.26143
70.78589	26	79.07787	125.53266
70.91129	35	79.26394	136.80942
71.03685	28	79.45	144.71765
71.16253	26	79.62899	148.22477
71.28835	37	79.63606	148.27325
71.4143	32	79.82212	147.04875
71.5404	22	80.00818	141.27496
71.66662	23	80.19424	131.86452
71.793	26	80.3803	120.35534
71.91949	22	80.56636	108.77465
72.04613	24	80.75243	99.41857
72.1729	27	80.93849	94.53598
72.29982	33	80.98468	94.24144
72.42686	43	81.12455	95.91698
72.55405	39	81.31061	104.428
72.68134	56	81.49667	119.60368
72.80881	40	81.68273	139.46258
72.93643	46	81.86879	160.70974
73.06418	70	82.05486	179.38632
73.19207	62	82.24092	191.8461
73.3201	50	82.42698	195.76143
73.44815	58	82.61304	190.7946
73.57645	60	82.7991	178.67274
73.70489	59	82.98516	162.64001
73.83347	53	83.17122	146.51137
73.96219	55	83.35728	133.68805
74.09105	41	83.54335	126.45846
74.21993	49	83.60044	125.53871
74.34907	37	83.72941	125.74044
74.47834	36	83.91547	131.22485
74.60775	43	84.10153	141.75372
74.7373	32	84.28759	155.74413
74.86699	53	84.47365	171.52749
74.99683	45	84.65971	187.55842
75.12668	49	84.84577	202.51156
75.25679	47	85.03184	215.3123
75.38704	60	85.2179	225.14411
75.51743	65	85.40396	231.45769
75.64796	83	85.56188	233.85146
75.77863	80	85.59002	233.98994
75.90944	96	85.70312	233.68818
76.04027	84	85.77608	232.78917
76.17136	86	85.96214	228.23806
76.30259	84	86.1482	221.06407
76.43397	101	86.33427	212.32646
76.56548	98	86.52033	203.36859
76.69713	84	86.70639	195.72431
76.82881	77	86.89245	190.97089
76.96075	98	86.98071	190.14887
77.09283	89	87.07851	190.52955
77.22505	72	87.26457	195.42914
77.35741	78	87.45063	206.06718
77.48991	57	87.63669	222.01944
77.62256	64	87.82276	241.95751
77.75523	64	88.00882	263.72545
77.88816	67	88.19488	284.59902
78.02123	72	88.38094	301.70768
78.15444	72	88.567	312.5517
78.2878	110	88.70335	315.53693
78.4213	85	88.75306	315.50975
78.55494	85	88.93912	310.22091
78.6886	86	89.12519	297.7447
78.82253	121	89.31125	280.45062
78.9566	115	89.49731	261.64983
79.09082	131	89.68337	245.0389
79.22517	132	89.86943	234.06311
79.35968	148	90.0095	231.13567
79.4942	148	90.05549	231.31854
79.62899	135	90.24155	238.09826
79.76392	113	90.42761	254.15788
79.899	121	90.61368	277.73704
80.03422	129	90.79974	305.83289
80.16958	106	90.9858	334.6836
80.30509	109	91.17186	360.385
80.44062	94	91.35792	379.53859
80.57642	76	91.54398	389.81725
80.71236	97	91.62293	391.22726
80.84845	89	91.73004	390.34532
80.98468	103	91.9161	381.82157
81.12106	107	92.10217	366.36476
81.25758	110	92.28823	347.11815
81.39413	114	92.47429	327.69795
81.53094	140	92.66035	311.59748
81.6679	124	92.84641	301.65764
81.80501	152	92.95674	299.46183
81.94226	169	93.03247	299.68848
82.07966	178	93.21853	306.28569
82.21708	186	93.4046	320.8435
82.35477	205	93.59066	341.73156
82.4926	193	93.77672	366.58487
82.63058	181	93.96278	392.65191
82.76871	171	94.14884	417.15211
82.90699	191	94.3349	437.60506
83.04541	170	94.52096	452.10473
83.18385	120	94.70702	459.51992
83.32257	135	94.75484	460.23109
83.46143	129	94.89309	459.60885
83.60044	126	95.07915	453.03964
83.7396	138	95.26521	441.31432
83.87891	143	95.45127	426.59975
84.01836	142	95.63733	411.47779
84.15784	135	95.82339	398.63559
84.29759	135	96.00945	390.52673
84.43748	170	96.11829	388.76469
84.57753	183	96.19552	389.04107
84.71772	187	96.38158	395.22583
84.85806	216	96.56764	409.09995
84.99843	217	96.7537	429.59665
85.13907	233	96.93976	454.65554
85.27986	223	97.12582	481.46567
85.42079	233	97.31188	506.83703
85.56188	204	97.49794	527.65453
85.70312	217	97.68401	541.34982
85.8445	241	97.87007	546.31735
85.98591	248	98.05613	542.20438
86.12759	240	98.24219	530.02114
86.26942	216	98.42825	512.04407
86.41141	205	98.61431	491.51791
86.55354	196	98.80037	472.19496
86.69582	201	98.98643	457.77725
86.83825	188	99.1725	451.34463
86.98071	188	99.19404	451.21873
87.12344	186	99.35856	454.85708
87.26633	183	99.54462	468.81166
87.40936	204	99.73068	492.11438
87.55255	211	99.91674	522.19678
87.69588	225	100.1028	555.36959
87.83924	280	100.28886	587.36704
87.98288	244	100.47493	614.00035
88.12667	287	100.66099	631.8162
88.27061	292	100.84705	638.65043
88.41471	306	101.03311	633.98153
88.55895	296	101.21917	619.02266
88.70335	321	101.40523	596.53629
88.84776	311	101.59129	570.40539
88.99246	302	101.77735	545.03626
89.13732	281	101.96342	524.69421
89.28232	292	102.14948	512.87867
89.42748	278	102.33554	511.83101
89.57279	266	102.5216	522.24001
89.71825	258	102.70766	543.17554
89.86373	234	102.89372	572.24563
90.0095	220	103.07978	605.94381
90.15542	211	103.26585	640.13219
90.30149	241	103.45191	670.59498
90.44772	248	103.63797	693.59362
90.5941	297	103.82403	706.35833
90.7405	300	103.9284	708.44169
90.88719	308	104.01009	707.45992
91.03403	345	104.19615	697.0184
91.18103	370	104.38221	676.72135
91.32817	385	104.56827	649.64294
91.47548	388	104.75434	619.87498
91.62293	364	104.9404	592.00284
91.77041	402	105.12646	570.48111
91.91818	379	105.31252	558.98421
92.0661	388	105.37726	557.80941
92.21417	343	105.49858	559.82335
92.3624	306	105.68464	573.52654
92.51079	351	105.8707	598.66836
92.65933	325	106.05676	632.00648
92.80789	302	106.24283	668.93272
92.95674	309	106.42889	704.18552
93.10575	278	106.61495	732.71038
93.25491	298	106.80101	750.51274
93.40423	314	106.98707	755.33766
93.5537	345	107.17313	747.03938
93.70319	383	107.35919	727.56779
93.85298	401	107.54526	700.58068
94.00292	409	107.73132	670.77052
94.15302	374	107.91738	643.04978
94.30327	416	108.10344	621.75705
94.45368	424	108.2895	610.02552
94.60425	479	108.47556	609.40556
94.75484	459	108.66162	619.77129
94.90572	499	108.84768	639.48368
95.05676	457	109.03375	665.74367
95.20795	403	109.21981	695.052
95.3593	435	109.40587	723.69663
95.51081	452	109.59193	748.20553
95.66248	402	109.77799	765.72483
95.81417	408	109.96405	774.30199
95.96615	401	110.15011	773.0671
96.11829	376	110.33618	762.31212
96.27059	390	110.52224	743.46825
96.42305	349	110.7083	718.98055
96.57566	421	110.89436	692.07801
96.7283	431	111.08042	666.4413
96.88123	471	111.26648	645.78091
97.03432	480	111.45254	633.35546
97.18757	508	111.6386	631.48202
97.34098	476	111.82467	641.11049
97.49455	527	112.01073	661.54618
97.64827	549	112.19679	690.39928
97.80202	551	112.38285	723.81324
97.95607	517	112.56891	756.97564
98.11027	565	112.75497	784.85441
98.26464	511	112.94103	803.04288
98.41916	504	113.12709	808.55709
98.57384	520	113.31316	800.42223
98.72869	464	113.49922	779.91714
98.88355	491	113.68528	750.41252
99.03872	438	113.87134	716.82223
99.19404	453	114.0574	684.7685
99.34953	431	114.24346	659.61937
99.50517	505	114.42952	645.57855
99.66098	475	114.52618	643.53278
99.81681	496	114.61559	644.99097
99.97294	503	114.80165	657.97914
100.12923	587	114.98771	682.45957
100.28568	582	115.17377	714.52016
100.44229	628	115.35983	749.08105
100.59906	641	115.54589	780.72125
100.756	618	115.73195	804.53496
100.91295	629	115.91801	816.8843
101.07021	598	116.10408	815.93668
101.22763	634	116.29014	801.91155
101.38522	629	116.4762	777.00658
101.54296	561	116.66226	745.0219
101.70087	564	116.84832	710.74589
101.8588	542	117.03438	679.20097
102.01703	531	117.22044	654.86727
102.17543	506	117.40651	641.00432
102.33398	481	117.59257	639.17431
102.4927	546	117.77863	649.03875
102.65159	527	117.96469	668.45687
102.81064	556	118.15075	693.86635
102.9697	555	118.33681	720.88101
103.12908	626	118.52287	745.00473
103.28862	652	118.70893	762.3418
103.44832	687	118.895	770.18602
103.60818	694	119.08106	767.39376
103.76821	734	119.26712	754.48724
103.9284	703	119.45318	733.48401
104.08862	688	119.63924	707.49779
104.24914	673	119.8253	680.19352
104.40983	645	120.01136	655.19889
104.57068	659	120.19742	635.57222
104.73169	620	120.38349	623.40603
104.89287	607	120.56955	619.61247
105.05407	607	120.75561	623.90024
105.21558	562	120.94167	634.92075
105.37726	551	121.12773	650.5391
105.5391	591	121.31379	668.17546
105.7011	562	121.49985	685.16336
105.86328	583	121.68592	699.08012
106.02561	626	121.87198	708.01653
106.18797	617	122.04034	710.7878
106.35064	693	122.05804	710.7658
106.51347	728	122.2441	706.92246
106.67648	761	122.43016	696.88982
106.83964	792	122.61622	681.80112
107.00298	749	122.80228	663.36452
107.16648	694	122.98834	643.64686
107.33	780	123.17441	624.81703
107.49383	687	123.36047	608.87477
107.65783	659	123.54653	597.39561
107.822	668	123.73259	591.32432
107.98634	647	123.83455	590.39045
108.15084	592	123.91865	590.8469
108.31536	626	124.10471	595.36378
108.4802	574	124.29077	603.57379
108.6452	677	124.47684	613.66209
108.81037	630	124.6629	623.56753
108.97571	683	124.84896	631.28978
109.14122	645	125.03502	635.18783
109.3069	719	125.10107	635.43354
109.4726	732	125.22108	634.22111
109.63861	700	125.40714	628.09382
109.80479	802	125.5932	617.28012
109.97114	786	125.77926	602.92927
110.13766	762	125.96533	586.67096
110.30435	746	126.15139	570.35786
110.4712	763	126.33745	555.7902
110.63808	743	126.52351	544.46732
110.80528	728	126.70957	537.40109
110.97264	661	126.89563	535.01267
111.14017	669	126.92556	535.06094
111.30788	643	127.08169	537.11711
111.47575	650	127.26776	542.98639
111.64364	588	127.45382	551.47113
111.81186	631	127.63988	561.15673
111.98024	625	127.82594	570.53028
112.14879	718	128.012	578.13918
112.31752	721	128.19806	582.7289
112.48641	750	128.38412	583.3542
112.65548	806	128.57018	579.46322
112.82456	796	128.75625	570.95623
112.99397	776	128.94231	558.22007
113.16355	793	129.12837	542.13491
113.33329	781	129.31443	524.04429
113.50321	769	129.50049	505.67375
113.67331	794	129.68655	488.9822
113.84357	736	129.87261	475.93673
114.01385	685	130.05867	468.21806
114.18446	621	130.24474	466.88915
114.35523	668	130.4308	472.08776
114.52618	645	130.61686	482.82438
114.6973	687	130.80292	496.96822
114.8686	675	130.98898	511.47767
115.03991	652	131.17504	522.8781
115.21155	732	131.3611	527.92055
115.38336	741	131.37857	527.97362
115.55535	742	131.54717	524.29087
115.7275	830	131.73323	511.20286
115.89983	843	131.91929	489.71792
116.07233	845	132.10535	462.68837
116.24486	793	132.29141	434.30924
116.41771	730	132.47747	409.35763
116.59073	808	132.66353	392.27387
116.76392	697	132.84959	386.27529
116.93729	701	132.88632	386.55357
117.11084	684	133.03566	392.68466
117.28456	645	133.22172	410.60917
117.45829	640	133.40778	437.0334
117.63236	600	133.59384	467.30983
117.8066	715	133.7799	495.95568
117.98101	653	133.96596	517.60822
118.1556	673	134.15202	527.96187
118.33036	734	134.21528	528.40048
118.50515	707	134.33809	524.51471
118.68026	764	134.52415	506.99061
118.85555	819	134.71021	477.36812
119.03101	775	134.89627	439.52538
119.20665	755	135.08233	398.5813
119.38247	745	135.26839	360.0626
119.55846	659	135.45445	329.04369
119.73446	698	135.64051	309.39398
119.9108	702	135.82658	303.23453
120.08732	640	136.01264	310.6649
120.26401	608	136.1987	329.78203
120.44088	653	136.38476	356.97864
120.61793	634	136.57082	387.47845
120.79515	630	136.75688	416.03691
120.97239	622	136.94294	437.70967
121.14997	635	137.129	448.57398
121.32772	682	137.31507	446.28779
121.50565	667	137.50113	430.3946
121.68375	687	137.68719	402.3284
121.86204	729	137.87325	365.13133
122.04034	728	138.05931	322.95206
122.21897	715	138.24537	280.42899
122.39779	675	138.43143	242.06938
122.57678	680	138.6175	211.7152
122.75595	662	138.80356	192.14973
122.9353	675	138.98962	184.86021
123.11482	627	139.03596	184.99619
123.29437	609	139.17568	189.94618
123.47425	597	139.36174	206.15408
123.65431	627	139.5478	231.02448
123.83455	561	139.73386	261.14744
124.01497	596	139.91992	292.52312
124.19557	561	140.10599	321.01273
124.37634	612	140.29205	342.84108
124.55713	635	140.47811	355.08555
124.73827	664	140.60343	357.03052
124.91958	627	140.66417	356.07095
125.10107	622	140.85023	345.59486
125.28274	628	141.03629	324.93586
125.46459	652	141.22235	296.6409
125.64646	559	141.40842	264.13396
125.82867	627	141.59448	231.22163
126.01106	568	141.78054	201.58315
126.19363	589	141.9666	178.32189
126.37639	551	142.15266	163.62942
126.55932	544	142.33872	158.58468
126.74243	498	142.38118	158.79841
126.92556	546	142.52478	163.08806
127.10903	568	142.71084	175.91987
127.29268	571	142.89691	194.9105
127.47652	510	143.08297	217.2107
127.66053	574	143.26903	239.64561
127.84473	558	143.45509	259.1245
128.02911	591	143.64115	273.06006
128.2135	591	143.82721	279.73604
128.39825	568	144.01327	278.55779
128.58317	610	144.19933	270.13213
128.76827	534	144.3854	256.1518
128.95356	555	144.57146	239.09714
129.13903	539	144.75752	221.80541
129.32451	549	144.94358	206.98448
129.51035	475	145.12964	196.75808
129.69636	491	145.3157	192.32185
129.88256	442	145.37868	192.18102
130.06894	515	145.50176	193.76746
130.2555	460	145.68783	200.10079
130.44225	466	145.87389	209.44626
130.62901	531	146.05995	219.39776
130.81613	514	146.24601	227.45196
131.00342	502	146.43207	231.44644
131.1909	503	146.61813	229.92513
131.37857	511	146.80419	222.36905
131.56641	509	146.99025	209.25762
131.75427	491	147.17632	191.95986
131.94249	483	147.36238	172.48683
132.13089	470	147.54844	153.15908
132.31947	451	147.7345	136.2509
132.50824	406	147.92056	123.66772
132.69719	404	148.10662	116.69753
132.88632	423	148.2154	115.46361
133.07547	429	148.29268	115.85921
133.26498	421	148.47875	120.8556
133.45467	433	148.66481	130.62865
133.64454	424	148.85087	143.50731
133.8346	433	149.03693	157.4331
134.02485	444	149.22299	170.23994
134.21528	460	149.40905	179.95487
134.40572	418	149.59511	185.07785
134.59653	489	149.64801	185.5635
134.78751	436	149.78117	184.79558
134.97869	401	149.96724	179.09173
135.17005	404	150.1533	168.73235
135.36159	391	150.33936	155.12894
135.55315	399	150.52542	140.10489
135.74507	350	150.71148	125.60809
135.93718	344	150.89754	113.41914
136.12947	371	151.0836	104.90039
136.32194	369	151.26966	100.81944
136.51461	379	151.29702	100.60789
136.70746	414	151.45573	101.26578
136.90033	355	151.64179	105.66503
137.09355	371	151.82785	112.88341
137.28697	414	152.01391	121.40571
137.48057	368	152.19997	129.56151
137.67436	368	152.38603	135.76795
137.86833	372	152.54196	138.52779
138.0625	348	152.57209	138.75311
138.25667	350	152.75816	137.72523
138.45121	317	152.94422	132.46087
138.64594	300	153.13028	123.3002
138.84086	320	153.31634	111.05567
139.03596	312	153.5024	96.85807
139.23126	296	153.68846	81.97528
139.42657	279	153.87452	67.64047
139.62224	301	154.06058	54.91913
139.8181	289	154.24665	44.62957
140.01415	304	154.43271	37.31554
140.21038	333	154.61877	33.25686
140.40681	298	154.80483	32.49807
140.60343	303	154.84274	32.73695
140.80006	331	154.99089	34.87691
140.99706	303	155.17695	40.04264
141.19424	282	155.36301	47.46465
141.39162	279	155.54908	56.44125
141.58918	271	155.73514	66.12285
141.78694	232	155.9212	75.56167
141.98489	262	156.10726	83.79238
142.18285	251	156.29332	89.93647
142.38118	238	156.47938	93.31286
142.57969	221	156.53116	93.69932
142.7784	228	156.66544	93.53126
142.9773	215	156.8515	90.54564
143.17639	247	157.03757	84.65359
143.3755	249	157.22363	76.44012
143.57497	222	157.40969	66.67784
143.77464	261	157.59575	56.20549
143.97449	261	157.78181	45.81009
144.17454	219	157.96787	36.13468
144.37478	210	158.15393	27.62468
144.57521	190	158.33999	20.51579
144.77566	238	158.52606	14.85635
144.97647	225	158.71212	10.55208
145.17748	191	158.89818	7.41909
145.37868	192	159.08424	5.23364
145.58008	188	159.2703	3.77112
145.78166	200	159.45636	2.83138
145.98344	172	159.51657	2.61104
146.18523	167	159.64242	2.25122
146.3874	221	159.73135	2.06342
146.58975	184	159.82849	1.90691
146.7923	190	159.94613	1.76974
146.99505	179	160.01455	1.71037
147.19799	173	160.16131	1.62
147.40094	168	160.20061	1.60244
147.60426	161	160.37668	1.54759
147.80778	159	160.38667	1.54539
148.01149	162	160.57273	1.51636
148.2154	124	160.59226	1.51434
148.4195	141	160.75879	1.50214
148.6238	169	160.80804	1.49984
148.82811	157	160.94485	1.49543
149.03279	147	161.13091	1.49238
149.23767	166	161.31698	1.49104
149.44274	148	161.50304	1.49048
149.64801	179	161.6891	1.49025
149.85348	175	161.87516	1.49016
150.05914	143	162.06122	1.49012
150.26481	156	162.24728	1.49011
150.47086	132	162.43334	1.49011
150.67711	138	162.61941	1.4901
150.88355	121	162.80547	1.4901
151.09018	116	162.99153	1.4901
151.29702	129	163.17759	1.4901
151.50386	102	163.36365	1.4901
151.71109	121	163.54971	1.4901
151.91851	110	163.73577	1.4901
152.12613	139	163.92183	1.4901
152.33395	107	164.1079	1.4901
152.54196	139	164.29396	1.4901
152.75017	111	164.48002	1.4901
152.95839	108	164.66608	1.4901
153.16699	112	164.85214	1.4901
153.37579	106	165.0382	1.4901
153.58479	101	165.22426	1.4901
153.79398	97	165.41032	1.4901
154.00337	84	165.59639	1.4901
154.21297	107	165.78245	1.4901
154.42257	93	165.96851	1.4901
154.63255	101	166.15457	1.4901
154.84274	75	166.34063	1.4901
155.05312	81	166.52669	1.4901
155.2637	87	166.71275	1.4901
155.47448	81	166.89882	1.4901
155.68527	87	167.08488	1.4901
155.89644	69	167.27094	1.4901
156.10782	79	167.457	1.4901
156.31939	84	167.64306	1.4901
156.53116	73	167.82912	1.4901
156.74314	77	168.01518	1.4901
156.95531	75	168.20124	1.4901
157.16749	75	168.38731	1.4901
157.38006	52	168.57337	1.4901
157.59283	64	168.75943	1.4901
157.8058	55	168.94549	1.4901
158.01897	55	169.13155	1.4901
158.23234	48	169.31761	1.4901
158.44591	58	169.50367	1.4901
158.65949	75	169.68974	1.4901
158.87346	75	169.8758	1.4901
159.08763	61	170.06186	1.4901
159.302	72	170.24792	1.4901
159.51657	59	170.43398	1.4901
159.73135	62	170.62004	1.4901
159.94613	42	170.8061	1.4901
160.16131	51	170.99216	1.4901
160.37668	40	171.17823	1.4901
160.59226	49	171.36429	1.4901
160.80804	43	171.55035	1.4901
161.02402	35	171.73641	1.4901
161.24021	38	171.92247	1.4901
161.4564	48	172.10853	1.4901
161.67298	39	172.29459	1.4901
161.88977	45	172.48065	1.4901
162.10676	35	172.66672	1.4901
162.32396	45	172.85278	1.4901
162.54135	37	173.03884	1.4901
162.75895	52	173.2249	1.4901
162.97656	31	173.41096	1.4901
163.19457	41	173.59702	1.4901
163.41277	36	173.78308	1.4901
163.63118	30	173.96915	1.4901
163.8498	46	174.15521	1.4901
164.06861	33	174.34127	1.4901
164.28744	31	174.52733	1.4901
164.50666	26	174.71339	1.4901
164.72609	38	174.89945	1.4901
164.94572	35	175.08551	1.4901
165.16556	31	175.27157	1.4901
165.3856	26	175.45764	1.4901
165.60584	29	175.6437	1.4901
165.8261	31	175.82976	1.4901
166.04675	28	176.01582	1.4901
166.26761	27	176.20188	1.4901
166.48867	28	176.38794	1.4901
166.70994	18	176.574	1.4901
166.93141	19	176.76007	1.4901
167.15308	23	176.94613	1.4901
167.37477	22	177.13219	1.4901
167.59686	19	177.31825	1.4901
167.81915	19	177.50431	1.4901
168.04165	22	177.69037	1.4901
168.26435	20	177.87643	1.4901
168.48726	24	178.06249	1.4901
168.71018	23	178.24856	1.4901
168.9335	20	178.43462	1.4901
169.15703	23	178.62068	1.4901
169.38077	20	178.80674	1.4901
169.60471	16	178.9928	1.4901
169.82885	15	179.17886	1.4901
170.05321	15	179.36492	1.4901
170.27757	21	179.55098	1.4901
170.50234	14	179.73705	1.4901
170.72731	15	179.92311	1.4901
170.9525	17	180.10917	1.4901
171.17788	9	180.29523	1.4901
171.40348	18	180.48129	1.4901
171.62909	16	180.66735	1.4901
171.8551	9	180.85341	1.4901
172.08132	10	181.03948	1.4901
172.30775	13	181.22554	1.4901
172.53438	16	181.4116	1.4901
172.76123	11	181.59766	1.4901
172.98828	8	181.78372	1.4901
173.21534	9	181.96978	1.4901
173.44281	11	182.15584	1.4901
173.67048	10	182.3419	1.4901
173.89837	13	182.52797	1.4901
174.12647	10	182.71403	1.4901
174.35477	10	182.90009	1.4901
174.58329	7	183.08615	1.4901
174.8118	18	183.27221	1.4901
175.04074	15	183.45827	1.4901
175.26988	10	183.64433	1.4901
175.49923	6	183.8304	1.4901
175.72879	10	184.01646	1.4901
175.95856	4	184.20252	1.4901
176.18834	9	184.38858	1.4901
176.41853	5	184.57464	1.4901
176.64893	13	184.7607	1.4901
176.87955	6	184.94676	1.4901
177.11037	11	185.13282	1.4901
177.3414	7	185.31889	1.4901
177.57265	10	185.50495	1.4901
177.80389	10	185.69101	1.4901
178.03556	9	185.87707	1.4901
178.26744	8	186.06313	1.4901
178.49953	5	186.24919	1.4901
178.73183	3	186.43525	1.4901
178.96434	6	186.62131	1.4901
179.19706	6	186.80738	1.4901
179.42979	4	186.99344	1.4901
179.66293	7	187.1795	1.4901
179.89629	1	187.36556	1.4901
180.12986	2	187.55162	1.4901
180.36364	6	187.73768	1.4901
180.59764	3	187.92374	1.4901
180.83164	1	188.10981	1.4901
181.06606	0	188.29587	1.4901
181.30069	4	188.48193	1.4901
181.53554	3	188.66799	1.4901
181.77059	4	188.85405	1.4901
182.00587	4	189.04011	1.4901
182.24135	4	189.22617	1.4901
182.47684	3	189.41223	1.4901
182.71275	4	189.5983	1.4901
182.94888	2	189.78436	1.4901
183.18521	1	189.97042	1.4901
183.42177	6	190.15648	1.4901
183.65853	2	190.34254	1.4901
183.89552	7	190.5286	1.4901
184.1325	4	190.71466	1.4901
184.36991	4	190.90073	1.4901
184.60753	1	191.08679	1.4901
184.84537	0	191.27285	1.4901
185.08342	1	191.45891	1.4901
185.32169	2	191.64497	1.4901
185.55996	2	191.83103	1.4901
185.79866	0	192.01709	1.4901
186.03757	4	192.20315	1.4901
186.2767	0	192.38922	1.4901
186.51604	2	192.57528	1.4901
186.7556	3	192.76134	1.4901
186.99538	1	192.9474	1.4901
187.23516	0	193.13346	1.4901
187.47536	1	193.31952	1.4901
187.71578	2	193.50558	1.4901
187.95642	2	193.69164	1.4901
188.19728	0	193.87771	1.4901
188.43835	2	194.06377	1.4901
188.67964	1	194.24983	1.4901
188.92093	1	194.43589	1.4901
189.16265	1	194.62195	1.4901
189.40459	2	194.80801	1.4901
189.64674	3	194.99407	1.4901
189.88912	1	195.18014	1.4901
190.13171	2	195.3662	1.4901
190.3743	0	195.55226	1.4901
190.61732	0	195.73832	1.4901
190.86056	0	195.92438	1.4901
191.10402	1	196.11044	1.4901
191.3477	1	196.2965	1.4901
191.5916	0	196.48256	1.4901
191.83571	0	196.66863	1.4901
192.07983	0	196.85469	1.4901
192.32438	0	197.04075	1.4901
192.56915	0	197.22681	1.4901
192.81414	2	197.41287	1.4901
193.05934	1	197.59893	1.4901
193.30477	1	197.78499	1.4901
193.55041	0	197.97106	1.4901
193.79606	0	198.15712	1.4901
194.04214	3	198.34318	1.4901
194.28844	0	198.52924	1.4901
194.53497	1	198.7153	1.4901
194.78171	0	198.90136	1.4901
195.02867	2	199.08742	1.4901
195.27563	0	199.27348	1.4901
195.52303	0	199.45955	1.4901
195.77065	0	199.64561	1.4901
196.01849	0	199.83167	1.4901
196.26656	0	200.01773	1.4901
196.51484	1	200.20379	1.4901
196.76334	0	200.38985	1.4901
197.01184	0	200.57591	1.4901
197.26079	0	200.76198	1.4901
197.50995	0	200.94804	1.4901
197.75934	0	201.1341	1.4901
198.00895	1	201.32016	1.4901
198.25878	0	201.50622	1.4901
198.50883	0	201.69228	1.4901
198.75888	0	201.87834	1.4901
199.00937	0	202.0644	1.4901
199.26009	0	202.25047	1.4901
199.51103	0	202.43653	1.4901
199.76218	1	202.62259	1.4901
200.01357	0	202.80865	1.4901
200.26495	1	202.99471	1.4901
200.51677	0	203.18077	1.4901
200.76882	0	203.36683	1.4901
201.0211	0	203.55289	1.4901
201.27359	1	203.73896	1.4901
201.52631	0	203.92502	1.4901
201.77925	0	204.11108	1.4901
202.03219	0	204.29714	1.4901
202.28557	0	204.4832	1.4901
202.53919	0	204.66926	1.4901
202.79302	0	204.85532	1.4901
203.04708	1	205.04139	1.4901
203.30136	0	205.22745	1.4901
203.55587	0	205.41351	1.4901
203.81037	0	205.59957	1.4901
204.06532	0	205.78563	1.4901
204.3205	0	205.97169	1.4901
204.5759	1	206.15775	1.4901
204.83153	0	206.34381	1.4901
205.08738	0	206.52988	1.4901
205.34323	0	206.71594	1.4901
205.59953	0	206.902	1.4901
205.85606	0	207.08806	1.4901
206.11281	0	207.27412	1.4901
206.36979	0	207.46018	1.4901
206.62699	0	207.64624	1.4901
206.88442	1	207.83231	1.4901
207.14184	0	208.01837	1.4901
207.39972	0	208.20443	1.4901
207.65783	0	208.39049	1.4901
207.91616	0	208.57655	1.4901
208.17472	0	208.76261	1.4901
208.4335	0	208.94867	1.4901
208.69251	0	209.13473	1.4901
208.95152	1	209.3208	1.4901
209.21098	0	209.50686	1.4901
209.47067	0	209.69292	1.4901
209.73059	1	209.87898	1.4901
209.99073	1	210.06504	1.4901
210.2511	1	210.2511	1.4901
